0.05
26.3
57.65
89
120.35
151.7
183.05
214.4
245.75
277.1
308.45
339.75
371.1
402.45
433.8
465.15
496.5
527.85
559.2
590.55
621.9
653.25
684.6
715.95
747.3
778.65
810
841.3
872.65
904
935.35
966.7
998.05
1029.4
1060.75
1092.1
1123.45
1154.8
1186.15
1217.5
1248.85
1280.2
1311.55
1342.9
1374.2
1405.55
1436.9
1468.25
1499.6
1530.95
1562.3
1593.65
1625
1656.35
1687.7
1719.05
1750.4
1781.75
1813.1
1844.45
1875.75
1907.1
1938.45
1969.8
2001.15
2032.5
2063.85
2095.2
2126.55
2157.9
2189.25
2220.6
2251.95
2283.3
2314.65
2346
2377.35
2408.65
2440
2471.35
2502.7
2534.05
2565.4
2596.75
2628.1
2659.45
2690.8
2722.15
2753.5
2784.85
2816.2
2847.55
2878.9
2910.2
2941.55
2972.9
3004.25
3035.6
3066.95
3098.3
3129.65
3161
3192.35
3223.7
3255.05
3286.4
3317.75
3349.1
3380.45
3411.8
3443.1
3474.45
3505.8
3537.15
3568.5
3599.85
3631.2
3662.55
3693.9
3725.25
3756.6
3787.95
3819.3
3850.65
3882
3913.35
3944.65
3976
4007.35
4038.7
4070.05
4101.4
4132.75
4164.1
4195.45
4226.8
4258.15
4289.5
4320.85
4352.2
4383.55
4414.9
4446.25
4477.55
4508.9
4540.25
4571.6
4602.95
4634.3
4665.65
4697
4728.35
4759.7
4791.05
4822.4
4853.75
4885.1
4916.45
4947.8
4979.1
-1000
0.05
26
59.35
91.25
122.85
154.35
185.75
217.15
248.5
279.85
311.2
342.55
373.9
405.2
436.55
467.9
499.25
530.6
561.95
593.3
624.65
656
687.35
718.7
750.05
781.4
812.75
844.1
875.45
906.75
938.1
969.45
1000.8
1032.15
1063.5
1094.85
1126.2
1157.55
1188.9
1220.25
1251.6
1282.95
1314.3
1345.65
1377
1408.35
1439.65
1471
1502.35
1533.7
1565.05
1596.4
1627.75
1659.1
1690.45
1721.8
1753.15
1784.5
1815.85
1847.2
1878.55
1909.9
1941.2
1972.55
2003.9
2035.25
2066.6
2097.95
2129.3
2160.65
2192
2223.35
2254.7
2286.05
2317.4
2348.75
2380.1
2411.45
2442.8
2474.1
2505.45
2536.8
2568.15
2599.5
2630.85
2662.2
2693.55
2724.9
2756.25
2787.6
2818.95
2850.3
2881.65
2913
2944.35
2975.65
3007
3038.35
3069.7
3101.05
3132.4
3163.75
3195.1
3226.45
3257.8
3289.15
3320.5
3351.85
3383.2
3414.55
3445.9
3477.25
3508.55
3539.9
3571.25
3602.6
3633.95
3665.3
3696.65
3728
3759.35
3790.7
3822.05
3853.4
3884.75
3916.1
3947.45
3978.8
4010.1
4041.45
4072.8
4104.15
4135.5
4166.85
4198.2
4229.55
4260.9
4292.25
4323.6
4354.95
4386.3
4417.65
4449
4480.35
4511.7
4543
4574.35
4605.7
4637.05
4668.4
4699.75
4731.1
4762.45
4793.8
4825.15
4856.5
4887.85
4919.2
4950.55
4981.9
