0.05
21.35
47.25
73.15
99
124.9
150.8
176.7
202.55
228.45
254.35
280.25
306.1
332
357.9
383.75
409.65
435.55
461.45
487.3
513.2
539.1
565
590.85
616.75
642.65
668.55
694.4
720.3
746.2
772.1
797.95
823.85
849.75
875.65
901.5
927.4
953.3
979.2
1005.05
1030.95
1056.85
1082.75
1108.6
1134.5
1160.4
1186.3
1212.15
1238.05
1263.95
1289.85
1315.7
1341.6
1367.5
1393.4
1419.25
1445.15
1471.05
1496.95
1522.8
1548.7
1574.6
1600.5
1626.35
1652.25
1678.15
1704
1729.9
1755.8
1781.7
1807.55
1833.45
1859.35
1885.25
1911.1
1937
1962.9
1988.8
2014.65
2040.55
2066.45
2092.35
2118.2
2144.1
2170
2195.9
2221.75
2247.65
2273.55
2299.45
2325.3
2351.2
2377.1
2403
2428.85
2454.75
2480.65
2506.55
2532.4
2558.3
2584.2
2610.1
2635.95
2661.85
2687.75
2713.65
2739.5
2765.4
2791.3
2817.2
2843.05
2868.95
2894.85
2920.7
2946.6
2972.5
2998.4
3024.25
3050.15
3076.05
3101.95
3127.8
3153.7
3179.6
3205.5
3231.35
3257.25
3283.15
3309.05
3334.9
3360.8
3386.7
3412.6
3438.45
3464.35
3490.25
3516.15
3542
3567.9
3593.8
3619.7
3645.55
3671.45
3697.35
3723.25
3749.1
3775
3800.9
3826.8
3852.65
3878.55
3904.45
3930.35
3956.2
3982.1
4008
4033.9
4059.75
4085.65
4111.55
4137.4
4163.3
4189.2
4215.1
4240.95
4266.85
4292.75
4318.65
4344.5
4370.4
4396.3
4422.2
4448.05
4473.95
4499.85
4525.75
-1000
0.05
26
55.45
82.9
109.65
136.15
162.75
189.6
217.2
247.65
281.25
312.2
340.65
367.9
394.55
421.1
447.8
474.7
502.85
534.7
567.85
597.9
625.9
652.9
679.5
706.05
732.9
760.1
789.2
822.3
854.45
883.6
911.15
937.95
964.5
991.05
1017.9
1045.35
1075.45
1109.05
1140.3
1168.9
1196.2
1222.85
1249.4
1276.05
1302.9
1330.65
1361.6
1395.1
1425.75
1454
1481.15
1507.8
1534.25
1561
1588
1616.35
1648.55
1681.55
1711.35
1739.2
1766.15
1792.7
1819.25
1846.1
1873.4
1902.85
1936.2
1968
1996.95
2024.4
2051.2
2077.7
2104.3
2131.15
2158.8
2189.4
2223.05
2253.85
2282.25
2309.45
2336.1
2362.6
2389.3
2416.25
2444.25
2475.85
2509.15
2539.3
2567.35
2594.4
2621.05
2647.5
2674.35
2701.45
2730.4
2763.3
2795.65
2824.95
2852.6
2879.45
2906
2932.55
2959.4
2986.85
3016.9
3050.4
3081.75
3110.4
3137.7
3164.45
3190.95
3217.6
3244.45
3272.3
3303.45
3336.9
3367.35
3395.6
3422.7
3449.3
3475.85
3502.6
3529.6
3557.95
3590.25
3623.15
3652.9
3680.75
3707.7
3734.25
3760.8
3787.65
3814.95
3844.5
3877.8
3909.6
3938.5
3965.95
3992.7
4019.25
4045.85
4072.65
4100.25
4130.65
4164.2
4195.25
4223.7
4250.95
4277.65
4304.15
4330.85
4357.75
4385.8
4417.45
4450.75
4480.85
4508.9
4535.95
4562.6
4589.1
4615.95
4643.15
4672.2
4705.3
4737.5
4766.65
4794.2
4821.05
4847.55
4874.15
4901
4928.45
4958.75
4992.25
