0.05
24.7
54.3
83.9
113.5
143.1
172.7
202.3
231.9
261.5
291.05
320.65
350.25
379.85
409.45
439.05
468.65
498.25
527.85
557.45
587.05
616.65
646.2
675.8
705.4
735
764.6
794.2
823.8
853.4
883
912.6
942.2
971.8
1001.35
1030.95
1060.55
1090.15
1119.75
1149.35
1178.95
1208.55
1238.15
1267.75
1297.35
1326.95
1356.55
1386.1
1415.7
1445.3
1474.9
1504.5
1534.1
1563.7
1593.3
1622.9
1652.5
1682.1
1711.7
1741.25
1770.85
1800.45
1830.05
1859.65
1889.25
1918.85
1948.45
1978.05
2007.65
2037.25
2066.85
2096.4
2126
2155.6
2185.2
2214.8
2244.4
2274
2303.6
2333.2
2362.8
2392.4
2422
2451.6
2481.15
2510.75
2540.35
2569.95
2599.55
2629.15
2658.75
2688.35
2717.95
2747.55
2777.15
2806.75
2836.3
2865.9
2895.5
2925.1
2954.7
2984.3
3013.9
3043.5
3073.1
3102.7
3132.3
3161.9
3191.45
3221.05
3250.65
3280.25
3309.85
3339.45
3369.05
3398.65
3428.25
3457.85
3487.45
3517.05
3546.65
3576.2
3605.8
3635.4
3665
3694.6
3724.2
3753.8
3783.4
3813
3842.6
3872.2
3901.8
3931.35
3960.95
3990.55
4020.15
4049.75
4079.35
4108.95
4138.55
4168.15
4197.75
4227.35
4256.95
4286.5
4316.1
4345.7
4375.3
4404.9
4434.5
4464.1
4493.7
4523.3
4552.9
4582.5
4612.1
4641.7
4671.25
4700.85
4730.45
4760.05
4789.65
4819.25
4848.85
4878.45
4908.05
4937.65
4967.25
-1000
0.05
26
60.6
92.1
122.65
152.7
182.5
212.2
241.85
271.45
301.05
330.65
360.25
389.85
419.45
449.05
478.65
508.25
537.85
567.45
597.05
626.65
656.25
685.8
715.4
745
774.6
804.2
833.8
863.4
893
922.6
952.2
981.8
1011.4
1040.95
1070.55
1100.15
1129.75
1159.35
1188.95
1218.55
1248.15
1277.75
1307.35
1336.95
1366.55
1396.1
1425.7
1455.3
1484.9
1514.5
1544.1
1573.7
1603.3
1632.9
1662.5
1692.1
1721.7
1751.3
1780.85
1810.45
1840.05
1869.65
1899.25
1928.85
1958.45
1988.05
2017.65
2047.25
2076.85
2106.45
2136
2165.6
2195.2
2224.8
2254.4
2284
2313.6
2343.2
2372.8
2402.4
2432
2461.6
2491.15
2520.75
2550.35
2579.95
2609.55
2639.15
2668.75
2698.35
2727.95
2757.55
2787.15
2816.75
2846.35
2875.9
2905.5
2935.1
2964.7
2994.3
3023.9
3053.5
3083.1
3112.7
3142.3
3171.9
3201.5
3231.05
3260.65
3290.25
3319.85
3349.45
3379.05
3408.65
3438.25
3467.85
3497.45
3527.05
3556.65
3586.25
3615.8
3645.4
3675
3704.6
3734.2
3763.8
3793.4
3823
3852.6
3882.2
3911.8
3941.4
3970.95
4000.55
4030.15
4059.75
4089.35
4118.95
4148.55
4178.15
4207.75
4237.35
4266.95
4296.55
4326.1
4355.7
4385.3
4414.9
4444.5
4474.1
4503.7
4533.3
4562.9
4592.5
4622.1
4651.7
4681.3
4710.85
4740.45
4770.05
4799.65
4829.25
4858.85
4888.45
4918.05
4947.65
4977.25
