0.05
22.5
49.6
76.75
103.9
131.05
158.2
185.35
212.45
239.6
266.75
293.9
321.05
348.2
375.3
402.45
429.6
456.75
483.9
511.05
538.15
565.3
592.45
619.6
646.75
673.9
701
728.15
755.3
782.45
809.6
836.75
863.85
891
918.15
945.3
972.45
999.55
1026.7
1053.85
1081
1108.15
1135.3
1162.4
1189.55
1216.7
1243.85
1271
1298.15
1325.25
1352.4
1379.55
1406.7
1433.85
1461
1488.1
1515.25
1542.4
1569.55
1596.7
1623.85
1650.95
1678.1
1705.25
1732.4
1759.55
1786.7
1813.8
1840.95
1868.1
1895.25
1922.4
1949.5
1976.65
2003.8
2030.95
2058.1
2085.25
2112.35
2139.5
2166.65
2193.8
2220.95
2248.1
2275.2
2302.35
2329.5
2356.65
2383.8
2410.95
2438.05
2465.2
2492.35
2519.5
2546.65
2573.8
2600.9
2628.05
2655.2
2682.35
2709.5
2736.65
2763.75
2790.9
2818.05
2845.2
2872.35
2899.5
2926.6
2953.75
2980.9
3008.05
3035.2
3062.3
3089.45
3116.6
3143.75
3170.9
3198.05
3225.15
3252.3
3279.45
3306.6
3333.75
3360.9
3388
3415.15
3442.3
3469.45
3496.6
3523.75
3550.85
3578
3605.15
3632.3
3659.45
3686.6
3713.7
3740.85
3768
3795.15
3822.3
3849.45
3876.55
3903.7
3930.85
3958
3985.15
4012.25
4039.4
4066.55
4093.7
4120.85
4148
4175.1
4202.25
4229.4
4256.55
4283.7
4310.85
4337.95
4365.1
4392.25
4419.4
4446.55
4473.7
4500.8
4527.95
4555.1
4582.25
4609.4
4636.55
4663.65
4690.8
4717.95
4745.1
4772.25
4799.4
4826.5
4853.65
4880.8
4907.95
4935.1
4962.2
4989.35
-1000
0.05
26
52.95
79.9
106.95
134
161.15
188.25
215.35
242.5
269.65
296.8
323.95
351.1
378.2
405.35
432.5
459.65
486.8
513.95
541.05
568.2
595.35
622.5
649.65
676.8
703.9
731.05
758.2
785.35
812.5
839.65
866.75
893.9
921.05
948.2
975.35
1002.5
1029.6
1056.75
1083.9
1111.05
1138.2
1165.3
1192.45
1219.6
1246.75
1273.9
1301.05
1328.15
1355.3
1382.45
1409.6
1436.75
1463.9
1491
1518.15
1545.3
1572.45
1599.6
1626.75
1653.85
1681
1708.15
1735.3
1762.45
1789.6
1816.7
1843.85
1871
1898.15
1925.3
1952.45
1979.55
2006.7
2033.85
2061
2088.15
2115.3
2142.4
2169.55
2196.7
2223.85
2251
2278.1
2305.25
2332.4
2359.55
2386.7
2413.85
2440.95
2468.1
2495.25
2522.4
2549.55
2576.7
2603.8
2630.95
2658.1
2685.25
2712.4
2739.55
2766.65
2793.8
2820.95
2848.1
2875.25
2902.4
2929.5
2956.65
2983.8
3010.95
3038.1
3065.25
3092.35
3119.5
3146.65
3173.8
3200.95
3228.05
3255.2
3282.35
3309.5
3336.65
3363.8
3390.9
3418.05
3445.2
3472.35
3499.5
3526.65
3553.75
3580.9
3608.05
3635.2
3662.35
3689.5
3716.6
3743.75
3770.9
3798.05
3825.2
3852.35
3879.45
3906.6
3933.75
3960.9
3988.05
4015.2
4042.3
4069.45
4096.6
4123.75
4150.9
4178
4205.15
4232.3
4259.45
4286.6
4313.75
4340.85
4368
4395.15
4422.3
4449.45
4476.6
4503.7
4530.85
4558
4585.15
4612.3
4639.45
4666.55
4693.7
4720.85
4748
4775.15
4802.3
4829.4
4856.55
4883.7
4910.85
4938
4965.15
4992.25
