0.05
19.15
42.6
66.05
89.45
112.9
136.35
159.75
183.2
206.65
230.1
253.5
276.95
300.4
323.8
347.25
370.7
394.1
417.55
441
464.45
487.85
511.3
534.75
558.15
581.6
605.05
628.5
651.9
675.35
698.8
722.2
745.65
769.1
792.55
815.95
839.4
862.85
886.25
909.7
933.15
956.55
980
1003.45
1026.9
1050.3
1073.75
1097.2
1120.6
1144.05
1167.5
1190.95
1214.35
1237.8
1261.25
1284.65
1308.1
1331.55
1354.95
1378.4
1401.85
1425.3
1448.7
1472.15
1495.6
1519
1542.45
1565.9
1589.35
1612.75
1636.2
1659.65
1683.05
1706.5
1729.95
1753.4
1776.8
1800.25
1823.7
1847.1
1870.55
1894
1917.4
1940.85
1964.3
1987.75
2011.15
2034.6
2058.05
2081.45
2104.9
2128.35
2151.8
2175.2
2198.65
2222.1
2245.5
2268.95
2292.4
2315.85
2339.25
2362.7
2386.15
2409.55
2433
2456.45
2479.85
2503.3
2526.75
2550.2
2573.6
2597.05
2620.5
2643.9
2667.35
2690.8
2714.25
2737.65
2761.1
2784.55
2807.95
2831.4
2854.85
2878.25
2901.7
2925.15
2948.6
2972
2995.45
3018.9
3042.3
3065.75
3089.2
3112.65
3136.05
3159.5
3182.95
3206.35
3229.8
3253.25
3276.7
3300.1
3323.55
3347
3370.4
3393.85
3417.3
3440.7
3464.15
3487.6
3511.05
3534.45
3557.9
3581.35
3604.75
3628.2
3651.65
3675.1
3698.5
3721.95
3745.4
3768.8
3792.25
3815.7
3839.15
3862.55
3886
3909.45
-1000
0.05
26
53.55
86.15
117.05
144.45
174.25
207.1
236.25
263.2
294.8
326.7
354.7
383.45
416.4
446.3
473.35
504.1
536.55
565.05
592.55
625
656
683.45
713.1
746
775.2
802.2
833.75
865.65
893.65
922.3
955.25
985.25
1012.25
1043.1
1075.5
1104.05
1131.5
1163.95
1195
1222.4
1252.05
1285
1314.2
1341.15
1372.7
1404.65
1432.7
1461.35
1494.25
1524.25
1551.3
1582
1614.55
1643.05
1670.45
1702.85
1733.9
1761.4
1791
1823.9
1853.15
1880.1
1911.6
1943.55
1971.65
2000.2
2033.05
2063.15
2090.25
2120.9
2153.4
2182
2209.3
2241.6
2272.8
2300.35
2330
2362.9
2392.15
2419.1
2450.55
2482.55
2510.65
2539.05
2572.05
2602.15
2629.2
2659.8
2692.35
2721
2748.25
2780.55
2811.75
2839.35
2868.9
2901.8
2931.1
2958.1
2989.55
3021.55
3049.65
3078.15
3111.05
3141.15
3168.2
3198.8
3231.35
3259.95
3287.3
3319.55
3350.8
3378.3
3407.9
3440.8
3470.1
3497.05
3528.6
3560.6
3588.65
3617.15
3650.05
3680.2
3707.2
3737.75
3770.35
3799
3826.25
3858.55
3889.75
3917.35
3946.85
3979.75
4009.15
4036.05
4067.5
4099.55
4127.65
4156
4188.9
4219.1
4246.2
4276.65
4309.25
4337.95
4365.15
4397.35
4428.65
4456.3
4485.95
4518.85
4548.15
4575.15
4606.65
4638.65
4666.7
4695.15
4728.05
4758.2
4785.25
4815.85
4848.4
4877
4904.25
4936.55
4967.8
4995.35
