0.05
35.55
76.9
118.25
159.6
200.95
242.3
283.65
325
366.35
407.7
449.05
490.4
531.75
573.1
614.45
655.8
697.15
738.5
779.85
821.2
862.55
903.9
945.25
986.6
1027.95
1069.3
1110.65
1152
1193.35
1234.7
1276.05
1317.4
1358.75
1400.1
1441.45
1482.8
1524.15
1565.5
1606.85
1648.2
1689.55
1730.9
1772.25
1813.6
1854.95
1896.3
1937.65
1979
2020.35
2061.7
2103.05
2144.4
2185.75
2227.1
2268.45
2309.8
2351.15
2392.5
2433.85
2475.2
2516.55
2557.9
2599.25
2640.6
2681.95
2723.3
2764.65
2806
2847.35
2888.7
2930.05
2971.4
3012.75
3054.1
3095.45
3136.8
3178.15
3219.5
3260.85
3302.2
3343.55
3384.9
3426.25
3467.6
3508.95
3550.3
3591.65
3633
3674.35
3715.7
3757.05
3798.4
3839.75
3881.1
3922.45
3963.8
4005.15
4046.5
4087.85
4129.2
4170.55
4211.9
4253.25
4294.6
4335.95
4377.3
4418.65
4460
4501.35
4542.7
4584.05
4625.4
4666.75
4708.1
4749.45
4790.8
4832.15
4873.5
4914.85
4956.2
4997.55
-1000
0.05
26
60
96
126
152.85
185.2
221.25
253.15
280.7
311
346.65
380.95
409.5
437.25
472.15
507.7
536.95
563.6
597.4
633.4
663.2
690
722.6
758.65
790.25
817.6
848.25
884
918
946.45
974.5
1009.5
1045
1074.15
1100.7
1134.75
1170.7
1200.3
1227.05
1259.9
1295.95
1327.15
1354.35
1385.45
1421.3
1454.9
1483.15
1511.65
1546.8
1582.1
1611.2
1637.8
1672.05
1707.95
1737.4
1764.15
1797.25
1833.3
1864.1
1891.2
1922.65
1958.6
1991.75
2019.8
2048.75
2084.1
2119.2
2148.15
2175
2209.4
2245.25
2274.6
2301.35
2334.65
2370.7
2401.2
2428.2
2459.95
2495.95
2528.7
2556.6
2585.95
2621.45
2656.3
2685.15
2712.25
2746.8
2782.55
2811.9
2838.7
2872.1
2908.15
2938.5
2965.45
2997.4
3033.35
3065.9
3093.7
3123.35
3158.85
3193.6
3222.4
3249.6
3284.25
3320
3349.3
3376.15
3409.6
3445.65
3475.9
3502.85
3534.85
3570.85
3603.3
3631.05
3660.8
3696.35
3731
3759.75
3787.05
3821.75
