0.05
22.7
50.05
77.4
104.8
132.15
159.5
186.85
214.25
241.6
268.95
296.35
323.7
351.05
378.45
405.8
433.15
460.5
487.9
515.25
542.6
570
597.35
624.7
652.1
679.45
706.8
734.15
761.55
788.9
816.25
843.65
871
898.35
925.75
953.1
980.45
1007.8
1035.2
1062.55
1089.9
1117.3
1144.65
1172
1199.35
1226.75
1254.1
1281.45
1308.85
1336.2
1363.55
1390.95
1418.3
1445.65
1473
1500.4
1527.75
1555.1
1582.5
1609.85
1637.2
1664.6
1691.95
1719.3
1746.65
1774.05
1801.4
1828.75
1856.15
1883.5
1910.85
1938.25
1965.6
1992.95
2020.3
2047.7
2075.05
2102.4
2129.8
2157.15
2184.5
2211.9
2239.25
2266.6
2293.95
2321.35
2348.7
2376.05
2403.45
2430.8
2458.15
2485.5
2512.9
2540.25
2567.6
2595
2622.35
2649.7
2677.1
2704.45
2731.8
2759.15
2786.55
2813.9
2841.25
2868.65
2896
2923.35
2950.75
2978.1
3005.45
3032.8
3060.2
3087.55
3114.9
3142.3
3169.65
3197
3224.4
3251.75
3279.1
3306.45
3333.85
3361.2
3388.55
3415.95
3443.3
3470.65
3498.05
3525.4
3552.75
3580.1
3607.5
3634.85
3662.2
3689.6
3716.95
3744.3
3771.65
3799.05
3826.4
3853.75
3881.15
3908.5
3935.85
3963.25
3990.6
4017.95
4045.3
4072.7
4100.05
4127.4
4154.8
4182.15
4209.5
4236.9
4264.25
4291.6
4318.95
4346.35
4373.7
4401.05
4428.45
4455.8
4483.15
4510.55
4537.9
4565.25
4592.6
4620
4647.35
4674.7
4702.1
4729.45
4756.8
4784.15
4811.55
4838.9
4866.25
4893.65
4921
4948.35
4975.75
-1000
0.05
26
54.05
81.6
109.05
136.45
163.9
191.25
218.65
246
273.4
300.75
328.1
355.5
382.85
410.2
437.55
464.95
492.3
519.65
547.05
574.4
601.75
629.15
656.5
683.85
711.2
738.6
765.95
793.3
820.7
848.05
875.4
902.75
930.15
957.45
984.85
1012.25
1039.6
1066.95
1094.35
1121.7
1149.05
1176.4
1203.8
1231.15
1258.5
1285.9
1313.25
1340.6
1368
1395.35
1422.7
1450.05
1477.45
1504.8
1532.15
1559.55
1586.9
1614.25
1641.65
1669
1696.35
1723.7
1751.1
1778.45
1805.8
1833.2
1860.55
1887.9
1915.3
1942.65
1970
1997.35
2024.75
2052.1
2079.45
2106.85
2134.2
2161.55
2188.9
2216.3
2243.65
2271
2298.4
2325.75
2353.1
2380.5
2407.85
2435.2
2462.55
2489.95
2517.3
2544.65
2572.05
2599.4
2626.75
2654.15
2681.5
2708.85
2736.2
2763.6
2790.95
2818.3
2845.7
2873.05
2900.4
2927.8
2955.15
2982.5
3009.85
3037.25
3064.6
3091.95
3119.35
3146.7
3174.05
3201.4
3228.8
3256.1
3283.5
3310.9
3338.25
3365.6
3393
3420.35
3447.7
3475.05
3502.45
3529.8
3557.15
3584.55
3611.9
3639.25
3666.65
3694
3721.35
3748.7
3776.1
3803.45
3830.8
3858.2
3885.55
3912.9
3940.3
3967.65
3995
4022.35
4049.75
4077.1
4104.45
4131.85
4159.2
4186.55
4213.95
4241.3
4268.65
4296
4323.4
4350.75
4378.1
4405.5
4432.85
4460.2
4487.55
4514.95
4542.25
4569.65
4597.05
4624.4
4651.75
4679.15
4706.5
4733.85
4761.2
4788.6
4815.95
4843.3
4870.7
4898.05
4925.4
4952.8
4980.15
