0.05
18.75
41.75
64.7
87.7
110.65
133.65
156.65
179.6
202.6
225.55
248.55
271.55
294.5
317.5
340.45
363.45
386.45
409.4
432.4
455.35
478.35
501.35
524.3
547.3
570.25
593.25
616.25
639.2
662.2
685.15
708.15
731.15
754.1
777.1
800.05
823.05
846.05
869
892
915
937.95
960.95
983.9
1006.9
1029.9
1052.85
1075.85
1098.8
1121.8
1144.8
1167.75
1190.75
1213.7
1236.7
1259.7
1282.65
1305.65
1328.6
1351.6
1374.6
1397.55
1420.55
1443.5
1466.5
1489.5
1512.45
1535.45
1558.4
1581.4
1604.4
1627.35
1650.35
1673.3
1696.3
1719.3
1742.25
1765.25
1788.2
1811.2
1834.2
1857.15
1880.15
1903.1
1926.1
1949.1
1972.05
1995.05
2018
2041
2064
2086.95
2109.95
2132.9
2155.9
2178.9
2201.85
2224.85
2247.8
2270.8
2293.8
2316.75
2339.75
2362.7
2385.7
2408.7
2431.65
2454.65
2477.6
2500.6
2523.6
2546.55
2569.55
2592.5
2615.5
2638.5
2661.45
2684.45
2707.4
2730.4
2753.4
2776.35
2799.35
2822.3
2845.3
2868.3
2891.25
2914.25
2937.2
2960.2
2983.2
3006.15
3029.15
3052.1
3075.1
3098.1
3121.05
3144.05
3167
3190
3213
3235.95
3258.95
3281.9
3304.9
3327.9
3350.85
3373.85
3396.8
3419.8
3442.8
3465.75
3488.75
3511.7
3534.7
3557.7
3580.65
3603.65
3626.6
3649.6
3672.6
3695.55
3718.55
3741.5
3764.5
3787.5
3810.45
-1000
0.05
26
57.35
84.55
116.55
147.75
175.2
206.1
238.25
266.3
296.55
329.1
357.7
386.5
419.4
448.75
476.25
508.75
539.3
566.55
598.1
629.75
657.45
687.9
720.3
748.6
778.2
810.95
839.85
867.75
900.5
930.55
957.8
989.75
1021
1048.45
1079.35
1111.5
1139.55
1169.8
1202.35
1230.95
1259.75
1292.65
1322
1349.5
1382.05
1412.6
1439.8
1471.4
1503
1530.65
1561.1
1593.5
1621.85
1651.3
1684.1
1713.05
1741
1773.7
1803.8
1831
1863.1
1894.3
1921.75
1952.65
1984.8
2012.85
2043.05
2075.6
2104.15
2132.9
2165.75
2195.15
2222.55
2255
2285.65
2312.9
2344.35
2376.1
2403.85
2434.3
2466.7
2495.05
2524.55
2557.35
2586.3
2614.25
2647
2677.05
2704.25
2736.25
2767.5
2794.9
2825.8
2857.9
2886.05
2916.05
2948.7
2977.3
3005.95
3038.75
3068.3
3095.65
3128.15
3158.85
3186.15
3217.55
3249.35
3277.1
3307.45
3339.9
3368.25
3397.6
3430.4
3459.45
3487.15
3519.85
3550.05
3577.3
3609.1
3640.5
3668.05
3698.85
3731.05
3759.2
3789.25
3821.95
3850.55
3879.15
3912
3941.55
3968.9
4001.25
4032.05
4059.25
4090.6
4122.4
4150.25
4180.5
4213
4241.45
4270.6
4303.4
4332.55
4360.2
4392.8
4423.15
4450.4
4482.15
4513.65
4541.2
4571.9
4604.15
4632.4
4662.3
4694.95
4723.7
4752.05
4784.85
4814.55
4841.85
4874.1
4905.05
4932.35
4963.5
4995.45
