0.05
38
82
125.95
169.95
213.9
257.9
301.85
345.85
389.8
433.8
477.75
521.75
565.7
609.7
653.65
697.65
741.6
785.6
829.55
873.55
917.5
961.5
1005.45
1049.45
1093.4
1137.4
1181.35
1225.35
1269.3
1313.3
1357.25
1401.25
1445.2
1489.2
1533.15
1577.15
1621.1
1665.1
1709.05
1753.05
1797
1841
1885
1928.95
1972.95
2016.9
2060.9
2104.85
2148.85
2192.8
2236.8
2280.75
2324.75
2368.7
2412.7
2456.65
2500.65
2544.6
2588.6
2632.55
2676.55
2720.5
2764.5
2808.45
2852.45
2896.4
2940.4
2984.35
3028.35
3072.3
3116.3
3160.25
3204.25
3248.2
3292.2
3336.15
3380.15
3424.1
3468.1
3512.05
3556.05
3600
3644
3687.95
3731.95
3775.9
3819.9
3863.85
3907.85
3951.8
3995.8
4039.75
4083.75
4127.7
4171.7
4215.65
4259.65
4303.6
4347.6
4391.55
4435.55
4479.5
4523.5
4567.45
4611.45
4655.45
4699.4
4743.4
4787.35
4831.35
4875.3
4919.3
4963.25
-1000
0.05
26
57.25
84.1
118.15
152.9
181.55
210.45
246.6
276.45
303.2
337.65
371.85
400.25
429.8
466
495.75
522.5
557.2
591
619.2
649.25
685.5
715.2
742
776.85
810.25
838.3
868.75
905
934.65
961.25
996.4
1029.2
1056.95
1088.1
1124.3
1153.85
1180.45
1215.85
1247.8
1275.2
1307.25
1343.25
1372.6
1399.6
1435.3
1466.5
1493.6
1526.45
1562.15
1591.35
1618.9
1654.75
1685.35
1712.25
1745.75
1781
1809.9
1838.15
1874.15
1904.3
1931.1
1965.15
2000
2028.7
2057.5
2093.7
2123.6
2150.35
2184.75
2219.15
2247.65
2276.95
2313.15
2342.9
2369.65
2404.25
2438.15
2466.4
2496.3
2532.55
2562.25
2589.1
2623.95
2657.5
2685.65
2715.9
2752.15
2781.8
2808.5
2843.55
2876.6
2904.45
2935.3
2971.55
3001.1
3027.65
3063
3095.25
3122.8
3154.5
3190.6
3220.05
3246.85
3282.45
3313.9
3341.1
3373.7
3409.5
3438.7
3466.1
3501.9
3532.7
