0.05
27.2
59.5
91.85
124.15
156.45
188.8
221.1
253.45
285.75
318.05
350.4
382.7
415.05
447.35
479.65
512
544.3
576.65
608.95
641.25
673.6
705.9
738.25
770.55
802.85
835.2
867.5
899.85
932.15
964.45
996.8
1029.1
1061.45
1093.75
1126.05
1158.4
1190.7
1223.05
1255.35
1287.7
1320
1352.3
1384.65
1416.95
1449.3
1481.6
1513.9
1546.25
1578.55
1610.9
1643.2
1675.5
1707.85
1740.15
1772.5
1804.8
1837.1
1869.45
1901.75
1934.1
1966.4
1998.7
2031.05
2063.35
2095.7
2128
2160.3
2192.65
2224.95
2257.3
2289.6
2321.9
2354.25
2386.55
2418.9
2451.2
2483.5
2515.85
2548.15
2580.5
2612.8
2645.1
2677.45
2709.75
2742.1
2774.4
2806.7
2839.05
2871.35
2903.7
2936
2968.3
3000.65
3032.95
3065.3
3097.6
3129.9
3162.25
3194.55
3226.9
3259.2
3291.5
3323.85
3356.15
3388.5
3420.8
3453.1
3485.45
3517.75
3550.1
3582.4
3614.7
3647.05
3679.35
3711.7
3744
3776.3
3808.65
3840.95
3873.3
3905.6
3937.9
3970.25
4002.55
4034.9
4067.2
4099.55
4131.85
4164.15
4196.5
4228.8
4261.15
4293.45
4325.75
4358.1
4390.4
4422.75
4455.05
4487.35
4519.7
4552
4584.35
4616.65
4648.95
4681.3
4713.6
4745.95
4778.25
4810.55
4842.9
4875.2
4907.55
4939.85
4972.15
-1000
0.05
26
62.45
96.6
129.95
162.85
195.45
227.9
260.3
292.65
325
357.3
389.65
421.95
454.3
486.6
518.95
551.25
583.55
615.9
648.2
680.55
712.85
745.15
777.5
809.8
842.15
874.45
906.75
939.1
971.4
1003.75
1036.05
1068.35
1100.7
1133
1165.35
1197.65
1229.95
1262.3
1294.6
1326.95
1359.25
1391.55
1423.9
1456.2
1488.55
1520.85
1553.2
1585.5
1617.8
1650.15
1682.45
1714.8
1747.1
1779.4
1811.75
1844.05
1876.4
1908.7
1941
1973.35
2005.65
2038
2070.3
2102.6
2134.95
2167.25
2199.6
2231.9
2264.2
2296.55
2328.85
2361.2
2393.5
2425.8
2458.15
2490.45
2522.8
2555.1
2587.4
2619.75
2652.05
2684.4
2716.7
2749
2781.35
2813.65
2846
2878.3
2910.6
2942.95
2975.25
3007.6
3039.9
3072.2
3104.55
3136.85
3169.2
3201.5
3233.8
3266.15
3298.45
3330.8
3363.1
3395.4
3427.75
3460.05
3492.4
3524.7
3557
3589.35
3621.65
3654
3686.3
3718.6
3750.95
3783.25
3815.6
3847.9
3880.2
3912.55
3944.85
3977.2
4009.5
4041.8
4074.15
4106.45
4138.8
4171.1
4203.4
4235.75
4268.05
4300.4
4332.7
4365.05
4397.35
4429.65
4462
4494.3
4526.65
4558.95
4591.25
4623.6
4655.9
4688.25
4720.55
4752.85
4785.2
4817.5
4849.85
4882.15
4914.45
4946.8
4979.1
