0.05
32
69.55
107.15
144.7
182.25
219.8
257.35
294.9
332.45
370
407.55
445.1
482.7
520.25
557.8
595.35
632.9
670.45
708
745.55
783.1
820.7
858.25
895.8
933.35
970.9
1008.45
1046
1083.55
1121.1
1158.7
1196.25
1233.8
1271.35
1308.9
1346.45
1384
1421.55
1459.1
1496.65
1534.25
1571.8
1609.35
1646.9
1684.45
1722
1759.55
1797.1
1834.65
1872.25
1909.8
1947.35
1984.9
2022.45
2060
2097.55
2135.1
2172.65
2210.25
2247.8
2285.35
2322.9
2360.45
2398
2435.55
2473.1
2510.65
2548.25
2585.8
2623.35
2660.9
2698.45
2736
2773.55
2811.1
2848.65
2886.2
2923.8
2961.35
2998.9
3036.45
3074
3111.55
3149.1
3186.65
3224.2
3261.8
3299.35
3336.9
3374.45
3412
3449.55
3487.1
3524.65
3562.2
3599.8
3637.35
3674.9
3712.45
3750
3787.55
3825.1
3862.65
3900.2
3937.8
3975.35
4012.9
4050.45
4088
4125.55
4163.1
4200.65
4238.2
4275.75
4313.35
4350.9
4388.45
4426
4463.55
4501.1
4538.65
4576.2
4613.75
4651.35
4688.9
4726.45
4764
4801.55
4839.1
4876.65
4914.2
4951.75
4989.35
-1000
0.05
26
62.05
97.75
133.1
166.15
194.4
221.05
253.4
288.2
323.8
359.35
393.75
422.85
449.65
480.2
514.4
549.8
585.5
620.55
652.1
679.7
707.7
740.85
775.9
811.55
847.1
880.9
909.5
936.35
967.7
1002.2
1037.7
1073.35
1108.2
1138.6
1165.75
1194.9
1228.55
1263.8
1299.5
1334.8
1367.75
1395.95
1422.7
1455.05
1489.9
1525.5
1561.05
1595.35
1624.3
1651.1
1681.8
1716.05
1751.5
1787.15
1822.2
1853.55
1881.05
1909.25
1942.5
1977.65
2013.3
2048.7
2082.3
2110.8
2137.45
2169.15
2203.8
2239.4
2275.05
2309.75
2339.7
2366.7
2396.3
2430.1
2465.45
2501.1
2536.35
2568.95
2597
2624.1
2656.65
2691.6
2727.2
2762.75
2796.95
2825.8
2852.55
2883.45
2917.75
2953.2
2988.9
3023.85
3054.8
3082.2
3110.75
3144.15
3179.3
3214.95
3250.35
3283.85
3312.25
3338.8
3370.8
3405.45
3441.05
3476.65
3511.25
3540.75
3567.65
3597.7
3631.75
3667.1
3702.75
3737.95
3770.1
3797.95
3825.4
3858.2
3893.2
3928.85
3964.35
3998.35
4027
4053.75
4084.95
4119.4
4154.9
4190.55
4225.4
4256.05
4283.3
4312.2
