0.05
17.65
39.4
61.1
82.85
104.6
126.3
148.05
169.8
191.5
213.25
235
256.7
278.45
300.2
321.9
343.65
365.4
387.1
408.85
430.6
452.3
474.05
495.8
517.5
539.25
561
582.7
604.45
626.15
647.9
669.65
691.35
713.1
734.85
756.55
778.3
800.05
821.75
843.5
865.25
886.95
908.7
930.45
952.15
973.9
995.65
1017.35
1039.1
1060.85
1082.55
1104.3
1126.05
1147.75
1169.5
1191.25
1212.95
1234.7
1256.45
1278.15
1299.9
1321.65
1343.35
1365.1
1386.85
1408.55
1430.3
1452.05
1473.75
1495.5
1517.25
1538.95
1560.7
1582.45
1604.15
1625.9
1647.65
1669.35
1691.1
1712.85
1734.55
1756.3
1778.05
1799.75
1821.5
1843.25
1864.95
1886.7
1908.45
1930.15
1951.9
1973.65
1995.35
2017.1
2038.85
2060.55
2082.3
2104.05
2125.75
2147.5
2169.25
2190.95
2212.7
2234.45
2256.15
2277.9
2299.65
2321.35
2343.1
2364.85
2386.55
2408.3
2430.05
2451.75
2473.5
2495.25
2516.95
2538.7
2560.45
2582.15
2603.9
2625.65
2647.35
2669.1
2690.85
2712.55
2734.3
2756.05
2777.75
2799.5
2821.25
2842.95
2864.7
2886.45
2908.15
2929.9
2951.65
2973.35
2995.1
3016.85
3038.55
3060.3
3082.05
3103.75
3125.5
3147.25
3168.95
3190.7
3212.45
3234.15
3255.9
3277.65
3299.35
3321.1
3342.85
3364.55
3386.3
3408
3429.75
3451.5
3473.2
3494.95
3516.7
3538.4
3560.15
-1000
0.05
26
57.85
88.55
117.4
149.85
178.3
210
240.75
269.45
301.95
330.4
362.1
392.85
421.6
454.15
482.55
514.3
545
573.85
606.3
634.75
666.5
697.2
726
758.45
786.85
818.6
849.3
878.05
910.55
938.95
970.7
1001.4
1030.25
1062.7
1091.15
1122.9
1153.6
1182.4
1214.85
1243.25
1275.05
1305.7
1334.45
1366.95
1395.35
1427.1
1457.8
1486.65
1519.1
1547.55
1579.3
1610
1638.8
1671.25
1699.65
1731.45
1762.1
1791
1823.4
1851.85
1883.6
1914.25
1943
1975.5
2003.9
2035.65
2066.35
2095.1
2127.65
2156.05
2187.95
2218.55
2247.5
2279.9
2308.3
2340.05
2370.7
2399.45
2431.95
2460.35
2492.1
2522.8
2551.6
2584.1
2612.5
2644.4
2675
2703.95
2736.35
2764.7
2796.5
2827.1
2855.9
2888.4
2916.75
2948.55
2979.2
3008
3040.55
3068.9
3100.8
3131.4
3160.35
3192.75
3221.15
3252.95
3283.55
3312.4
3344.85
3373.2
3405
3435.6
3464.45
3496.9
3525.3
3557.05
3587.7
3616.6
3649.05
3677.45
3709.25
3739.9
3768.75
3801.2
3829.55
3861.35
3892
3920.8
3953.25
3981.65
4013.45
4044.1
4072.95
4105.4
4133.85
4165.6
4196.25
4225.1
4257.55
4285.95
4317.7
4348.35
4377.15
4409.6
4438.05
4469.8
4500.5
4529.3
4561.8
4590.2
4622
4652.65
4681.45
4714
4742.35
4774.25
4804.85
4833.8
4866.2
4894.6
4926.4
4957
4985.8
