0.05
31.55
68.65
105.75
142.8
179.9
216.95
254.05
291.15
328.2
365.3
402.35
439.45
476.55
513.6
550.7
587.75
624.85
661.95
699
736.1
773.15
810.25
847.35
884.4
921.5
958.55
995.65
1032.75
1069.8
1106.9
1143.95
1181.05
1218.15
1255.2
1292.3
1329.35
1366.45
1403.55
1440.6
1477.7
1514.75
1551.85
1588.95
1626
1663.1
1700.15
1737.25
1774.35
1811.4
1848.5
1885.55
1922.65
1959.75
1996.8
2033.9
2070.95
2108.05
2145.15
2182.2
2219.3
2256.35
2293.45
2330.55
2367.6
2404.7
2441.75
2478.85
2515.95
2553
2590.1
2627.15
2664.25
2701.35
2738.4
2775.5
2812.55
2849.65
2886.75
2923.8
2960.9
2997.95
3035.05
3072.15
3109.2
3146.3
3183.35
3220.45
3257.55
3294.6
3331.7
3368.75
3405.85
3442.95
3480
3517.1
3554.15
3591.25
3628.35
3665.4
3702.5
3739.55
3776.65
3813.7
3850.8
3887.9
3924.95
3962.05
3999.1
4036.2
4073.3
4110.35
4147.45
4184.5
4221.6
4258.7
4295.75
4332.85
4369.9
4407
4444.1
4481.15
4518.25
4555.3
4592.4
4629.5
4666.55
4703.65
4740.7
4777.8
4814.9
4851.95
4889.05
4926.1
4963.2
-1000
0.05
26
61
96.35
131.95
167.4
201.85
231.6
258.6
288.05
321.55
356.6
392.15
427.7
462.75
495.25
523.3
550.15
582.35
616.9
652.3
687.95
723.3
757.4
786.3
813.1
843.45
877.35
912.5
948.1
983.65
1018.5
1050
1077.6
1105.35
1138.1
1172.85
1208.3
1243.9
1279.2
1312.85
1341.4
1368.15
1399.15
1433.25
1468.5
1504.1
1539.6
1574.3
1604.95
1632.2
1660.75
1693.9
1728.8
1764.3
1799.9
1835.1
1868.25
1896.55
1923.15
1954.75
1989.15
2024.5
2060.1
2095.55
2129.95
2159.6
2186.55
2216.1
2249.65
2284.7
2320.25
2355.95
2391
2423.65
2451.75
2478.45
2510.6
2545.15
2580.55
2616.15
2651.55
2685.75
2714.9
2741.7
2771.8
2805.6
2840.75
2876.3
2911.95
2946.9
2979
3006.85
3034.05
3066.5
3101.2
3136.6
3172.25
3207.6
3241.55
3270.35
3297.1
3327.65
3361.6
3396.8
3432.4
3468
3502.85
3534.4
3562.05
3589.75
3622.45
3657.2
3692.65
3728.3
3763.55
3797.2
3825.8
3852.5
3883.5
3917.6
3952.85
3988.5
4024
4058.65
4089.3
4116.6
4145.15
4178.25
4213.15
4248.65
4284.25
4319.45
4352.6
4380.95
