0.05
20.85
46.15
71.45
96.75
122.1
147.4
172.7
198
223.3
248.65
273.95
299.25
324.55
349.85
375.2
400.5
425.8
451.1
476.45
501.75
527.05
552.35
577.65
603
628.3
653.6
678.9
704.2
729.55
754.85
780.15
805.45
830.75
856.1
881.4
906.7
932
957.35
982.65
1007.95
1033.25
1058.55
1083.9
1109.2
1134.5
1159.8
1185.1
1210.45
1235.75
1261.05
1286.35
1311.7
1337
1362.3
1387.6
1412.9
1438.25
1463.55
1488.85
1514.15
1539.45
1564.8
1590.1
1615.4
1640.7
1666
1691.35
1716.65
1741.95
1767.25
1792.6
1817.9
1843.2
1868.5
1893.8
1919.15
1944.45
1969.75
1995.05
2020.35
2045.7
2071
2096.3
2121.6
2146.9
2172.25
2197.55
2222.85
2248.15
2273.5
2298.8
2324.1
2349.4
2374.7
2400.05
2425.35
2450.65
2475.95
2501.25
2526.6
2551.9
2577.2
2602.5
2627.85
2653.15
2678.45
2703.75
2729.05
2754.4
2779.7
2805
2830.3
2855.6
2880.95
2906.25
2931.55
2956.85
2982.15
3007.5
3032.8
3058.1
3083.4
3108.75
3134.05
3159.35
3184.65
3209.95
3235.3
3260.6
3285.9
3311.2
3336.5
3361.85
3387.15
3412.45
3437.75
3463.05
3488.4
3513.7
3539
3564.3
3589.65
3614.95
3640.25
3665.55
3690.85
3716.2
3741.5
3766.8
3792.1
3817.4
3842.75
3868.05
3893.35
3918.65
3944
3969.3
3994.6
4019.9
4045.2
4070.55
4095.85
4121.15
4146.45
4171.75
4197.1
4222.4
4247.7
4273
4298.3
4323.65
4348.95
-1000
0.05
26
52.65
80.4
111.95
145
174.65
202.2
228.8
255.75
284.3
317.15
349.15
378
405.15
431.65
458.85
488.65
522.05
553
581.15
608
634.5
661.9
692.5
725.85
756.15
784
810.75
837.4
865.25
897.1
929.95
959.45
986.9
1013.5
1040.45
1069.25
1102.4
1134.15
1162.8
1189.9
1216.35
1243.55
1273.4
1306.85
1337.65
1365.85
1392.7
1419.2
1446.7
1477.6
1510.85
1540.95
1568.7
1595.4
1622.05
1650
1681.95
1714.75
1744.15
1771.6
1798.15
1825.15
1854
1887.05
1918.8
1947.4
1974.5
2001
2028.2
2058.15
2091.55
2122.35
2150.5
2177.3
2203.85
2231.3
2262.15
2295.55
2325.6
2353.35
2380.05
2406.8
2434.8
2466.95
2499.6
2528.9
2556.3
2582.85
2609.95
2639.15
2672.4
2703.8
2732.25
2759.25
2785.7
2812.9
2842.95
2876.35
2907.1
2935.15
2962
2988.55
3016.05
3047.15
3080.35
3110.35
3138
3164.7
3191.45
3219.6
3252.05
3284.5
3313.65
3341
3367.5
3394.6
3423.8
3457.05
3488.45
3516.9
3543.9
3570.4
3597.65
3627.7
3661.15
3691.8
3719.8
3746.6
3773.15
3800.65
3831.65
3864.9
3894.95
3922.65
3949.35
3976.05
4004.1
4036.3
4068.9
4098.15
4125.55
4152.1
4179.2
4208.5
4241.75
4273.15
4301.55
4328.5
4355
4382.25
4412.35
4445.85
4476.45
4504.5
4531.25
4557.85
4585.4
4616.6
4649.8
4679.65
4707.35
4734
4760.8
4789.15
4821.7
4854
4883.05
4910.3
4936.8
4963.95
4993.35
