0.05
34.45
74.6
114.8
154.95
195.15
235.3
275.5
315.65
355.85
396
436.2
476.35
516.55
556.7
596.9
637.05
677.25
717.4
757.6
797.75
837.95
878.1
918.25
958.45
998.6
1038.8
1078.95
1119.15
1159.3
1199.5
1239.65
1279.85
1320
1360.2
1400.35
1440.55
1480.7
1520.9
1561.05
1601.25
1641.4
1681.55
1721.75
1761.9
1802.1
1842.25
1882.45
1922.6
1962.8
2002.95
2043.15
2083.3
2123.5
2163.65
2203.85
2244
2284.2
2324.35
2364.55
2404.7
2444.9
2485.05
2525.2
2565.4
2605.55
2645.75
2685.9
2726.1
2766.25
2806.45
2846.6
2886.8
2926.95
2967.15
3007.3
3047.5
3087.65
3127.85
3168
3208.2
3248.35
3288.55
3328.7
3368.85
3409.05
3449.2
3489.4
3529.55
3569.75
3609.9
3650.1
3690.25
3730.45
3770.6
3810.8
3850.95
3891.15
3931.3
3971.5
4011.65
4051.85
4092
4132.15
4172.35
4212.5
4252.7
4292.85
4333.05
4373.2
4413.4
4453.55
4493.75
4533.9
4574.1
4614.25
4654.45
4694.6
4734.8
4774.95
4815.15
4855.3
4895.5
4935.65
4975.8
-1000
0.05
26
60.5
96.4
129.2
157.15
185.7
220.4
256.3
287.45
314.7
345
380.25
415.9
445.4
472.2
504.25
539.95
574.95
603.95
630.5
663.8
699.75
733.65
762.15
789.5
823.65
859.6
892.1
919.95
948.8
983.6
1019.45
1050.3
1077.45
1108
1143.4
1178.95
1208.3
1235.1
1267.35
1303.1
1337.95
1366.85
1393.4
1426.95
1462.85
1496.55
1524.9
1552.55
1586.85
1622.85
1655.25
1683.05
1712
1746.85
1782.7
1813.4
1840.5
1871.25
1906.6
1942.15
1971.45
1998.2
2030.55
2066.35
2101.15
2130.05
2156.6
2190.15
2226.1
2259.7
2288.05
2315.75
2350.1
2386
2418.15
2445.85
2475.05
2510
2545.8
2576.25
2603.25
2634.25
2669.75
2705.15
2734.4
2761.1
2793.7
2829.5
2864.15
2892.95
2919.65
2953.35
2989.3
3022.7
3050.9
3078.85
3113.25
3149.2
3181.1
3208.7
3238.15
3273.15
3308.95
3339.1
3366.05
3397.35
3432.9
3468.25
3497.4
3524.15
3556.85
3592.7
3627.25
3656
3682.75
3716.55
3752.5
3785.75
3813.95
3842
3876.5
3912.4
3944.15
