0.05
43.45
93.15
142.85
192.6
242.3
292.05
341.75
391.45
441.2
490.9
540.6
590.35
640.05
689.8
739.5
789.2
838.95
888.65
938.4
988.1
1037.8
1087.55
1137.25
1187
1236.7
1286.4
1336.15
1385.85
1435.55
1485.3
1535
1584.75
1634.45
1684.15
1733.9
1783.6
1833.35
1883.05
1932.75
1982.5
2032.2
2081.95
2131.65
2181.35
2231.1
2280.8
2330.5
2380.25
2429.95
2479.7
2529.4
2579.1
2628.85
2678.55
2728.3
2778
2827.7
2877.45
2927.15
2976.85
3026.6
3076.3
3126.05
3175.75
3225.45
3275.2
3324.9
3374.65
3424.35
3474.05
3523.8
3573.5
3623.25
3672.95
3722.65
3772.4
3822.1
3871.8
3921.55
3971.25
4021
4070.7
4120.4
4170.15
4219.85
4269.6
4319.3
4369
4418.75
4468.45
4518.2
4567.9
4617.6
4667.35
4717.05
4766.75
4816.5
4866.2
4915.95
4965.65
-1000
0.05
26
62.85
92.45
121.55
155.1
183
216.95
247.2
273.75
310.25
339.65
369.5
401.95
429.35
464.4
494.55
521.45
557.4
586.5
617.35
648.6
675.55
711.55
741.5
769.2
804.45
833.2
865.1
895.6
922.4
958.85
988.65
1017.05
1051.5
1079.8
1112.8
1143.1
1169.95
1206.55
1236.2
1265.15
1298.9
1326.85
1360.65
1390.95
1417.55
1453.95
1483.4
1513.15
1545.75
1573.2
1608.15
1638.3
1665.1
1701.1
1730.25
1760.95
1792.35
1819.35
1855.3
1885.25
1912.8
1948.2
1977
2008.75
2039.35
2066.15
2102.55
2132.35
2160.7
2195.25
2223.6
2256.45
2286.8
2313.55
2350.1
2379.75
2408.7
2442.4
2470.4
2504.2
2534.45
2561.05
2597.45
2626.9
2656.65
2689.25
2716.7
2751.65
2781.8
2808.6
2844.65
2873.8
2904.5
2935.85
2962.85
2998.8
3028.75
3056.35
3091.7
