0.05
23.1
50.95
78.75
106.6
134.4
162.25
190.05
217.9
245.7
273.55
301.35
329.2
357
384.85
412.65
440.5
468.3
496.15
523.95
551.8
579.6
607.45
635.25
663.1
690.9
718.75
746.55
774.4
802.2
830.05
857.85
885.7
913.5
941.35
969.15
997
1024.8
1052.65
1080.45
1108.3
1136.1
1163.95
1191.75
1219.6
1247.4
1275.25
1303.05
1330.9
1358.7
1386.55
1414.35
1442.2
1470
1497.85
1525.65
1553.5
1581.3
1609.15
1636.95
1664.8
1692.6
1720.45
1748.25
1776.1
1803.95
1831.75
1859.6
1887.4
1915.25
1943.05
1970.9
1998.7
2026.55
2054.35
2082.2
2110
2137.85
2165.65
2193.5
2221.3
2249.15
2276.95
2304.8
2332.6
2360.45
2388.25
2416.1
2443.9
2471.75
2499.55
2527.4
2555.2
2583.05
2610.85
2638.7
2666.5
2694.35
2722.15
2750
2777.8
2805.65
2833.45
2861.3
2889.1
2916.95
2944.75
2972.6
3000.4
3028.25
3056.05
3083.9
3111.7
3139.55
3167.35
3195.2
3223
3250.85
3278.65
3306.5
3334.3
3362.15
3389.95
3417.8
3445.6
3473.45
3501.25
3529.1
3556.95
3584.75
3612.6
3640.4
3668.25
3696.05
3723.9
3751.7
3779.55
3807.35
3835.2
3863
3890.85
3918.65
3946.5
3974.3
4002.15
4029.95
4057.8
4085.6
4113.45
4141.25
4169.1
4196.9
4224.75
4252.55
4280.4
4308.2
4336.05
4363.85
4391.7
4419.5
4447.35
4475.15
4503
4530.8
4558.65
4586.45
4614.3
4642.1
4669.95
4697.75
4725.6
4753.4
4781.25
4809.05
4836.9
4864.7
4892.55
4920.35
4948.2
4976
-1000
0.05
26
58.7
88.35
117.1
145.35
173.45
201.35
229.25
257.1
284.95
312.75
340.6
368.4
396.25
424.05
451.9
479.7
507.55
535.4
563.25
591.05
618.9
646.7
674.55
702.35
730.2
758
785.85
813.65
841.5
869.3
897.15
924.95
952.8
980.6
1008.45
1036.25
1064.1
1091.9
1119.75
1147.55
1175.4
1203.2
1231.05
1258.85
1286.7
1314.5
1342.35
1370.15
1398
1425.8
1453.65
1481.45
1509.3
1537.1
1564.95
1592.75
1620.6
1648.4
1676.25
1704.05
1731.9
1759.7
1787.55
1815.35
1843.2
1871
1898.85
1926.65
1954.5
1982.3
2010.15
2037.95
2065.8
2093.6
2121.4
2149.25
2177.05
2204.9
2232.7
2260.55
2288.4
2316.25
2344.05
2371.9
2399.7
2427.55
2455.35
2483.2
2511
2538.85
2566.65
2594.5
2622.3
2650.15
2677.95
2705.8
2733.6
2761.45
2789.25
2817.1
2844.9
2872.75
2900.55
2928.4
2956.2
2984.05
3011.85
3039.7
3067.5
3095.35
3123.15
3151
3178.8
3206.65
3234.45
3262.3
3290.1
3317.95
3345.75
3373.6
3401.4
3429.25
3457.05
3484.9
3512.7
3540.55
3568.35
3596.2
3624
3651.85
3679.65
3707.5
3735.3
3763.15
3790.95
3818.8
3846.6
3874.4
3902.25
3930.05
3957.9
3985.7
4013.55
4041.4
4069.2
4097.05
4124.9
4152.7
4180.55
4208.35
4236.2
4264
4291.85
4319.65
4347.5
4375.3
4403.15
4430.95
4458.8
4486.6
4514.45
4542.25
4570.1
4597.9
4625.75
4653.55
4681.4
4709.2
4737.05
4764.85
4792.7
4820.5
4848.35
4876.15
4904
4931.8
4959.65
4987.45
