0.05
26.6
58.25
89.9
121.6
153.25
184.9
216.55
248.25
279.9
311.55
343.2
374.9
406.55
438.2
469.9
501.55
533.2
564.85
596.55
628.2
659.85
691.5
723.2
754.85
786.5
818.2
849.85
881.5
913.15
944.85
976.5
1008.15
1039.8
1071.5
1103.15
1134.8
1166.45
1198.15
1229.8
1261.45
1293.15
1324.8
1356.45
1388.1
1419.8
1451.45
1483.1
1514.75
1546.45
1578.1
1609.75
1641.4
1673.1
1704.75
1736.4
1768.1
1799.75
1831.4
1863.05
1894.75
1926.4
1958.05
1989.7
2021.4
2053.05
2084.7
2116.4
2148.05
2179.7
2211.35
2243.05
2274.7
2306.35
2338
2369.7
2401.35
2433
2464.65
2496.35
2528
2559.65
2591.35
2623
2654.65
2686.3
2718
2749.65
2781.3
2812.95
2844.65
2876.3
2907.95
2939.65
2971.3
3002.95
3034.6
3066.3
3097.95
3129.6
3161.25
3192.95
3224.6
3256.25
3287.9
3319.6
3351.25
3382.9
3414.6
3446.25
3477.9
3509.55
3541.25
3572.9
3604.55
3636.2
3667.9
3699.55
3731.2
3762.85
3794.55
3826.2
3857.85
3889.55
3921.2
3952.85
3984.5
4016.2
4047.85
4079.5
4111.15
4142.85
4174.5
4206.15
4237.85
4269.5
4301.15
4332.8
4364.5
4396.15
4427.8
4459.45
4491.15
4522.8
4554.45
4586.1
4617.8
4649.45
4681.1
4712.8
4744.45
4776.1
4807.75
4839.45
4871.1
4902.75
4934.4
4966.1
4997.75
-1000
0.05
26
57.3
88.5
119.95
151.55
183.15
214.75
246.4
278.1
309.75
341.4
373.05
404.75
436.4
468.05
499.75
531.4
563.05
594.7
626.4
658.05
689.7
721.35
753.05
784.7
816.35
848
879.7
911.35
943
974.7
1006.35
1038
1069.65
1101.35
1133
1164.65
1196.3
1228
1259.65
1291.3
1323
1354.65
1386.3
1417.95
1449.65
1481.3
1512.95
1544.6
1576.3
1607.95
1639.6
1671.25
1702.95
1734.6
1766.25
1797.95
1829.6
1861.25
1892.9
1924.6
1956.25
1987.9
2019.55
2051.25
2082.9
2114.55
2146.25
2177.9
2209.55
2241.2
2272.9
2304.55
2336.2
2367.85
2399.55
2431.2
2462.85
2494.5
2526.2
2557.85
2589.5
2621.2
2652.85
2684.5
2716.15
2747.85
2779.5
2811.15
2842.8
2874.5
2906.15
2937.8
2969.45
3001.15
3032.8
3064.45
3096.15
3127.8
3159.45
3191.1
3222.8
3254.45
3286.1
3317.75
3349.45
3381.1
3412.75
3444.45
3476.1
3507.75
3539.4
3571.1
3602.75
3634.4
3666.05
3697.75
3729.4
3761.05
3792.7
3824.4
3856.05
3887.7
3919.4
3951.05
3982.7
4014.35
4046.05
4077.7
4109.35
4141
4172.7
4204.35
4236
4267.65
4299.35
4331
4362.65
4394.35
4426
4457.65
4489.3
4521
4552.65
4584.3
4615.95
4647.65
4679.3
4710.95
4742.65
4774.3
4805.95
4837.6
4869.3
4900.95
4932.6
4964.25
4995.95
