0.05
38.7
83.4
128.1
172.8
217.45
262.15
306.85
351.55
396.25
440.95
485.65
530.35
575.05
619.75
664.45
709.15
753.85
798.55
843.25
887.95
932.6
977.3
1022
1066.7
1111.4
1156.1
1200.8
1245.5
1290.2
1334.9
1379.6
1424.3
1469
1513.7
1558.4
1603.05
1647.75
1692.45
1737.15
1781.85
1826.55
1871.25
1915.95
1960.65
2005.35
2050.05
2094.75
2139.45
2184.15
2228.85
2273.55
2318.2
2362.9
2407.6
2452.3
2497
2541.7
2586.4
2631.1
2675.8
2720.5
2765.2
2809.9
2854.6
2899.3
2944
2988.65
3033.35
3078.05
3122.75
3167.45
3212.15
3256.85
3301.55
3346.25
3390.95
3435.65
3480.35
3525.05
3569.75
3614.45
3659.1
3703.8
3748.5
3793.2
3837.9
3882.6
3927.3
3972
4016.7
4061.4
4106.1
4150.8
4195.5
4240.2
4284.9
4329.6
4374.25
4418.95
4463.65
4508.35
4553.05
4597.75
4642.45
4687.15
4731.85
4776.55
4821.25
4865.95
4910.65
4955.35
-1000
0.05
26
61.55
93.1
120.25
153.25
188.55
217.4
246.15
282.4
312.15
338.8
374.2
405.35
432.4
465.8
500.6
529.25
558.55
594.8
624.5
651.05
686.65
717.25
744.15
778.1
812.15
840.45
870.65
906.95
936.45
963.25
999.1
1029.25
1056.05
1090.5
1123.8
1151.75
1182.85
1218.95
1248.3
1275.6
1311.55
1341.5
1368.3
1403.05
1435.65
1463.3
1495.15
1531
1560.2
1587.95
1624.05
1653.9
1680.65
1715.6
1747.7
1775.15
1807.55
1843.1
1872.15
1900.35
1936.55
1966.4
1993.25
2028.35
2060.15
2087.45
2120.15
2155.55
2184.5
2213
2249.25
2279
2305.85
2341.05
2372.6
2399.8
2432.75
2467.9
2496.75
2525.6
2561.85
2591.6
2618.2
2653.65
2684.65
2711.7
2745.2
2779.85
2808.4
2837.9
2874.2
2903.85
2930.4
2966.15
2996.7
3023.6
3057.6
3091.6
3119.85
3150.15
3186.4
3215.9
3242.75
3278.6
3308.75
3335.55
3370
3403.2
3431.15
3462.3
