0.05
43.45
93.15
142.85
192.6
242.3
292.05
341.75
391.45
441.2
490.9
540.6
590.35
640.05
689.8
739.5
789.2
838.95
888.65
938.4
988.1
1037.8
1087.55
1137.25
1187
1236.7
1286.4
1336.15
1385.85
1435.55
1485.3
1535
1584.75
1634.45
1684.15
1733.9
1783.6
1833.35
1883.05
1932.75
1982.5
2032.2
2081.95
2131.65
2181.35
2231.1
2280.8
2330.5
2380.25
2429.95
2479.7
2529.4
2579.1
2628.85
2678.55
2728.3
2778
2827.7
2877.45
2927.15
2976.85
3026.6
3076.3
3126.05
3175.75
3225.45
3275.2
3324.9
3374.65
3424.35
3474.05
3523.8
3573.5
3623.25
3672.95
3722.65
3772.4
3822.1
3871.8
3921.55
3971.25
4021
4070.7
4120.4
4170.15
4219.85
4269.6
4319.3
4369
4418.75
4468.45
4518.2
4567.9
4617.6
4667.35
4717.05
4766.75
4816.5
4866.2
4915.95
4965.65
-1000
0.05
26
57.05
83.9
120.45
150.05
179.2
212.55
240.4
274.5
304.75
331.3
367.55
396.9
427
459.05
486.25
521.65
551.75
578.85
614.6
643.6
674.75
705.7
732.55
768.75
798.65
826.6
861.55
890.15
922.45
952.8
979.6
1016.1
1045.8
1074.5
1108.5
1136.65
1170.1
1200.4
1227.1
1263.6
1293.15
1322.55
1355.55
1383.25
1417.7
1447.9
1474.55
1510.7
1539.95
1570.35
1602.05
1629.15
1664.8
1694.85
1722.15
1757.75
1786.65
1818.1
1848.8
1875.6
1911.95
1941.8
1969.95
2004.65
2033.1
2065.75
2096.1
2122.85
2159.35
2189
2217.9
2251.65
2279.65
2313.4
2343.65
2370.3
2406.7
2436.15
2465.85
2498.45
2525.95
2560.85
2591
2617.8
2653.8
2682.95
2713.65
2744.95
2771.95
2807.9
2837.9
2865.45
2900.8
2929.55
2961.35
2991.9
3018.7
3055.15
3084.9
