0.05
17.9
39.85
61.85
83.85
105.85
127.85
149.85
171.85
193.85
215.85
237.85
259.85
281.85
303.85
325.8
347.8
369.8
391.8
413.8
435.8
457.8
479.8
501.8
523.8
545.8
567.8
589.8
611.75
633.75
655.75
677.75
699.75
721.75
743.75
765.75
787.75
809.75
831.75
853.75
875.7
897.7
919.7
941.7
963.7
985.7
1007.7
1029.7
1051.7
1073.7
1095.7
1117.7
1139.7
1161.65
1183.65
1205.65
1227.65
1249.65
1271.65
1293.65
1315.65
1337.65
1359.65
1381.65
1403.65
1425.65
1447.6
1469.6
1491.6
1513.6
1535.6
1557.6
1579.6
1601.6
1623.6
1645.6
1667.6
1689.6
1711.55
1733.55
1755.55
1777.55
1799.55
1821.55
1843.55
1865.55
1887.55
1909.55
1931.55
1953.55
1975.55
1997.5
2019.5
2041.5
2063.5
2085.5
2107.5
2129.5
2151.5
2173.5
2195.5
2217.5
2239.5
2261.5
2283.45
2305.45
2327.45
2349.45
2371.45
2393.45
2415.45
2437.45
2459.45
2481.45
2503.45
2525.45
2547.4
2569.4
2591.4
2613.4
2635.4
2657.4
2679.4
2701.4
2723.4
2745.4
2767.4
2789.4
2811.4
2833.35
2855.35
2877.35
2899.35
2921.35
2943.35
2965.35
2987.35
3009.35
3031.35
3053.35
3075.35
3097.35
3119.3
3141.3
3163.3
3185.3
3207.3
3229.3
3251.3
3273.3
3295.3
3317.3
3339.3
3361.3
3383.25
3405.25
3427.25
3449.25
3471.25
3493.25
3515.25
3537.25
3559.25
3581.25
3603.25
-1000
0.05
30.35
62
89.9
122.25
152.25
181.15
213.65
242.1
273.6
304.75
332.8
365.3
394.85
424.55
456.75
484.8
516.65
547.35
575.65
608.25
637.3
668.2
699.85
727.8
760.1
790.15
819
851.55
879.95
911.35
942.55
970.6
1003.15
1032.7
1062.3
1094.55
1122.6
1154.55
1185.2
1213.55
1246.15
1275.2
1306.1
1337.75
1365.65
1398.1
1428.1
1457
1489.5
1517.9
1549.3
1580.5
1608.55
1641.05
1670.6
1700.35
1732.55
1760.55
1792.45
1823.15
1851.45
1884.05
1913.1
1944
1975.7
2003.6
2035.95
2065.95
2094.85
2127.35
2155.75
2187.15
2218.35
2246.4
2278.95
2308.45
2338.15
2370.35
2398.4
2430.3
2461
2489.3
2521.95
2551
2581.95
2613.6
2641.5
2673.85
2703.85
2732.75
2765.25
2793.65
2825.15
2856.3
2884.35
2916.9
2946.4
2976.1
3008.3
3036.35
3068.35
3099
3127.3
3159.9
3188.9
3219.9
3251.5
3279.45
3311.8
3341.75
3370.75
3403.2
3431.55
3463
3494.15
3522.2
3554.75
3584.25
3613.95
3646.2
3674.2
3706.1
3736.8
3765.1
3797.75
3826.75
3857.7
3889.35
3917.25
3949.65
3979.6
4008.55
4041.05
4069.45
4100.85
4132.05
4160.05
4192.7
4222.15
4251.95
4284.15
4312.15
4344.05
4374.7
4403.05
4435.65
4464.7
4495.75
4527.3
4555.25
4587.6
4617.55
4646.5
4679
4707.35
4738.8
4770
4798
4830.55
4860.05
4889.8
4922
4950
4981.9
