0.05
28.85
62.95
97.05
131.2
165.3
199.4
233.55
267.65
301.75
335.9
370
404.1
438.2
472.35
506.45
540.55
574.7
608.8
642.9
677.05
711.15
745.25
779.4
813.5
847.6
881.75
915.85
949.95
984.05
1018.2
1052.3
1086.4
1120.55
1154.65
1188.75
1222.9
1257
1291.1
1325.25
1359.35
1393.45
1427.55
1461.7
1495.8
1529.9
1564.05
1598.15
1632.25
1666.4
1700.5
1734.6
1768.75
1802.85
1836.95
1871.1
1905.2
1939.3
1973.4
2007.55
2041.65
2075.75
2109.9
2144
2178.1
2212.25
2246.35
2280.45
2314.6
2348.7
2382.8
2416.9
2451.05
2485.15
2519.25
2553.4
2587.5
2621.6
2655.75
2689.85
2723.95
2758.1
2792.2
2826.3
2860.4
2894.55
2928.65
2962.75
2996.9
3031
3065.1
3099.25
3133.35
3167.45
3201.6
3235.7
3269.8
3303.95
3338.05
3372.15
3406.25
3440.4
3474.5
3508.6
3542.75
3576.85
3610.95
3645.1
3679.2
3713.3
3747.45
3781.55
3815.65
3849.75
3883.9
3918
3952.1
3986.25
4020.35
4054.45
4088.6
4122.7
4156.8
4190.95
4225.05
4259.15
4293.3
4327.4
4361.5
4395.6
4429.75
4463.85
4497.95
4532.1
4566.2
4600.3
4634.45
4668.55
4702.65
4736.8
4770.9
4805
4839.1
4873.25
4907.35
4941.45
4975.6
-1000
0.05
26
58.55
91.6
125.15
159
192.95
226.95
261.05
295.1
329.2
363.35
397.45
431.55
465.65
499.75
533.85
567.95
602.1
636.2
670.3
704.45
738.55
772.65
806.85
840.95
875.05
909.2
943.3
977.4
1011.5
1045.6
1079.7
1113.8
1147.95
1182.05
1216.15
1250.3
1284.4
1318.5
1352.7
1386.8
1420.9
1455
1489.1
1523.2
1557.3
1591.45
1625.55
1659.65
1693.8
1727.9
1762
1796.2
1830.3
1864.4
1898.5
1932.6
1966.7
2000.8
2034.95
2069.05
2103.15
2137.3
2171.4
2205.5
2239.65
2273.75
2307.85
2342.05
2376.15
2410.25
2444.35
2478.45
2512.55
2546.65
2580.8
2614.9
2649
2683.15
2717.25
2751.35
2785.55
2819.65
2853.75
2887.85
2921.95
2956.05
2990.15
3024.3
3058.4
3092.5
3126.65
3160.75
3194.85
3229.05
3263.15
3297.25
3331.4
3365.5
3399.6
3433.7
3467.8
3501.9
3536
3570.15
3604.25
3638.35
3672.5
3706.6
3740.7
3774.9
3809
3843.1
3877.2
3911.3
3945.4
3979.5
4013.65
4047.75
4081.85
4116
4150.1
4184.2
4218.4
4252.5
4286.6
4320.7
4354.8
4388.9
4423
4457.15
4491.25
4525.35
4559.5
4593.6
4627.7
4661.85
4695.95
4730.05
4764.25
4798.35
4832.45
4866.55
4900.65
4934.75
4968.85
