0.05
23.1
50.95
78.75
106.6
134.4
162.25
190.05
217.9
245.7
273.55
301.35
329.2
357
384.85
412.65
440.5
468.3
496.15
523.95
551.8
579.6
607.45
635.25
663.1
690.9
718.75
746.55
774.4
802.2
830.05
857.85
885.7
913.5
941.35
969.15
997
1024.8
1052.65
1080.45
1108.3
1136.1
1163.95
1191.75
1219.6
1247.4
1275.25
1303.05
1330.9
1358.7
1386.55
1414.35
1442.2
1470
1497.85
1525.65
1553.5
1581.3
1609.15
1636.95
1664.8
1692.6
1720.45
1748.25
1776.1
1803.95
1831.75
1859.6
1887.4
1915.25
1943.05
1970.9
1998.7
2026.55
2054.35
2082.2
2110
2137.85
2165.65
2193.5
2221.3
2249.15
2276.95
2304.8
2332.6
2360.45
2388.25
2416.1
2443.9
2471.75
2499.55
2527.4
2555.2
2583.05
2610.85
2638.7
2666.5
2694.35
2722.15
2750
2777.8
2805.65
2833.45
2861.3
2889.1
2916.95
2944.75
2972.6
3000.4
3028.25
3056.05
3083.9
3111.7
3139.55
3167.35
3195.2
3223
3250.85
3278.65
3306.5
3334.3
3362.15
3389.95
3417.8
3445.6
3473.45
3501.25
3529.1
3556.95
3584.75
3612.6
3640.4
3668.25
3696.05
3723.9
3751.7
3779.55
3807.35
3835.2
3863
3890.85
3918.65
3946.5
3974.3
4002.15
4029.95
4057.8
4085.6
4113.45
4141.25
4169.1
4196.9
4224.75
4252.55
4280.4
4308.2
4336.05
4363.85
4391.7
4419.5
4447.35
4475.15
4503
4530.8
4558.65
4586.45
4614.3
4642.1
4669.95
4697.75
4725.6
4753.4
4781.25
4809.05
4836.9
4864.7
4892.55
4920.35
4948.2
4976
-1000
0.05
26
56.45
85.2
113.5
141.55
169.55
197.4
225.3
253.1
280.95
308.75
336.6
364.4
392.25
420.05
447.9
475.7
503.55
531.4
559.25
587.05
614.9
642.7
670.55
698.35
726.2
754
781.85
809.65
837.5
865.3
893.15
920.95
948.8
976.6
1004.45
1032.25
1060.1
1087.9
1115.75
1143.55
1171.4
1199.2
1227.05
1254.85
1282.7
1310.5
1338.35
1366.15
1394
1421.8
1449.65
1477.45
1505.3
1533.1
1560.95
1588.75
1616.6
1644.4
1672.25
1700.05
1727.9
1755.7
1783.55
1811.35
1839.2
1867
1894.85
1922.65
1950.5
1978.3
2006.15
2033.95
2061.8
2089.6
2117.4
2145.25
2173.05
2200.9
2228.7
2256.55
2284.4
2312.25
2340.05
2367.9
2395.7
2423.55
2451.35
2479.2
2507
2534.85
2562.65
2590.5
2618.3
2646.15
2673.95
2701.8
2729.6
2757.45
2785.25
2813.1
2840.9
2868.75
2896.55
2924.4
2952.2
2980.05
3007.85
3035.7
3063.5
3091.35
3119.15
3147
3174.8
3202.65
3230.45
3258.3
3286.1
3313.95
3341.75
3369.6
3397.4
3425.25
3453.05
3480.9
3508.7
3536.55
3564.35
3592.2
3620
3647.85
3675.65
3703.5
3731.3
3759.15
3786.95
3814.8
3842.6
3870.4
3898.25
3926.05
3953.9
3981.7
4009.55
4037.4
4065.2
4093.05
4120.9
4148.7
4176.55
4204.35
4232.2
4260
4287.85
4315.65
4343.5
4371.3
4399.15
4426.95
4454.8
4482.6
4510.45
4538.25
4566.1
4593.9
4621.75
4649.55
4677.4
4705.2
4733.05
4760.85
4788.7
4816.5
4844.35
4872.15
4900
4927.8
4955.65
4983.45
