0.05
17.9
39.85
61.85
83.85
105.85
127.85
149.85
171.85
193.85
215.85
237.85
259.85
281.85
303.85
325.8
347.8
369.8
391.8
413.8
435.8
457.8
479.8
501.8
523.8
545.8
567.8
589.8
611.75
633.75
655.75
677.75
699.75
721.75
743.75
765.75
787.75
809.75
831.75
853.75
875.7
897.7
919.7
941.7
963.7
985.7
1007.7
1029.7
1051.7
1073.7
1095.7
1117.7
1139.7
1161.65
1183.65
1205.65
1227.65
1249.65
1271.65
1293.65
1315.65
1337.65
1359.65
1381.65
1403.65
1425.65
1447.6
1469.6
1491.6
1513.6
1535.6
1557.6
1579.6
1601.6
1623.6
1645.6
1667.6
1689.6
1711.55
1733.55
1755.55
1777.55
1799.55
1821.55
1843.55
1865.55
1887.55
1909.55
1931.55
1953.55
1975.55
1997.5
2019.5
2041.5
2063.5
2085.5
2107.5
2129.5
2151.5
2173.5
2195.5
2217.5
2239.5
2261.5
2283.45
2305.45
2327.45
2349.45
2371.45
2393.45
2415.45
2437.45
2459.45
2481.45
2503.45
2525.45
2547.4
2569.4
2591.4
2613.4
2635.4
2657.4
2679.4
2701.4
2723.4
2745.4
2767.4
2789.4
2811.4
2833.35
2855.35
2877.35
2899.35
2921.35
2943.35
2965.35
2987.35
3009.35
3031.35
3053.35
3075.35
3097.35
3119.3
3141.3
3163.3
3185.3
3207.3
3229.3
3251.3
3273.3
3295.3
3317.3
3339.3
3361.3
3383.25
3405.25
3427.25
3449.25
3471.25
3493.25
3515.25
3537.25
3559.25
3581.25
3603.25
-1000
0.05
26
56.85
86.55
118.8
146.8
178.7
209.4
237.7
270.3
299.35
330.3
361.95
389.85
422.2
452.2
481.1
513.6
542.05
573.5
604.7
632.75
665.3
694.8
724.55
756.75
784.75
816.65
847.35
875.65
908.25
937.25
968.2
999.85
1027.8
1060.1
1090.15
1119
1151.55
1179.95
1211.35
1242.55
1270.6
1303.15
1332.65
1362.3
1394.55
1422.55
1454.4
1485.15
1513.4
1546
1575.1
1605.9
1637.65
1665.55
1697.95
1728
1756.85
1789.35
1817.8
1849.15
1880.4
1908.4
1940.95
1970.5
2000.2
2032.4
2060.45
2092.3
2123.05
2151.3
2183.9
2213
2243.95
2275.65
2303.5
2335.85
2365.9
2394.75
2427.25
2455.7
2487.05
2518.3
2546.3
2578.8
2608.35
2637.95
2670.2
2698.25
2730.1
2760.9
2789.15
2821.8
2850.9
2881.75
2913.45
2941.35
2973.65
3003.7
3032.55
3065.05
3093.5
3124.9
3156.1
3184.15
3216.65
3246.25
3275.8
3308.05
3336.15
3368.05
3398.8
3427.1
3459.7
3488.8
3519.65
3551.35
3579.25
3611.55
3641.6
3670.5
3702.95
3731.4
3762.75
3794
3822.05
3854.55
3884.15
3913.8
3946.1
3974.1
4005.95
4036.7
4065
4097.6
4126.65
4157.5
4189.2
4217.1
4249.4
4279.45
4308.25
4340.8
4369.3
4400.6
4431.85
4459.85
4492.45
4522.05
4551.65
4583.9
4611.95
4643.8
4674.55
4702.8
4735.4
4764.55
4795.4
4827.1
4855
4887.3
4917.35
4946.2
4978.7
