0.05
44.35
95.05
145.75
196.45
247.15
297.85
348.55
399.25
449.95
500.6
551.3
602
652.7
703.4
754.1
804.8
855.5
906.2
956.9
1007.6
1058.3
1109
1159.65
1210.35
1261.05
1311.75
1362.45
1413.15
1463.85
1514.55
1565.25
1615.95
1666.65
1717.35
1768.05
1818.7
1869.4
1920.1
1970.8
2021.5
2072.2
2122.9
2173.6
2224.3
2275
2325.7
2376.4
2427.1
2477.75
2528.45
2579.15
2629.85
2680.55
2731.25
2781.95
2832.65
2883.35
2934.05
2984.75
3035.45
3086.15
3136.8
3187.5
3238.2
3288.9
3339.6
3390.3
3441
3491.7
3542.4
3593.1
3643.8
3694.5
3745.2
3795.85
3846.55
3897.25
3947.95
3998.65
4049.35
4100.05
4150.75
4201.45
4252.15
4302.85
4353.55
4404.25
4454.9
4505.6
4556.3
4607
4657.7
4708.4
4759.1
4809.8
4860.5
4911.2
4961.9
-1000
0.05
26
57.05
84.4
119.05
147.45
180.75
211.05
237.6
273.4
302.4
334.1
364.55
391.3
427.8
457.25
487.45
518.35
545.2
581.65
611.45
640.45
672.55
699.8
735.6
765.6
793.5
827.3
855.3
889.55
919.8
946.7
981.9
1010.6
1043.2
1073.55
1100.2
1136.4
1165.65
1196.55
1227.1
1253.85
1290.4
1320
1349.65
1381
1407.95
1444.25
1474.15
1502.7
1535.45
1563
1598.25
1628.35
1655.8
1690.25
1718.55
1752.1
1782.4
1809.05
1844.7
1873.65
1905.55
1935.95
1962.8
1999.25
2028.7
2058.95
2089.75
2116.6
2153.1
2182.85
2211.95
2243.9
2271.1
2307
2337
2365.05
2398.65
2426.55
2461
2491.2
2518.2
2553.3
2581.95
2614.65
2645
2671.6
2707.75
2736.95
2768.05
2798.5
2825.3
2861.85
2891.4
2921.15
2952.35
2979.3
3015.65
