0.05
58.85
124.7
190.5
256.35
322.2
388
453.85
519.7
585.5
651.35
717.15
783
848.85
914.65
980.5
1046.35
1112.15
1178
1243.8
1309.65
1375.5
1441.3
1507.15
1572.95
1638.8
1704.65
1770.45
1836.3
1902.15
1967.95
2033.8
2099.6
2165.45
2231.3
2297.1
2362.95
2428.75
2494.6
2560.45
2626.25
2692.1
2757.95
2823.75
2889.6
2955.4
3021.25
3087.1
3152.9
3218.75
3284.55
3350.4
3416.25
3482.05
3547.9
3613.75
3679.55
3745.4
3811.2
3877.05
3942.9
4008.7
4074.55
4140.4
4206.2
4272.05
4337.85
4403.7
4469.55
4535.35
4601.2
4667
4732.85
4798.7
4864.5
4930.35
4996.2
-1000
0.05
26
57.05
89
119.4
153.25
183.55
218.25
248.45
283.6
313.75
349.15
379.25
414.8
444.9
480.5
510.6
546.3
576.35
612.05
642.1
677.85
707.9
743.65
773.7
809.5
839.55
875.3
905.35
941.15
971.2
1006.95
1037
1072.8
1102.85
1138.6
1168.65
1204.45
1234.5
1270.25
1300.3
1336.1
1366.15
1401.95
1432
1467.75
1497.8
1533.6
1563.65
1599.4
1629.45
1665.25
1695.3
1731.1
1761.15
1796.9
1826.95
1862.75
1892.8
1928.6
1958.65
1994.4
2024.45
2060.25
2090.3
2126.05
2156.1
2191.9
2221.95
2257.75
2287.8
2323.55
2353.6
2389.4
2419.45
2455.2
2485.25
