0.05
17.55
39.15
60.75
82.35
103.95
125.55
147.15
168.75
190.35
211.95
233.6
255.2
276.8
298.4
320
341.6
363.2
384.8
406.4
428
449.6
471.25
492.85
514.45
536.05
557.65
579.25
600.85
622.45
644.05
665.65
687.25
708.9
730.5
752.1
773.7
795.3
816.9
838.5
860.1
881.7
903.3
924.9
946.55
968.15
989.75
1011.35
1032.95
1054.55
1076.15
1097.75
1119.35
1140.95
1162.55
1184.2
1205.8
1227.4
1249
1270.6
1292.2
1313.8
1335.4
1357
1378.6
1400.2
1421.85
1443.45
1465.05
1486.65
1508.25
1529.85
1551.45
1573.05
1594.65
1616.25
1637.85
1659.5
1681.1
1702.7
1724.3
1745.9
1767.5
1789.1
1810.7
1832.3
1853.9
1875.55
1897.15
1918.75
1940.35
1961.95
1983.55
2005.15
2026.75
2048.35
2069.95
2091.55
2113.2
2134.8
2156.4
2178
2199.6
2221.2
2242.8
2264.4
2286
2307.6
2329.2
2350.85
2372.45
2394.05
2415.65
2437.25
2458.85
2480.45
2502.05
2523.65
2545.25
2566.85
2588.5
2610.1
2631.7
2653.3
2674.9
2696.5
2718.1
2739.7
2761.3
2782.9
2804.5
2826.15
2847.75
2869.35
2890.95
2912.55
2934.15
2955.75
2977.35
2998.95
3020.55
3042.15
3063.8
3085.4
3107
3128.6
3150.2
3171.8
3193.4
3215
3236.6
3258.2
3279.8
3301.45
3323.05
3344.65
3366.25
3387.85
3409.45
3431.05
3452.65
3474.25
3495.85
3517.45
3539.1
-1000
0.05
30.7
61.9
90.55
123.05
151.6
183.4
214
243.15
275.5
303.75
335.9
365.95
395.7
427.7
455.9
488.4
517.85
548.8
580.15
608.7
641.2
669.95
701.55
732.3
761.2
793.6
821.9
853.95
884.2
913.7
945.8
974
1006.3
1036.05
1066.3
1098
1126.35
1158.85
1187.95
1219.5
1250.45
1279.25
1311.7
1340.15
1372.05
1402.45
1431.85
1464.1
1492.3
1524.55
1554.4
1584.45
1616.3
1644.55
1677.1
1706.35
1737.75
1768.8
1797.55
1830
1858.5
1890.35
1920.9
1950
1982.3
2010.5
2042.7
2072.7
2102.5
2134.45
2162.65
2195.05
2224.55
2255.4
2286.8
2315.35
2347.85
2376.6
2408.1
2438.95
2467.9
2500.3
2528.6
2560.65
2590.9
2620.35
2652.5
2680.7
2713
2742.75
2773.05
2804.75
2833.1
2865.65
2894.75
2926.25
2957.2
2986.05
3018.5
3046.9
3078.9
3109.3
3138.6
3170.8
3199.05
3231.3
3261.15
3291.2
3323.1
3351.3
3383.75
3413.05
3444.35
3475.5
3504.2
3536.7
3565.2
3596.95
3627.55
3656.65
3688.95
3717.2
3749.4
3779.4
3809.2
3841.15
3869.4
3901.8
3931.3
3962.15
3993.55
4022.1
4054.65
4083.4
4115
4145.75
4174.75
4207.1
4235.45
4267.6
4297.75
4327.3
4359.4
4387.6
4419.95
4449.6
4480.1
4511.75
4540.05
4572.55
4601.6
4633.05
4664
4692.85
4725.3
4753.7
4785.55
4816
4845.3
4877.5
4905.75
4937.95
4967.85
4997.75
