0.05
22.7
50.05
77.4
104.8
132.15
159.5
186.85
214.25
241.6
268.95
296.35
323.7
351.05
378.45
405.8
433.15
460.5
487.9
515.25
542.6
570
597.35
624.7
652.1
679.45
706.8
734.15
761.55
788.9
816.25
843.65
871
898.35
925.75
953.1
980.45
1007.8
1035.2
1062.55
1089.9
1117.3
1144.65
1172
1199.35
1226.75
1254.1
1281.45
1308.85
1336.2
1363.55
1390.95
1418.3
1445.65
1473
1500.4
1527.75
1555.1
1582.5
1609.85
1637.2
1664.6
1691.95
1719.3
1746.65
1774.05
1801.4
1828.75
1856.15
1883.5
1910.85
1938.25
1965.6
1992.95
2020.3
2047.7
2075.05
2102.4
2129.8
2157.15
2184.5
2211.9
2239.25
2266.6
2293.95
2321.35
2348.7
2376.05
2403.45
2430.8
2458.15
2485.5
2512.9
2540.25
2567.6
2595
2622.35
2649.7
2677.1
2704.45
2731.8
2759.15
2786.55
2813.9
2841.25
2868.65
2896
2923.35
2950.75
2978.1
3005.45
3032.8
3060.2
3087.55
3114.9
3142.3
3169.65
3197
3224.4
3251.75
3279.1
3306.45
3333.85
3361.2
3388.55
3415.95
3443.3
3470.65
3498.05
3525.4
3552.75
3580.1
3607.5
3634.85
3662.2
3689.6
3716.95
3744.3
3771.65
3799.05
3826.4
3853.75
3881.15
3908.5
3935.85
3963.25
3990.6
4017.95
4045.3
4072.7
4100.05
4127.4
4154.8
4182.15
4209.5
4236.9
4264.25
4291.6
4318.95
4346.35
4373.7
4401.05
4428.45
4455.8
4483.15
4510.55
4537.9
4565.25
4592.6
4620
4647.35
4674.7
4702.1
4729.45
4756.8
4784.15
4811.55
4838.9
4866.25
4893.65
4921
4948.35
4975.75
-1000
0.05
26
55.1
83.1
110.8
138.35
165.8
193.2
220.6
248
275.35
302.75
330.1
357.5
384.85
412.2
439.55
466.95
494.3
521.65
549.05
576.4
603.75
631.15
658.5
685.85
713.2
740.6
767.95
795.3
822.7
850.05
877.4
904.75
932.15
959.45
986.85
1014.25
1041.6
1068.95
1096.35
1123.7
1151.05
1178.4
1205.8
1233.15
1260.5
1287.9
1315.25
1342.6
1370
1397.35
1424.7
1452.05
1479.45
1506.8
1534.15
1561.55
1588.9
1616.25
1643.65
1671
1698.35
1725.7
1753.1
1780.45
1807.8
1835.2
1862.55
1889.9
1917.3
1944.65
1972
1999.35
2026.75
2054.1
2081.45
2108.85
2136.2
2163.55
2190.9
2218.3
2245.65
2273
2300.4
2327.75
2355.1
2382.5
2409.85
2437.2
2464.55
2491.95
2519.3
2546.65
2574.05
2601.4
2628.75
2656.15
2683.5
2710.85
2738.2
2765.6
2792.95
2820.3
2847.7
2875.05
2902.4
2929.8
2957.15
2984.5
3011.85
3039.25
3066.6
3093.95
3121.35
3148.7
3176.05
3203.4
3230.8
3258.1
3285.5
3312.9
3340.25
3367.6
3395
3422.35
3449.7
3477.05
3504.45
3531.8
3559.15
3586.55
3613.9
3641.25
3668.65
3696
3723.35
3750.7
3778.1
3805.45
3832.8
3860.2
3887.55
3914.9
3942.3
3969.65
3997
4024.35
4051.75
4079.1
4106.45
4133.85
4161.2
4188.55
4215.95
4243.3
4270.65
4298
4325.4
4352.75
4380.1
4407.5
4434.85
4462.2
4489.55
4516.95
4544.25
4571.65
4599.05
4626.4
4653.75
4681.15
4708.5
4735.85
4763.2
4790.6
4817.95
4845.3
4872.7
4900.05
4927.4
4954.8
4982.15
