0.05
46.35
99.15
151.95
204.75
257.55
310.35
363.15
415.95
468.75
521.55
574.35
627.15
679.95
732.75
785.55
838.35
891.15
943.95
996.75
1049.55
1102.35
1155.15
1207.95
1260.75
1313.55
1366.35
1419.15
1471.95
1524.75
1577.55
1630.35
1683.15
1735.95
1788.7
1841.5
1894.3
1947.1
1999.9
2052.7
2105.5
2158.3
2211.1
2263.9
2316.7
2369.5
2422.3
2475.1
2527.9
2580.7
2633.5
2686.3
2739.1
2791.9
2844.7
2897.5
2950.3
3003.1
3055.9
3108.7
3161.5
3214.3
3267.1
3319.9
3372.7
3425.5
3478.3
3531.1
3583.9
3636.7
3689.5
3742.3
3795.1
3847.9
3900.7
3953.5
4006.3
4059.05
4111.85
4164.65
4217.45
4270.25
4323.05
4375.85
4428.65
4481.45
4534.25
4587.05
4639.85
4692.65
4745.45
4798.25
4851.05
4903.85
4956.65
-1000
0.05
26
62.75
92.5
122.65
153.15
179.8
214.3
242.6
277.25
307.45
335.6
366.4
393.2
429.5
458.8
490.8
521.2
548.1
580.45
607.75
644.15
674
703.75
734.3
761.15
796.25
824.9
858.8
889.05
916.75
947.9
974.75
1011.3
1040.8
1072.15
1102.55
1129.25
1162.15
1189.7
1225.75
1255.75
1285
1315.55
1342.3
1377.85
1406.65
1440.05
1470.35
1497.8
1529.2
1556.15
1592.8
1622.35
1653.25
1683.75
1710.25
1743.65
1771.45
1807.15
1837.2
1866.05
1896.6
1923.4
1959.15
1988.1
2021.15
2051.45
2078.75
2110.4
2137.4
2174.05
2203.7
2234.3
2264.75
2291.3
2325.1
2353.1
2388.45
2418.55
2447.1
2477.75
2504.5
2540.55
2569.6
2602.25
2632.6
2659.75
2691.6
2718.75
2755.3
2785.05
2815.3
2845.8
2872.4
