0.05
19.6
43.5
67.4
91.3
115.25
139.15
163.05
187
210.9
234.8
258.7
282.65
306.55
330.45
354.35
378.3
402.2
426.1
450
473.95
497.85
521.75
545.65
569.6
593.5
617.4
641.3
665.25
689.15
713.05
737
760.9
784.8
808.7
832.65
856.55
880.45
904.35
928.3
952.2
976.1
1000
1023.95
1047.85
1071.75
1095.65
1119.6
1143.5
1167.4
1191.3
1215.25
1239.15
1263.05
1287
1310.9
1334.8
1358.7
1382.65
1406.55
1430.45
1454.35
1478.3
1502.2
1526.1
1550
1573.95
1597.85
1621.75
1645.65
1669.6
1693.5
1717.4
1741.35
1765.25
1789.15
1813.05
1837
1860.9
1884.8
1908.7
1932.65
1956.55
1980.45
2004.35
2028.3
2052.2
2076.1
2100
2123.95
2147.85
2171.75
2195.65
2219.6
2243.5
2267.4
2291.35
2315.25
2339.15
2363.05
2387
2410.9
2434.8
2458.7
2482.65
2506.55
2530.45
2554.35
2578.3
2602.2
2626.1
2650
2673.95
2697.85
2721.75
2745.65
2769.6
2793.5
2817.4
2841.35
2865.25
2889.15
2913.05
2937
2960.9
2984.8
3008.7
3032.65
3056.55
3080.45
3104.35
3128.3
3152.2
3176.1
3200
3223.95
3247.85
3271.75
3295.65
3319.6
3343.5
3367.4
3391.35
3415.25
3439.15
3463.05
3487
3510.9
3534.8
3558.7
3582.65
3606.55
3630.45
3654.35
3678.3
3702.2
3726.1
3750
3773.95
3797.85
3821.75
3845.7
3869.6
3893.5
3917.4
3941.35
3965.25
3989.15
-1000
0.05
26
54.5
81.65
113.5
145.5
173.75
200.65
231.8
264.25
292.9
319.55
350
382.85
411.95
438.75
468.65
501.75
531.2
558.05
587.55
620.6
650.4
677.4
706.5
739.55
769.65
796.8
825.75
858.9
889.05
916.3
945.25
978.25
1008.55
1035.8
1064.55
1097.55
1127.95
1155.3
1184.15
1217.15
1247.55
1274.85
1303.75
1336.75
1367.15
1394.45
1423.15
1456.15
1486.6
1513.9
1542.7
1575.7
1606.15
1633.5
1662.35
1695.35
1725.8
1753.1
1781.9
1814.9
1845.3
1872.65
1901.4
1934.4
1964.85
1992.2
2021.05
2054.15
2084.5
2111.8
2140.6
2173.6
2204.05
2231.35
2260.15
2293.2
2323.6
2350.95
2379.8
2412.9
2443.25
2470.55
2499.45
2532.45
2562.8
2590.1
2618.8
2651.8
2682.25
2709.6
2738.45
2771.45
2801.85
2829.2
2858.1
2891.1
2921.45
2948.8
2977.5
3010.5
3040.95
3068.25
3097.05
3130
3160.5
3187.85
3216.7
3249.7
3280.1
3307.45
3336.2
3369.2
3399.65
3427
3455.75
3488.75
3519.2
3546.55
3575.4
3608.5
3638.85
3666.15
3694.95
3727.95
3758.4
3785.7
3814.5
3847.5
3877.95
3905.3
3934.1
3967.2
3997.6
4024.9
4053.8
4086.8
4117.15
4144.45
4173.15
4206.15
4236.6
4263.95
4292.8
4325.8
4356.2
4383.55
4412.45
4445.45
4475.8
4503.15
4531.85
4564.85
4595.3
4622.6
4651.4
4684.35
4714.85
4742.2
4771.05
4804.05
4834.45
4861.8
4890.55
4923.55
4954
4981.35
