0.05
25.45
55.9
86.35
116.8
147.25
177.7
208.1
238.55
269
299.45
329.9
360.35
390.75
421.2
451.65
482.1
512.55
543
573.4
603.85
634.3
664.75
695.2
725.6
756.05
786.5
816.95
847.4
877.85
908.25
938.7
969.15
999.6
1030.05
1060.5
1090.9
1121.35
1151.8
1182.25
1212.7
1243.1
1273.55
1304
1334.45
1364.9
1395.35
1425.75
1456.2
1486.65
1517.1
1547.55
1578
1608.4
1638.85
1669.3
1699.75
1730.2
1760.65
1791.05
1821.5
1851.95
1882.4
1912.85
1943.25
1973.7
2004.15
2034.6
2065.05
2095.5
2125.9
2156.35
2186.8
2217.25
2247.7
2278.15
2308.55
2339
2369.45
2399.9
2430.35
2460.75
2491.2
2521.65
2552.1
2582.55
2613
2643.4
2673.85
2704.3
2734.75
2765.2
2795.65
2826.05
2856.5
2886.95
2917.4
2947.85
2978.3
3008.7
3039.15
3069.6
3100.05
3130.5
3160.9
3191.35
3221.8
3252.25
3282.7
3313.15
3343.55
3374
3404.45
3434.9
3465.35
3495.8
3526.2
3556.65
3587.1
3617.55
3648
3678.4
3708.85
3739.3
3769.75
3800.2
3830.65
3861.05
3891.5
3921.95
3952.4
3982.85
4013.3
4043.7
4074.15
4104.6
4135.05
4165.5
4195.95
4226.35
4256.8
4287.25
4317.7
4348.15
4378.55
4409
4439.45
4469.9
4500.35
4530.8
4561.2
4591.65
4622.1
4652.55
4683
4713.45
4743.85
4774.3
4804.75
4835.2
4865.65
4896.05
4926.5
4956.95
4987.4
-1000
0.05
26
54.45
83.8
113.7
143.9
174.25
204.65
235.05
265.45
295.9
326.35
356.8
387.2
417.65
448.1
478.55
509
539.45
569.85
600.3
630.75
661.2
691.65
722.1
752.5
782.95
813.4
843.85
874.3
904.7
935.15
965.6
996.05
1026.5
1056.95
1087.35
1117.8
1148.25
1178.7
1209.15
1239.6
1270
1300.45
1330.9
1361.35
1391.8
1422.2
1452.65
1483.1
1513.55
1544
1574.45
1604.85
1635.3
1665.75
1696.2
1726.65
1757.1
1787.5
1817.95
1848.4
1878.85
1909.3
1939.75
1970.15
2000.6
2031.05
2061.5
2091.95
2122.35
2152.8
2183.25
2213.7
2244.15
2274.6
2305
2335.45
2365.9
2396.35
2426.8
2457.25
2487.65
2518.1
2548.55
2579
2609.45
2639.85
2670.3
2700.75
2731.2
2761.65
2792.1
2822.5
2852.95
2883.4
2913.85
2944.3
2974.75
3005.15
3035.6
3066.05
3096.5
3126.95
3157.4
3187.8
3218.25
3248.7
3279.15
3309.6
3340
3370.45
3400.9
3431.35
3461.8
3492.25
3522.65
3553.1
3583.55
3614
3644.45
3674.9
3705.3
3735.75
3766.2
3796.65
3827.1
3857.5
3887.95
3918.4
3948.85
3979.3
4009.75
4040.15
4070.6
4101.05
4131.5
4161.95
4192.4
4222.8
4253.25
4283.7
4314.15
4344.6
4375.05
4405.45
4435.9
4466.35
4496.8
4527.25
4557.65
4588.1
4618.55
4649
4679.45
4709.9
4740.3
4770.75
4801.2
4831.65
4862.1
4892.55
4922.95
4953.4
4983.85
