0.05
20.65
45.8
70.9
96.05
121.15
146.3
171.4
196.55
221.65
246.8
271.9
297.05
322.15
347.3
372.4
397.55
422.65
447.8
472.9
498.05
523.15
548.3
573.4
598.55
623.65
648.8
673.9
699.05
724.15
749.3
774.4
799.55
824.65
849.8
874.9
900.05
925.2
950.3
975.45
1000.55
1025.7
1050.8
1075.95
1101.05
1126.2
1151.3
1176.45
1201.55
1226.7
1251.8
1276.95
1302.05
1327.2
1352.3
1377.45
1402.55
1427.7
1452.8
1477.95
1503.05
1528.2
1553.3
1578.45
1603.55
1628.7
1653.8
1678.95
1704.05
1729.2
1754.3
1779.45
1804.55
1829.7
1854.8
1879.95
1905.05
1930.2
1955.3
1980.45
2005.55
2030.7
2055.8
2080.95
2106.05
2131.2
2156.3
2181.45
2206.55
2231.7
2256.8
2281.95
2307.05
2332.2
2357.3
2382.45
2407.55
2432.7
2457.8
2482.95
2508.05
2533.2
2558.3
2583.45
2608.55
2633.7
2658.8
2683.95
2709.05
2734.2
2759.3
2784.45
2809.55
2834.7
2859.8
2884.95
2910.05
2935.2
2960.3
2985.45
3010.55
3035.7
3060.8
3085.95
3111.05
3136.2
3161.3
3186.45
3211.55
3236.7
3261.8
3286.95
3312.05
3337.2
3362.3
3387.45
3412.55
3437.7
3462.8
3487.95
3513.05
3538.2
3563.3
3588.45
3613.55
3638.7
3663.8
3688.95
3714.05
3739.2
3764.3
3789.45
3814.55
3839.7
3864.8
3889.95
3915.05
3940.2
3965.3
3990.45
4015.55
4040.7
4065.8
4090.95
4116.05
4141.2
4166.3
4191.45
4216.55
4241.7
4266.8
4291.95
-1000
0.05
26.45
56.55
89.9
120.4
148.3
174.95
202.05
231.65
265.05
295.9
323.95
350.7
377.6
406.6
439.75
471.15
499.5
526.4
553.05
581.4
614.1
646.15
674.95
702
728.5
756.2
787.9
820.75
850.15
877.5
904
931.4
962.1
995.35
1025.4
1053.05
1079.65
1106.85
1137
1170.4
1200.85
1228.7
1255.35
1282.4
1311.85
1345.3
1376.2
1404.3
1431.05
1457.85
1486.8
1519.9
1551.4
1579.85
1606.7
1633.3
1661.4
1693.85
1726.15
1755.1
1782.25
1808.75
1836.25
1867.5
1900.6
1930.25
1957.7
1984.25
2011.5
2042
2075.3
2105.55
2133.3
2159.95
2187.15
2217.1
2250.45
2281.05
2309
2335.7
2362.7
2392.1
2425.4
2456.45
2484.6
2511.4
2538.2
2567.05
2600.1
2631.65
2660.15
2687.1
2713.7
2741.75
2774.1
2806.5
2835.5
2862.65
2889.15
2916.65
2947.95
2981
3010.7
3038.15
3064.7
3092
3122.5
3155.8
3186
3213.75
3240.35
3267.6
3297.6
3330.95
3361.5
3389.4
3416.1
3443.15
3472.7
3506.05
3536.95
3565.05
3591.85
3618.7
3647.6
3680.7
3712.2
3740.6
3767.5
3794.15
3822.4
3855
3887.15
3916
3943.1
3969.6
3997.25
4028.75
4061.7
4091.2
4118.6
4145.1
4172.5
4203.15
4236.4
4266.5
4294.15
4320.75
4348
4378.2
4411.55
4442
4469.85
4496.5
4523.6
4553.25
4586.6
4617.45
4645.5
4672.25
4699.15
4728.3
4761.5
4792.8
4821.1
4847.95
4874.6
4902.9
4935.6
4967.65
4996.45
