0.05
57.1
121.05
185.05
249.05
313.05
377
441
505
569
632.95
696.95
760.95
824.95
888.95
952.9
1016.9
1080.9
1144.9
1208.85
1272.85
1336.85
1400.85
1464.8
1528.8
1592.8
1656.8
1720.75
1784.75
1848.75
1912.75
1976.7
2040.7
2104.7
2168.7
2232.65
2296.65
2360.65
2424.65
2488.6
2552.6
2616.6
2680.6
2744.55
2808.55
2872.55
2936.55
3000.5
3064.5
3128.5
3192.5
3256.45
3320.45
3384.45
3448.45
3512.4
3576.4
3640.4
3704.4
3768.4
3832.35
3896.35
3960.35
4024.35
4088.3
4152.3
4216.3
4280.3
4344.25
4408.25
4472.25
4536.25
4600.2
4664.2
4728.2
4792.2
4856.15
4920.15
4984.15
-1000
0.05
26
57.05
93.15
123.15
158.3
188.45
222.95
253.2
287.35
317.6
351.55
381.8
415.6
445.9
479.65
509.9
543.65
573.95
607.7
637.95
671.65
701.95
735.65
765.95
799.65
829.9
863.65
893.9
927.6
957.9
991.6
1021.9
1055.6
1085.85
1119.6
1149.85
1183.6
1213.85
1247.55
1277.85
1311.55
1341.85
1375.55
1405.8
1439.55
1469.8
1503.5
1533.8
1567.5
1597.8
1631.5
1661.8
1695.5
1725.75
1759.45
1789.75
1823.45
1853.75
1887.45
1917.75
1951.45
1981.7
2015.4
2045.7
2079.4
2109.7
2143.4
2173.7
2207.4
2237.65
2271.35
2301.65
2335.35
2365.65
2399.35
2429.65
2463.35
2493.6
