0.05
20.05
44.45
68.85
93.3
117.7
142.1
166.5
190.95
215.35
239.75
264.2
288.6
313
337.45
361.85
386.25
410.65
435.1
459.5
483.9
508.35
532.75
557.15
581.6
606
630.4
654.8
679.25
703.65
728.05
752.5
776.9
801.3
825.75
850.15
874.55
898.95
923.4
947.8
972.2
996.65
1021.05
1045.45
1069.9
1094.3
1118.7
1143.1
1167.55
1191.95
1216.35
1240.8
1265.2
1289.6
1314.05
1338.45
1362.85
1387.25
1411.7
1436.1
1460.5
1484.95
1509.35
1533.75
1558.15
1582.6
1607
1631.4
1655.85
1680.25
1704.65
1729.1
1753.5
1777.9
1802.3
1826.75
1851.15
1875.55
1900
1924.4
1948.8
1973.25
1997.65
2022.05
2046.45
2070.9
2095.3
2119.7
2144.15
2168.55
2192.95
2217.4
2241.8
2266.2
2290.6
2315.05
2339.45
2363.85
2388.3
2412.7
2437.1
2461.55
2485.95
2510.35
2534.75
2559.2
2583.6
2608
2632.45
2656.85
2681.25
2705.7
2730.1
2754.5
2778.9
2803.35
2827.75
2852.15
2876.6
2901
2925.4
2949.85
2974.25
2998.65
3023.05
3047.5
3071.9
3096.3
3120.75
3145.15
3169.55
3194
3218.4
3242.8
3267.2
3291.65
3316.05
3340.45
3364.9
3389.3
3413.7
3438.15
3462.55
3486.95
3511.35
3535.8
3560.2
3584.6
3609.05
3633.45
3657.85
3682.25
3706.7
3731.1
3755.5
3779.95
3804.35
3828.75
3853.2
3877.6
3902
3926.4
3950.85
3975.25
3999.65
4024.1
4048.5
4072.9
4097.35
4121.75
-1000
0.05
30.05
62.95
92.35
119.35
147.3
179.65
211.55
239.9
266.5
295.1
328.05
359.1
386.95
413.55
443.1
476.3
506.5
533.9
560.85
591.75
624.65
653.95
680.95
709
741.4
773.2
801.5
828.1
856.8
889.8
920.75
948.55
975.15
1004.95
1038.15
1068.2
1095.55
1122.65
1153.75
1186.55
1215.65
1242.6
1270.6
1303.1
1334.8
1363.1
1389.7
1418.45
1451.55
1482.4
1510.1
1536.75
1566.5
1599.7
1629.75
1657.1
1684.2
1715.3
1748.15
1777.25
1804.15
1832.25
1864.8
1896.45
1924.7
1951.25
1980.25
2013.35
2044.05
2071.75
2098.4
2128.35
2161.5
2191.45
2218.75
2245.95
2277.4
2309.95
2338.95
2365.8
2394
2426.65
2458.15
2486.3
2512.85
2541.9
2575
2605.7
2633.35
2659.95
2689.95
2723.2
2753.05
2780.3
2807.7
2839.3
2871.75
2900.6
2927.4
2955.65
2988.35
3019.8
3047.9
3074.45
3103.55
3136.75
3167.35
3194.95
3221.6
3251.75
3284.9
3314.7
3341.9
3369.45
3401.2
3433.55
3462.25
3489.05
3517.3
3550.1
3581.45
3609.5
3636
3665.1
3698.25
3728.85
3756.5
3783.2
3813.35
3846.5
3876.25
3903.45
3931
3962.85
3995.15
4023.85
4050.6
4078.9
4111.8
4143.1
4171.1
4197.65
4226.85
4260.05
4290.5
4318.1
4344.9
4375.2
4408.3
4437.9
4465.1
4492.8
4524.95
4557.05
4585.55
4612.2
4640.6
4673.45
4704.7
4732.7
4759.25
4788.5
4821.65
4852.1
4879.65
4906.5
4936.95
4970
4999.55
