0.05
53.9
114.55
175.2
235.85
296.5
357.2
417.85
478.5
539.15
599.8
660.5
721.15
781.8
842.45
903.1
963.75
1024.45
1085.1
1145.75
1206.4
1267.05
1327.75
1388.4
1449.05
1509.7
1570.35
1631.05
1691.7
1752.35
1813
1873.65
1934.35
1995
2055.65
2116.3
2176.95
2237.65
2298.3
2358.95
2419.6
2480.25
2540.95
2601.6
2662.25
2722.9
2783.55
2844.25
2904.9
2965.55
3026.2
3086.85
3147.5
3208.2
3268.85
3329.5
3390.15
3450.8
3511.5
3572.15
3632.8
3693.45
3754.1
3814.8
3875.45
3936.1
3996.75
4057.4
4118.1
4178.75
4239.4
4300.05
4360.7
4421.4
4482.05
4542.7
4603.35
4664
4724.7
4785.35
4846
4906.65
4967.3
-1000
0.05
26
57.05
86.25
116.8
146.45
177
206.9
237.45
267.45
298
328.05
358.6
388.75
419.25
449.4
479.9
510.05
540.55
570.7
601.2
631.35
661.85
692
722.5
752.65
783.15
813.35
843.85
874
904.5
934.65
965.15
995.3
1025.8
1055.95
1086.45
1116.65
1147.15
1177.3
1207.8
1237.95
1268.45
1298.6
1329.1
1359.25
1389.75
1419.95
1450.45
1480.6
1511.1
1541.25
1571.75
1601.9
1632.4
1662.55
1693.05
1723.25
1753.75
1783.9
1814.4
1844.55
1875.05
1905.2
1935.7
1965.85
1996.35
2026.55
2057.05
2087.2
2117.7
2147.85
2178.35
2208.5
2239
2269.15
2299.65
2329.85
2360.35
2390.5
2421
2451.15
2481.65
