0.05
62.85
132.8
202.75
272.7
342.65
412.6
482.55
552.5
622.45
692.4
762.35
832.3
902.25
972.2
1042.15
1112.1
1182.1
1252.05
1322
1391.95
1461.9
1531.85
1601.8
1671.75
1741.7
1811.65
1881.6
1951.55
2021.5
2091.45
2161.4
2231.35
2301.3
2371.25
2441.2
2511.15
2581.1
2651.05
2721
2790.95
2860.9
2930.85
3000.85
3070.8
3140.75
3210.7
3280.65
3350.6
3420.55
3490.5
3560.45
3630.4
3700.35
3770.3
3840.25
3910.2
3980.15
4050.1
4120.05
4190
4259.95
4329.9
4399.85
4469.8
4539.75
4609.7
4679.65
4749.6
4819.55
4889.55
4959.5
-1000
0.05
26
57.05
91.2
121.45
157.9
187.8
224.35
253.65
285.6
312.65
343.5
373.95
404.45
439.75
469.85
506.6
536.3
572.2
601.05
632
658.85
689.6
722.1
752.45
788.45
818.5
855.25
884.8
919.25
947.4
978.3
1005.95
1036.55
1070.6
1100.85
1137.3
1167.2
1203.75
1233.05
1265.1
1292.15
1323
1353.35
1383.85
1419.1
1449.25
1486
1515.7
1551.6
1580.5
1611.45
1638.35
1669.1
1701.5
1731.9
1767.85
1797.9
1834.65
1864.2
1898.75
1926.9
1957.85
1985.35
2016
2050
2080.25
2116.7
2146.55
2183.15
2212.5
2244.75
