0.05
21.55
47.6
73.7
99.8
125.9
151.95
178.05
204.15
230.2
256.3
282.4
308.5
334.55
360.65
386.75
412.85
438.9
465
491.1
517.2
543.25
569.35
595.45
621.5
647.6
673.7
699.8
725.85
751.95
778.05
804.15
830.2
856.3
882.4
908.5
934.55
960.65
986.75
1012.8
1038.9
1065
1091.1
1117.15
1143.25
1169.35
1195.45
1221.5
1247.6
1273.7
1299.75
1325.85
1351.95
1378.05
1404.1
1430.2
1456.3
1482.4
1508.45
1534.55
1560.65
1586.75
1612.8
1638.9
1665
1691.05
1717.15
1743.25
1769.35
1795.4
1821.5
1847.6
1873.7
1899.75
1925.85
1951.95
1978
2004.1
2030.2
2056.3
2082.35
2108.45
2134.55
2160.65
2186.7
2212.8
2238.9
2265
2291.05
2317.15
2343.25
2369.3
2395.4
2421.5
2447.6
2473.65
2499.75
2525.85
2551.95
2578
2604.1
2630.2
2656.3
2682.35
2708.45
2734.55
2760.6
2786.7
2812.8
2838.9
2864.95
2891.05
2917.15
2943.25
2969.3
2995.4
3021.5
3047.55
3073.65
3099.75
3125.85
3151.9
3178
3204.1
3230.2
3256.25
3282.35
3308.45
3334.55
3360.6
3386.7
3412.8
3438.85
3464.95
3491.05
3517.15
3543.2
3569.3
3595.4
3621.5
3647.55
3673.65
3699.75
3725.8
3751.9
3778
3804.1
3830.15
3856.25
3882.35
3908.45
3934.5
3960.6
3986.7
4012.8
4038.85
4064.95
4091.05
4117.1
4143.2
4169.3
4195.4
4221.45
4247.55
4273.65
4299.75
4325.8
4351.9
4378
4404.05
4430.15
4456.25
4482.35
4508.4
4534.5
4560.6
4586.7
4612.75
-1000
0.05
26
57.8
86.2
113.5
140.3
166.8
193.35
219.95
246.8
273.9
302.2
334.15
367.35
397.5
425.65
452.8
479.5
506.05
532.55
559.25
586
613.15
641.65
674.05
707
736.9
764.9
792
818.7
845.2
871.7
898.45
925.2
952.45
981.25
1014.05
1046.7
1076.3
1104.15
1131.2
1157.85
1184.35
1210.9
1237.65
1264.4
1291.7
1320.8
1353.85
1386.25
1415.65
1443.4
1470.4
1497.05
1523.55
1550.1
1576.85
1603.7
1631.05
1660.55
1693.9
1725.9
1755
1782.65
1809.55
1836.2
1862.7
1889.25
1916.05
1942.9
1970.45
2000.45
2034.05
2065.55
2094.45
2121.95
2148.8
2175.4
2201.9
2228.5
2255.3
2282.3
2310.1
2341.05
2374.6
2405.45
2433.9
2461.25
2488.05
2514.65
2541.15
2567.8
2594.55
2621.6
2649.7
2681.4
2714.75
2745.1
2773.35
2800.55
2827.3
2853.8
2880.3
2907
2933.8
2960.95
2989.35
3021.65
3054.7
3084.6
3112.65
3139.8
3166.5
3193
3219.55
3246.25
3273
3300.2
3328.95
3361.65
3394.4
3424.05
3451.95
3479
3505.65
3532.15
3558.7
3585.45
3612.25
3639.6
3668.75
3701.9
3734.2
3763.5
3791.2
3818.2
3844.85
3871.35
3897.95
3924.75
3951.55
3979.1
4009.05
4042.7
4074.2
4103.1
4130.6
4157.5
4184.05
4210.6
4237.15
4264
4290.95
4318.9
4349.95
4383.5
4414.25
4442.65
4469.95
4496.75
4523.3
4549.8
4576.5
4603.3
4630.35
4658.7
4690.75
4723.95
4754
4782.1
4809.3
4836
4862.5
4889.05
4915.75
4942.5
4969.65
4998.4
