0.05
33.95
73.55
113.15
152.8
192.4
232
271.6
311.25
350.85
390.45
430.1
469.7
509.3
548.95
588.55
628.15
667.75
707.4
747
786.6
826.25
865.85
905.45
945.1
984.7
1024.3
1063.9
1103.55
1143.15
1182.75
1222.4
1262
1301.6
1341.25
1380.85
1420.45
1460.05
1499.7
1539.3
1578.9
1618.55
1658.15
1697.75
1737.4
1777
1816.6
1856.25
1895.85
1935.45
1975.05
2014.7
2054.3
2093.9
2133.55
2173.15
2212.75
2252.4
2292
2331.6
2371.2
2410.85
2450.45
2490.05
2529.7
2569.3
2608.9
2648.55
2688.15
2727.75
2767.35
2807
2846.6
2886.2
2925.85
2965.45
3005.05
3044.7
3084.3
3123.9
3163.55
3203.15
3242.75
3282.35
3322
3361.6
3401.2
3440.85
3480.45
3520.05
3559.7
3599.3
3638.9
3678.5
3718.15
3757.75
3797.35
3837
3876.6
3916.2
3955.85
3995.45
4035.05
4074.65
4114.3
4153.9
4193.5
4233.15
4272.75
4312.35
4352
4391.6
4431.2
4470.85
4510.45
4550.05
4589.65
4629.3
4668.9
4708.5
4748.15
4787.75
4827.35
4867
4906.6
4946.2
4985.8
-1000
0.05
26
60.2
96.1
130.6
159.4
185.95
219.2
255
289.95
318.95
345.85
378.35
413.95
449.3
478.6
505.35
537.3
572.85
608.4
638.3
665.2
696.35
731.65
767.35
798.2
825.35
855.6
890.6
926.45
958.55
986.2
1015.15
1049.7
1085.6
1118.9
1147.1
1174.8
1208.8
1244.7
1278.9
1307.55
1334.3
1367.8
1403.65
1438.45
1467.35
1494.05
1526.9
1562.6
1597.8
1626.9
1653.65
1685.9
1721.45
1756.9
1786.4
1813.2
1844.85
1880.3
1915.95
1946.2
1973.25
2004
2039.15
2074.95
2106.25
2133.65
2163.35
2198.2
2234.05
2266.75
2294.7
2323
2357.3
2393.2
2427
2455.45
2482.6
2516.35
2552.25
2586.75
2615.55
2642.1
2675.35
2711.15
2746.1
2775.1
2802
2834.5
2870.1
2905.45
2934.8
2961.55
2993.45
3028.95
3064.5
3094.3
3121.2
3152.45
3187.75
3223.45
3254.1
3281.2
3311.6
3346.65
3382.45
3414.25
3441.85
3471.05
3505.7
3541.6
3574.8
3602.95
3630.8
3664.85
3700.75
3734.9
3763.5
3790.35
3823.85
3859.7
3894.45
3923.3
3949.9
3982.9
4018.65
