0.05
19.15
42.6
66.05
89.45
112.9
136.35
159.75
183.2
206.65
230.1
253.5
276.95
300.4
323.8
347.25
370.7
394.1
417.55
441
464.45
487.85
511.3
534.75
558.15
581.6
605.05
628.5
651.9
675.35
698.8
722.2
745.65
769.1
792.55
815.95
839.4
862.85
886.25
909.7
933.15
956.55
980
1003.45
1026.9
1050.3
1073.75
1097.2
1120.6
1144.05
1167.5
1190.95
1214.35
1237.8
1261.25
1284.65
1308.1
1331.55
1354.95
1378.4
1401.85
1425.3
1448.7
1472.15
1495.6
1519
1542.45
1565.9
1589.35
1612.75
1636.2
1659.65
1683.05
1706.5
1729.95
1753.4
1776.8
1800.25
1823.7
1847.1
1870.55
1894
1917.4
1940.85
1964.3
1987.75
2011.15
2034.6
2058.05
2081.45
2104.9
2128.35
2151.8
2175.2
2198.65
2222.1
2245.5
2268.95
2292.4
2315.85
2339.25
2362.7
2386.15
2409.55
2433
2456.45
2479.85
2503.3
2526.75
2550.2
2573.6
2597.05
2620.5
2643.9
2667.35
2690.8
2714.25
2737.65
2761.1
2784.55
2807.95
2831.4
2854.85
2878.25
2901.7
2925.15
2948.6
2972
2995.45
3018.9
3042.3
3065.75
3089.2
3112.65
3136.05
3159.5
3182.95
3206.35
3229.8
3253.25
3276.7
3300.1
3323.55
3347
3370.4
3393.85
3417.3
3440.7
3464.15
3487.6
3511.05
3534.45
3557.9
3581.35
3604.75
3628.2
3651.65
3675.1
3698.5
3721.95
3745.4
3768.8
3792.25
3815.7
3839.15
3862.55
3886
3909.45
-1000
0.05
26
56.45
83.45
114.75
146.85
175
203.3
236.15
266.45
293.55
324.1
356.65
385.35
412.6
444.85
476.15
503.7
533.25
566.2
595.55
622.5
654
686
714.1
742.5
775.4
805.6
832.6
863.15
895.75
924.4
951.65
983.9
1015.15
1042.75
1072.25
1105.2
1134.55
1161.5
1192.9
1225
1253.1
1281.55
1314.4
1344.6
1371.65
1402.25
1434.8
1463.45
1490.7
1522.95
1554.2
1581.8
1611.5
1644.35
1673.65
1700.65
1732.15
1764.1
1792.15
1820.7
1853.65
1883.7
1910.75
1941.45
1973.95
2002.5
2029.85
2062.15
2093.35
2120.85
2150.45
2183.4
2212.7
2239.6
2271.15
2303.1
2331.2
2359.75
2392.7
2422.75
2449.75
2480.45
2512.95
2541.5
2568.9
2601.2
2632.35
2659.9
2689.5
2722.4
2751.7
2778.65
2810.25
2842.15
2870.2
2898.8
2931.75
2961.8
2988.8
3019.45
3051.95
3080.55
3107.85
3140.3
3171.4
3198.9
3228.6
3261.5
3290.75
3317.65
3349.15
3381.15
3409.2
3437.7
3470.6
3500.7
3527.8
3558.35
3590.9
3619.55
3646.85
3679.15
3710.35
3737.9
3767.6
3800.5
3829.75
3856.75
3888.3
3920.2
3948.25
3976.85
4009.8
4039.8
4066.8
4097.65
4130.05
4158.6
4186.05
4218.45
4249.55
4277
4306.6
4339.55
4368.75
4395.7
4427.25
4459.2
4487.25
4515.85
4548.8
4578.85
4605.85
4636.55
4669.1
4697.6
4725
4757.35
4788.45
4816
4845.6
4878.5
4907.75
4934.7
4966.2
4998.15
