0.05
55.45
117.7
179.95
242.25
304.5
366.75
429.05
491.3
553.55
615.85
678.1
740.4
802.65
864.9
927.2
989.45
1051.7
1114
1176.25
1238.55
1300.8
1363.05
1425.35
1487.6
1549.85
1612.15
1674.4
1736.65
1798.95
1861.2
1923.5
1985.75
2048
2110.3
2172.55
2234.8
2297.1
2359.35
2421.65
2483.9
2546.15
2608.45
2670.7
2732.95
2795.25
2857.5
2919.75
2982.05
3044.3
3106.6
3168.85
3231.1
3293.4
3355.65
3417.9
3480.2
3542.45
3604.75
3667
3729.25
3791.55
3853.8
3916.05
3978.35
4040.6
4102.85
4165.15
4227.4
4289.7
4351.95
4414.2
4476.5
4538.75
4601
4663.3
4725.55
4787.8
4850.1
4912.35
4974.65
-1000
0.05
26
57.05
83.95
114.65
143.95
174.45
205.1
235.6
266.9
297.35
328.9
359.35
391.05
421.5
453.3
483.7
515.55
545.95
577.75
608.2
640.05
670.45
702.3
732.7
764.6
795
826.85
857.25
889.1
919.5
951.4
981.8
1013.65
1044.05
1075.9
1106.3
1138.2
1168.6
1200.45
1230.85
1262.75
1293.15
1325
1355.4
1387.25
1417.65
1449.55
1479.95
1511.8
1542.2
1574.05
1604.45
1636.35
1666.75
1698.6
1729
1760.85
1791.25
1823.15
1853.55
1885.4
1915.8
1947.7
1978.1
2009.95
2040.35
2072.2
2102.6
2134.5
2164.9
2196.75
2227.15
2259
2289.4
2321.3
2351.7
2383.55
2413.95
2445.85
2476.25
