0.05
18.25
40.65
63.05
85.45
107.85
130.25
152.65
175.1
197.5
219.9
242.3
264.7
287.1
309.5
331.9
354.3
376.7
399.15
421.55
443.95
466.35
488.75
511.15
533.55
555.95
578.35
600.75
623.2
645.6
668
690.4
712.8
735.2
757.6
780
802.4
824.8
847.25
869.65
892.05
914.45
936.85
959.25
981.65
1004.05
1026.45
1048.85
1071.3
1093.7
1116.1
1138.5
1160.9
1183.3
1205.7
1228.1
1250.5
1272.9
1295.35
1317.75
1340.15
1362.55
1384.95
1407.35
1429.75
1452.15
1474.55
1496.95
1519.4
1541.8
1564.2
1586.6
1609
1631.4
1653.8
1676.2
1698.6
1721
1743.45
1765.85
1788.25
1810.65
1833.05
1855.45
1877.85
1900.25
1922.65
1945.05
1967.5
1989.9
2012.3
2034.7
2057.1
2079.5
2101.9
2124.3
2146.7
2169.1
2191.55
2213.95
2236.35
2258.75
2281.15
2303.55
2325.95
2348.35
2370.75
2393.2
2415.6
2438
2460.4
2482.8
2505.2
2527.6
2550
2572.4
2594.8
2617.25
2639.65
2662.05
2684.45
2706.85
2729.25
2751.65
2774.05
2796.45
2818.85
2841.3
2863.7
2886.1
2908.5
2930.9
2953.3
2975.7
2998.1
3020.5
3042.9
3065.35
3087.75
3110.15
3132.55
3154.95
3177.35
3199.75
3222.15
3244.55
3266.95
3289.4
3311.8
3334.2
3356.6
3379
3401.4
3423.8
3446.2
3468.6
3491
3513.45
3535.85
3558.25
3580.65
3603.05
3625.45
3647.85
3670.25
3692.65
-1000
0.05
26
54.85
85.85
117.6
145.3
177.05
208.2
235.75
267.95
298.5
326.25
358.8
388.8
416.9
449.6
479.05
507.7
540.4
569.3
599.3
631.65
659.75
690.7
722.45
750.2
781.9
813.05
840.7
873
903.5
931.25
963.8
993.8
1021.85
1054.55
1084
1112.65
1145.3
1174.25
1204.2
1236.55
1264.7
1295.7
1327.5
1355.15
1386.85
1418
1445.65
1477.85
1508.4
1536.15
1568.75
1598.7
1626.8
1659.45
1688.95
1717.6
1750.25
1779.15
1809.05
1841.45
1869.6
1900.6
1932.35
1960.05
1991.9
2023
2050.65
2082.85
2113.4
2141.15
2173.7
2203.65
2231.6
2264.3
2293.8
2322.35
2355.05
2384.05
2413.85
2446.3
2474.5
2505.45
2537.25
2564.95
2596.65
2627.85
2655.45
2687.6
2718.2
2745.95
2778.45
2808.5
2836.5
2869.25
2898.75
2927.3
2960
2989
3018.8
3051.2
3079.4
3110.35
3142.15
3169.9
3201.6
3232.75
3260.4
3292.55
3323.2
3350.85
3383.3
3413.4
3441.4
3474.05
3503.6
3532.2
3564.95
3593.9
3623.65
3656.05
3684.35
3715.2
3747.05
3774.8
3806.35
3837.6
3865.25
3897.35
3928
3955.75
3988.3
4018.35
4046.35
4079.05
4108.6
4137.1
4169.8
4198.8
4228.55
4260.95
4289.25
4320.1
4351.95
4379.7
4411.35
4442.6
4470.15
4502.3
4532.95
4560.65
4593.15
4623.25
4651.25
4684
4713.55
4742.05
4774.75
4803.75
4833.45
4865.85
4894.15
4925
4956.85
4984.65
