0.05
17.4
38.9
60.35
81.85
103.35
124.8
146.3
167.75
189.25
210.7
232.2
253.65
275.15
296.65
318.1
339.6
361.05
382.55
404
425.5
447
468.45
489.95
511.4
532.9
554.35
575.85
597.3
618.8
640.3
661.75
683.25
704.7
726.2
747.65
769.15
790.6
812.1
833.6
855.05
876.55
898
919.5
940.95
962.45
983.9
1005.4
1026.9
1048.35
1069.85
1091.3
1112.8
1134.25
1155.75
1177.2
1198.7
1220.2
1241.65
1263.15
1284.6
1306.1
1327.55
1349.05
1370.5
1392
1413.5
1434.95
1456.45
1477.9
1499.4
1520.85
1542.35
1563.8
1585.3
1606.8
1628.25
1649.75
1671.2
1692.7
1714.15
1735.65
1757.1
1778.6
1800.1
1821.55
1843.05
1864.5
1886
1907.45
1928.95
1950.4
1971.9
1993.4
2014.85
2036.35
2057.8
2079.3
2100.75
2122.25
2143.75
2165.2
2186.7
2208.15
2229.65
2251.1
2272.6
2294.05
2315.55
2337.05
2358.5
2380
2401.45
2422.95
2444.4
2465.9
2487.35
2508.85
2530.35
2551.8
2573.3
2594.75
2616.25
2637.7
2659.2
2680.65
2702.15
2723.65
2745.1
2766.6
2788.05
2809.55
2831
2852.5
2873.95
2895.45
2916.95
2938.4
2959.9
2981.35
3002.85
3024.3
3045.8
3067.25
3088.75
3110.25
3131.7
3153.2
3174.65
3196.15
3217.6
3239.1
3260.55
3282.05
3303.55
3325
3346.5
3367.95
3389.45
3410.9
3432.4
3453.85
3475.35
3496.85
-1000
0.05
31.7
60.6
92.25
122.85
152.15
184.35
212.65
245
274.55
305.75
336.85
365.8
398.2
426.55
458.7
488.75
518.7
550.5
578.9
611.4
640.35
671.85
702.65
731.85
764.05
792.4
824.7
854.35
885.3
916.55
945.4
977.85
1006.25
1038.4
1068.5
1098.35
1130.2
1158.6
1191.05
1220.15
1251.6
1282.45
1311.6
1343.85
1372.2
1404.45
1434.15
1465
1496.35
1525.1
1557.55
1586.05
1618.1
1648.3
1678
1709.95
1738.3
1770.75
1799.95
1831.4
1862.3
1891.4
1923.65
1952
1984.25
2014
2044.6
2076.05
2104.75
2137.2
2165.8
2197.8
2228.1
2257.75
2289.75
2318.05
2350.6
2379.8
2411.3
2442.15
2471.25
2503.55
2531.9
2564.1
2593.9
2624.35
2655.9
2684.55
2717
2745.65
2777.6
2807.95
2837.55
2869.6
2897.9
2930.4
2959.65
2991.15
3022
3051.1
3083.4
3111.75
3143.95
3173.75
3204.2
3235.75
3264.35
3296.85
3325.5
3357.45
3387.8
3417.4
3449.45
3477.75
3510.25
3539.5
3571.05
3601.95
3631
3663.3
3691.65
3723.85
3753.65
3784.15
3815.65
3844.3
3876.8
3905.4
3937.25
3967.65
3997.2
4029.3
4057.6
4090.1
4119.4
4150.9
4181.8
4210.85
4243.25
4271.55
4303.8
4333.6
4364.1
4395.6
4424.3
4456.75
4485.35
4517.2
4547.6
4577.15
4609.2
4637.5
4670
4699.3
4730.8
4761.7
4790.8
4823.15
4851.45
4883.7
4913.5
4944
4975.5
