0.05
40.15
86.35
132.6
178.8
225.05
271.3
317.5
363.75
409.95
456.2
502.45
548.65
594.9
641.1
687.35
733.55
779.8
826.05
872.25
918.5
964.7
1010.95
1057.2
1103.4
1149.65
1195.85
1242.1
1288.35
1334.55
1380.8
1427
1473.25
1519.5
1565.7
1611.95
1658.15
1704.4
1750.65
1796.85
1843.1
1889.3
1935.55
1981.75
2028
2074.25
2120.45
2166.7
2212.9
2259.15
2305.4
2351.6
2397.85
2444.05
2490.3
2536.55
2582.75
2629
2675.2
2721.45
2767.7
2813.9
2860.15
2906.35
2952.6
2998.8
3045.05
3091.3
3137.5
3183.75
3229.95
3276.2
3322.45
3368.65
3414.9
3461.1
3507.35
3553.6
3599.8
3646.05
3692.25
3738.5
3784.75
3830.95
3877.2
3923.4
3969.65
4015.9
4062.1
4108.35
4154.55
4200.8
4247
4293.25
4339.5
4385.7
4431.95
4478.15
4524.4
4570.65
4616.85
4663.1
4709.3
4755.55
4801.8
4848
4894.25
4940.45
4986.7
-1000
0.05
26
57.05
83.6
119.7
149.6
176.15
212.2
242.1
268.7
304.75
334.65
361.3
397.3
427.2
453.9
489.85
519.8
546.5
582.4
612.35
639.15
675
704.95
731.85
767.6
797.6
824.45
860.15
890.15
917
952.65
982.7
1009.45
1045.15
1075.15
1101.95
1137.6
1167.6
1194.4
1230.05
1260.1
1286.85
1322.55
1352.55
1379.3
1415
1445
1471.75
1507.45
1537.45
1564.2
1599.9
1629.9
1656.7
1692.35
1722.35
1749.15
1784.8
1814.85
1841.6
1877.3
1907.3
1934.05
1969.75
1999.75
2026.5
2062.2
2092.2
2119
2154.65
2184.65
2211.45
2247.1
2277.15
2303.9
2339.6
2369.6
2396.35
2432.05
2462.05
2488.8
2524.5
2554.5
2581.3
2616.95
2646.95
2673.75
2709.4
2739.45
2766.2
2801.95
2831.95
2858.7
2894.35
2924.4
2951.15
2986.8
3016.8
3043.6
3079.25
3109.25
3136.05
3171.7
3201.75
3228.5
3264.15
3294.2
3320.95
