0.05
20.35
45.1
69.85
94.65
119.4
144.15
168.95
193.7
218.45
243.2
268
292.75
317.5
342.3
367.05
391.8
416.55
441.35
466.1
490.85
515.6
540.4
565.15
589.9
614.7
639.45
664.2
688.95
713.75
738.5
763.25
788.05
812.8
837.55
862.3
887.1
911.85
936.6
961.35
986.15
1010.9
1035.65
1060.45
1085.2
1109.95
1134.7
1159.5
1184.25
1209
1233.8
1258.55
1283.3
1308.05
1332.85
1357.6
1382.35
1407.1
1431.9
1456.65
1481.4
1506.2
1530.95
1555.7
1580.45
1605.25
1630
1654.75
1679.55
1704.3
1729.05
1753.8
1778.6
1803.35
1828.1
1852.9
1877.65
1902.4
1927.15
1951.95
1976.7
2001.45
2026.2
2051
2075.75
2100.5
2125.3
2150.05
2174.8
2199.55
2224.35
2249.1
2273.85
2298.65
2323.4
2348.15
2372.9
2397.7
2422.45
2447.2
2471.95
2496.75
2521.5
2546.25
2571.05
2595.8
2620.55
2645.3
2670.1
2694.85
2719.6
2744.4
2769.15
2793.9
2818.65
2843.45
2868.2
2892.95
2917.7
2942.5
2967.25
2992
3016.8
3041.55
3066.3
3091.05
3115.85
3140.6
3165.35
3190.15
3214.9
3239.65
3264.4
3289.2
3313.95
3338.7
3363.45
3388.25
3413
3437.75
3462.55
3487.3
3512.05
3536.8
3561.6
3586.35
3611.1
3635.9
3660.65
3685.4
3710.15
3734.95
3759.7
3784.45
3809.25
3834
3858.75
3883.5
3908.3
3933.05
3957.8
3982.55
4007.35
4032.1
4056.85
4081.65
4106.4
4131.15
4155.9
4180.7
4205.45
-1000
0.05
29.65
62.85
92.8
120.25
146.75
175.45
208.4
239.8
267.95
294.65
322.35
354.35
386.8
415.75
442.75
469.8
500.25
533.4
563.35
590.75
617.3
645.85
678.8
710.25
738.45
765.15
792.9
824.7
857.2
886.2
913.2
940.2
970.4
1003.65
1033.7
1061.2
1087.65
1116.1
1148.9
1180.5
1208.85
1235.55
1263.15
1294.75
1327.45
1356.6
1383.65
1410.6
1440.65
1473.95
1504.1
1531.6
1558.1
1586.45
1619.2
1650.9
1679.3
1706
1733.65
1765.25
1797.95
1827.1
1854.15
1881.1
1911.05
1944.35
1974.55
2002.15
2028.65
2056.95
2089.65
2121.4
2149.8
2176.55
2204.2
2235.85
2268.5
2297.6
2324.65
2351.55
2381.45
2414.8
2445.05
2472.65
2499.15
2527.4
2560.1
2591.85
2620.3
2647.05
2674.7
2706.25
2738.95
2768.1
2795.2
2822.1
2852.2
2885.45
2915.6
2943.15
2969.7
2998
3030.85
3062.5
3090.85
3117.6
3145.3
3176.95
3209.65
3238.7
3265.75
3292.75
3322.9
3356.15
3386.2
3413.75
3440.25
3468.75
3501.6
3533.15
3561.45
3588.15
3615.9
3647.75
3680.3
3709.3
3736.3
3763.3
3793.6
3826.8
3856.85
3884.3
3910.85
3939.3
3972.15
4003.65
4032
4058.7
4086.4
4118.15
4150.75
4179.75
4206.8
4233.8
4264.2
4297.4
4327.4
4354.85
4381.3
4409.8
4442.7
4474.25
4502.5
4529.2
4556.8
4588.45
4621.1
4650.2
4677.3
4704.25
4734.3
4767.55
4797.7
4825.25
4851.75
4880.1
4912.85
4944.55
4972.9
4999.6
