0.05
58.85
124.7
190.5
256.35
322.2
388
453.85
519.7
585.5
651.35
717.15
783
848.85
914.65
980.5
1046.35
1112.15
1178
1243.8
1309.65
1375.5
1441.3
1507.15
1572.95
1638.8
1704.65
1770.45
1836.3
1902.15
1967.95
2033.8
2099.6
2165.45
2231.3
2297.1
2362.95
2428.75
2494.6
2560.45
2626.25
2692.1
2757.95
2823.75
2889.6
2955.4
3021.25
3087.1
3152.9
3218.75
3284.55
3350.4
3416.25
3482.05
3547.9
3613.75
3679.55
3745.4
3811.2
3877.05
3942.9
4008.7
4074.55
4140.4
4206.2
4272.05
4337.85
4403.7
4469.55
4535.35
4601.2
4667
4732.85
4798.7
4864.5
4930.35
4996.2
-1000
0.05
26
57.05
86.75
117.3
150.15
180.45
214.7
244.95
279.9
310.05
345.3
375.45
410.9
441
476.6
506.65
542.35
572.4
608.1
638.15
673.9
703.95
739.7
769.75
805.5
835.55
871.3
901.35
937.15
967.2
1002.95
1033
1068.8
1098.85
1134.6
1164.65
1200.45
1230.5
1266.25
1296.3
1332.1
1362.15
1397.95
1428
1463.75
1493.8
1529.6
1559.65
1595.4
1625.45
1661.25
1691.3
1727.1
1757.15
1792.9
1822.95
1858.75
1888.8
1924.6
1954.65
1990.4
2020.45
2056.25
2086.3
2122.05
2152.1
2187.9
2217.95
2253.75
2283.8
2319.55
2349.6
2385.4
2415.45
2451.2
2481.25
