0.05
30.35
66.05
101.8
137.55
173.3
209
244.75
280.5
316.2
351.95
387.7
423.45
459.15
494.9
530.65
566.4
602.1
637.85
673.6
709.3
745.05
780.8
816.55
852.25
888
923.75
959.45
995.2
1030.95
1066.7
1102.4
1138.15
1173.9
1209.65
1245.35
1281.1
1316.85
1352.55
1388.3
1424.05
1459.8
1495.5
1531.25
1567
1602.7
1638.45
1674.2
1709.95
1745.65
1781.4
1817.15
1852.9
1888.6
1924.35
1960.1
1995.8
2031.55
2067.3
2103.05
2138.75
2174.5
2210.25
2246
2281.7
2317.45
2353.2
2388.9
2424.65
2460.4
2496.15
2531.85
2567.6
2603.35
2639.05
2674.8
2710.55
2746.3
2782
2817.75
2853.5
2889.25
2924.95
2960.7
2996.45
3032.15
3067.9
3103.65
3139.4
3175.1
3210.85
3246.6
3282.35
3318.05
3353.8
3389.55
3425.25
3461
3496.75
3532.5
3568.2
3603.95
3639.7
3675.4
3711.15
3746.9
3782.65
3818.35
3854.1
3889.85
3925.6
3961.3
3997.05
4032.8
4068.5
4104.25
4140
4175.75
4211.45
4247.2
4282.95
4318.7
4354.4
4390.15
4425.9
4461.6
4497.35
4533.1
4568.85
4604.55
4640.3
4676.05
4711.75
4747.5
4783.25
4819
4854.7
4890.45
4926.2
4961.95
4997.65
-1000
0.05
26
60.45
95
130
165.2
200.6
235.95
271.4
306.8
342.25
377.7
413.1
448.45
483.65
518.65
553.15
585.95
614.25
641
671.15
704.3
738.65
773.5
808.65
844
879.35
914.75
950.2
985.6
1021.05
1056.5
1091.85
1127.1
1162.25
1196.95
1230.8
1260.75
1287.85
1316.1
1348.4
1382.35
1417.05
1452.1
1487.35
1522.7
1558.1
1593.5
1628.95
1664.4
1699.8
1735.2
1770.5
1805.65
1840.55
1874.75
1906.25
1934
1960.9
1992.35
2026
2060.55
2095.5
2130.7
2166.05
2201.4
2236.85
2272.35
2307.8
2343.25
2378.65
2414
2449.25
2484.3
2518.85
2552.05
2580.7
2607.5
2637.15
2670
2704.25
2739.1
2774.2
2809.45
2844.8
2880.25
2915.75
2951.15
2986.6
3022.05
3057.4
3092.7
3127.9
3162.7
3196.75
3227.8
3255.3
3282.6
3314.35
3348.1
3382.7
3417.7
3452.9
3488.25
3523.65
3559.05
3594.5
3629.95
3665.35
3700.75
3736.1
3771.3
3806.2
3840.55
3872.75
3900.75
3927.3
3958.25
3991.7
4026.15
4061.1
4096.25
4131.55
4166.95
4202.35
4237.8
4273.25
4308.7
4344.15
4379.5
4414.8
4449.85
4484.5
4517.9
4546.95
4573.8
4603
4635.7
4669.85
4704.65
4739.75
