0.05
19.3
42.9
66.5
90.05
113.65
137.25
160.85
184.45
208.05
231.65
255.2
278.8
302.4
326
349.6
373.2
396.75
420.35
443.95
467.55
491.15
514.75
538.3
561.9
585.5
609.1
632.7
656.3
679.9
703.45
727.05
750.65
774.25
797.85
821.45
845
868.6
892.2
915.8
939.4
963
986.55
1010.15
1033.75
1057.35
1080.95
1104.55
1128.1
1151.7
1175.3
1198.9
1222.5
1246.1
1269.7
1293.25
1316.85
1340.45
1364.05
1387.65
1411.25
1434.8
1458.4
1482
1505.6
1529.2
1552.8
1576.35
1599.95
1623.55
1647.15
1670.75
1694.35
1717.95
1741.5
1765.1
1788.7
1812.3
1835.9
1859.5
1883.05
1906.65
1930.25
1953.85
1977.45
2001.05
2024.6
2048.2
2071.8
2095.4
2119
2142.6
2166.2
2189.75
2213.35
2236.95
2260.55
2284.15
2307.75
2331.3
2354.9
2378.5
2402.1
2425.7
2449.3
2472.85
2496.45
2520.05
2543.65
2567.25
2590.85
2614.4
2638
2661.6
2685.2
2708.8
2732.4
2756
2779.55
2803.15
2826.75
2850.35
2873.95
2897.55
2921.1
2944.7
2968.3
2991.9
3015.5
3039.1
3062.65
3086.25
3109.85
3133.45
3157.05
3180.65
3204.25
3227.8
3251.4
3275
3298.6
3322.2
3345.8
3369.35
3392.95
3416.55
3440.15
3463.75
3487.35
3510.9
3534.5
3558.1
3581.7
3605.3
3628.9
3652.45
3676.05
3699.65
3723.25
3746.85
3770.45
3794.05
3817.6
3841.2
3864.8
3888.4
3912
3935.6
-1000
0.05
26
56.55
83.45
114.15
146.7
175.4
202.35
234.1
266
294.05
322
354.75
385.45
412.8
442.2
475.2
504.75
531.65
562.3
594.9
623.6
650.55
682.25
714.2
742.25
770.15
802.8
833.6
861
890.35
923.35
952.95
979.85
1010.5
1043.1
1071.8
1098.75
1130.55
1162.4
1190.5
1218.35
1251
1281.85
1309.25
1338.6
1371.6
1401.2
1428.1
1458.7
1491.3
1520.05
1547
1578.75
1610.65
1638.75
1666.6
1699.25
1730.1
1757.45
1786.85
1819.85
1849.45
1876.35
1906.95
1939.55
1968.3
1995.25
2027
2058.9
2087
2114.85
2147.5
2178.35
2205.75
2235.1
2268.1
2297.7
2324.6
2355.2
2387.8
2416.55
2443.5
2475.25
2507.15
2535.25
2563.1
2595.75
2626.6
2654
2683.35
2716.35
2745.95
2772.85
2803.45
2836.1
2864.8
2891.75
2923.55
2955.4
2983.5
3011.35
3044
3074.85
3102.25
3131.6
3164.6
3194.2
3221.05
3251.65
3284.3
3313.05
3340
3371.75
3403.65
3431.75
3459.55
3492.2
3523.05
3550.45
3579.85
3612.85
3642.45
3669.3
3699.9
3732.5
3761.3
3788.2
3819.95
3851.85
3879.95
3907.75
3940.4
3971.3
3998.7
4028.05
4061.05
4090.65
4117.55
4148.1
4180.75
4209.55
4236.5
4268.1
4300.05
4328.2
4355.9
4388.5
4419.45
4446.9
4476.25
4509.25
4538.9
4565.75
4596.35
4628.95
4657.75
4684.75
4716.3
4748.3
4776.45
4804.15
4836.75
4867.7
4895.15
4924.5
4957.5
4987.15
