0.05
26.3
57.65
89
120.35
151.7
183.05
214.4
245.75
277.1
308.45
339.75
371.1
402.45
433.8
465.15
496.5
527.85
559.2
590.55
621.9
653.25
684.6
715.95
747.3
778.65
810
841.3
872.65
904
935.35
966.7
998.05
1029.4
1060.75
1092.1
1123.45
1154.8
1186.15
1217.5
1248.85
1280.2
1311.55
1342.9
1374.2
1405.55
1436.9
1468.25
1499.6
1530.95
1562.3
1593.65
1625
1656.35
1687.7
1719.05
1750.4
1781.75
1813.1
1844.45
1875.75
1907.1
1938.45
1969.8
2001.15
2032.5
2063.85
2095.2
2126.55
2157.9
2189.25
2220.6
2251.95
2283.3
2314.65
2346
2377.35
2408.65
2440
2471.35
2502.7
2534.05
2565.4
2596.75
2628.1
2659.45
2690.8
2722.15
2753.5
2784.85
2816.2
2847.55
2878.9
2910.2
2941.55
2972.9
3004.25
3035.6
3066.95
3098.3
3129.65
3161
3192.35
3223.7
3255.05
3286.4
3317.75
3349.1
3380.45
3411.8
3443.1
3474.45
3505.8
3537.15
3568.5
3599.85
3631.2
3662.55
3693.9
3725.25
3756.6
3787.95
3819.3
3850.65
3882
3913.35
3944.65
3976
4007.35
4038.7
4070.05
4101.4
4132.75
4164.1
4195.45
4226.8
4258.15
4289.5
4320.85
4352.2
4383.55
4414.9
4446.25
4477.55
4508.9
4540.25
4571.6
4602.95
4634.3
4665.65
4697
4728.35
4759.7
4791.05
4822.4
4853.75
4885.1
4916.45
4947.8
4979.1
-1000
0.05
26
53.85
83.4
113.9
144.85
176
207.25
238.55
269.9
301.2
332.55
363.9
395.2
426.55
457.9
489.25
520.6
551.95
583.3
614.65
646
677.35
708.7
740.05
771.4
802.75
834.1
865.45
896.75
928.1
959.45
990.8
1022.15
1053.5
1084.85
1116.2
1147.55
1178.9
1210.25
1241.6
1272.95
1304.3
1335.65
1367
1398.35
1429.65
1461
1492.35
1523.7
1555.05
1586.4
1617.75
1649.1
1680.45
1711.8
1743.15
1774.5
1805.85
1837.2
1868.55
1899.9
1931.2
1962.55
1993.9
2025.25
2056.6
2087.95
2119.3
2150.65
2182
2213.35
2244.7
2276.05
2307.4
2338.75
2370.1
2401.45
2432.8
2464.1
2495.45
2526.8
2558.15
2589.5
2620.85
2652.2
2683.55
2714.9
2746.25
2777.6
2808.95
2840.3
2871.65
2903
2934.35
2965.65
2997
3028.35
3059.7
3091.05
3122.4
3153.75
3185.1
3216.45
3247.8
3279.15
3310.5
3341.85
3373.2
3404.55
3435.9
3467.25
3498.55
3529.9
3561.25
3592.6
3623.95
3655.3
3686.65
3718
3749.35
3780.7
3812.05
3843.4
3874.75
3906.1
3937.45
3968.8
4000.1
4031.45
4062.8
4094.15
4125.5
4156.85
4188.2
4219.55
4250.9
4282.25
4313.6
4344.95
4376.3
4407.65
4439
4470.35
4501.7
4533
4564.35
4595.7
4627.05
4658.4
4689.75
4721.1
4752.45
4783.8
4815.15
4846.5
4877.85
4909.2
4940.55
4971.9
