0.05
20.35
45.1
69.85
94.65
119.4
144.15
168.95
193.7
218.45
243.2
268
292.75
317.5
342.3
367.05
391.8
416.55
441.35
466.1
490.85
515.6
540.4
565.15
589.9
614.7
639.45
664.2
688.95
713.75
738.5
763.25
788.05
812.8
837.55
862.3
887.1
911.85
936.6
961.35
986.15
1010.9
1035.65
1060.45
1085.2
1109.95
1134.7
1159.5
1184.25
1209
1233.8
1258.55
1283.3
1308.05
1332.85
1357.6
1382.35
1407.1
1431.9
1456.65
1481.4
1506.2
1530.95
1555.7
1580.45
1605.25
1630
1654.75
1679.55
1704.3
1729.05
1753.8
1778.6
1803.35
1828.1
1852.9
1877.65
1902.4
1927.15
1951.95
1976.7
2001.45
2026.2
2051
2075.75
2100.5
2125.3
2150.05
2174.8
2199.55
2224.35
2249.1
2273.85
2298.65
2323.4
2348.15
2372.9
2397.7
2422.45
2447.2
2471.95
2496.75
2521.5
2546.25
2571.05
2595.8
2620.55
2645.3
2670.1
2694.85
2719.6
2744.4
2769.15
2793.9
2818.65
2843.45
2868.2
2892.95
2917.7
2942.5
2967.25
2992
3016.8
3041.55
3066.3
3091.05
3115.85
3140.6
3165.35
3190.15
3214.9
3239.65
3264.4
3289.2
3313.95
3338.7
3363.45
3388.25
3413
3437.75
3462.55
3487.3
3512.05
3536.8
3561.6
3586.35
3611.1
3635.9
3660.65
3685.4
3710.15
3734.95
3759.7
3784.45
3809.25
3834
3858.75
3883.5
3908.3
3933.05
3957.8
3982.55
4007.35
4032.1
4056.85
4081.65
4106.4
4131.15
4155.9
4180.7
4205.45
-1000
0.05
26
58.25
86.15
112.75
140.55
172.7
205
233.8
260.7
288
318.9
351.95
381.55
408.85
435.45
464.65
497.8
528.7
556.65
583.25
611.05
643.3
675.55
704.3
731.25
758.5
789.35
822.45
852.05
879.35
905.95
935
968.15
999.15
1027.1
1053.7
1081.55
1113.55
1145.9
1174.75
1201.7
1228.95
1259.8
1292.9
1322.5
1349.8
1376.4
1405.35
1438.5
1469.6
1497.6
1524.2
1551.85
1583.75
1616.25
1645.2
1672.2
1699.35
1729.8
1763
1792.8
1820.25
1846.8
1875.55
1908.6
1939.85
1967.95
1994.6
2022.3
2054.2
2086.7
2115.7
2142.65
2169.7
2200.05
2233.3
2263.25
2290.7
2317.2
2345.75
2378.65
2410.1
2438.35
2465.05
2492.75
2524.55
2557.1
2586.15
2613.1
2640.1
2670.25
2703.5
2733.6
2761.1
2787.6
2815.95
2848.75
2880.4
2908.75
2935.5
2963.15
2994.8
3027.45
3056.55
3083.6
3110.55
3140.65
3173.9
3204.05
3231.55
3258.1
3286.4
3319.15
3350.85
3379.25
3406
3433.65
3465.3
3498
3527.1
3554.15
3581.1
3611.2
3644.5
3674.6
3702.15
3728.65
3757.05
3789.8
3821.45
3849.8
3876.55
3904.25
3936.05
3968.65
3997.65
4024.7
4051.65
4081.85
4115.15
4145.2
4172.7
4199.2
4227.7
4260.55
4292.1
4320.4
4347.1
4374.85
4406.6
4439.15
4468.15
4495.2
4522.25
4552.65
4585.85
4615.8
4643.25
4669.75
4698.3
4731.35
4762.75
4790.95
4817.65
4845.25
4876.95
4909.55
4938.65
4965.7
4992.7
