0.05
26.3
57.65
89
120.35
151.7
183.05
214.4
245.75
277.1
308.45
339.75
371.1
402.45
433.8
465.15
496.5
527.85
559.2
590.55
621.9
653.25
684.6
715.95
747.3
778.65
810
841.3
872.65
904
935.35
966.7
998.05
1029.4
1060.75
1092.1
1123.45
1154.8
1186.15
1217.5
1248.85
1280.2
1311.55
1342.9
1374.2
1405.55
1436.9
1468.25
1499.6
1530.95
1562.3
1593.65
1625
1656.35
1687.7
1719.05
1750.4
1781.75
1813.1
1844.45
1875.75
1907.1
1938.45
1969.8
2001.15
2032.5
2063.85
2095.2
2126.55
2157.9
2189.25
2220.6
2251.95
2283.3
2314.65
2346
2377.35
2408.65
2440
2471.35
2502.7
2534.05
2565.4
2596.75
2628.1
2659.45
2690.8
2722.15
2753.5
2784.85
2816.2
2847.55
2878.9
2910.2
2941.55
2972.9
3004.25
3035.6
3066.95
3098.3
3129.65
3161
3192.35
3223.7
3255.05
3286.4
3317.75
3349.1
3380.45
3411.8
3443.1
3474.45
3505.8
3537.15
3568.5
3599.85
3631.2
3662.55
3693.9
3725.25
3756.6
3787.95
3819.3
3850.65
3882
3913.35
3944.65
3976
4007.35
4038.7
4070.05
4101.4
4132.75
4164.1
4195.45
4226.8
4258.15
4289.5
4320.85
4352.2
4383.55
4414.9
4446.25
4477.55
4508.9
4540.25
4571.6
4602.95
4634.3
4665.65
4697
4728.35
4759.7
4791.05
4822.4
4853.75
4885.1
4916.45
4947.8
4979.1
-1000
0.05
26
58.25
89.7
121.05
152.45
183.8
215.15
246.5
277.85
309.2
340.55
371.9
403.2
434.55
465.9
497.25
528.6
559.95
591.3
622.65
654
685.35
716.7
748.05
779.4
810.75
842.1
873.45
904.75
936.1
967.45
998.8
1030.15
1061.5
1092.85
1124.2
1155.55
1186.9
1218.25
1249.6
1280.95
1312.3
1343.65
1375
1406.35
1437.65
1469
1500.35
1531.7
1563.05
1594.4
1625.75
1657.1
1688.45
1719.8
1751.15
1782.5
1813.85
1845.2
1876.55
1907.9
1939.2
1970.55
2001.9
2033.25
2064.6
2095.95
2127.3
2158.65
2190
2221.35
2252.7
2284.05
2315.4
2346.75
2378.1
2409.45
2440.8
2472.1
2503.45
2534.8
2566.15
2597.5
2628.85
2660.2
2691.55
2722.9
2754.25
2785.6
2816.95
2848.3
2879.65
2911
2942.35
2973.65
3005
3036.35
3067.7
3099.05
3130.4
3161.75
3193.1
3224.45
3255.8
3287.15
3318.5
3349.85
3381.2
3412.55
3443.9
3475.25
3506.55
3537.9
3569.25
3600.6
3631.95
3663.3
3694.65
3726
3757.35
3788.7
3820.05
3851.4
3882.75
3914.1
3945.45
3976.8
4008.1
4039.45
4070.8
4102.15
4133.5
4164.85
4196.2
4227.55
4258.9
4290.25
4321.6
4352.95
4384.3
4415.65
4447
4478.35
4509.7
4541
4572.35
4603.7
4635.05
4666.4
4697.75
4729.1
4760.45
4791.8
4823.15
4854.5
4885.85
4917.2
4948.55
4979.9
