0.05
30.75
66.9
103.1
139.25
175.4
211.6
247.75
283.95
320.1
356.25
392.45
428.6
464.8
500.95
537.15
573.3
609.45
645.65
681.8
718
754.15
790.3
826.5
862.65
898.85
935
971.2
1007.35
1043.5
1079.7
1115.85
1152.05
1188.2
1224.35
1260.55
1296.7
1332.9
1369.05
1405.25
1441.4
1477.55
1513.75
1549.9
1586.1
1622.25
1658.45
1694.6
1730.75
1766.95
1803.1
1839.3
1875.45
1911.6
1947.8
1983.95
2020.15
2056.3
2092.5
2128.65
2164.8
2201
2237.15
2273.35
2309.5
2345.65
2381.85
2418
2454.2
2490.35
2526.55
2562.7
2598.85
2635.05
2671.2
2707.4
2743.55
2779.7
2815.9
2852.05
2888.25
2924.4
2960.6
2996.75
3032.9
3069.1
3105.25
3141.45
3177.6
3213.8
3249.95
3286.1
3322.3
3358.45
3394.65
3430.8
3466.95
3503.15
3539.3
3575.5
3611.65
3647.85
3684
3720.15
3756.35
3792.5
3828.7
3864.85
3901
3937.2
3973.35
4009.55
4045.7
4081.9
4118.05
4154.2
4190.4
4226.55
4262.75
4298.9
4335.05
4371.25
4407.4
4443.6
4479.75
4515.95
4552.1
4588.25
4624.45
4660.6
4696.8
4732.95
4769.15
4805.3
4841.45
4877.65
4913.8
4950
4986.15
-1000
0.05
26
62.35
97.75
133.35
168.8
204.15
239.2
273.2
303.1
330.2
358.8
391.45
425.8
460.85
496.15
531.65
567.2
602.65
637.95
672.8
706.2
734.8
761.6
791.6
824.9
859.5
894.65
930
965.5
1001.1
1036.5
1071.7
1106.3
1138.8
1166.95
1193.5
1224.65
1258.45
1293.25
1328.45
1363.9
1399.35
1434.95
1470.3
1505.45
1539.7
1570.85
1598.35
1625.85
1657.95
1692.05
1727
1762.3
1797.75
1833.25
1868.7
1904.05
1938.95
1972.55
2001.5
2028.35
2057.95
2091.05
2125.65
2160.7
2196.1
2231.55
2267.05
2302.5
2337.7
2372.3
2404.85
2432.95
2459.5
2490.7
2524.45
2559.25
2594.5
2629.9
2665.4
2700.9
2736.25
2771.3
2805.55
2836.3
2863.65
2891.5
2923.8
2957.95
2993
3028.25
3063.7
3099.25
3134.7
3170
3204.9
3238.5
3267.4
3294.25
3323.9
3357.05
3391.55
3426.65
3462.05
3497.5
3533
3568.45
3603.65
3638.2
3670.7
3698.75
3725.3
3756.55
3790.4
3825.15
3860.4
3895.85
3931.35
3966.8
4002.2
4037.2
4071.3
4101.7
4128.9
4157.1
4189.6
4223.85
4258.85
4294.15
4329.65
4365.15
4400.6
4435.9
4470.7
4504
4532.55
4559.3
4589.45
