0.05
34.45
74.6
114.8
154.95
195.15
235.3
275.5
315.65
355.85
396
436.2
476.35
516.55
556.7
596.9
637.05
677.25
717.4
757.6
797.75
837.95
878.1
918.25
958.45
998.6
1038.8
1078.95
1119.15
1159.3
1199.5
1239.65
1279.85
1320
1360.2
1400.35
1440.55
1480.7
1520.9
1561.05
1601.25
1641.4
1681.55
1721.75
1761.9
1802.1
1842.25
1882.45
1922.6
1962.8
2002.95
2043.15
2083.3
2123.5
2163.65
2203.85
2244
2284.2
2324.35
2364.55
2404.7
2444.9
2485.05
2525.2
2565.4
2605.55
2645.75
2685.9
2726.1
2766.25
2806.45
2846.6
2886.8
2926.95
2967.15
3007.3
3047.5
3087.65
3127.85
3168
3208.2
3248.35
3288.55
3328.7
3368.85
3409.05
3449.2
3489.4
3529.55
3569.75
3609.9
3650.1
3690.25
3730.45
3770.6
3810.8
3850.95
3891.15
3931.3
3971.5
4011.65
4051.85
4092
4132.15
4172.35
4212.5
4252.7
4292.85
4333.05
4373.2
4413.4
4453.55
4493.75
4533.9
4574.1
4614.25
4654.45
4694.6
4734.8
4774.95
4815.15
4855.3
4895.5
4935.65
4975.8
-1000
0.05
26
56.05
91.2
126.9
156.7
183.55
215.3
250.9
286.05
315.1
341.9
374.9
410.75
445.05
473.7
500.7
534.65
570.6
603.55
631.6
660
694.6
730.5
761.95
789.3
819.3
854.5
890.15
919.9
946.75
978.55
1014.2
1049.3
1078.35
1105.05
1138.15
1174
1208.2
1236.85
1263.9
1297.9
1333.85
1366.7
1394.7
1423.2
1457.85
1493.75
1525
1552.3
1582.45
1617.75
1653.4
1683.1
1709.9
1741.8
1777.45
1812.5
1841.55
1868.2
1901.35
1937.25
1971.4
1999.95
2027.1
2061.15
2097.1
2129.9
2157.85
2186.4
2221.1
2257
2288.15
2315.4
2345.65
2380.95
2416.55
2446.1
2472.9
2504.95
2540.65
2575.6
2604.6
2631.15
2664.5
2700.4
2734.3
2762.8
2790.2
2824.35
2860.3
2892.8
2920.65
2949.5
2984.3
3020.15
3051
3078.15
3108.7
3144.1
3179.65
3209
3235.75
3268.05
3303.8
3338.65
3367.55
3394.1
3427.6
3463.55
3497.2
3525.55
3553.2
3587.5
3623.45
3655.65
3683.35
3712.5
3747.45
3783.25
3813.75
3840.8
3871.75
3907.2
3942.65
