0.05
18.25
40.65
63.05
85.45
107.85
130.25
152.65
175.1
197.5
219.9
242.3
264.7
287.1
309.5
331.9
354.3
376.7
399.15
421.55
443.95
466.35
488.75
511.15
533.55
555.95
578.35
600.75
623.2
645.6
668
690.4
712.8
735.2
757.6
780
802.4
824.8
847.25
869.65
892.05
914.45
936.85
959.25
981.65
1004.05
1026.45
1048.85
1071.3
1093.7
1116.1
1138.5
1160.9
1183.3
1205.7
1228.1
1250.5
1272.9
1295.35
1317.75
1340.15
1362.55
1384.95
1407.35
1429.75
1452.15
1474.55
1496.95
1519.4
1541.8
1564.2
1586.6
1609
1631.4
1653.8
1676.2
1698.6
1721
1743.45
1765.85
1788.25
1810.65
1833.05
1855.45
1877.85
1900.25
1922.65
1945.05
1967.5
1989.9
2012.3
2034.7
2057.1
2079.5
2101.9
2124.3
2146.7
2169.1
2191.55
2213.95
2236.35
2258.75
2281.15
2303.55
2325.95
2348.35
2370.75
2393.2
2415.6
2438
2460.4
2482.8
2505.2
2527.6
2550
2572.4
2594.8
2617.25
2639.65
2662.05
2684.45
2706.85
2729.25
2751.65
2774.05
2796.45
2818.85
2841.3
2863.7
2886.1
2908.5
2930.9
2953.3
2975.7
2998.1
3020.5
3042.9
3065.35
3087.75
3110.15
3132.55
3154.95
3177.35
3199.75
3222.15
3244.55
3266.95
3289.4
3311.8
3334.2
3356.6
3379
3401.4
3423.8
3446.2
3468.6
3491
3513.45
3535.85
3558.25
3580.65
3603.05
3625.45
3647.85
3670.25
3692.65
-1000
0.05
31.45
62.25
89.9
122.35
152.55
180.5
213.2
242.8
271.2
303.95
333.05
362.45
394.95
423.4
454.1
486.1
513.9
545.4
576.75
604.35
636.55
667.25
694.95
727.4
757.55
785.5
818.15
847.75
876.2
908.9
938
967.4
999.95
1028.35
1059.2
1091.15
1118.9
1150.45
1181.75
1209.35
1241.45
1272.15
1299.9
1332.4
1362.5
1390.5
1423.15
1452.75
1481.2
1513.9
1542.95
1572.4
1604.9
1633.3
1664.15
1696.05
1723.85
1755.5
1786.8
1814.4
1846.55
1877.2
1904.9
1937.4
1967.45
1995.35
2028
2057.65
2086.05
2118.75
2147.85
2177.3
2209.85
2238.25
2269.1
2301
2328.8
2360.35
2391.65
2419.25
2451.35
2482.05
2509.75
2542.2
2572.35
2600.3
2632.95
2662.6
2691
2723.7
2752.8
2782.2
2814.75
2843.15
2874
2905.9
2933.7
2965.3
2996.55
3024.2
3056.3
3087
3114.65
3147.05
3177.25
3205.2
3237.85
3267.5
3295.9
3328.65
3357.75
3387.2
3419.7
3448.1
3478.95
3510.85
3538.6
3570.1
3601.45
3629.1
3661.15
3691.9
3719.6
3752.1
3782.25
3810.2
3842.85
3872.45
3900.9
3933.6
3962.7
3992.2
4024.7
4053.1
4083.9
4115.8
4143.6
4175.2
4206.5
4234.05
4266.15
4296.85
4324.55
4357
4387.15
4415.15
4447.85
4477.45
4505.9
4538.6
4567.65
4597.2
4629.7
4658.05
4688.75
4720.7
4748.5
4780.05
4811.35
4838.95
4871.2
4901.85
4929.55
4962
4992.15
