0.05
20.35
45.1
69.85
94.65
119.4
144.15
168.95
193.7
218.45
243.2
268
292.75
317.5
342.3
367.05
391.8
416.55
441.35
466.1
490.85
515.6
540.4
565.15
589.9
614.7
639.45
664.2
688.95
713.75
738.5
763.25
788.05
812.8
837.55
862.3
887.1
911.85
936.6
961.35
986.15
1010.9
1035.65
1060.45
1085.2
1109.95
1134.7
1159.5
1184.25
1209
1233.8
1258.55
1283.3
1308.05
1332.85
1357.6
1382.35
1407.1
1431.9
1456.65
1481.4
1506.2
1530.95
1555.7
1580.45
1605.25
1630
1654.75
1679.55
1704.3
1729.05
1753.8
1778.6
1803.35
1828.1
1852.9
1877.65
1902.4
1927.15
1951.95
1976.7
2001.45
2026.2
2051
2075.75
2100.5
2125.3
2150.05
2174.8
2199.55
2224.35
2249.1
2273.85
2298.65
2323.4
2348.15
2372.9
2397.7
2422.45
2447.2
2471.95
2496.75
2521.5
2546.25
2571.05
2595.8
2620.55
2645.3
2670.1
2694.85
2719.6
2744.4
2769.15
2793.9
2818.65
2843.45
2868.2
2892.95
2917.7
2942.5
2967.25
2992
3016.8
3041.55
3066.3
3091.05
3115.85
3140.6
3165.35
3190.15
3214.9
3239.65
3264.4
3289.2
3313.95
3338.7
3363.45
3388.25
3413
3437.75
3462.55
3487.3
3512.05
3536.8
3561.6
3586.35
3611.1
3635.9
3660.65
3685.4
3710.15
3734.95
3759.7
3784.45
3809.25
3834
3858.75
3883.5
3908.3
3933.05
3957.8
3982.55
4007.35
4032.1
4056.85
4081.65
4106.4
4131.15
4155.9
4180.7
4205.45
-1000
0.05
26
59.35
87.7
114.4
142.1
173.85
206.5
235.55
262.55
289.55
319.75
353
383.05
410.6
437.1
465.65
498.55
530.05
558.3
585
612.7
644.65
677.15
706.1
733.1
760.15
790.45
823.75
853.7
881.15
907.7
936.2
969.1
1000.55
1028.85
1055.5
1083.25
1115.05
1147.6
1176.6
1203.6
1230.65
1261.1
1294.3
1324.2
1351.65
1378.2
1406.75
1439.75
1471.15
1499.35
1526.05
1553.65
1585.35
1617.95
1647.05
1674.1
1701.1
1731.25
1764.5
1794.55
1822.1
1848.6
1877.1
1909.95
1941.5
1969.8
1996.5
2024.15
2055.9
2088.5
2117.55
2144.6
2171.55
2201.65
2234.9
2265.05
2292.6
2319.1
2347.4
2380.15
2411.85
2440.2
2466.95
2494.65
2526.3
2558.95
2588.05
2615.1
2641.95
2671.95
2705.2
2735.45
2763.05
2789.5
2817.75
2850.4
2882.2
2910.65
2937.45
2965.05
2996.6
3029.3
3058.45
3085.55
3112.45
3142.35
3175.65
3205.9
3233.5
3260
3288.25
3320.85
3352.7
3381.15
3407.95
3435.55
3467.1
3499.85
3529
3556.1
3583
3612.9
3646.2
3676.45
3704.05
3730.55
3758.8
3791.5
3823.25
3851.7
3878.5
3906.15
3937.85
3970.5
3999.6
4026.65
4053.55
4083.6
4116.95
4147.1
4174.65
4201.15
4229.45
4262.25
4293.95
4322.3
4349.05
4376.75
4408.45
4441.05
4470.1
4497.2
4524.15
4554.4
4587.65
4617.7
4645.2
4671.7
4700.15
4733.1
4764.65
4792.9
4819.6
4847.2
4878.85
4911.5
4940.6
4967.7
4994.65
