0.05
20.85
46.15
71.45
96.75
122.1
147.4
172.7
198
223.3
248.65
273.95
299.25
324.55
349.85
375.2
400.5
425.8
451.1
476.45
501.75
527.05
552.35
577.65
603
628.3
653.6
678.9
704.2
729.55
754.85
780.15
805.45
830.75
856.1
881.4
906.7
932
957.35
982.65
1007.95
1033.25
1058.55
1083.9
1109.2
1134.5
1159.8
1185.1
1210.45
1235.75
1261.05
1286.35
1311.7
1337
1362.3
1387.6
1412.9
1438.25
1463.55
1488.85
1514.15
1539.45
1564.8
1590.1
1615.4
1640.7
1666
1691.35
1716.65
1741.95
1767.25
1792.6
1817.9
1843.2
1868.5
1893.8
1919.15
1944.45
1969.75
1995.05
2020.35
2045.7
2071
2096.3
2121.6
2146.9
2172.25
2197.55
2222.85
2248.15
2273.5
2298.8
2324.1
2349.4
2374.7
2400.05
2425.35
2450.65
2475.95
2501.25
2526.6
2551.9
2577.2
2602.5
2627.85
2653.15
2678.45
2703.75
2729.05
2754.4
2779.7
2805
2830.3
2855.6
2880.95
2906.25
2931.55
2956.85
2982.15
3007.5
3032.8
3058.1
3083.4
3108.75
3134.05
3159.35
3184.65
3209.95
3235.3
3260.6
3285.9
3311.2
3336.5
3361.85
3387.15
3412.45
3437.75
3463.05
3488.4
3513.7
3539
3564.3
3589.65
3614.95
3640.25
3665.55
3690.85
3716.2
3741.5
3766.8
3792.1
3817.4
3842.75
3868.05
3893.35
3918.65
3944
3969.3
3994.6
4019.9
4045.2
4070.55
4095.85
4121.15
4146.45
4171.75
4197.1
4222.4
4247.7
4273
4298.3
4323.65
-1000
0.05
26.3
55.6
88.9
120.2
148.6
175.6
202.1
229.3
259.65
293.05
323.6
351.55
378.35
404.9
432.5
463.8
497
526.85
554.45
581.1
607.95
636.25
668.85
701.15
730.15
757.35
783.9
811.05
840.55
873.9
905.05
933.35
960.3
986.75
1014
1044.35
1077.75
1108.25
1136.2
1163
1189.6
1217.3
1248.7
1281.8
1311.5
1339.1
1365.75
1392.6
1421.05
1453.9
1486
1514.9
1542.1
1568.6
1595.7
1625.2
1658.55
1689.7
1718
1744.95
1771.45
1798.75
1829.15
1862.55
1892.95
1920.9
1947.6
1974.2
2001.85
2033.25
2066.4
2096.15
2123.75
2150.35
2177.25
2205.7
2238.4
2270.55
2299.5
2326.7
2353.2
2380.4
2410.1
2443.5
2474.5
2502.7
2529.6
2556.1
2583.45
2614
2647.4
2677.7
2705.6
2732.3
2759
2786.75
2818.45
2851.4
2880.95
2908.45
2935.05
2962
2990.65
3023.6
3055.55
3084.3
3111.4
3137.9
3165.05
3194.8
3228.2
3259.15
3287.35
3314.25
3340.8
3368.2
3398.9
3432.25
3462.45
3490.25
3517
3543.65
3571.6
3603.7
3636.4
3665.8
3693.2
3719.75
3746.75
3775.7
3808.8
3840.45
3869.1
3896.15
3922.65
3949.85
3979.65
4013.1
4043.9
4072.05
4098.85
4125.4
4152.8
4183.5
4216.9
4247.1
4274.9
4301.6
4328.3
4356.25
4388.2
4421
4450.4
4477.8
4504.4
4531.45
4560.55
4593.7
4625.25
4653.8
4680.8
4707.3
4734.5
4764.45
4797.9
4828.65
4856.75
4883.55
4910.15
4937.6
4968.5
