0.05
17.4
38.9
60.35
81.85
103.35
124.8
146.3
167.75
189.25
210.7
232.2
253.65
275.15
296.65
318.1
339.6
361.05
382.55
404
425.5
447
468.45
489.95
511.4
532.9
554.35
575.85
597.3
618.8
640.3
661.75
683.25
704.7
726.2
747.65
769.15
790.6
812.1
833.6
855.05
876.55
898
919.5
940.95
962.45
983.9
1005.4
1026.9
1048.35
1069.85
1091.3
1112.8
1134.25
1155.75
1177.2
1198.7
1220.2
1241.65
1263.15
1284.6
1306.1
1327.55
1349.05
1370.5
1392
1413.5
1434.95
1456.45
1477.9
1499.4
1520.85
1542.35
1563.8
1585.3
1606.8
1628.25
1649.75
1671.2
1692.7
1714.15
1735.65
1757.1
1778.6
1800.1
1821.55
1843.05
1864.5
1886
1907.45
1928.95
1950.4
1971.9
1993.4
2014.85
2036.35
2057.8
2079.3
2100.75
2122.25
2143.75
2165.2
2186.7
2208.15
2229.65
2251.1
2272.6
2294.05
2315.55
2337.05
2358.5
2380
2401.45
2422.95
2444.4
2465.9
2487.35
2508.85
2530.35
2551.8
2573.3
2594.75
2616.25
2637.7
2659.2
2680.65
2702.15
2723.65
2745.1
2766.6
2788.05
2809.55
2831
2852.5
2873.95
2895.45
2916.95
2938.4
2959.9
2981.35
3002.85
3024.3
3045.8
3067.25
3088.75
3110.25
3131.7
3153.2
3174.65
3196.15
3217.6
3239.1
3260.55
3282.05
3303.55
3325
3346.5
3367.95
3389.45
3410.9
3432.4
3453.85
3475.35
3496.85
-1000
0.05
26
56.6
88.15
119.05
148.05
180.4
208.7
240.9
270.75
301.15
332.75
361.35
393.8
422.5
454.3
484.75
514.35
546.4
574.75
607.15
636.45
668.05
698.95
727.95
760.3
788.6
820.8
850.65
881
912.6
941.2
973.65
1002.35
1034.15
1064.65
1094.25
1126.3
1154.6
1187.05
1216.35
1247.95
1278.8
1307.85
1340.2
1368.5
1400.7
1430.55
1460.9
1492.5
1521.05
1553.55
1582.25
1614.05
1644.55
1674.15
1706.15
1734.5
1766.95
1796.25
1827.85
1858.7
1887.85
1920.15
1948.45
1980.7
2010.5
2040.95
2072.5
2101.05
2133.55
2162.2
2194.05
2224.5
2254
2286.05
2314.4
2346.8
2376.15
2407.75
2438.6
2467.75
2500.05
2528.35
2560.65
2590.45
2620.95
2652.45
2681.05
2713.55
2742.15
2774
2804.4
2833.9
2866
2894.3
2926.75
2956.05
2987.7
3018.55
3047.7
3080
3108.25
3140.6
3170.35
3200.9
3232.4
3261
3293.5
3322.1
3353.95
3384.35
3413.9
3445.9
3474.25
3506.7
3536
3567.5
3598.4
3627.5
3659.85
3688.15
3720.45
3750.2
3780.75
3812.25
3840.85
3873.35
3901.95
3933.8
3964.2
3993.7
4025.75
4054.1
4086.55
4115.85
4147.35
4178.25
4207.35
4239.7
4268
4300.3
4330.1
4360.55
4392.1
4420.65
4453.2
4481.85
4513.65
4544.1
4573.6
4605.65
4634
4666.4
4695.75
4727.2
4758.15
4787.2
4819.55
4847.85
4880.15
4909.95
4940.4
4971.95
