0.05
48.6
103.7
158.85
213.95
269.1
324.25
379.35
434.5
489.6
544.75
599.85
655
710.15
765.25
820.4
875.5
930.65
985.8
1040.9
1096.05
1151.15
1206.3
1261.4
1316.55
1371.7
1426.8
1481.95
1537.05
1592.2
1647.35
1702.45
1757.6
1812.7
1867.85
1922.95
1978.1
2033.25
2088.35
2143.5
2198.6
2253.75
2308.9
2364
2419.15
2474.25
2529.4
2584.55
2639.65
2694.8
2749.9
2805.05
2860.15
2915.3
2970.45
3025.55
3080.7
3135.8
3190.95
3246.1
3301.2
3356.35
3411.45
3466.6
3521.7
3576.85
3632
3687.1
3742.25
3797.35
3852.5
3907.65
3962.75
4017.9
4073
4128.15
4183.3
4238.4
4293.55
4348.65
4403.8
4458.9
4514.05
4569.2
4624.3
4679.45
4734.55
4789.7
4844.85
4899.95
4955.1
-1000
0.05
26
62.7
92.1
125.05
155.35
183.8
214.4
241
271.7
298.5
332
359.8
396.25
426.1
457.25
487.7
515.3
545.95
572.6
603.8
630.65
666.05
694.75
729.65
759.8
789.3
819.85
846.8
877.45
904.25
936.65
963.9
1000.55
1030.05
1062.55
1092.9
1121.15
1151.75
1178.35
1209.1
1235.9
1269.7
1297.65
1333.95
1363.85
1394.7
1425.15
1452.65
1483.3
1510
1541.45
1568.35
1604.2
1633.1
1667.45
1697.65
1726.8
1757.35
1784.2
1814.85
1841.6
1874.2
1901.6
1938.25
1967.85
2000.05
2030.4
2058.5
2089.1
2115.65
2146.5
2173.3
2207.45
2235.5
2271.6
2301.55
2332.1
2362.6
2389.95
2420.6
2447.4
2479.1
2506.1
2542.3
2571.45
2605.2
2635.45
2664.3
2694.85
2721.55
