0.05
26.6
58.25
89.9
121.6
153.25
184.9
216.55
248.25
279.9
311.55
343.2
374.9
406.55
438.2
469.9
501.55
533.2
564.85
596.55
628.2
659.85
691.5
723.2
754.85
786.5
818.2
849.85
881.5
913.15
944.85
976.5
1008.15
1039.8
1071.5
1103.15
1134.8
1166.45
1198.15
1229.8
1261.45
1293.15
1324.8
1356.45
1388.1
1419.8
1451.45
1483.1
1514.75
1546.45
1578.1
1609.75
1641.4
1673.1
1704.75
1736.4
1768.1
1799.75
1831.4
1863.05
1894.75
1926.4
1958.05
1989.7
2021.4
2053.05
2084.7
2116.4
2148.05
2179.7
2211.35
2243.05
2274.7
2306.35
2338
2369.7
2401.35
2433
2464.65
2496.35
2528
2559.65
2591.35
2623
2654.65
2686.3
2718
2749.65
2781.3
2812.95
2844.65
2876.3
2907.95
2939.65
2971.3
3002.95
3034.6
3066.3
3097.95
3129.6
3161.25
3192.95
3224.6
3256.25
3287.9
3319.6
3351.25
3382.9
3414.6
3446.25
3477.9
3509.55
3541.25
3572.9
3604.55
3636.2
3667.9
3699.55
3731.2
3762.85
3794.55
3826.2
3857.85
3889.55
3921.2
3952.85
3984.5
4016.2
4047.85
4079.5
4111.15
4142.85
4174.5
4206.15
4237.85
4269.5
4301.15
4332.8
4364.5
4396.15
4427.8
4459.45
4491.15
4522.8
4554.45
4586.1
4617.8
4649.45
4681.1
4712.8
4744.45
4776.1
4807.75
4839.45
4871.1
4902.75
4934.4
4966.1
4997.75
-1000
0.05
26
55.05
85.35
116.35
147.7
179.25
210.8
242.45
274.1
305.75
337.4
369.05
400.75
432.4
464.05
495.75
527.4
559.05
590.7
622.4
654.05
685.7
717.35
749.05
780.7
812.35
844
875.7
907.35
939
970.7
1002.35
1034
1065.65
1097.35
1129
1160.65
1192.3
1224
1255.65
1287.3
1319
1350.65
1382.3
1413.95
1445.65
1477.3
1508.95
1540.6
1572.3
1603.95
1635.6
1667.25
1698.95
1730.6
1762.25
1793.95
1825.6
1857.25
1888.9
1920.6
1952.25
1983.9
2015.55
2047.25
2078.9
2110.55
2142.25
2173.9
2205.55
2237.2
2268.9
2300.55
2332.2
2363.85
2395.55
2427.2
2458.85
2490.5
2522.2
2553.85
2585.5
2617.2
2648.85
2680.5
2712.15
2743.85
2775.5
2807.15
2838.8
2870.5
2902.15
2933.8
2965.45
2997.15
3028.8
3060.45
3092.15
3123.8
3155.45
3187.1
3218.8
3250.45
3282.1
3313.75
3345.45
3377.1
3408.75
3440.45
3472.1
3503.75
3535.4
3567.1
3598.75
3630.4
3662.05
3693.75
3725.4
3757.05
3788.7
3820.4
3852.05
3883.7
3915.4
3947.05
3978.7
4010.35
4042.05
4073.7
4105.35
4137
4168.7
4200.35
4232
4263.65
4295.35
4327
4358.65
4390.35
4422
4453.65
4485.3
4517
4548.65
4580.3
4611.95
4643.65
4675.3
4706.95
4738.65
4770.3
4801.95
4833.6
4865.3
4896.95
4928.6
4960.25
4991.95
