0.05
24
52.8
81.6
110.4
139.2
168
196.8
225.6
254.45
283.25
312.05
340.85
369.65
398.45
427.25
456.05
484.85
513.65
542.45
571.3
600.1
628.9
657.7
686.5
715.3
744.1
772.9
801.7
830.5
859.35
888.15
916.95
945.75
974.55
1003.35
1032.15
1060.95
1089.75
1118.55
1147.4
1176.2
1205
1233.8
1262.6
1291.4
1320.2
1349
1377.8
1406.6
1435.4
1464.25
1493.05
1521.85
1550.65
1579.45
1608.25
1637.05
1665.85
1694.65
1723.45
1752.3
1781.1
1809.9
1838.7
1867.5
1896.3
1925.1
1953.9
1982.7
2011.5
2040.3
2069.15
2097.95
2126.75
2155.55
2184.35
2213.15
2241.95
2270.75
2299.55
2328.35
2357.2
2386
2414.8
2443.6
2472.4
2501.2
2530
2558.8
2587.6
2616.4
2645.25
2674.05
2702.85
2731.65
2760.45
2789.25
2818.05
2846.85
2875.65
2904.45
2933.25
2962.1
2990.9
3019.7
3048.5
3077.3
3106.1
3134.9
3163.7
3192.5
3221.3
3250.15
3278.95
3307.75
3336.55
3365.35
3394.15
3422.95
3451.75
3480.55
3509.35
3538.15
3567
3595.8
3624.6
3653.4
3682.2
3711
3739.8
3768.6
3797.4
3826.2
3855.05
3883.85
3912.65
3941.45
3970.25
3999.05
4027.85
4056.65
4085.45
4114.25
4143.1
4171.9
4200.7
4229.5
4258.3
4287.1
4315.9
4344.7
4373.5
4402.3
4431.1
4459.95
4488.75
4517.55
4546.35
4575.15
4603.95
4632.75
4661.55
4690.35
4719.15
4748
4776.8
4805.6
4834.4
4863.2
4892
4920.8
4949.6
4978.4
-1000
0.05
26
55.8
84.9
113.8
142.65
171.5
200.3
229.1
257.95
286.75
315.55
344.35
373.15
401.95
430.8
459.6
488.4
517.2
546
574.8
603.6
632.4
661.2
690
718.85
747.65
776.45
805.25
834.05
862.85
891.65
920.45
949.25
978.05
1006.9
1035.7
1064.5
1093.3
1122.1
1150.9
1179.7
1208.5
1237.3
1266.1
1294.9
1323.75
1352.55
1381.35
1410.15
1438.95
1467.75
1496.55
1525.35
1554.15
1582.95
1611.8
1640.6
1669.4
1698.2
1727
1755.8
1784.6
1813.4
1842.2
1871
1899.8
1928.65
1957.45
1986.25
2015.05
2043.85
2072.65
2101.45
2130.25
2159.05
2187.85
2216.7
2245.5
2274.3
2303.1
2331.9
2360.7
2389.5
2418.3
2447.1
2475.9
2504.75
2533.55
2562.35
2591.15
2619.95
2648.75
2677.55
2706.35
2735.15
2763.95
2792.75
2821.6
2850.4
2879.2
2908
2936.8
2965.6
2994.4
3023.2
3052
3080.8
3109.65
3138.45
3167.25
3196.05
3224.85
3253.65
3282.45
3311.25
3340.05
3368.85
3397.7
3426.5
3455.3
3484.1
3512.9
3541.7
3570.5
3599.3
3628.1
3656.9
3685.7
3714.55
3743.35
3772.15
3800.95
3829.75
3858.55
3887.35
3916.15
3944.95
3973.75
4002.6
4031.4
4060.2
4089
4117.8
4146.6
4175.4
4204.2
4233
4261.8
4290.6
4319.45
4348.25
4377.05
4405.85
4434.65
4463.45
4492.25
4521.05
4549.85
4578.65
4607.5
4636.3
4665.1
4693.9
4722.7
4751.5
4780.3
4809.1
4837.9
4866.7
4895.55
4924.35
4953.15
4981.95
