0.05
31.55
68.65
105.75
142.8
179.9
216.95
254.05
291.15
328.2
365.3
402.35
439.45
476.55
513.6
550.7
587.75
624.85
661.95
699
736.1
773.15
810.25
847.35
884.4
921.5
958.55
995.65
1032.75
1069.8
1106.9
1143.95
1181.05
1218.15
1255.2
1292.3
1329.35
1366.45
1403.55
1440.6
1477.7
1514.75
1551.85
1588.95
1626
1663.1
1700.15
1737.25
1774.35
1811.4
1848.5
1885.55
1922.65
1959.75
1996.8
2033.9
2070.95
2108.05
2145.15
2182.2
2219.3
2256.35
2293.45
2330.55
2367.6
2404.7
2441.75
2478.85
2515.95
2553
2590.1
2627.15
2664.25
2701.35
2738.4
2775.5
2812.55
2849.65
2886.75
2923.8
2960.9
2997.95
3035.05
3072.15
3109.2
3146.3
3183.35
3220.45
3257.55
3294.6
3331.7
3368.75
3405.85
3442.95
3480
3517.1
3554.15
3591.25
3628.35
3665.4
3702.5
3739.55
3776.65
3813.7
3850.8
3887.9
3924.95
3962.05
3999.1
4036.2
4073.3
4110.35
4147.45
4184.5
4221.6
4258.7
4295.75
4332.85
4369.9
4407
4444.1
4481.15
4518.25
4555.3
4592.4
4629.5
4666.55
4703.65
4740.7
4777.8
4814.9
4851.95
4889.05
4926.1
4963.2
-1000
0.05
26
62.85
97.85
130.05
157.95
185.05
217.4
252.05
287.45
323.1
358.4
392.4
421.15
447.95
478.5
512.45
547.65
583.25
618.8
653.55
684.85
712.35
740.3
773.15
807.95
843.45
879.05
914.3
947.8
976.3
1003.15
1034.25
1068.45
1103.7
1139.3
1174.8
1209.45
1239.95
1267.15
1295.85
1329.05
1363.95
1399.5
1435.1
1470.25
1503.3
1531.6
1558.15
1589.9
1624.3
1659.65
1695.25
1730.7
1765.05
1794.55
1821.5
1851.15
1884.8
1919.85
1955.45
1991
2026
2058.2
2086.15
2113.2
2145.55
2180.2
2215.6
2251.25
2286.6
2320.6
2349.4
2376.15
2406.65
2440.65
2475.8
2511.4
2547.05
2581.9
2613.5
2641.15
2668.8
2701.45
2736.25
2771.7
2807.3
2842.65
2876.4
2905
2931.7
2962.6
2996.65
3031.9
3067.5
3103.1
3137.85
3169
3196.45
3224.55
3257.45
3292.35
3327.8
3363.4
3398.65
3432.2
3460.7
3487.55
3518.6
3552.8
3588.05
3623.65
3659.15
3693.8
3724.3
3751.55
3780.2
3813.4
3848.3
3883.85
3919.45
3954.6
3987.65
4015.95
4042.5
4074.25
4108.65
4144
4179.65
4215.05
4249.4
4278.95
4305.85
4335.55
4369.15
