0.05
21.2
46.85
72.55
98.25
123.95
149.65
175.35
201
226.7
252.4
278.1
303.8
329.5
355.15
380.85
406.55
432.25
457.95
483.6
509.3
535
560.7
586.4
612.1
637.75
663.45
689.15
714.85
740.55
766.25
791.9
817.6
843.3
869
894.7
920.4
946.05
971.75
997.45
1023.15
1048.85
1074.55
1100.2
1125.9
1151.6
1177.3
1203
1228.7
1254.35
1280.05
1305.75
1331.45
1357.15
1382.85
1408.5
1434.2
1459.9
1485.6
1511.3
1537
1562.65
1588.35
1614.05
1639.75
1665.45
1691.15
1716.8
1742.5
1768.2
1793.9
1819.6
1845.3
1870.95
1896.65
1922.35
1948.05
1973.75
1999.45
2025.1
2050.8
2076.5
2102.2
2127.9
2153.6
2179.25
2204.95
2230.65
2256.35
2282.05
2307.7
2333.4
2359.1
2384.8
2410.5
2436.2
2461.85
2487.55
2513.25
2538.95
2564.65
2590.35
2616
2641.7
2667.4
2693.1
2718.8
2744.5
2770.15
2795.85
2821.55
2847.25
2872.95
2898.65
2924.3
2950
2975.7
3001.4
3027.1
3052.8
3078.45
3104.15
3129.85
3155.55
3181.25
3206.95
3232.6
3258.3
3284
3309.7
3335.4
3361.1
3386.75
3412.45
3438.15
3463.85
3489.55
3515.25
3540.9
3566.6
3592.3
3618
3643.7
3669.4
3695.05
3720.75
3746.45
3772.15
3797.85
3823.55
3849.2
3874.9
3900.6
3926.3
3952
3977.65
4003.35
4029.05
4054.75
4080.45
4106.15
4131.8
4157.5
4183.2
4208.9
4234.6
4260.3
4285.95
4311.65
4337.35
4363.05
4388.75
4414.45
4440.1
-1000
0.05
26
59.85
88.8
116.25
142.9
169.45
196.4
224.4
256.25
289.3
319.2
347
373.85
400.35
427.15
454.55
484.65
518.2
549.2
577.6
604.7
631.3
657.9
684.85
713.4
746
778.55
807.85
835.4
862.15
888.65
915.6
943.4
974.7
1008
1038.2
1066.2
1093.1
1119.6
1146.35
1173.55
1203.1
1236.5
1268
1296.65
1323.9
1350.55
1377.1
1404.05
1432.25
1464.45
1497.3
1526.95
1554.65
1581.4
1607.9
1634.75
1662.3
1692.9
1726.45
1757.1
1785.3
1812.35
1838.9
1865.5
1892.5
1921.35
1954.35
1986.5
2015.6
2043.05
2069.75
2096.25
2123.2
2151.1
2182.75
2215.9
2245.9
2273.8
2300.7
2327.2
2354
2381.4
2411.55
2445.05
2476.1
2504.45
2531.6
2558.15
2584.75
2611.7
2640.2
2672.8
2705.35
2734.7
2762.3
2789
2815.5
2842.4
2870.15
2901.3
2934.7
2965
2993
3019.95
3046.45
3073.15
3100.35
3129.7
3163.05
3194.7
3223.45
3250.7
3277.35
3303.9
3330.85
3358.95
3391.1
3424
3453.7
3481.45
3508.3
3534.8
3561.6
3589.15
3619.7
3653.2
3683.9
3712.1
3739.15
3765.7
3792.35
3819.35
3848.15
3881.1
3913.3
3942.45
3969.9
3996.6
4023.15
4050.1
4078.05
4109.8
4142.9
4172.85
4200.7
4227.55
4254.05
4280.85
4308.2
4338.2
4371.75
4402.85
4431.3
4458.4
4485
4511.55
4538.5
4566.85
4599.4
4632
4661.45
4689.1
4715.85
4742.35
4769.25
4796.95
4828
4861.4
4891.75
4919.8
4946.75
4973.3
