0.05
18
40.15
62.25
84.4
106.5
128.65
150.8
172.9
195.05
217.15
239.3
261.45
283.55
305.7
327.8
349.95
372.1
394.2
416.35
438.45
460.6
482.75
504.85
527
549.15
571.25
593.4
615.5
637.65
659.8
681.9
704.05
726.15
748.3
770.45
792.55
814.7
836.8
858.95
881.1
903.2
925.35
947.45
969.6
991.75
1013.85
1036
1058.1
1080.25
1102.4
1124.5
1146.65
1168.8
1190.9
1213.05
1235.15
1257.3
1279.45
1301.55
1323.7
1345.8
1367.95
1390.1
1412.2
1434.35
1456.45
1478.6
1500.75
1522.85
1545
1567.1
1589.25
1611.4
1633.5
1655.65
1677.75
1699.9
1722.05
1744.15
1766.3
1788.45
1810.55
1832.7
1854.8
1876.95
1899.1
1921.2
1943.35
1965.45
1987.6
2009.75
2031.85
2054
2076.1
2098.25
2120.4
2142.5
2164.65
2186.75
2208.9
2231.05
2253.15
2275.3
2297.4
2319.55
2341.7
2363.8
2385.95
2408.1
2430.2
2452.35
2474.45
2496.6
2518.75
2540.85
2563
2585.1
2607.25
2629.4
2651.5
2673.65
2695.75
2717.9
2740.05
2762.15
2784.3
2806.4
2828.55
2850.7
2872.8
2894.95
2917.05
2939.2
2961.35
2983.45
3005.6
3027.75
3049.85
3072
3094.1
3116.25
3138.4
3160.5
3182.65
3204.75
3226.9
3249.05
3271.15
3293.3
3315.4
3337.55
3359.7
3381.8
3403.95
3426.05
3448.2
3470.35
3492.45
3514.6
3536.7
3558.85
3581
3603.1
3625.25
-1000
0.05
31.55
62.05
90.25
122.85
152.05
182.15
214.3
242.2
274.15
304.95
333
365.6
395.1
424.4
456.8
485.05
516.45
547.75
575.55
607.95
637.95
666.65
699.2
727.95
759
790.7
818.45
850.7
881.05
909.3
941.95
971
1001.55
1033.45
1061.35
1093.35
1124
1152.1
1184.8
1214.15
1243.85
1276.1
1304.15
1335.75
1366.85
1394.8
1427.25
1457.05
1485.95
1518.55
1547.05
1578.15
1609.7
1637.45
1669.75
1699.95
1728.3
1760.95
1789.95
1820.6
1852.5
1880.3
1912.45
1943
1971.2
2003.85
2033.05
2063.05
2095.2
2123.2
2154.9
2185.9
2213.8
2246.45
2276.05
2305.2
2337.65
2366.05
2397.3
2428.7
2456.5
2488.9
2518.95
2547.45
2580.05
2608.9
2640
2671.65
2699.5
2731.7
2762.05
2790.35
2822.95
2852.05
2882.4
2914.45
2942.3
2974.2
3005
3033.1
3065.65
3095.1
3124.6
3157
3185.15
3216.65
3247.85
3275.65
3308.1
3338
3366.8
3399.35
3428
3459.05
3490.65
3518.45
3550.75
3581
3609.4
3642.05
3671
3701.7
3733.55
3761.4
3793.45
3824.05
3852.15
3884.85
3914.1
3944
3976.25
4004.2
4035.9
4066.9
4094.9
4127.4
4157.1
4186.1
4218.6
4247.05
4278.3
4309.7
4337.6
4369.95
4400.05
4428.55
4461.15
4490
4520.9
4552.65
4580.45
4612.7
4643.1
4671.4
4704.05
4733.15
4763.5
4795.5
4823.4
4855.3
4886.05
4914.05
4946.65
4976.15
