0.05
37.35
80.65
123.9
167.2
210.5
253.75
297.05
340.35
383.6
426.9
470.15
513.45
556.75
600
643.3
686.6
729.85
773.15
816.45
859.7
903
946.25
989.55
1032.85
1076.1
1119.4
1162.7
1205.95
1249.25
1292.55
1335.8
1379.1
1422.35
1465.65
1508.95
1552.2
1595.5
1638.8
1682.05
1725.35
1768.65
1811.9
1855.2
1898.45
1941.75
1985.05
2028.3
2071.6
2114.9
2158.15
2201.45
2244.7
2288
2331.3
2374.55
2417.85
2461.15
2504.4
2547.7
2591
2634.25
2677.55
2720.8
2764.1
2807.4
2850.65
2893.95
2937.25
2980.5
3023.8
3067.1
3110.35
3153.65
3196.9
3240.2
3283.5
3326.75
3370.05
3413.35
3456.6
3499.9
3543.2
3586.45
3629.75
3673
3716.3
3759.6
3802.85
3846.15
3889.45
3932.7
3976
4019.3
4062.55
4105.85
4149.1
4192.4
4235.7
4278.95
4322.25
4365.55
4408.8
4452.1
4495.35
4538.65
4581.95
4625.2
4668.5
4711.8
4755.05
4798.35
4841.65
4884.9
4928.2
4971.45
-1000
0.05
26
59.9
95.45
124.6
151.9
187.45
220.05
247.75
278.65
314.85
344.5
371.25
405.5
440.55
469.4
497.45
533.2
564.9
592.2
624.1
660.25
689.75
716.35
751.15
785.55
814.05
842.95
878.95
909.7
936.7
969.5
1005.45
1034.8
1061.55
1096.8
1130.25
1158.3
1188.3
1224.45
1254.4
1281.2
1315
1350.5
1379.6
1407
1442.55
1475.1
1502.75
1533.75
1569.95
1599.6
1626.35
1660.65
1695.7
1724.55
1752.6
1788.45
1820.25
1847.65
1879.4
1915.55
1945.1
1971.85
2006.5
2041.1
2069.75
2098.35
2134.3
2165.35
2192.45
2225
2261
2290.45
2317.05
2352.15
2385.95
2414.2
2443.8
2479.9
2510.05
2536.9
2570.4
2606.05
2635.2
2662.4
2697.9
2730.75
2758.55
2789.2
2825.4
2855.1
2881.85
2916
2951.2
2980.1
3007.95
3043.7
3075.7
3103.1
3134.7
3170.85
3200.45
3227.25
3261.8
3296.55
3325.25
3353.65
3389.55
3420.75
3447.9
3480.25
3516.35
3545.75
3572.3
3607.4
