0.05
26
57.05
88.1
119.15
150.15
181.2
212.25
243.3
274.3
305.35
336.4
367.45
398.45
429.5
460.55
491.6
522.65
553.65
584.7
615.75
646.8
677.8
708.85
739.9
770.95
801.95
833
864.05
895.1
926.1
957.15
988.2
1019.25
1050.25
1081.3
1112.35
1143.4
1174.4
1205.45
1236.5
1267.55
1298.55
1329.6
1360.65
1391.7
1422.7
1453.75
1484.8
1515.85
1546.9
1577.9
1608.95
1640
1671.05
1702.05
1733.1
1764.15
1795.2
1826.2
1857.25
1888.3
1919.35
1950.35
1981.4
2012.45
2043.5
2074.5
2105.55
2136.6
2167.65
2198.65
2229.7
2260.75
2291.8
2322.8
2353.85
2384.9
2415.95
2447
2478
2509.05
2540.1
2571.15
2602.15
2633.2
2664.25
2695.3
2726.3
2757.35
2788.4
2819.45
2850.45
2881.5
2912.55
2943.6
2974.6
3005.65
3036.7
3067.75
3098.75
3129.8
3160.85
3191.9
3222.9
3253.95
3285
3316.05
3347.05
3378.1
3409.15
3440.2
3471.25
3502.25
3533.3
3564.35
3595.4
3626.4
3657.45
3688.5
3719.55
3750.55
3781.6
3812.65
3843.7
3874.7
3905.75
3936.8
3967.85
3998.85
4029.9
4060.95
4092
4123
4154.05
4185.1
4216.15
4247.15
4278.2
4309.25
4340.3
4371.35
4402.35
4433.4
4464.45
4495.5
4526.5
4557.55
4588.6
4619.65
4650.65
4681.7
4712.75
4743.8
4774.8
4805.85
4836.9
4867.95
4898.95
4930
4961.05
4992.1
-1000
0.05
26
58.05
89.3
120.4
151.5
182.55
213.55
244.6
275.65
306.7
337.75
368.8
399.8
430.85
461.9
492.95
523.95
555
586.05
617.1
648.1
679.15
710.2
741.25
772.25
803.3
834.35
865.4
896.4
927.45
958.5
989.55
1020.55
1051.6
1082.65
1113.7
1144.75
1175.75
1206.8
1237.85
1268.9
1299.9
1330.95
1362
1393.05
1424.05
1455.1
1486.15
1517.2
1548.2
1579.25
1610.3
1641.35
1672.35
1703.4
1734.45
1765.5
1796.5
1827.55
1858.6
1889.65
1920.65
1951.7
1982.75
2013.8
2044.85
2075.85
2106.9
2137.95
2169
2200
2231.05
2262.1
2293.15
2324.15
2355.2
2386.25
2417.3
2448.3
2479.35
2510.4
2541.45
2572.45
2603.5
2634.55
2665.6
2696.6
2727.65
2758.7
2789.75
2820.75
2851.8
2882.85
2913.9
2944.9
2975.95
3007
3038.05
3069.1
3100.1
3131.15
3162.2
3193.25
3224.25
3255.3
3286.35
3317.4
3348.4
3379.45
3410.5
3441.55
3472.55
3503.6
3534.65
3565.7
3596.7
3627.75
3658.8
3689.85
3720.85
3751.9
3782.95
3814
3845
3876.05
3907.1
3938.15
3969.2
4000.2
4031.25
4062.3
4093.35
4124.35
4155.4
4186.45
4217.5
4248.5
4279.55
4310.6
4341.65
4372.65
4403.7
4434.75
4465.8
4496.8
4527.85
4558.9
4589.95
4620.95
4652
4683.05
4714.1
4745.1
4776.15
4807.2
4838.25
4869.3
4900.3
4931.35
4962.4
4993.45
