0.05
51.05
108.8
166.55
224.25
282
339.7
397.45
455.2
512.9
570.65
628.4
686.1
743.85
801.55
859.3
917.05
974.75
1032.5
1090.25
1147.95
1205.7
1263.4
1321.15
1378.9
1436.6
1494.35
1552.1
1609.8
1667.55
1725.25
1783
1840.75
1898.45
1956.2
2013.95
2071.65
2129.4
2187.1
2244.85
2302.6
2360.3
2418.05
2475.8
2533.5
2591.25
2648.95
2706.7
2764.45
2822.15
2879.9
2937.65
2995.35
3053.1
3110.8
3168.55
3226.3
3284
3341.75
3399.45
3457.2
3514.95
3572.65
3630.4
3688.15
3745.85
3803.6
3861.3
3919.05
3976.8
4034.5
4092.25
4150
4207.7
4265.45
4323.15
4380.9
4438.65
4496.35
4554.1
4611.85
4669.55
4727.3
4785
4842.75
4900.5
4958.2
-1000
0.05
26
57.05
85.75
116.35
144.25
174.85
202.4
233
260.3
290.95
318.15
348.8
375.95
406.6
433.7
464.35
491.45
522.1
549.2
579.85
606.95
637.6
664.7
695.35
722.4
753.05
780.15
810.8
837.85
868.55
895.6
926.25
953.35
984
1011.05
1041.7
1068.8
1099.45
1126.55
1157.2
1184.25
1214.9
1242
1272.65
1299.7
1330.4
1357.45
1388.1
1415.2
1445.85
1472.9
1503.55
1530.65
1561.3
1588.4
1619.05
1646.1
1676.75
1703.85
1734.5
1761.55
1792.25
1819.3
1849.95
1877.05
1907.7
1934.75
1965.4
1992.5
2023.15
2050.25
2080.9
2107.95
2138.6
2165.7
2196.35
2223.4
2254.1
2281.15
2311.8
2338.9
2369.55
2396.6
2427.25
2454.35
2485
