0.05
46.35
99.15
151.95
204.75
257.55
310.35
363.15
415.95
468.75
521.55
574.35
627.15
679.95
732.75
785.55
838.35
891.15
943.95
996.75
1049.55
1102.35
1155.15
1207.95
1260.75
1313.55
1366.35
1419.15
1471.95
1524.75
1577.55
1630.35
1683.15
1735.95
1788.7
1841.5
1894.3
1947.1
1999.9
2052.7
2105.5
2158.3
2211.1
2263.9
2316.7
2369.5
2422.3
2475.1
2527.9
2580.7
2633.5
2686.3
2739.1
2791.9
2844.7
2897.5
2950.3
3003.1
3055.9
3108.7
3161.5
3214.3
3267.1
3319.9
3372.7
3425.5
3478.3
3531.1
3583.9
3636.7
3689.5
3742.3
3795.1
3847.9
3900.7
3953.5
4006.3
4059.05
4111.85
4164.65
4217.45
4270.25
4323.05
4375.85
4428.65
4481.45
4534.25
4587.05
4639.85
4692.65
4745.45
4798.25
4851.05
4903.85
4956.65
-1000
0.05
26
62.2
92.15
121.4
151.95
178.7
214.25
243.05
276.45
306.75
334.25
365.65
392.6
429.2
458.75
489.65
520.15
546.7
580.1
607.9
643.6
673.6
702.5
733.05
759.8
795.6
824.55
857.6
887.9
915.2
946.85
973.85
1010.45
1040.15
1070.7
1101.2
1127.75
1161.55
1189.5
1224.85
1254.95
1283.55
1314.15
1340.95
1376.95
1406.05
1438.7
1469.05
1496.2
1528.05
1555.15
1591.75
1621.5
1651.75
1682.25
1708.85
1743.15
1771.35
1806.2
1836.4
1864.65
1895.35
1922.15
1958.45
1987.65
2019.85
2050.2
2077.15
2109.4
2136.65
2173.1
2202.9
2232.8
2263.35
2290.1
2325.05
2353.55
2387.75
2417.95
2445.8
2476.8
2503.65
2540.15
2569.55
2601.1
2631.55
2658.25
2691
2718.5
2754.65
2784.6
2814
2844.55
2871.4
