0.05
33.95
73.55
113.15
152.8
192.4
232
271.6
311.25
350.85
390.45
430.1
469.7
509.3
548.95
588.55
628.15
667.75
707.4
747
786.6
826.25
865.85
905.45
945.1
984.7
1024.3
1063.9
1103.55
1143.15
1182.75
1222.4
1262
1301.6
1341.25
1380.85
1420.45
1460.05
1499.7
1539.3
1578.9
1618.55
1658.15
1697.75
1737.4
1777
1816.6
1856.25
1895.85
1935.45
1975.05
2014.7
2054.3
2093.9
2133.55
2173.15
2212.75
2252.4
2292
2331.6
2371.2
2410.85
2450.45
2490.05
2529.7
2569.3
2608.9
2648.55
2688.15
2727.75
2767.35
2807
2846.6
2886.2
2925.85
2965.45
3005.05
3044.7
3084.3
3123.9
3163.55
3203.15
3242.75
3282.35
3322
3361.6
3401.2
3440.85
3480.45
3520.05
3559.7
3599.3
3638.9
3678.5
3718.15
3757.75
3797.35
3837
3876.6
3916.2
3955.85
3995.45
4035.05
4074.65
4114.3
4153.9
4193.5
4233.15
4272.75
4312.35
4352
4391.6
4431.2
4470.85
4510.45
4550.05
4589.65
4629.3
4668.9
4708.5
4748.15
4787.75
4827.35
4867
4906.6
4946.2
4985.8
-1000
0.05
26
62.05
97.7
128.1
155.15
185.8
220.95
256.7
288.2
315.65
345.2
379.95
415.85
448.55
476.55
504.8
539.05
575.05
609
637.5
664.5
698.15
734
768.65
797.5
824
857.15
892.9
927.95
957
983.75
1016.2
1051.85
1087.2
1116.55
1143.35
1175.2
1210.65
1246.2
1276.1
1303
1334.15
1369.5
1405.2
1435.95
1463.1
1493.35
1528.4
1564.25
1596.15
1623.75
1652.85
1687.5
1723.35
1756.55
1784.7
1812.5
1846.55
1882.55
1916.8
1945.45
1972.2
2005.65
2041.45
2076.25
2105.15
2131.85
2164.7
2200.4
2235.6
2264.75
2291.45
2323.7
2359.25
2394.7
2424.25
2451.05
2482.65
2518.1
2553.7
2583.85
2610.8
2641.7
2676.95
2712.7
2743.8
2771.1
2801
2835.9
2871.75
2904.15
2931.95
2960.6
2995
3030.9
3064.5
3092.85
3120.2
3154.1
3189.95
3224.35
3253.1
3279.7
3313.05
3348.85
3383.75
3412.7
3439.5
3472.2
3507.85
3543.15
3572.35
3599.1
3631.15
3666.7
3702.2
3731.9
3758.75
3790.15
3825.5
3861.15
3891.55
3918.6
3949.25
3984.45
4020.2
