0.05
31.15
67.75
104.4
141
177.6
214.25
250.85
287.5
324.1
360.7
397.35
433.95
470.55
507.2
543.8
580.45
617.05
653.65
690.3
726.9
763.5
800.15
836.75
873.4
910
946.6
983.25
1019.85
1056.45
1093.1
1129.7
1166.35
1202.95
1239.55
1276.2
1312.8
1349.4
1386.05
1422.65
1459.25
1495.9
1532.5
1569.15
1605.75
1642.35
1679
1715.6
1752.2
1788.85
1825.45
1862.1
1898.7
1935.3
1971.95
2008.55
2045.15
2081.8
2118.4
2155.05
2191.65
2228.25
2264.9
2301.5
2338.1
2374.75
2411.35
2448
2484.6
2521.2
2557.85
2594.45
2631.05
2667.7
2704.3
2740.95
2777.55
2814.15
2850.8
2887.4
2924
2960.65
2997.25
3033.85
3070.5
3107.1
3143.75
3180.35
3216.95
3253.6
3290.2
3326.8
3363.45
3400.05
3436.7
3473.3
3509.9
3546.55
3583.15
3619.75
3656.4
3693
3729.65
3766.25
3802.85
3839.5
3876.1
3912.7
3949.35
3985.95
4022.6
4059.2
4095.8
4132.45
4169.05
4205.65
4242.3
4278.9
4315.55
4352.15
4388.75
4425.4
4462
4498.6
4535.25
4571.85
4608.5
4645.1
4681.7
4718.35
4754.95
4791.55
4828.2
4864.8
4901.4
4938.05
4974.65
-1000
0.05
26
57.6
91.6
126.65
162.1
197.65
233.1
268
301
329.25
355.8
387.1
421.15
456.2
491.65
527.2
562.65
597.65
630.6
658.9
685.55
716.8
750.75
785.8
821.25
856.8
892.35
927.3
960.45
988.85
1015.65
1046.6
1080.45
1115.45
1150.9
1186.45
1221.9
1256.9
1290
1318.35
1345.2
1376.15
1410
1445
1480.45
1516
1551.45
1586.45
1619.55
1647.9
1674.7
1705.7
1739.55
1774.55
1810
1845.55
1881.1
1916.15
1949.45
1977.9
2004.7
2035.45
2069.2
2104.2
2139.65
2175.25
2210.75
2245.8
2279.3
2307.8
2334.55
2365.1
2398.85
2433.8
2469.3
2504.85
2540.35
2575.4
2608.95
2637.5
2664.25
2694.75
2728.45
2763.45
2798.85
2834.4
2869.9
2904.95
2938.45
2966.95
2993.7
3024.25
3058
3092.95
3128.35
3163.95
3199.4
3234.45
3267.8
3296.3
3323
3353.7
3387.5
3422.5
3457.9
3493.45
3528.95
3563.95
3597.25
3625.7
3652.45
3683.25
3717.05
3752.1
3787.5
3823.05
3858.55
3893.55
3926.95
3955.4
3982.15
4012.85
4046.7
4081.65
4117.05
4152.6
4188.1
4223.1
4256.45
4284.9
4311.65
4342.4
4376.2
4411.2
4446.6
4482.15
