0.05
22.7
50.05
77.4
104.8
132.15
159.5
186.85
214.25
241.6
268.95
296.35
323.7
351.05
378.45
405.8
433.15
460.5
487.9
515.25
542.6
570
597.35
624.7
652.1
679.45
706.8
734.15
761.55
788.9
816.25
843.65
871
898.35
925.75
953.1
980.45
1007.8
1035.2
1062.55
1089.9
1117.3
1144.65
1172
1199.35
1226.75
1254.1
1281.45
1308.85
1336.2
1363.55
1390.95
1418.3
1445.65
1473
1500.4
1527.75
1555.1
1582.5
1609.85
1637.2
1664.6
1691.95
1719.3
1746.65
1774.05
1801.4
1828.75
1856.15
1883.5
1910.85
1938.25
1965.6
1992.95
2020.3
2047.7
2075.05
2102.4
2129.8
2157.15
2184.5
2211.9
2239.25
2266.6
2293.95
2321.35
2348.7
2376.05
2403.45
2430.8
2458.15
2485.5
2512.9
2540.25
2567.6
2595
2622.35
2649.7
2677.1
2704.45
2731.8
2759.15
2786.55
2813.9
2841.25
2868.65
2896
2923.35
2950.75
2978.1
3005.45
3032.8
3060.2
3087.55
3114.9
3142.3
3169.65
3197
3224.4
3251.75
3279.1
3306.45
3333.85
3361.2
3388.55
3415.95
3443.3
3470.65
3498.05
3525.4
3552.75
3580.1
3607.5
3634.85
3662.2
3689.6
3716.95
3744.3
3771.65
3799.05
3826.4
3853.75
3881.15
3908.5
3935.85
3963.25
3990.6
4017.95
4045.3
4072.7
4100.05
4127.4
4154.8
4182.15
4209.5
4236.9
4264.25
4291.6
4318.95
4346.35
4373.7
4401.05
4428.45
4455.8
4483.15
4510.55
4537.9
4565.25
4592.6
4620
4647.35
4674.7
4702.1
4729.45
4756.8
4784.15
4811.55
4838.9
4866.25
4893.65
4921
4948.35
4975.75
-1000
0.05
26
56.2
84.65
112.55
140.2
167.75
195.2
222.6
250
277.35
304.75
332.1
359.5
386.85
414.2
441.55
468.95
496.3
523.65
551.05
578.4
605.75
633.15
660.5
687.85
715.2
742.6
769.95
797.3
824.7
852.05
879.4
906.75
934.15
961.45
988.85
1016.25
1043.6
1070.95
1098.35
1125.7
1153.05
1180.4
1207.8
1235.15
1262.5
1289.9
1317.25
1344.6
1372
1399.35
1426.7
1454.05
1481.45
1508.8
1536.15
1563.55
1590.9
1618.25
1645.65
1673
1700.35
1727.7
1755.1
1782.45
1809.8
1837.2
1864.55
1891.9
1919.3
1946.65
1974
2001.35
2028.75
2056.1
2083.45
2110.85
2138.2
2165.55
2192.9
2220.3
2247.65
2275
2302.4
2329.75
2357.1
2384.5
2411.85
2439.2
2466.55
2493.95
2521.3
2548.65
2576.05
2603.4
2630.75
2658.15
2685.5
2712.85
2740.2
2767.6
2794.95
2822.3
2849.7
2877.05
2904.4
2931.8
2959.15
2986.5
3013.85
3041.25
3068.6
3095.95
3123.35
3150.7
3178.05
3205.4
3232.8
3260.1
3287.5
3314.9
3342.25
3369.6
3397
3424.35
3451.7
3479.05
3506.45
3533.8
3561.15
3588.55
3615.9
3643.25
3670.65
3698
3725.35
3752.7
3780.1
3807.45
3834.8
3862.2
3889.55
3916.9
3944.3
3971.65
3999
4026.35
4053.75
4081.1
4108.45
4135.85
4163.2
4190.55
4217.95
4245.3
4272.65
4300
4327.4
4354.75
4382.1
4409.5
4436.85
4464.2
4491.55
4518.95
4546.25
4573.65
4601.05
4628.4
4655.75
4683.15
4710.5
4737.85
4765.2
4792.6
4819.95
4847.3
4874.7
4902.05
4929.4
4956.8
4984.15
