0.05
17.9
39.85
61.85
83.85
105.85
127.85
149.85
171.85
193.85
215.85
237.85
259.85
281.85
303.85
325.8
347.8
369.8
391.8
413.8
435.8
457.8
479.8
501.8
523.8
545.8
567.8
589.8
611.75
633.75
655.75
677.75
699.75
721.75
743.75
765.75
787.75
809.75
831.75
853.75
875.7
897.7
919.7
941.7
963.7
985.7
1007.7
1029.7
1051.7
1073.7
1095.7
1117.7
1139.7
1161.65
1183.65
1205.65
1227.65
1249.65
1271.65
1293.65
1315.65
1337.65
1359.65
1381.65
1403.65
1425.65
1447.6
1469.6
1491.6
1513.6
1535.6
1557.6
1579.6
1601.6
1623.6
1645.6
1667.6
1689.6
1711.55
1733.55
1755.55
1777.55
1799.55
1821.55
1843.55
1865.55
1887.55
1909.55
1931.55
1953.55
1975.55
1997.5
2019.5
2041.5
2063.5
2085.5
2107.5
2129.5
2151.5
2173.5
2195.5
2217.5
2239.5
2261.5
2283.45
2305.45
2327.45
2349.45
2371.45
2393.45
2415.45
2437.45
2459.45
2481.45
2503.45
2525.45
2547.4
2569.4
2591.4
2613.4
2635.4
2657.4
2679.4
2701.4
2723.4
2745.4
2767.4
2789.4
2811.4
2833.35
2855.35
2877.35
2899.35
2921.35
2943.35
2965.35
2987.35
3009.35
3031.35
3053.35
3075.35
3097.35
3119.3
3141.3
3163.3
3185.3
3207.3
3229.3
3251.3
3273.3
3295.3
3317.3
3339.3
3361.3
3383.25
3405.25
3427.25
3449.25
3471.25
3493.25
3515.25
3537.25
3559.25
3581.25
3603.25
-1000
0.05
26
58
86.65
119.2
147.85
179.05
210.45
238.4
270.9
300.6
329.95
362.25
390.45
422.1
453.05
481.2
513.8
543.1
573.5
605.45
633.35
665.55
695.85
724.45
757
785.7
816.9
848.3
876.25
908.7
938.45
967.7
1000.05
1028.25
1059.9
1090.9
1119.05
1151.7
1180.95
1211.3
1243.25
1271.15
1303.3
1333.65
1362.2
1394.8
1423.5
1454.65
1486.1
1514.05
1546.5
1576.3
1605.45
1637.85
1666.1
1697.85
1728.8
1756.95
1789.55
1818.85
1849.1
1881.1
1909
1941.15
1971.5
2000.05
2032.6
2061.4
2092.55
2124
2151.95
2184.4
2214.2
2243.5
2275.95
2304.1
2335.75
2366.7
2394.85
2427.45
2456.75
2487
2519
2546.9
2579
2609.35
2637.9
2670.5
2699.25
2730.45
2761.9
2789.85
2822.4
2852.1
2881.4
2913.8
2941.95
2973.65
3004.6
3032.75
3065.3
3094.6
3124.95
3156.85
3184.8
3216.9
3247.3
3275.85
3308.45
3337.2
3368.5
3399.9
3427.9
3460.35
3490.05
3519.4
3551.75
3579.9
3611.6
3642.5
3670.7
3703.25
3732.5
3762.85
3794.8
3822.7
3854.85
3885.2
3913.9
3946.5
3975.15
4006.35
4037.75
4065.7
4098.15
4127.9
4157.15
4189.55
4217.7
4249.35
4280.3
4308.45
4341.05
4370.35
4400.55
4432.55
4460.5
4492.7
4523.05
4551.6
4584.2
4612.95
4644.15
4675.55
4703.55
4736
4765.75
4795
4827.35
4855.6
4887.2
4918.2
4946.35
4978.9
