0.05
19.75
43.8
67.9
91.95
116.05
140.1
164.2
188.25
212.35
236.45
260.5
284.6
308.65
332.75
356.8
380.9
404.95
429.05
453.15
477.2
501.3
525.35
549.45
573.5
597.6
621.65
645.75
669.85
693.9
718
742.05
766.15
790.2
814.3
838.35
862.45
886.5
910.6
934.7
958.75
982.85
1006.9
1031
1055.05
1079.15
1103.2
1127.3
1151.4
1175.45
1199.55
1223.6
1247.7
1271.75
1295.85
1319.9
1344
1368.1
1392.15
1416.25
1440.3
1464.4
1488.45
1512.55
1536.6
1560.7
1584.75
1608.85
1632.95
1657
1681.1
1705.15
1729.25
1753.3
1777.4
1801.45
1825.55
1849.65
1873.7
1897.8
1921.85
1945.95
1970
1994.1
2018.15
2042.25
2066.35
2090.4
2114.5
2138.55
2162.65
2186.7
2210.8
2234.85
2258.95
2283
2307.1
2331.2
2355.25
2379.35
2403.4
2427.5
2451.55
2475.65
2499.7
2523.8
2547.9
2571.95
2596.05
2620.1
2644.2
2668.25
2692.35
2716.4
2740.5
2764.6
2788.65
2812.75
2836.8
2860.9
2884.95
2909.05
2933.1
2957.2
2981.25
3005.35
3029.45
3053.5
3077.6
3101.65
3125.75
3149.8
3173.9
3197.95
3222.05
3246.15
3270.2
3294.3
3318.35
3342.45
3366.5
3390.6
3414.65
3438.75
3462.85
3486.9
3511
3535.05
3559.15
3583.2
3607.3
3631.35
3655.45
3679.55
3703.6
3727.7
3751.75
3775.85
3799.9
3824
3848.05
3872.15
3896.2
3920.3
3944.4
3968.45
3992.55
4016.6
4040.7
-1000
0.05
27.6
60.4
91.45
119.2
146.4
178.15
210.3
238.75
265.4
295.4
328.4
358
384.95
413.7
446.75
477.3
504.75
532.7
565.25
596.65
624.6
651.5
682.8
715.3
744.05
770.75
800.35
833.5
863.3
890.4
919.05
952.1
982.75
1010.3
1038.05
1070.4
1102.05
1130.05
1156.85
1187.7
1220.45
1249.45
1276.2
1305.55
1338.65
1368.7
1395.9
1424.55
1457.45
1488.25
1515.85
1543.4
1575.55
1607.35
1635.55
1662.2
1692.7
1725.55
1754.8
1781.65
1810.7
1843.8
1874.1
1901.4
1929.8
1962.6
1993.6
2021.35
2048.6
2080.55
2112.6
2140.95
2167.6
2197.8
2230.8
2260.25
2287.15
2316
2349.15
2379.55
2406.95
2435.15
2467.85
2499.05
2526.85
2553.9
2585.35
2617.75
2646.35
2673
2702.9
2735.95
2765.6
2792.6
2821.35
2854.35
2885
2912.45
2940.35
2972.8
3004.3
3032.3
3059.05
3090
3122.7
3151.65
3178.35
3207.8
3240.9
3270.9
3298.1
3326.7
3359.65
3390.4
3418
3445.65
3478
3509.65
3537.75
3564.45
3595.15
3628
3657.1
3683.9
3713.1
3746.3
3776.4
3803.65
3832.15
3865.05
3895.95
3923.55
3951
3983.05
4014.95
4043.25
4069.9
4100.35
4133.25
4162.55
4189.35
4218.4
4251.45
4281.8
4309.15
4337.45
4370.25
4401.3
4429.05
4456.2
4487.9
4520.1
4548.6
4575.25
4605.3
4638.35
4667.9
4694.85
4723.6
4756.65
4787.2
4814.65
4842.65
4875.35
4906.65
4934.5
4961.4
4992.65
