0.05
25.75
56.5
87.2
117.95
148.7
179.4
210.15
240.9
271.65
302.35
333.1
363.85
394.6
425.3
456.05
486.8
517.5
548.25
579
609.75
640.45
671.2
701.95
732.65
763.4
794.15
824.9
855.6
886.35
917.1
947.85
978.55
1009.3
1040.05
1070.75
1101.5
1132.25
1163
1193.7
1224.45
1255.2
1285.9
1316.65
1347.4
1378.15
1408.85
1439.6
1470.35
1501.1
1531.8
1562.55
1593.3
1624
1654.75
1685.5
1716.25
1746.95
1777.7
1808.45
1839.15
1869.9
1900.65
1931.4
1962.1
1992.85
2023.6
2054.35
2085.05
2115.8
2146.55
2177.25
2208
2238.75
2269.5
2300.2
2330.95
2361.7
2392.4
2423.15
2453.9
2484.65
2515.35
2546.1
2576.85
2607.6
2638.3
2669.05
2699.8
2730.5
2761.25
2792
2822.75
2853.45
2884.2
2914.95
2945.65
2976.4
3007.15
3037.9
3068.6
3099.35
3130.1
3160.85
3191.55
3222.3
3253.05
3283.75
3314.5
3345.25
3376
3406.7
3437.45
3468.2
3498.9
3529.65
3560.4
3591.15
3621.85
3652.6
3683.35
3714.1
3744.8
3775.55
3806.3
3837
3867.75
3898.5
3929.25
3959.95
3990.7
4021.45
4052.15
4082.9
4113.65
4144.4
4175.1
4205.85
4236.6
4267.35
4298.05
4328.8
4359.55
4390.25
4421
4451.75
4482.5
4513.2
4543.95
4574.7
4605.4
4636.15
4666.9
4697.65
4728.35
4759.1
4789.85
4820.6
4851.3
4882.05
4912.8
4943.5
4974.25
-1000
0.05
26
60.1
92.05
123.3
154.35
185.2
216
246.75
277.5
308.25
339
369.75
400.5
431.2
461.95
492.7
523.45
554.15
584.9
615.65
646.35
677.1
707.85
738.6
769.3
800.05
830.8
861.55
892.25
923
953.75
984.45
1015.2
1045.95
1076.7
1107.4
1138.15
1168.9
1199.6
1230.35
1261.1
1291.85
1322.55
1353.3
1384.05
1414.8
1445.5
1476.25
1507
1537.7
1568.45
1599.2
1629.95
1660.65
1691.4
1722.15
1752.85
1783.6
1814.35
1845.1
1875.8
1906.55
1937.3
1968.05
1998.75
2029.5
2060.25
2090.95
2121.7
2152.45
2183.2
2213.9
2244.65
2275.4
2306.1
2336.85
2367.6
2398.35
2429.05
2459.8
2490.55
2521.3
2552
2582.75
2613.5
2644.2
2674.95
2705.7
2736.45
2767.15
2797.9
2828.65
2859.35
2890.1
2920.85
2951.6
2982.3
3013.05
3043.8
3074.55
3105.25
3136
3166.75
3197.45
3228.2
3258.95
3289.7
3320.4
3351.15
3381.9
3412.6
3443.35
3474.1
3504.85
3535.55
3566.3
3597.05
3627.8
3658.5
3689.25
3720
3750.7
3781.45
3812.2
3842.95
3873.65
3904.4
3935.15
3965.85
3996.6
4027.35
4058.1
4088.8
4119.55
4150.3
4181.05
4211.75
4242.5
4273.25
4303.95
4334.7
4365.45
4396.2
4426.9
4457.65
4488.4
4519.1
4549.85
4580.6
4611.35
4642.05
4672.8
4703.55
4734.3
4765
4795.75
4826.5
4857.2
4887.95
4918.7
4949.45
4980.15
