0.05
18.5
41.2
63.85
86.55
109.25
131.95
154.6
177.3
200
222.7
245.35
268.05
290.75
313.45
336.15
358.8
381.5
404.2
426.9
449.55
472.25
494.95
517.65
540.3
563
585.7
608.4
631.05
653.75
676.45
699.15
721.85
744.5
767.2
789.9
812.6
835.25
857.95
880.65
903.35
926
948.7
971.4
994.1
1016.75
1039.45
1062.15
1084.85
1107.55
1130.2
1152.9
1175.6
1198.3
1220.95
1243.65
1266.35
1289.05
1311.7
1334.4
1357.1
1379.8
1402.45
1425.15
1447.85
1470.55
1493.2
1515.9
1538.6
1561.3
1584
1606.65
1629.35
1652.05
1674.75
1697.4
1720.1
1742.8
1765.5
1788.15
1810.85
1833.55
1856.25
1878.9
1901.6
1924.3
1947
1969.7
1992.35
2015.05
2037.75
2060.45
2083.1
2105.8
2128.5
2151.2
2173.85
2196.55
2219.25
2241.95
2264.6
2287.3
2310
2332.7
2355.35
2378.05
2400.75
2423.45
2446.15
2468.8
2491.5
2514.2
2536.9
2559.55
2582.25
2604.95
2627.65
2650.3
2673
2695.7
2718.4
2741.05
2763.75
2786.45
2809.15
2831.85
2854.5
2877.2
2899.9
2922.6
2945.25
2967.95
2990.65
3013.35
3036
3058.7
3081.4
3104.1
3126.75
3149.45
3172.15
3194.85
3217.55
3240.2
3262.9
3285.6
3308.3
3330.95
3353.65
3376.35
3399.05
3421.7
3444.4
3467.1
3489.8
3512.45
3535.15
3557.85
3580.55
3603.2
3625.9
3648.6
3671.3
3694
3716.65
3739.35
-1000
0.05
29.45
61.95
90.3
120.7
153.1
181.25
211.75
244
272.05
302.6
334.8
362.85
393.45
425.6
453.65
484.2
516.4
544.4
575
607.15
635.2
665.8
697.95
725.95
756.55
788.7
816.7
847.3
879.45
907.45
938.05
970.2
998.2
1028.9
1061
1089
1119.7
1151.8
1179.75
1210.55
1242.6
1270.55
1301.4
1333.4
1361.3
1392.2
1424.2
1452.1
1482.85
1514.9
1542.8
1573.55
1605.65
1633.55
1664.3
1696.4
1724.3
1755.05
1787.15
1815.05
1845.8
1877.9
1905.8
1936.5
1968.6
1996.55
2027.25
2059.35
2087.25
2117.95
2150.05
2178
2208.7
2240.8
2268.75
2299.4
2331.55
2359.55
2390.2
2422.35
2450.3
2480.95
2513.05
2541.05
2571.7
2603.8
2631.8
2662.4
2694.55
2722.55
2753.2
2785.35
2813.3
2844.1
2876.15
2904.1
2934.95
2966.95
2994.85
3025.75
3057.75
3085.65
3116.4
3148.45
3176.35
3207.1
3239.15
3267.1
3297.8
3329.9
3357.85
3388.55
3420.7
3448.6
3479.3
3511.45
3539.35
3570.05
3602.15
3630.1
3660.8
3692.9
3720.85
3751.5
3783.65
3811.55
3842.25
3874.35
3902.3
3932.95
3965.1
3993.1
4023.8
4055.9
4083.85
4114.5
4146.6
4174.6
4205.25
4237.35
4265.35
4295.95
4328.1
4356.1
4386.7
4418.85
4446.85
4477.5
4509.6
4537.6
4568.4
4600.45
4628.4
4659.25
4691.25
4719.15
4750.05
4782.05
4809.95
4840.7
4872.75
4900.65
4931.4
4963.5
4991.4
