0.05
23.55
51.85
80.15
108.45
136.75
165.05
193.35
221.65
249.95
278.3
306.6
334.9
363.2
391.5
419.8
448.1
476.4
504.7
533
561.35
589.65
617.95
646.25
674.55
702.85
731.15
759.45
787.75
816.05
844.4
872.7
901
929.3
957.6
985.9
1014.2
1042.5
1070.8
1099.1
1127.45
1155.75
1184.05
1212.35
1240.65
1268.95
1297.25
1325.55
1353.85
1382.15
1410.5
1438.8
1467.1
1495.4
1523.7
1552
1580.3
1608.6
1636.9
1665.2
1693.5
1721.85
1750.15
1778.45
1806.75
1835.05
1863.35
1891.65
1919.95
1948.25
1976.55
2004.9
2033.2
2061.5
2089.8
2118.1
2146.4
2174.7
2203
2231.3
2259.6
2287.95
2316.25
2344.55
2372.85
2401.15
2429.45
2457.75
2486.05
2514.35
2542.65
2571
2599.3
2627.6
2655.9
2684.2
2712.5
2740.8
2769.1
2797.4
2825.7
2854.05
2882.35
2910.65
2938.95
2967.25
2995.55
3023.85
3052.15
3080.45
3108.75
3137.1
3165.4
3193.7
3222
3250.3
3278.6
3306.9
3335.2
3363.5
3391.8
3420.15
3448.45
3476.75
3505.05
3533.35
3561.65
3589.95
3618.25
3646.55
3674.85
3703.15
3731.5
3759.8
3788.1
3816.4
3844.7
3873
3901.3
3929.6
3957.9
3986.2
4014.55
4042.85
4071.15
4099.45
4127.75
4156.05
4184.35
4212.65
4240.95
4269.25
4297.6
4325.9
4354.2
4382.5
4410.8
4439.1
4467.4
4495.7
4524
4552.3
4580.65
4608.95
4637.25
4665.55
4693.85
4722.15
4750.45
4778.75
4807.05
4835.35
4863.7
4892
4920.3
4948.6
4976.9
-1000
0.05
26.05
52.8
79.35
106.35
133.95
161.9
190.05
218.25
246.5
274.8
303.05
331.4
359.7
388
416.3
444.6
472.9
501.2
529.5
557.8
586.1
614.45
642.75
671.05
699.35
727.65
755.95
784.25
812.55
840.85
869.15
897.5
925.8
954.1
982.4
1010.7
1039
1067.3
1095.6
1123.9
1152.2
1180.5
1208.8
1237.15
1265.45
1293.75
1322.05
1350.35
1378.65
1406.95
1435.25
1463.55
1491.9
1520.2
1548.5
1576.8
1605.1
1633.4
1661.7
1690
1718.3
1746.6
1774.95
1803.25
1831.55
1859.85
1888.15
1916.45
1944.75
1973.05
2001.35
2029.65
2058
2086.3
2114.6
2142.9
2171.2
2199.5
2227.8
2256.1
2284.4
2312.7
2341.05
2369.35
2397.65
2425.95
2454.25
2482.55
2510.85
2539.15
2567.45
2595.75
2624.1
2652.4
2680.7
2709
2737.3
2765.6
2793.9
2822.2
2850.5
2878.8
2907.15
2935.45
2963.75
2992.05
3020.35
3048.65
3076.95
3105.25
3133.55
3161.85
3190.15
3218.45
3246.8
3275.1
3303.4
3331.7
3360
3388.3
3416.6
3444.9
3473.2
3501.55
3529.85
3558.15
3586.45
3614.75
3643.05
3671.35
3699.65
3727.95
3756.25
3784.6
3812.9
3841.2
3869.5
3897.8
3926.1
3954.4
3982.7
4011
4039.3
4067.65
4095.95
4124.25
4152.55
4180.85
4209.15
4237.45
4265.75
4294.05
4322.35
4350.7
4379
4407.3
4435.6
4463.9
4492.2
4520.5
4548.8
4577.1
4605.4
4633.75
4662.05
4690.35
4718.65
4746.95
4775.25
4803.55
4831.85
4860.15
4888.45
4916.75
4945.05
4973.4
