0.05
21.2
46.85
72.55
98.25
123.95
149.65
175.35
201
226.7
252.4
278.1
303.8
329.5
355.15
380.85
406.55
432.25
457.95
483.6
509.3
535
560.7
586.4
612.1
637.75
663.45
689.15
714.85
740.55
766.25
791.9
817.6
843.3
869
894.7
920.4
946.05
971.75
997.45
1023.15
1048.85
1074.55
1100.2
1125.9
1151.6
1177.3
1203
1228.7
1254.35
1280.05
1305.75
1331.45
1357.15
1382.85
1408.5
1434.2
1459.9
1485.6
1511.3
1537
1562.65
1588.35
1614.05
1639.75
1665.45
1691.15
1716.8
1742.5
1768.2
1793.9
1819.6
1845.3
1870.95
1896.65
1922.35
1948.05
1973.75
1999.45
2025.1
2050.8
2076.5
2102.2
2127.9
2153.6
2179.25
2204.95
2230.65
2256.35
2282.05
2307.7
2333.4
2359.1
2384.8
2410.5
2436.2
2461.85
2487.55
2513.25
2538.95
2564.65
2590.35
2616
2641.7
2667.4
2693.1
2718.8
2744.5
2770.15
2795.85
2821.55
2847.25
2872.95
2898.65
2924.3
2950
2975.7
3001.4
3027.1
3052.8
3078.45
3104.15
3129.85
3155.55
3181.25
3206.95
3232.6
3258.3
3284
3309.7
3335.4
3361.1
3386.75
3412.45
3438.15
3463.85
3489.55
3515.25
3540.9
3566.6
3592.3
3618
3643.7
3669.4
3695.05
3720.75
3746.45
3772.15
3797.85
3823.55
3849.2
3874.9
3900.6
3926.3
3952
3977.65
4003.35
4029.05
4054.75
4080.45
4106.15
4131.8
4157.5
4183.2
4208.9
4234.6
4260.3
4285.95
4311.65
4337.35
4363.05
4388.75
4414.45
4440.1
4465.8
-1000
0.05
26
53.25
79.8
106.4
133.4
162.05
194.9
227.25
256.45
283.95
310.7
337.2
364.1
392
423.45
456.7
486.8
514.7
541.6
568.15
594.85
622.15
651.9
685.35
716.7
745.25
772.45
799.05
825.6
852.5
880.75
913
945.85
975.45
1003.1
1029.9
1056.4
1083.3
1110.85
1141.6
1175.1
1205.65
1233.85
1260.8
1287.35
1314
1341.05
1369.95
1403.05
1435.1
1464.15
1491.55
1518.25
1544.75
1571.7
1599.65
1631.3
1664.45
1694.45
1722.25
1749.15
1775.65
1802.45
1829.75
1859.8
1893.25
1924.4
1952.85
1980.05
2006.6
2033.2
2060.1
2088.55
2121
2153.65
2183.1
2210.7
2237.45
2263.95
2290.85
2318.6
2349.7
2383.1
2413.4
2441.45
2468.4
2494.9
2521.6
2548.75
2578
2611.35
2643.05
2671.85
2699.2
2725.85
2752.35
2779.25
2807.35
2839.2
2872.25
2902.1
2929.85
2956.7
2983.2
3010
3037.4
3067.75
3101.25
3132.15
3160.5
3187.6
3214.15
3240.75
3267.75
3296.35
3329.1
3361.5
3390.75
3418.3
3445.05
3471.55
3498.45
3526.35
3557.75
3591.05
3621.15
3649.1
3676
3702.5
3729.2
3756.5
3786.15
3819.6
3851
3879.6
3906.8
3933.4
3959.95
3986.9
4015.25
4047.6
4080.35
4109.9
4137.55
4164.3
4190.8
4217.7
4245.35
4276.45
4309.85
4340.2
4368.3
4395.25
4421.8
4448.45
4475.65
4504.95
4538.25
4570
4598.75
4626.05
4652.7
4679.25
4706.15
4734.35
4766.4
4799.35
4829.05
4856.8
4883.65
4910.1
4936.95
4964.45
4995
