0.05
46.35
99.15
151.95
204.75
257.55
310.35
363.15
415.95
468.75
521.55
574.35
627.15
679.95
732.75
785.55
838.35
891.15
943.95
996.75
1049.55
1102.35
1155.15
1207.95
1260.75
1313.55
1366.35
1419.15
1471.95
1524.75
1577.55
1630.35
1683.15
1735.95
1788.7
1841.5
1894.3
1947.1
1999.9
2052.7
2105.5
2158.3
2211.1
2263.9
2316.7
2369.5
2422.3
2475.1
2527.9
2580.7
2633.5
2686.3
2739.1
2791.9
2844.7
2897.5
2950.3
3003.1
3055.9
3108.7
3161.5
3214.3
3267.1
3319.9
3372.7
3425.5
3478.3
3531.1
3583.9
3636.7
3689.5
3742.3
3795.1
3847.9
3900.7
3953.5
4006.3
4059.05
4111.85
4164.65
4217.45
4270.25
4323.05
4375.85
4428.65
4481.45
4534.25
4587.05
4639.85
4692.65
4745.45
4798.25
4851.05
4903.85
4956.65
-1000
0.05
26
61.85
90.65
124.05
154.35
181.8
213.2
240.15
276.75
306.35
337.25
367.7
394.3
427.7
455.45
491.15
521.2
550.1
580.65
607.4
643.2
672.15
705.15
735.5
762.8
794.4
821.45
858.05
887.7
918.3
948.8
975.35
1009.15
1037.1
1072.45
1102.55
1131.15
1161.75
1188.55
1224.55
1253.6
1286.3
1316.65
1343.8
1375.65
1402.75
1439.3
1469.05
1499.35
1529.85
1556.45
1590.7
1618.9
1653.8
1683.95
1712.2
1742.9
1769.7
1805.95
1835.15
1867.4
1897.75
1924.75
1956.95
1984.15
2020.65
2050.45
2080.4
2110.9
2137.65
2172.55
2201
2235.25
2265.5
2293.35
2324.35
2351.2
2387.65
2417.05
2448.65
2479.1
2505.85
2538.55
2565.95
2602.2
2632.1
2661.55
2692.1
2718.95
2754.4
2783.15
2816.7
2847
2874.5
