0.05
52.45
111.6
170.75
229.9
289.05
348.2
407.35
466.5
525.65
584.8
643.95
703.1
762.25
821.4
880.55
939.7
998.85
1058
1117.15
1176.3
1235.45
1294.6
1353.75
1412.9
1472.05
1531.2
1590.35
1649.5
1708.65
1767.8
1826.95
1886.1
1945.25
2004.4
2063.55
2122.7
2181.85
2241
2300.15
2359.3
2418.45
2477.6
2536.75
2595.9
2655.05
2714.2
2773.35
2832.5
2891.65
2950.8
3009.95
3069.1
3128.25
3187.4
3246.55
3305.7
3364.85
3424
3483.15
3542.3
3601.45
3660.6
3719.75
3778.9
3838.05
3897.2
3956.35
4015.5
4074.65
4133.8
4192.95
4252.1
4311.25
4370.4
4429.55
4488.7
4547.85
4607
4666.15
4725.3
4784.45
4843.6
4902.75
4961.9
-1000
0.05
26
61.75
90.5
126.85
156.75
189.9
220.25
250.95
281.45
311.05
341.55
370.6
401.2
430
460.55
489.25
519.8
548.45
579
607.6
638.2
666.8
697.35
725.95
756.5
785.1
815.65
844.25
874.8
903.4
933.95
962.55
993.1
1021.7
1052.25
1080.85
1111.4
1140
1170.55
1199.15
1229.7
1258.3
1288.85
1317.45
1348
1376.6
1407.15
1435.75
1466.3
1494.9
1525.45
1554.05
1584.6
1613.2
1643.75
1672.35
1702.9
1731.5
1762.05
1790.65
1821.2
1849.8
1880.35
1908.95
1939.5
1968.1
1998.65
2027.25
2057.8
2086.4
2116.95
2145.55
2176.1
2204.7
2235.25
2263.85
2294.4
2323
2353.55
2382.15
2412.7
2441.3
2471.85
2500.45
