0.05
28.85
62.95
97.05
131.2
165.3
199.4
233.55
267.65
301.75
335.9
370
404.1
438.2
472.35
506.45
540.55
574.7
608.8
642.9
677.05
711.15
745.25
779.4
813.5
847.6
881.75
915.85
949.95
984.05
1018.2
1052.3
1086.4
1120.55
1154.65
1188.75
1222.9
1257
1291.1
1325.25
1359.35
1393.45
1427.55
1461.7
1495.8
1529.9
1564.05
1598.15
1632.25
1666.4
1700.5
1734.6
1768.75
1802.85
1836.95
1871.1
1905.2
1939.3
1973.4
2007.55
2041.65
2075.75
2109.9
2144
2178.1
2212.25
2246.35
2280.45
2314.6
2348.7
2382.8
2416.9
2451.05
2485.15
2519.25
2553.4
2587.5
2621.6
2655.75
2689.85
2723.95
2758.1
2792.2
2826.3
2860.4
2894.55
2928.65
2962.75
2996.9
3031
3065.1
3099.25
3133.35
3167.45
3201.6
3235.7
3269.8
3303.95
3338.05
3372.15
3406.25
3440.4
3474.5
3508.6
3542.75
3576.85
3610.95
3645.1
3679.2
3713.3
3747.45
3781.55
3815.65
3849.75
3883.9
3918
3952.1
3986.25
4020.35
4054.45
4088.6
4122.7
4156.8
4190.95
4225.05
4259.15
4293.3
4327.4
4361.5
4395.6
4429.75
4463.85
4497.95
4532.1
4566.2
4600.3
4634.45
4668.55
4702.65
4736.8
4770.9
4805
4839.1
4873.25
4907.35
4941.45
4975.6
-1000
0.05
26
61.6
96
130.25
164.45
198.65
232.8
266.9
301.05
335.15
369.35
403.45
437.55
471.65
505.75
539.85
573.95
608.1
642.2
676.3
710.45
744.55
778.65
812.85
846.95
881.05
915.2
949.3
983.4
1017.5
1051.6
1085.7
1119.8
1153.95
1188.05
1222.15
1256.3
1290.4
1324.5
1358.7
1392.8
1426.9
1461
1495.1
1529.2
1563.3
1597.45
1631.55
1665.65
1699.8
1733.9
1768
1802.2
1836.3
1870.4
1904.5
1938.6
1972.7
2006.8
2040.95
2075.05
2109.15
2143.3
2177.4
2211.5
2245.65
2279.75
2313.85
2348.05
2382.15
2416.25
2450.35
2484.45
2518.55
2552.65
2586.8
2620.9
2655
2689.15
2723.25
2757.35
2791.55
2825.65
2859.75
2893.85
2927.95
2962.05
2996.15
3030.3
3064.4
3098.5
3132.65
3166.75
3200.85
3235.05
3269.15
3303.25
3337.4
3371.5
3405.6
3439.7
3473.8
3507.9
3542
3576.15
3610.25
3644.35
3678.5
3712.6
3746.7
3780.9
3815
3849.1
3883.2
3917.3
3951.4
3985.5
4019.65
4053.75
4087.85
4122
4156.1
4190.2
4224.4
4258.5
4292.6
4326.7
4360.8
4394.9
4429
4463.15
4497.25
4531.35
4565.5
4599.6
4633.7
4667.85
4701.95
4736.05
4770.25
4804.35
4838.45
4872.55
4906.65
4940.75
4974.85
