0.05
22.3
49.2
76.15
103.05
129.95
156.9
183.8
210.75
237.65
264.6
291.5
318.45
345.35
372.25
399.2
426.1
453.05
479.95
506.9
533.8
560.75
587.65
614.6
641.5
668.4
695.35
722.25
749.2
776.1
803.05
829.95
856.9
883.8
910.7
937.65
964.55
991.5
1018.4
1045.35
1072.25
1099.2
1126.1
1153
1179.95
1206.85
1233.8
1260.7
1287.65
1314.55
1341.5
1368.4
1395.3
1422.25
1449.15
1476.1
1503
1529.95
1556.85
1583.8
1610.7
1637.6
1664.55
1691.45
1718.4
1745.3
1772.25
1799.15
1826.1
1853
1879.9
1906.85
1933.75
1960.7
1987.6
2014.55
2041.45
2068.4
2095.3
2122.2
2149.15
2176.05
2203
2229.9
2256.85
2283.75
2310.7
2337.6
2364.5
2391.45
2418.35
2445.3
2472.2
2499.15
2526.05
2553
2579.9
2606.8
2633.75
2660.65
2687.6
2714.5
2741.45
2768.35
2795.3
2822.2
2849.15
2876.05
2902.95
2929.9
2956.8
2983.75
3010.65
3037.6
3064.5
3091.45
3118.35
3145.25
3172.2
3199.1
3226.05
3252.95
3279.9
3306.8
3333.75
3360.65
3387.55
3414.5
3441.4
3468.35
3495.25
3522.2
3549.1
3576.05
3602.95
3629.85
3656.8
3683.7
3710.65
3737.55
3764.5
3791.4
3818.35
3845.25
3872.15
3899.1
3926
3952.95
3979.85
4006.8
4033.7
4060.65
4087.55
4114.45
4141.4
4168.3
4195.25
4222.15
4249.1
4276
4302.95
4329.85
4356.75
4383.7
4410.6
4437.55
4464.45
4491.4
4518.3
4545.25
4572.15
4599.05
4626
4652.9
4679.85
4706.75
4733.7
4760.6
4787.55
4814.45
4841.35
4868.3
4895.2
4922.15
4949.05
4976
-1000
0.05
26
60.4
90.35
118.75
146.45
173.75
200.9
227.95
254.95
281.95
308.9
335.8
362.7
389.65
416.55
443.5
470.45
497.35
524.3
551.2
578.15
605
631.95
658.9
685.8
712.75
739.65
766.6
793.5
820.45
847.3
874.25
901.15
928.1
955
981.95
1008.9
1035.8
1062.75
1089.65
1116.6
1143.45
1170.4
1197.35
1224.25
1251.2
1278.1
1305.05
1331.95
1358.9
1385.75
1412.7
1439.65
1466.55
1493.5
1520.4
1547.35
1574.25
1601.2
1628.05
1655
1681.95
1708.85
1735.8
1762.7
1789.65
1816.55
1843.5
1870.35
1897.3
1924.25
1951.15
1978.1
2005
2031.95
2058.85
2085.8
2112.65
2139.6
2166.55
2193.45
2220.4
2247.3
2274.25
2301.15
2328.1
2354.95
2381.9
2408.85
2435.75
2462.7
2489.6
2516.55
2543.45
2570.4
2597.25
2624.2
2651.15
2678.05
2705
2731.9
2758.85
2785.75
2812.7
2839.55
2866.5
2893.45
2920.35
2947.3
2974.2
3001.15
3028.05
3055
3081.85
3108.8
3135.7
3162.65
3189.55
3216.5
3243.45
3270.35
3297.3
3324.15
3351.1
3378
3404.95
3431.85
3458.8
3485.75
3512.65
3539.6
3566.5
3593.45
3620.3
3647.25
3674.2
3701.1
3728.05
3754.95
3781.9
3808.8
3835.75
3862.6
3889.55
3916.5
3943.4
3970.35
3997.25
4024.2
4051.1
4078.05
4104.9
4131.85
4158.8
4185.7
4212.65
4239.55
4266.5
4293.4
4320.35
4347.2
4374.15
4401.1
4428
4454.95
4481.85
4508.8
4535.7
4562.65
4589.5
4616.45
4643.4
4670.3
4697.25
4724.15
4751.1
4778
4804.95
4831.8
4858.75
4885.7
4912.6
4939.55
4966.45
4993.4
