0.05
24.7
54.3
83.9
113.5
143.1
172.7
202.3
231.9
261.5
291.05
320.65
350.25
379.85
409.45
439.05
468.65
498.25
527.85
557.45
587.05
616.65
646.2
675.8
705.4
735
764.6
794.2
823.8
853.4
883
912.6
942.2
971.8
1001.35
1030.95
1060.55
1090.15
1119.75
1149.35
1178.95
1208.55
1238.15
1267.75
1297.35
1326.95
1356.55
1386.1
1415.7
1445.3
1474.9
1504.5
1534.1
1563.7
1593.3
1622.9
1652.5
1682.1
1711.7
1741.25
1770.85
1800.45
1830.05
1859.65
1889.25
1918.85
1948.45
1978.05
2007.65
2037.25
2066.85
2096.4
2126
2155.6
2185.2
2214.8
2244.4
2274
2303.6
2333.2
2362.8
2392.4
2422
2451.6
2481.15
2510.75
2540.35
2569.95
2599.55
2629.15
2658.75
2688.35
2717.95
2747.55
2777.15
2806.75
2836.3
2865.9
2895.5
2925.1
2954.7
2984.3
3013.9
3043.5
3073.1
3102.7
3132.3
3161.9
3191.45
3221.05
3250.65
3280.25
3309.85
3339.45
3369.05
3398.65
3428.25
3457.85
3487.45
3517.05
3546.65
3576.2
3605.8
3635.4
3665
3694.6
3724.2
3753.8
3783.4
3813
3842.6
3872.2
3901.8
3931.35
3960.95
3990.55
4020.15
4049.75
4079.35
4108.95
4138.55
4168.15
4197.75
4227.35
4256.95
4286.5
4316.1
4345.7
4375.3
4404.9
4434.5
4464.1
4493.7
4523.3
4552.9
4582.5
4612.1
4641.7
4671.25
4700.85
4730.45
4760.05
4789.65
4819.25
4848.85
4878.45
4908.05
4937.65
4967.25
-1000
0.05
26
57.35
87.45
117.3
147
176.65
206.3
235.9
265.5
295.05
324.65
354.25
383.85
413.45
443.05
472.65
502.25
531.85
561.45
591.05
620.65
650.25
679.8
709.4
739
768.6
798.2
827.8
857.4
887
916.6
946.2
975.8
1005.4
1034.95
1064.55
1094.15
1123.75
1153.35
1182.95
1212.55
1242.15
1271.75
1301.35
1330.95
1360.55
1390.1
1419.7
1449.3
1478.9
1508.5
1538.1
1567.7
1597.3
1626.9
1656.5
1686.1
1715.7
1745.3
1774.85
1804.45
1834.05
1863.65
1893.25
1922.85
1952.45
1982.05
2011.65
2041.25
2070.85
2100.45
2130
2159.6
2189.2
2218.8
2248.4
2278
2307.6
2337.2
2366.8
2396.4
2426
2455.6
2485.15
2514.75
2544.35
2573.95
2603.55
2633.15
2662.75
2692.35
2721.95
2751.55
2781.15
2810.75
2840.35
2869.9
2899.5
2929.1
2958.7
2988.3
3017.9
3047.5
3077.1
3106.7
3136.3
3165.9
3195.5
3225.05
3254.65
3284.25
3313.85
3343.45
3373.05
3402.65
3432.25
3461.85
3491.45
3521.05
3550.65
3580.25
3609.8
3639.4
3669
3698.6
3728.2
3757.8
3787.4
3817
3846.6
3876.2
3905.8
3935.4
3964.95
3994.55
4024.15
4053.75
4083.35
4112.95
4142.55
4172.15
4201.75
4231.35
4260.95
4290.55
4320.1
4349.7
4379.3
4408.9
4438.5
4468.1
4497.7
4527.3
4556.9
4586.5
4616.1
4645.7
4675.3
4704.85
4734.45
4764.05
4793.65
4823.25
4852.85
4882.45
4912.05
4941.65
4971.25
