0.05
29.55
64.45
99.35
134.25
169.15
204.1
239
273.9
308.8
343.7
378.6
413.5
448.4
483.3
518.2
553.1
588
622.9
657.8
692.7
727.65
762.55
797.45
832.35
867.25
902.15
937.05
971.95
1006.85
1041.75
1076.65
1111.55
1146.45
1181.35
1216.25
1251.15
1286.1
1321
1355.9
1390.8
1425.7
1460.6
1495.5
1530.4
1565.3
1600.2
1635.1
1670
1704.9
1739.8
1774.7
1809.6
1844.55
1879.45
1914.35
1949.25
1984.15
2019.05
2053.95
2088.85
2123.75
2158.65
2193.55
2228.45
2263.35
2298.25
2333.15
2368.1
2403
2437.9
2472.8
2507.7
2542.6
2577.5
2612.4
2647.3
2682.2
2717.1
2752
2786.9
2821.8
2856.7
2891.6
2926.55
2961.45
2996.35
3031.25
3066.15
3101.05
3135.95
3170.85
3205.75
3240.65
3275.55
3310.45
3345.35
3380.25
3415.15
3450.05
3485
3519.9
3554.8
3589.7
3624.6
3659.5
3694.4
3729.3
3764.2
3799.1
3834
3868.9
3903.8
3938.7
3973.6
4008.55
4043.45
4078.35
4113.25
4148.15
4183.05
4217.95
4252.85
4287.75
4322.65
4357.55
4392.45
4427.35
4462.25
4497.15
4532.05
4567
4601.9
4636.8
4671.7
4706.6
4741.5
4776.4
4811.3
4846.2
4881.1
4916
4950.9
4985.8
-1000
0.05
26
61.9
96.75
131.6
166.5
201.4
236.35
271.2
306.1
341
375.9
410.8
445.7
480.6
515.5
550.4
585.3
620.2
655.1
690
724.9
759.8
794.75
829.65
864.55
899.45
934.35
969.25
1004.15
1039.05
1073.95
1108.85
1143.75
1178.65
1213.55
1248.45
1283.35
1318.3
1353.2
1388.1
1423
1457.9
1492.8
1527.7
1562.6
1597.5
1632.4
1667.3
1702.2
1737.1
1772
1806.9
1841.8
1876.75
1911.65
1946.55
1981.45
2016.35
2051.25
2086.15
2121.05
2155.95
2190.85
2225.75
2260.65
2295.55
2330.45
2365.35
2400.25
2435.2
2470.1
2505
2539.9
2574.8
2609.7
2644.6
2679.5
2714.4
2749.3
2784.2
2819.1
2854
2888.9
2923.8
2958.75
2993.65
3028.55
3063.45
3098.35
3133.25
3168.15
3203.05
3237.95
3272.85
3307.75
3342.65
3377.55
3412.45
3447.35
3482.25
3517.2
3552.1
3587
3621.9
3656.8
3691.7
3726.6
3761.5
3796.4
3831.3
3866.2
3901.1
3936
3970.9
4005.8
4040.7
4075.65
4110.55
4145.45
4180.35
4215.25
4250.15
4285.05
4319.95
4354.85
4389.75
4424.65
4459.55
4494.45
4529.35
4564.25
4599.2
4634.1
4669
4703.9
4738.8
4773.7
4808.6
4843.5
4878.4
4913.3
4948.2
4983.1
