0.05
19.3
42.9
66.5
90.05
113.65
137.25
160.85
184.45
208.05
231.65
255.2
278.8
302.4
326
349.6
373.2
396.75
420.35
443.95
467.55
491.15
514.75
538.3
561.9
585.5
609.1
632.7
656.3
679.9
703.45
727.05
750.65
774.25
797.85
821.45
845
868.6
892.2
915.8
939.4
963
986.55
1010.15
1033.75
1057.35
1080.95
1104.55
1128.1
1151.7
1175.3
1198.9
1222.5
1246.1
1269.7
1293.25
1316.85
1340.45
1364.05
1387.65
1411.25
1434.8
1458.4
1482
1505.6
1529.2
1552.8
1576.35
1599.95
1623.55
1647.15
1670.75
1694.35
1717.95
1741.5
1765.1
1788.7
1812.3
1835.9
1859.5
1883.05
1906.65
1930.25
1953.85
1977.45
2001.05
2024.6
2048.2
2071.8
2095.4
2119
2142.6
2166.2
2189.75
2213.35
2236.95
2260.55
2284.15
2307.75
2331.3
2354.9
2378.5
2402.1
2425.7
2449.3
2472.85
2496.45
2520.05
2543.65
2567.25
2590.85
2614.4
2638
2661.6
2685.2
2708.8
2732.4
2756
2779.55
2803.15
2826.75
2850.35
2873.95
2897.55
2921.1
2944.7
2968.3
2991.9
3015.5
3039.1
3062.65
3086.25
3109.85
3133.45
3157.05
3180.65
3204.25
3227.8
3251.4
3275
3298.6
3322.2
3345.8
3369.35
3392.95
3416.55
3440.15
3463.75
3487.35
3510.9
3534.5
3558.1
3581.7
3605.3
3628.9
3652.45
3676.05
3699.65
3723.25
3746.85
3770.45
3794.05
3817.6
3841.2
3864.8
3888.4
3912
3935.6
-1000
0.05
26
54.35
83.05
115.95
146.15
173.25
203.2
236.05
265.2
292.1
323.2
355.55
384
411.15
443.25
474.8
502.6
531.4
564.3
594.45
621.55
651.5
684.4
713.5
740.35
771.5
803.85
832.25
859.45
891.6
923.1
950.9
979.75
1012.7
1042.75
1069.8
1099.9
1132.75
1161.8
1188.7
1219.9
1252.15
1280.55
1307.8
1340
1371.45
1399.2
1428.2
1461.2
1491.15
1518.15
1548.35
1581.2
1610.15
1637.05
1668.35
1700.55
1728.85
1756.2
1788.5
1819.85
1847.55
1876.75
1909.7
1939.55
1966.5
1996.85
2029.6
2058.5
2085.4
2116.85
2148.95
2177.2
2204.65
2237.1
2268.25
2295.9
2325.25
2358.2
2387.95
2414.85
2445.35
2478.05
2506.85
2533.75
2565.3
2597.35
2625.5
2653.15
2685.7
2716.7
2744.25
2773.7
2806.65
2836.25
2863.2
2893.75
2926.4
2955.15
2982.1
3013.75
3045.7
3073.8
3101.55
3134.15
3165.1
3192.55
3221.85
3254.85
3284.5
3311.4
3341.95
3374.65
3403.4
3430.3
3461.9
3493.9
3522.05
3549.75
3582.35
3613.3
3640.8
3670.05
3703.05
3732.7
3759.65
3790.15
3822.85
3851.65
3878.55
3910.15
3942.15
3970.3
3997.95
4030.55
4061.5
4089
4118.3
4151.3
4180.95
4207.9
4238.45
4271.05
4299.85
4326.8
4358.35
4390.35
4418.5
4446.2
4478.75
4509.75
4537.25
4566.5
4599.5
4629.2
4656.15
4686.75
4719.35
4748.15
4775.05
4806.65
4838.65
4866.8
4894.5
4927.1
4958.05
4985.55
