0.05
26.9
58.85
90.85
122.85
154.85
186.85
218.8
250.8
282.8
314.8
346.75
378.75
410.75
442.75
474.7
506.7
538.7
570.7
602.65
634.65
666.65
698.65
730.6
762.6
794.6
826.6
858.55
890.55
922.55
954.55
986.5
1018.5
1050.5
1082.5
1114.45
1146.45
1178.45
1210.45
1242.4
1274.4
1306.4
1338.4
1370.35
1402.35
1434.35
1466.35
1498.3
1530.3
1562.3
1594.3
1626.25
1658.25
1690.25
1722.25
1754.2
1786.2
1818.2
1850.2
1882.2
1914.15
1946.15
1978.15
2010.15
2042.1
2074.1
2106.1
2138.1
2170.05
2202.05
2234.05
2266.05
2298
2330
2362
2394
2425.95
2457.95
2489.95
2521.95
2553.9
2585.9
2617.9
2649.9
2681.85
2713.85
2745.85
2777.85
2809.8
2841.8
2873.8
2905.8
2937.75
2969.75
3001.75
3033.75
3065.7
3097.7
3129.7
3161.7
3193.65
3225.65
3257.65
3289.65
3321.6
3353.6
3385.6
3417.6
3449.6
3481.55
3513.55
3545.55
3577.55
3609.5
3641.5
3673.5
3705.5
3737.45
3769.45
3801.45
3833.45
3865.4
3897.4
3929.4
3961.4
3993.35
4025.35
4057.35
4089.35
4121.3
4153.3
4185.3
4217.3
4249.25
4281.25
4313.25
4345.25
4377.2
4409.2
4441.2
4473.2
4505.15
4537.15
4569.15
4601.15
4633.1
4665.1
4697.1
4729.1
4761.05
4793.05
4825.05
4857.05
4889
4921
4953
4985
-1000
0.05
26
58.55
90.5
122.45
154.4
186.4
218.4
250.35
282.35
314.35
346.35
378.3
410.3
442.3
474.3
506.25
538.25
570.25
602.25
634.2
666.2
698.2
730.2
762.15
794.15
826.15
858.15
890.15
922.1
954.1
986.1
1018.1
1050.05
1082.05
1114.05
1146.05
1178
1210
1242
1274
1305.95
1337.95
1369.95
1401.95
1433.9
1465.9
1497.9
1529.9
1561.85
1593.85
1625.85
1657.85
1689.8
1721.8
1753.8
1785.8
1817.75
1849.75
1881.75
1913.75
1945.7
1977.7
2009.7
2041.7
2073.65
2105.65
2137.65
2169.65
2201.6
2233.6
2265.6
2297.6
2329.55
2361.55
2393.55
2425.55
2457.5
2489.5
2521.5
2553.5
2585.5
2617.45
2649.45
2681.45
2713.45
2745.4
2777.4
2809.4
2841.4
2873.35
2905.35
2937.35
2969.35
3001.3
3033.3
3065.3
3097.3
3129.25
3161.25
3193.25
3225.25
3257.2
3289.2
3321.2
3353.2
3385.15
3417.15
3449.15
3481.15
3513.1
3545.1
3577.1
3609.1
3641.05
3673.05
3705.05
3737.05
3769
3801
3833
3865
3896.95
3928.95
3960.95
3992.95
4024.9
4056.9
4088.9
4120.9
4152.85
4184.85
4216.85
4248.85
4280.85
4312.8
4344.8
4376.8
4408.8
4440.75
4472.75
4504.75
4536.75
4568.7
4600.7
4632.7
4664.7
4696.65
4728.65
4760.65
4792.65
4824.6
4856.6
4888.6
4920.6
4952.55
4984.55
