0.05
40.9
87.95
135
182.05
229.1
276.15
323.15
370.2
417.25
464.3
511.35
558.4
605.45
652.5
699.55
746.6
793.65
840.65
887.7
934.75
981.8
1028.85
1075.9
1122.95
1170
1217.05
1264.1
1311.15
1358.15
1405.2
1452.25
1499.3
1546.35
1593.4
1640.45
1687.5
1734.55
1781.6
1828.65
1875.65
1922.7
1969.75
2016.8
2063.85
2110.9
2157.95
2205
2252.05
2299.1
2346.15
2393.15
2440.2
2487.25
2534.3
2581.35
2628.4
2675.45
2722.5
2769.55
2816.6
2863.65
2910.65
2957.7
3004.75
3051.8
3098.85
3145.9
3192.95
3240
3287.05
3334.1
3381.1
3428.15
3475.2
3522.25
3569.3
3616.35
3663.4
3710.45
3757.5
3804.55
3851.6
3898.6
3945.65
3992.7
4039.75
4086.8
4133.85
4180.9
4227.95
4275
4322.05
4369.1
4416.1
4463.15
4510.2
4557.25
4604.3
4651.35
4698.4
4745.45
4792.5
4839.55
4886.6
4933.6
4980.65
-1000
0.05
26
60.7
91.05
117.85
153.45
183.45
210.25
246.35
276.25
302.95
339.35
369.1
396.3
432.75
462.35
490
526.4
555.95
583.85
620.2
649.7
677.75
714.1
743.55
771.75
808.05
837.5
865.75
902.05
931.45
959.8
996.05
1025.45
1053.85
1090.1
1119.5
1147.9
1184.15
1213.55
1242
1278.2
1307.6
1336.05
1372.25
1401.65
1430.1
1466.35
1495.7
1524.2
1560.45
1589.8
1618.3
1654.5
1683.9
1712.4
1748.6
1778
1806.5
1842.8
1872.2
1900.6
1936.85
1966.25
1994.7
2030.9
2060.3
2088.75
2125
2154.4
2182.85
2219.1
2248.45
2276.95
2313.15
2342.55
2371
2407.25
2436.6
2465.1
2501.3
2530.7
2559.2
2595.4
2624.8
2653.3
2689.5
2718.85
2747.4
2783.6
2812.95
2841.45
2877.7
2907.1
2935.55
2971.8
3001.15
3029.65
3065.85
3095.25
3123.75
3159.95
3189.35
3217.85
3254.05
3283.45
3311.95
