0.05
19.6
43.5
67.4
91.3
115.25
139.15
163.05
187
210.9
234.8
258.7
282.65
306.55
330.45
354.35
378.3
402.2
426.1
450
473.95
497.85
521.75
545.65
569.6
593.5
617.4
641.3
665.25
689.15
713.05
737
760.9
784.8
808.7
832.65
856.55
880.45
904.35
928.3
952.2
976.1
1000
1023.95
1047.85
1071.75
1095.65
1119.6
1143.5
1167.4
1191.3
1215.25
1239.15
1263.05
1287
1310.9
1334.8
1358.7
1382.65
1406.55
1430.45
1454.35
1478.3
1502.2
1526.1
1550
1573.95
1597.85
1621.75
1645.65
1669.6
1693.5
1717.4
1741.35
1765.25
1789.15
1813.05
1837
1860.9
1884.8
1908.7
1932.65
1956.55
1980.45
2004.35
2028.3
2052.2
2076.1
2100
2123.95
2147.85
2171.75
2195.65
2219.6
2243.5
2267.4
2291.35
2315.25
2339.15
2363.05
2387
2410.9
2434.8
2458.7
2482.65
2506.55
2530.45
2554.35
2578.3
2602.2
2626.1
2650
2673.95
2697.85
2721.75
2745.65
2769.6
2793.5
2817.4
2841.35
2865.25
2889.15
2913.05
2937
2960.9
2984.8
3008.7
3032.65
3056.55
3080.45
3104.35
3128.3
3152.2
3176.1
3200
3223.95
3247.85
3271.75
3295.65
3319.6
3343.5
3367.4
3391.35
3415.25
3439.15
3463.05
3487
3510.9
3534.8
3558.7
3582.65
3606.55
3630.45
3654.35
3678.3
3702.2
3726.1
3750
3773.95
3797.85
3821.75
3845.7
3869.6
3893.5
3917.4
3941.35
3965.25
3989.15
-1000
0.05
26
58.95
86.7
114.45
146.9
178.3
206.15
233.45
265.55
297.3
325.4
352.35
383.9
416.15
444.6
471.35
502.4
534.95
563.75
590.5
620.75
653.65
682.85
709.7
739.45
772.55
802.1
829.05
858.55
891.6
921.4
948.4
977.4
1010.5
1040.6
1067.75
1096.65
1129.7
1160
1187.3
1216.15
1249.2
1279.55
1306.8
1335.55
1368.55
1398.95
1426.3
1455.05
1488.05
1518.55
1545.85
1574.7
1607.7
1638.15
1665.45
1694.25
1727.25
1757.65
1785
1813.8
1846.8
1877.25
1904.6
1933.4
1966.5
1996.9
2024.2
2053.1
2086.1
2116.45
2143.75
2172.6
2205.6
2236
2263.3
2292.15
2325.25
2355.6
2382.9
2411.8
2444.85
2475.15
2502.45
2531.2
2564.2
2594.6
2621.95
2650.7
2683.7
2714.2
2741.55
2770.35
2803.35
2833.8
2861.1
2889.8
2922.8
2953.25
2980.6
3009.35
3042.35
3072.85
3100.2
3129
3162.1
3192.5
3219.8
3248.6
3281.6
3312
3339.35
3368.15
3401.15
3431.6
3458.95
3487.8
3520.9
3551.25
3578.55
3607.45
3640.45
3670.8
3698.1
3726.95
3759.95
3790.35
3817.65
3846.5
3879.55
3909.9
3937.2
3966.15
3999.15
4029.5
4056.8
4085.5
4118.5
4148.95
4176.3
4205.05
4238.05
4268.5
4295.85
4324.7
4357.7
4388.15
4415.45
4444.15
4477.15
4507.6
4534.95
4563.7
4596.7
4627.2
4654.55
4683.35
4716.45
4746.85
4774.15
4802.95
4835.95
4866.35
4893.7
4922.5
4955.5
4985.95
