0.05
36.15
78.1
120.05
162.05
204
246
287.95
329.9
371.9
413.85
455.85
497.8
539.8
581.75
623.7
665.7
707.65
749.65
791.6
833.55
875.55
917.5
959.5
1001.45
1043.4
1085.4
1127.35
1169.35
1211.3
1253.3
1295.25
1337.2
1379.2
1421.15
1463.15
1505.1
1547.05
1589.05
1631
1673
1714.95
1756.95
1798.9
1840.85
1882.85
1924.8
1966.8
2008.75
2050.7
2092.7
2134.65
2176.65
2218.6
2260.55
2302.55
2344.5
2386.5
2428.45
2470.45
2512.4
2554.35
2596.35
2638.3
2680.3
2722.25
2764.2
2806.2
2848.15
2890.15
2932.1
2974.1
3016.05
3058
3100
3141.95
3183.95
3225.9
3267.85
3309.85
3351.8
3393.8
3435.75
3477.7
3519.7
3561.65
3603.65
3645.6
3687.6
3729.55
3771.5
3813.5
3855.45
3897.45
3939.4
3981.35
4023.35
4065.3
4107.3
4149.25
4191.2
4233.2
4275.15
4317.15
4359.1
4401.1
4443.05
4485
4527
4568.95
4610.95
4652.9
4694.85
4736.85
4778.8
4820.8
4862.75
4904.75
4946.7
4988.65
-1000
0.05
26
60.3
96.2
125.55
152.4
186.3
222.2
251.6
278.45
312.3
348.2
377.6
404.5
438.25
474.2
503.6
530.45
564.25
600.15
629.6
656.4
690.15
726.1
755.5
782.35
816.05
852
881.45
908.25
941.95
977.9
1007.35
1034.15
1067.85
1103.8
1133.25
1160.05
1193.8
1229.75
1259.15
1285.95
1319.65
1355.6
1385.05
1411.9
1445.6
1481.55
1510.95
1537.8
1571.5
1607.45
1636.9
1663.7
1697.45
1733.4
1762.8
1789.6
1823.3
1859.25
1888.7
1915.55
1949.25
1985.2
2014.6
2041.45
2075.15
2111.1
2140.55
2167.35
2201.1
2237.05
2266.45
2293.25
2327
2362.95
2392.4
2419.2
2452.9
2488.95
2518.4
2545.15
2578.85
2614.8
2644.25
2671.05
2704.75
2740.7
2770.15
2796.95
2830.65
2866.6
2896.05
2922.85
2956.55
2992.5
3021.95
3048.75
3082.45
3118.4
3147.85
3174.65
3208.4
3244.35
3273.75
3300.55
3334.3
3370.25
3399.7
3426.5
3460.2
3496.15
3525.6
3552.4
3586.1
3622.05
3651.5
3678.3
3712.05
3748
