0.05
21.9
48.4
74.9
101.4
127.9
154.4
180.9
207.4
233.9
260.35
286.85
313.35
339.85
366.35
392.85
419.35
445.85
472.35
498.85
525.35
551.85
578.35
604.85
631.3
657.8
684.3
710.8
737.3
763.8
790.3
816.8
843.3
869.8
896.3
922.8
949.3
975.8
1002.3
1028.75
1055.25
1081.75
1108.25
1134.75
1161.25
1187.75
1214.25
1240.75
1267.25
1293.75
1320.25
1346.75
1373.25
1399.7
1426.2
1452.7
1479.2
1505.7
1532.2
1558.7
1585.2
1611.7
1638.2
1664.7
1691.2
1717.7
1744.2
1770.7
1797.15
1823.65
1850.15
1876.65
1903.15
1929.65
1956.15
1982.65
2009.15
2035.65
2062.15
2088.65
2115.15
2141.65
2168.1
2194.6
2221.1
2247.6
2274.1
2300.6
2327.1
2353.6
2380.1
2406.6
2433.1
2459.6
2486.1
2512.6
2539.1
2565.55
2592.05
2618.55
2645.05
2671.55
2698.05
2724.55
2751.05
2777.55
2804.05
2830.55
2857.05
2883.55
2910.05
2936.5
2963
2989.5
3016
3042.5
3069
3095.5
3122
3148.5
3175
3201.5
3228
3254.5
3281
3307.45
3333.95
3360.45
3386.95
3413.45
3439.95
3466.45
3492.95
3519.45
3545.95
3572.45
3598.95
3625.45
3651.95
3678.45
3704.9
3731.4
3757.9
3784.4
3810.9
3837.4
3863.9
3890.4
3916.9
3943.4
3969.9
3996.4
4022.9
4049.4
4075.85
4102.35
4128.85
4155.35
4181.85
4208.35
4234.85
4261.35
4287.85
4314.35
4340.85
4367.35
4393.85
4420.35
4446.85
4473.3
4499.8
4526.3
4552.8
4579.3
4605.8
4632.3
4658.8
4685.3
4711.8
4738.3
4764.8
4791.3
4817.8
4844.25
4870.75
4897.25
-1000
0.05
27.3
58.35
92.05
123.25
152.05
179.75
206.9
233.75
260.45
287.1
313.7
340.3
366.85
393.35
419.9
446.45
472.95
499.5
526
552.5
579.05
605.5
632
658.5
685
711.55
738.05
764.55
791.05
817.55
844.05
870.6
897.1
923.6
950.1
976.6
1003.1
1029.6
1056.1
1082.65
1109.15
1135.65
1162.15
1188.7
1215.2
1241.7
1268.25
1294.8
1321.3
1347.85
1374.4
1401
1427.65
1454.4
1481.2
1507.95
1534.65
1561.45
1588.4
1615.7
1644.1
1675.85
1709.4
1740.05
1768.6
1796.15
1823.25
1850.1
1876.8
1903.45
1930.05
1956.6
1983.15
2009.7
2036.2
2062.75
2089.25
2115.8
2142.25
2168.75
2195.25
2221.8
2248.3
2274.8
2301.3
2327.85
2354.35
2380.85
2407.35
2433.85
2460.4
2486.9
2513.35
2539.85
2566.35
2592.85
2619.35
2645.9
2672.4
2698.9
2725.4
2751.9
2778.45
2804.95
2831.45
2857.95
2884.5
2911
2937.5
2964
2990.55
3017.1
3043.65
3070.2
3096.8
3123.45
3150.2
3177.05
3203.75
3230.5
3257.3
3284.3
3311.65
3340.45
3372.9
3406.1
3436.3
3464.65
3492.1
3519.1
3545.95
3572.6
3599.25
3625.85
3652.4
3678.9
3705.45
3731.95
3758.5
3785
3811.55
3838.05
3864.55
3891.1
3917.6
3944.1
3970.6
3997.15
4023.65
4050.1
4076.6
4103.1
4129.6
4156.1
4182.65
4209.15
4235.65
4262.15
4288.65
4315.15
4341.7
4368.2
4394.7
4421.2
4447.7
4474.2
4500.7
4527.2
4553.7
4580.25
4606.75
4633.3
4659.8
4686.35
4712.9
4739.45
4766
4792.6
4819.25
4846
4872.8
4899.55
4926.25
4953.1
4980.1
