0.05
30.35
66.05
101.8
137.55
173.3
209
244.75
280.5
316.2
351.95
387.7
423.45
459.15
494.9
530.65
566.4
602.1
637.85
673.6
709.3
745.05
780.8
816.55
852.25
888
923.75
959.45
995.2
1030.95
1066.7
1102.4
1138.15
1173.9
1209.65
1245.35
1281.1
1316.85
1352.55
1388.3
1424.05
1459.8
1495.5
1531.25
1567
1602.7
1638.45
1674.2
1709.95
1745.65
1781.4
1817.15
1852.9
1888.6
1924.35
1960.1
1995.8
2031.55
2067.3
2103.05
2138.75
2174.5
2210.25
2246
2281.7
2317.45
2353.2
2388.9
2424.65
2460.4
2496.15
2531.85
2567.6
2603.35
2639.05
2674.8
2710.55
2746.3
2782
2817.75
2853.5
2889.25
2924.95
2960.7
2996.45
3032.15
3067.9
3103.65
3139.4
3175.1
3210.85
3246.6
3282.35
3318.05
3353.8
3389.55
3425.25
3461
3496.75
3532.5
3568.2
3603.95
3639.7
3675.4
3711.15
3746.9
3782.65
3818.35
3854.1
3889.85
3925.6
3961.3
3997.05
4032.8
4068.5
4104.25
4140
4175.75
4211.45
4247.2
4282.95
4318.7
4354.4
4390.15
4425.9
4461.6
4497.35
4533.1
4568.85
4604.55
4640.3
4676.05
4711.75
4747.5
4783.25
4819
4854.7
4890.45
4926.2
4961.95
4997.65
-1000
0.05
26
59.35
93.55
128.35
163.5
198.8
234.15
269.55
304.95
340.4
375.85
411.3
446.65
481.95
517.1
551.9
585.85
616.6
644
671.55
703.45
737.3
771.9
806.95
842.2
877.5
912.9
948.35
983.75
1019.2
1054.65
1090.05
1125.35
1160.55
1195.55
1230
1262.55
1290.75
1317.65
1348
1381.2
1415.55
1450.45
1485.6
1520.9
1556.25
1591.7
1627.1
1662.55
1698
1733.4
1768.75
1804
1839.05
1873.8
1907.25
1936.4
1963.3
1992.35
2025
2059.15
2093.9
2129
2164.25
2199.6
2235
2270.5
2305.95
2341.4
2376.85
2412.2
2447.55
2482.7
2517.6
2551.75
2583.35
2611.15
2637.95
2669.35
2703
2737.55
2772.55
2807.7
2843
2878.4
2913.9
2949.35
2984.8
3020.2
3055.6
3090.95
3126.2
3161.25
3195.85
3229
3257.6
3284.4
3314.05
3346.95
3381.25
3416.05
3451.15
3486.45
3521.8
3557.2
3592.65
3628.1
3663.55
3698.95
3734.3
3769.6
3804.7
3839.4
3873.05
3902.7
3929.7
3958.3
3990.7
4024.75
4059.5
4094.55
4129.8
4165.15
4200.55
4235.95
4271.4
4306.85
4342.35
4377.75
4413.05
4448.25
4483.15
4517.4
4549.4
4577.3
4603.85
4635.05
4668.6
4703.1
4738.05
