0.05
19.6
43.5
67.4
91.3
115.25
139.15
163.05
187
210.9
234.8
258.7
282.65
306.55
330.45
354.35
378.3
402.2
426.1
450
473.95
497.85
521.75
545.65
569.6
593.5
617.4
641.3
665.25
689.15
713.05
737
760.9
784.8
808.7
832.65
856.55
880.45
904.35
928.3
952.2
976.1
1000
1023.95
1047.85
1071.75
1095.65
1119.6
1143.5
1167.4
1191.3
1215.25
1239.15
1263.05
1287
1310.9
1334.8
1358.7
1382.65
1406.55
1430.45
1454.35
1478.3
1502.2
1526.1
1550
1573.95
1597.85
1621.75
1645.65
1669.6
1693.5
1717.4
1741.35
1765.25
1789.15
1813.05
1837
1860.9
1884.8
1908.7
1932.65
1956.55
1980.45
2004.35
2028.3
2052.2
2076.1
2100
2123.95
2147.85
2171.75
2195.65
2219.6
2243.5
2267.4
2291.35
2315.25
2339.15
2363.05
2387
2410.9
2434.8
2458.7
2482.65
2506.55
2530.45
2554.35
2578.3
2602.2
2626.1
2650
2673.95
2697.85
2721.75
2745.65
2769.6
2793.5
2817.4
2841.35
2865.25
2889.15
2913.05
2937
2960.9
2984.8
3008.7
3032.65
3056.55
3080.45
3104.35
3128.3
3152.2
3176.1
3200
3223.95
3247.85
3271.75
3295.65
3319.6
3343.5
3367.4
3391.35
3415.25
3439.15
3463.05
3487
3510.9
3534.8
3558.7
3582.65
3606.55
3630.45
3654.35
3678.3
3702.2
3726.1
3750
3773.95
3797.85
3821.75
3845.7
3869.6
3893.5
3917.4
3941.35
3965.25
3989.15
-1000
0.05
30.5
62.95
91.6
118.3
148.85
181.65
210.7
237.45
267.45
300.5
329.9
356.8
386.45
419.5
449.15
476.15
505.25
538.35
568.35
595.5
624.45
657.5
687.75
714.95
743.95
776.95
807.25
834.5
863.25
896.25
926.65
953.95
982.75
1015.75
1046.2
1073.55
1102.35
1135.4
1165.8
1193.1
1221.9
1254.9
1285.3
1312.65
1341.45
1374.4
1404.9
1432.25
1461.05
1494.15
1524.55
1551.85
1580.6
1613.65
1644.05
1671.35
1700.2
1733.2
1763.6
1790.95
1819.75
1852.85
1883.25
1910.55
1939.45
1972.45
2002.8
2030.1
2058.8
2091.8
2122.25
2149.6
2178.45
2211.45
2241.85
2269.2
2298.1
2331.1
2361.45
2388.8
2417.5
2450.5
2480.95
2508.25
2537.05
2570
2600.5
2627.85
2656.7
2689.7
2720.1
2747.45
2776.2
2809.2
2839.65
2867
2895.75
2928.75
2959.2
2986.55
3015.4
3048.5
3078.85
3106.15
3135.05
3168.05
3198.45
3225.75
3254.6
3287.6
3317.95
3345.3
3374.15
3407.25
3437.6
3464.9
3493.8
3526.8
3557.15
3584.45
3613.2
3646.15
3676.6
3703.95
3732.8
3765.8
3796.25
3823.55
3852.4
3885.4
3915.8
3943.1
3971.85
4004.8
4035.3
4062.6
4091.4
4124.35
4154.85
4182.2
4211.05
4244.05
4274.45
4301.8
4330.55
4363.55
4394
4421.35
4450.1
4483.1
4513.55
4540.9
4569.75
4602.85
4633.2
4660.5
4689.45
4722.45
4752.8
4780.1
4808.95
4841.95
4872.35
4899.65
4928.5
4961.6
4991.95
