0.05
51.05
108.8
166.55
224.25
282
339.7
397.45
455.2
512.9
570.65
628.4
686.1
743.85
801.55
859.3
917.05
974.75
1032.5
1090.25
1147.95
1205.7
1263.4
1321.15
1378.9
1436.6
1494.35
1552.1
1609.8
1667.55
1725.25
1783
1840.75
1898.45
1956.2
2013.95
2071.65
2129.4
2187.1
2244.85
2302.6
2360.3
2418.05
2475.8
2533.5
2591.25
2648.95
2706.7
2764.45
2822.15
2879.9
2937.65
2995.35
3053.1
3110.8
3168.55
3226.3
3284
3341.75
3399.45
3457.2
3514.95
3572.65
3630.4
3688.15
3745.85
3803.6
3861.3
3919.05
3976.8
4034.5
4092.25
4150
4207.7
4265.45
4323.15
4380.9
4438.65
4496.35
4554.1
4611.85
4669.55
4727.3
4785
4842.75
4900.5
4958.2
-1000
0.05
26
57.05
90.2
120.55
150.5
181
209.5
240.05
267.85
298.45
325.9
356.55
383.8
414.45
441.65
472.3
499.45
530.1
557.2
587.85
614.95
645.6
672.7
703.35
730.4
761.05
788.15
818.8
845.85
876.5
903.6
934.25
961.35
992
1019.05
1049.7
1076.8
1107.45
1134.55
1165.2
1192.25
1222.9
1250
1280.65
1307.7
1338.4
1365.45
1396.1
1423.2
1453.85
1480.9
1511.55
1538.65
1569.3
1596.4
1627.05
1654.1
1684.75
1711.85
1742.5
1769.55
1800.25
1827.3
1857.95
1885.05
1915.7
1942.75
1973.4
2000.5
2031.15
2058.25
2088.9
2115.95
2146.6
2173.7
2204.35
2231.4
2262.1
2289.15
2319.8
2346.9
2377.55
2404.6
2435.25
2462.35
2493
