0.05
23.75
52.3
80.85
109.4
137.95
166.5
195.05
223.6
252.15
280.7
309.3
337.85
366.4
394.95
423.5
452.05
480.6
509.15
537.7
566.25
594.8
623.35
651.9
680.45
709
737.55
766.1
794.65
823.2
851.75
880.3
908.85
937.45
966
994.55
1023.1
1051.65
1080.2
1108.75
1137.3
1165.85
1194.4
1222.95
1251.5
1280.05
1308.6
1337.15
1365.7
1394.25
1422.8
1451.35
1479.9
1508.45
1537
1565.55
1594.15
1622.7
1651.25
1679.8
1708.35
1736.9
1765.45
1794
1822.55
1851.1
1879.65
1908.2
1936.75
1965.3
1993.85
2022.4
2050.95
2079.5
2108.05
2136.6
2165.15
2193.7
2222.25
2250.85
2279.4
2307.95
2336.5
2365.05
2393.6
2422.15
2450.7
2479.25
2507.8
2536.35
2564.9
2593.45
2622
2650.55
2679.1
2707.65
2736.2
2764.75
2793.3
2821.85
2850.4
2879
2907.55
2936.1
2964.65
2993.2
3021.75
3050.3
3078.85
3107.4
3135.95
3164.5
3193.05
3221.6
3250.15
3278.7
3307.25
3335.8
3364.35
3392.9
3421.45
3450
3478.55
3507.1
3535.7
3564.25
3592.8
3621.35
3649.9
3678.45
3707
3735.55
3764.1
3792.65
3821.2
3849.75
3878.3
3906.85
3935.4
3963.95
3992.5
4021.05
4049.6
4078.15
4106.7
4135.25
4163.8
4192.4
4220.95
4249.5
4278.05
4306.6
4335.15
4363.7
4392.25
4420.8
4449.35
4477.9
4506.45
4535
4563.55
4592.1
4620.65
4649.2
4677.75
4706.3
4734.85
4763.4
4791.95
4820.55
4849.1
4877.65
4906.2
4934.75
4963.3
4991.85
-1000
0.05
26
52.65
80.05
108
136.25
164.65
193.15
221.65
250.2
278.7
307.25
335.8
364.35
392.9
421.5
450.05
478.6
507.15
535.7
564.25
592.8
621.35
649.9
678.45
707
735.55
764.1
792.65
821.2
849.75
878.3
906.85
935.4
963.95
992.5
1021.05
1049.65
1078.2
1106.75
1135.3
1163.85
1192.4
1220.95
1249.5
1278.05
1306.6
1335.15
1363.7
1392.25
1420.8
1449.35
1477.9
1506.45
1535
1563.55
1592.1
1620.65
1649.2
1677.75
1706.35
1734.9
1763.45
1792
1820.55
1849.1
1877.65
1906.2
1934.75
1963.3
1991.85
2020.4
2048.95
2077.5
2106.05
2134.6
2163.15
2191.7
2220.25
2248.8
2277.35
2305.9
2334.5
2363.05
2391.6
2420.15
2448.7
2477.25
2505.8
2534.35
2562.9
2591.45
2620
2648.55
2677.1
2705.65
2734.2
2762.75
2791.3
2819.85
2848.4
2876.95
2905.5
2934.05
2962.6
2991.2
3019.75
3048.3
3076.85
3105.4
3133.95
3162.5
3191.05
3219.6
3248.15
3276.7
3305.25
3333.8
3362.35
3390.9
3419.45
3448
3476.55
3505.1
3533.65
3562.2
3590.75
3619.3
3647.9
3676.45
3705
3733.55
3762.1
3790.65
3819.2
3847.75
3876.3
3904.85
3933.4
3961.95
3990.5
4019.05
4047.6
4076.15
4104.7
4133.25
4161.8
4190.35
4218.9
4247.45
4276.05
4304.6
4333.15
4361.7
4390.25
4418.8
4447.35
4475.9
4504.45
4533
4561.55
4590.1
4618.65
4647.2
4675.75
4704.3
4732.85
4761.4
4789.95
4818.5
4847.05
4875.6
4904.15
4932.75
4961.3
4989.85
