0.05
49.8
106.2
162.55
218.95
275.35
331.75
388.15
444.55
500.95
557.35
613.7
670.1
726.5
782.9
839.3
895.7
952.1
1008.45
1064.85
1121.25
1177.65
1234.05
1290.45
1346.85
1403.2
1459.6
1516
1572.4
1628.8
1685.2
1741.6
1798
1854.35
1910.75
1967.15
2023.55
2079.95
2136.35
2192.75
2249.1
2305.5
2361.9
2418.3
2474.7
2531.1
2587.5
2643.9
2700.25
2756.65
2813.05
2869.45
2925.85
2982.25
3038.65
3095
3151.4
3207.8
3264.2
3320.6
3377
3433.4
3489.75
3546.15
3602.55
3658.95
3715.35
3771.75
3828.15
3884.55
3940.9
3997.3
4053.7
4110.1
4166.5
4222.9
4279.3
4335.65
4392.05
4448.45
4504.85
4561.25
4617.65
4674.05
4730.4
4786.8
4843.2
4899.6
4956
-1000
0.05
26
62.25
91.25
125.95
156.15
186.15
216.65
244.5
275.1
301.95
332.6
359.15
389.85
416.75
447.65
474.45
506.8
534
570.2
599.35
633.75
663.95
693.85
724.35
752.1
782.7
809.55
840.2
866.75
897.45
924.35
955.25
982.05
1014.6
1041.9
1078.25
1107.5
1141.6
1171.85
1201.55
1232.05
1259.75
1290.35
1317.15
1347.8
1374.35
1405.05
1431.9
1462.85
1489.7
1522.3
1549.65
1586.1
1615.4
1649.3
1679.55
1709.15
1739.7
1767.3
1797.95
1824.7
1855.4
1881.95
1912.65
1939.5
1970.45
1997.25
2029.95
2057.35
2093.8
2123.15
2156.95
2187.2
2216.75
2247.3
2274.85
2305.5
2332.25
2362.9
2389.5
2420.2
2447
2478
2504.8
2537.45
2564.8
2601.3
2630.6
