0.05
44.35
95.05
145.75
196.45
247.15
297.85
348.55
399.25
449.95
500.6
551.3
602
652.7
703.4
754.1
804.8
855.5
906.2
956.9
1007.6
1058.3
1109
1159.65
1210.35
1261.05
1311.75
1362.45
1413.15
1463.85
1514.55
1565.25
1615.95
1666.65
1717.35
1768.05
1818.7
1869.4
1920.1
1970.8
2021.5
2072.2
2122.9
2173.6
2224.3
2275
2325.7
2376.4
2427.1
2477.75
2528.45
2579.15
2629.85
2680.55
2731.25
2781.95
2832.65
2883.35
2934.05
2984.75
3035.45
3086.15
3136.8
3187.5
3238.2
3288.9
3339.6
3390.3
3441
3491.7
3542.4
3593.1
3643.8
3694.5
3745.2
3795.85
3846.55
3897.25
3947.95
3998.65
4049.35
4100.05
4150.75
4201.45
4252.15
4302.85
4353.55
4404.25
4454.9
4505.6
4556.3
4607
4657.7
4708.4
4759.1
4809.8
4860.5
4911.2
4961.9
-1000
0.05
26
61.4
91.5
118.95
153.45
181.75
215.25
245.55
272.15
307.85
336.75
368.65
399.05
425.9
462.4
491.8
522.05
552.9
579.7
616.2
645.95
675.05
707.05
734.25
770.15
800.15
828.15
861.75
889.7
924.15
954.35
981.3
1016.45
1045.05
1077.8
1108.15
1134.75
1170.9
1200.1
1231.15
1261.65
1288.4
1324.95
1354.55
1384.3
1415.5
1442.45
1478.8
1508.65
1537.3
1569.9
1597.35
1632.75
1662.85
1690.4
1724.7
1752.95
1786.65
1816.95
1843.6
1879.2
1908.05
1940.1
1970.5
1997.4
2033.85
2063.25
2093.55
2124.35
2151.15
2187.7
2217.4
2246.6
2278.45
2305.6
2341.6
2371.55
2399.65
2433.15
2461
2495.55
2525.75
2552.8
2587.85
2616.45
2649.25
2679.6
2706.15
2742.25
2771.4
2802.6
2833.05
2859.85
2896.35
2925.9
2955.8
2986.9
3013.8
