0.05
30.75
66.9
103.1
139.25
175.4
211.6
247.75
283.95
320.1
356.25
392.45
428.6
464.8
500.95
537.15
573.3
609.45
645.65
681.8
718
754.15
790.3
826.5
862.65
898.85
935
971.2
1007.35
1043.5
1079.7
1115.85
1152.05
1188.2
1224.35
1260.55
1296.7
1332.9
1369.05
1405.25
1441.4
1477.55
1513.75
1549.9
1586.1
1622.25
1658.45
1694.6
1730.75
1766.95
1803.1
1839.3
1875.45
1911.6
1947.8
1983.95
2020.15
2056.3
2092.5
2128.65
2164.8
2201
2237.15
2273.35
2309.5
2345.65
2381.85
2418
2454.2
2490.35
2526.55
2562.7
2598.85
2635.05
2671.2
2707.4
2743.55
2779.7
2815.9
2852.05
2888.25
2924.4
2960.6
2996.75
3032.9
3069.1
3105.25
3141.45
3177.6
3213.8
3249.95
3286.1
3322.3
3358.45
3394.65
3430.8
3466.95
3503.15
3539.3
3575.5
3611.65
3647.85
3684
3720.15
3756.35
3792.5
3828.7
3864.85
3901
3937.2
3973.35
4009.55
4045.7
4081.9
4118.05
4154.2
4190.4
4226.55
4262.75
4298.9
4335.05
4371.25
4407.4
4443.6
4479.75
4515.95
4552.1
4588.25
4624.45
4660.6
4696.8
4732.95
4769.15
4805.3
4841.45
4877.65
4913.8
4950
4986.15
-1000
0.05
26
57.35
91.05
125.85
161.05
196.45
231.95
267.45
302.85
337.9
372.15
403.1
430.55
458.2
490.4
524.55
559.55
594.85
630.3
665.8
701.25
736.6
771.5
805.2
834.2
861.05
890.55
923.65
958.15
993.3
1028.65
1064.1
1099.65
1135.05
1170.3
1204.95
1237.65
1265.85
1292.55
1323.45
1357.1
1391.85
1427.1
1462.5
1498
1533.45
1568.85
1604
1638.3
1669.6
1697.2
1724.55
1756.55
1790.65
1825.55
1860.85
1896.3
1931.8
1967.25
2002.6
2037.5
2071.2
2100.35
2127.2
2156.6
2189.65
2224.15
2259.25
2294.6
2330.1
2365.6
2401
2436.25
2470.85
2503.4
2531.55
2558.1
2589.2
2622.95
2657.75
2692.95
2728.4
2763.9
2799.35
2834.75
2869.8
2903.95
2934.5
2961.85
2989.8
3022.2
3056.4
3091.4
3126.7
3162.2
3197.7
3233.15
3268.45
3303.3
3336.7
3365.3
3392.05
3422.1
3455.4
3489.95
3525.1
3560.5
3596
3631.5
3667
3702.2
3736.8
3769.25
3797.35
3823.9
3855.15
3888.9
3923.7
3958.9
3994.35
4029.85
4065.35
4100.8
4135.85
4170.15
4201.15
4228.6
4256.2
4288.4
4322.55
4357.45
4392.75
4428.2
4463.7
4499.2
4534.6
4569.5
4603.3
