0.05
60.8
128.6
196.4
264.2
332.05
399.85
467.65
535.45
603.3
671.1
738.9
806.7
874.55
942.35
1010.15
1077.95
1145.8
1213.6
1281.4
1349.2
1417.05
1484.85
1552.65
1620.5
1688.3
1756.1
1823.9
1891.75
1959.55
2027.35
2095.15
2163
2230.8
2298.6
2366.4
2434.25
2502.05
2569.85
2637.65
2705.5
2773.3
2841.1
2908.9
2976.75
3044.55
3112.35
3180.15
3248
3315.8
3383.6
3451.4
3519.25
3587.05
3654.85
3722.7
3790.5
3858.3
3926.1
3993.95
4061.75
4129.55
4197.35
4265.2
4333
4400.8
4468.6
4536.45
4604.25
4672.05
4739.85
4807.7
4875.5
4943.3
-1000
0.05
26
57.05
93.85
123.4
159.9
189.1
223.7
251.95
282.9
309.45
340.15
372.15
402.55
437.45
467.6
503.65
533.65
570.25
600.05
636.85
666.5
703.15
732.5
768.15
796.9
828.15
855
885.8
916.05
946.55
980.65
1010.9
1046.65
1076.7
1113.15
1143.05
1179.8
1209.5
1246.25
1275.75
1311.95
1341
1374.25
1401.8
1432.7
1460.55
1491.15
1524.15
1554.5
1589.8
1619.9
1656.15
1686.1
1722.75
1752.55
1789.35
1818.9
1855.45
1884.7
1919.7
1948.1
1979.05
2005.85
2036.6
2067.95
2098.4
2133
2163.2
2199.2
2229.2
2265.75
2295.6
2332.35
