0.05
18.25
40.65
63.05
85.45
107.85
130.25
152.65
175.1
197.5
219.9
242.3
264.7
287.1
309.5
331.9
354.3
376.7
399.15
421.55
443.95
466.35
488.75
511.15
533.55
555.95
578.35
600.75
623.2
645.6
668
690.4
712.8
735.2
757.6
780
802.4
824.8
847.25
869.65
892.05
914.45
936.85
959.25
981.65
1004.05
1026.45
1048.85
1071.3
1093.7
1116.1
1138.5
1160.9
1183.3
1205.7
1228.1
1250.5
1272.9
1295.35
1317.75
1340.15
1362.55
1384.95
1407.35
1429.75
1452.15
1474.55
1496.95
1519.4
1541.8
1564.2
1586.6
1609
1631.4
1653.8
1676.2
1698.6
1721
1743.45
1765.85
1788.25
1810.65
1833.05
1855.45
1877.85
1900.25
1922.65
1945.05
1967.5
1989.9
2012.3
2034.7
2057.1
2079.5
2101.9
2124.3
2146.7
2169.1
2191.55
2213.95
2236.35
2258.75
2281.15
2303.55
2325.95
2348.35
2370.75
2393.2
2415.6
2438
2460.4
2482.8
2505.2
2527.6
2550
2572.4
2594.8
2617.25
2639.65
2662.05
2684.45
2706.85
2729.25
2751.65
2774.05
2796.45
2818.85
2841.3
2863.7
2886.1
2908.5
2930.9
2953.3
2975.7
2998.1
3020.5
3042.9
3065.35
3087.75
3110.15
3132.55
3154.95
3177.35
3199.75
3222.15
3244.55
3266.95
3289.4
3311.8
3334.2
3356.6
3379
3401.4
3423.8
3446.2
3468.6
3491
3513.45
3535.85
3558.25
3580.65
3603.05
3625.45
3647.85
3670.25
3692.65
-1000
0.05
26.85
59.35
89.45
117.45
150.1
179.65
208.15
240.8
269.9
299.4
331.9
360.25
391.1
423.05
450.75
482.35
513.6
541.25
573.35
604.05
631.75
664.3
694.4
722.35
755.05
784.6
813.1
845.8
874.85
904.35
936.85
965.2
996.05
1027.95
1055.7
1087.4
1118.65
1146.25
1178.4
1209.05
1236.8
1269.25
1299.35
1327.3
1359.95
1389.55
1418
1450.7
1479.75
1509.35
1541.9
1570.2
1601
1632.9
1660.65
1692.3
1723.55
1751.15
1783.35
1814
1841.7
1874.2
1904.25
1932.25
1964.95
1994.5
2023
2055.7
2084.7
2114.35
2146.8
2175.1
2206.05
2237.9
2265.65
2297.3
2328.5
2356.15
2388.3
2418.9
2446.55
2479
2509.15
2537.1
2569.75
2599.35
2627.8
2660.6
2689.65
2719.2
2751.7
2780.05
2810.9
2842.75
2870.5
2902.05
2933.35
2960.95
2993.05
3023.75
3051.45
3084
3114.1
3142.1
3174.75
3204.35
3232.8
3265.5
3294.55
3324.15
3356.6
3384.95
3415.8
3447.7
3475.45
3507.05
3538.35
3565.9
3598
3628.7
3656.4
3688.85
3719
3747
3779.7
3809.3
3837.75
3870.45
3899.5
3929.1
3961.55
3989.9
4020.65
4052.55
4080.35
4111.9
4143.2
4170.85
4203.05
4233.7
4261.4
4293.9
4324
4352
4384.65
4414.2
4442.7
4475.35
4504.45
4533.95
4566.45
4594.8
4625.65
4657.6
4685.3
4716.9
4748.15
4775.8
4807.9
4838.6
4866.3
4898.75
4928.9
4956.85
4989.5
