0.05
23.3
51.4
79.45
107.5
135.55
163.65
191.7
219.75
247.8
275.9
303.95
332
360.05
388.15
416.2
444.25
472.3
500.4
528.45
556.5
584.55
612.65
640.7
668.75
696.8
724.9
752.95
781
809.05
837.15
865.2
893.25
921.3
949.4
977.45
1005.5
1033.55
1061.65
1089.7
1117.75
1145.8
1173.9
1201.95
1230
1258.05
1286.15
1314.2
1342.25
1370.3
1398.4
1426.45
1454.5
1482.6
1510.65
1538.7
1566.75
1594.85
1622.9
1650.95
1679
1707.1
1735.15
1763.2
1791.25
1819.35
1847.4
1875.45
1903.5
1931.6
1959.65
1987.7
2015.75
2043.85
2071.9
2099.95
2128
2156.1
2184.15
2212.2
2240.25
2268.35
2296.4
2324.45
2352.5
2380.6
2408.65
2436.7
2464.75
2492.85
2520.9
2548.95
2577
2605.1
2633.15
2661.2
2689.25
2717.35
2745.4
2773.45
2801.5
2829.6
2857.65
2885.7
2913.75
2941.85
2969.9
2997.95
3026
3054.1
3082.15
3110.2
3138.25
3166.35
3194.4
3222.45
3250.55
3278.6
3306.65
3334.7
3362.8
3390.85
3418.9
3446.95
3475.05
3503.1
3531.15
3559.2
3587.3
3615.35
3643.4
3671.45
3699.55
3727.6
3755.65
3783.7
3811.8
3839.85
3867.9
3895.95
3924.05
3952.1
3980.15
4008.2
4036.3
4064.35
4092.4
4120.45
4148.55
4176.6
4204.65
4232.7
4260.8
4288.85
4316.9
4344.95
4373.05
4401.1
4429.15
4457.2
4485.3
4513.35
4541.4
4569.45
4597.55
4625.6
4653.65
4681.7
4709.8
4737.85
4765.9
4793.95
4822.05
4850.1
4878.15
4906.2
4934.3
4962.35
-1000
0.05
28.2
60.2
94.25
126.4
156.55
185.65
214.2
242.55
270.7
298.8
326.95
355
383.1
411.15
439.2
467.3
495.35
523.4
551.45
579.55
607.6
635.65
663.7
691.8
719.85
747.9
776
804.05
832.1
860.2
888.25
916.3
944.35
972.45
1000.5
1028.55
1056.6
1084.7
1112.75
1140.8
1168.85
1196.95
1225
1253.05
1281.1
1309.2
1337.25
1365.3
1393.35
1421.45
1449.5
1477.55
1505.6
1533.7
1561.75
1589.8
1617.85
1645.9
1674
1702.05
1730.1
1758.15
1786.25
1814.3
1842.35
1870.4
1898.5
1926.55
1954.6
1982.65
2010.75
2038.8
2066.85
2094.9
2123
2151.05
2179.1
2207.15
2235.25
2263.3
2291.35
2319.4
2347.5
2375.55
2403.6
2431.7
2459.75
2487.8
2515.85
2543.95
2572
2600.05
2628.15
2656.2
2684.25
2712.3
2740.4
2768.45
2796.5
2824.55
2852.65
2880.7
2908.75
2936.8
2964.9
2992.95
3021
3049.05
3077.15
3105.2
3133.25
3161.3
3189.4
3217.45
3245.5
3273.55
3301.65
3329.7
3357.75
3385.8
3413.85
3441.95
3470
3498.05
3526.1
3554.2
3582.25
3610.3
3638.35
3666.45
3694.5
3722.55
3750.6
3778.7
3806.75
3834.8
3862.85
3890.95
3919
3947.05
3975.1
4003.2
4031.25
4059.3
4087.35
4115.45
4143.5
4171.55
4199.65
4227.7
4255.75
4283.85
4311.9
4339.95
4368
4396.1
4424.15
4452.2
4480.25
4508.35
4536.4
4564.45
4592.5
4620.6
4648.65
4676.7
4704.75
4732.85
4760.9
4788.95
4817
4845.1
4873.15
4901.2
4929.25
4957.35
4985.4
