0.05
36.15
78.1
120.05
162.05
204
246
287.95
329.9
371.9
413.85
455.85
497.8
539.8
581.75
623.7
665.7
707.65
749.65
791.6
833.55
875.55
917.5
959.5
1001.45
1043.4
1085.4
1127.35
1169.35
1211.3
1253.3
1295.25
1337.2
1379.2
1421.15
1463.15
1505.1
1547.05
1589.05
1631
1673
1714.95
1756.95
1798.9
1840.85
1882.85
1924.8
1966.8
2008.75
2050.7
2092.7
2134.65
2176.65
2218.6
2260.55
2302.55
2344.5
2386.5
2428.45
2470.45
2512.4
2554.35
2596.35
2638.3
2680.3
2722.25
2764.2
2806.2
2848.15
2890.15
2932.1
2974.1
3016.05
3058
3100
3141.95
3183.95
3225.9
3267.85
3309.85
3351.8
3393.8
3435.75
3477.7
3519.7
3561.65
3603.65
3645.6
3687.6
3729.55
3771.5
3813.5
3855.45
3897.45
3939.4
3981.35
4023.35
4065.3
4107.3
4149.25
4191.2
4233.2
4275.15
4317.15
4359.1
4401.1
4443.05
4485
4527
4568.95
4610.95
4652.9
4694.85
4736.85
4778.8
4820.8
4862.75
4904.75
4946.7
4988.65
-1000
0.05
26
61.3
96.6
125.65
152.55
187.35
222.75
251.85
278.65
313.35
348.8
377.95
404.65
439.3
474.8
503.95
530.65
565.3
600.85
630
656.65
691.2
726.8
755.95
782.6
817.15
852.75
881.9
908.55
943.05
978.65
1007.8
1034.45
1068.95
1104.55
1133.75
1160.35
1194.9
1230.5
1259.65
1286.25
1320.8
1356.4
1385.55
1412.2
1446.7
1482.3
1511.45
1538.1
1572.6
1608.2
1637.4
1664
1698.55
1734.15
1763.3
1789.9
1824.45
1860.05
1889.2
1915.85
1950.35
1985.95
2015.1
2041.75
2076.25
2111.85
2141.05
2167.65
2202.2
2237.8
2266.95
2293.55
2328.1
2363.7
2392.9
2419.5
2454.05
2489.75
2518.95
2545.5
2580
2615.6
2644.8
2671.4
2705.9
2741.5
2770.7
2797.3
2831.8
2867.4
2896.6
2923.2
2957.7
2993.35
3022.55
3049.1
3083.6
3119.2
3148.4
3175
3209.55
3245.15
3274.35
3300.9
3335.45
3371.05
3400.25
3426.85
3461.35
3496.95
3526.15
3552.75
3587.25
3622.85
3652.05
3678.65
3713.2
3748.8
