0.05
24.7
54.3
83.9
113.5
143.1
172.7
202.3
231.9
261.5
291.05
320.65
350.25
379.85
409.45
439.05
468.65
498.25
527.85
557.45
587.05
616.65
646.2
675.8
705.4
735
764.6
794.2
823.8
853.4
883
912.6
942.2
971.8
1001.35
1030.95
1060.55
1090.15
1119.75
1149.35
1178.95
1208.55
1238.15
1267.75
1297.35
1326.95
1356.55
1386.1
1415.7
1445.3
1474.9
1504.5
1534.1
1563.7
1593.3
1622.9
1652.5
1682.1
1711.7
1741.25
1770.85
1800.45
1830.05
1859.65
1889.25
1918.85
1948.45
1978.05
2007.65
2037.25
2066.85
2096.4
2126
2155.6
2185.2
2214.8
2244.4
2274
2303.6
2333.2
2362.8
2392.4
2422
2451.6
2481.15
2510.75
2540.35
2569.95
2599.55
2629.15
2658.75
2688.35
2717.95
2747.55
2777.15
2806.75
2836.3
2865.9
2895.5
2925.1
2954.7
2984.3
3013.9
3043.5
3073.1
3102.7
3132.3
3161.9
3191.45
3221.05
3250.65
3280.25
3309.85
3339.45
3369.05
3398.65
3428.25
3457.85
3487.45
3517.05
3546.65
3576.2
3605.8
3635.4
3665
3694.6
3724.2
3753.8
3783.4
3813
3842.6
3872.2
3901.8
3931.35
3960.95
3990.55
4020.15
4049.75
4079.35
4108.95
4138.55
4168.15
4197.75
4227.35
4256.95
4286.5
4316.1
4345.7
4375.3
4404.9
4434.5
4464.1
4493.7
4523.3
4552.9
4582.5
4612.1
4641.7
4671.25
4700.85
4730.45
4760.05
4789.65
4819.25
4848.85
4878.45
4908.05
4937.65
4967.25
-1000
0.05
26
61.55
93.6
124.4
154.6
184.45
214.2
243.85
273.45
303.05
332.65
362.25
391.85
421.45
451.05
480.65
510.25
539.85
569.45
599.05
628.65
658.25
687.8
717.4
747
776.6
806.2
835.8
865.4
895
924.6
954.2
983.8
1013.4
1042.95
1072.55
1102.15
1131.75
1161.35
1190.95
1220.55
1250.15
1279.75
1309.35
1338.95
1368.55
1398.1
1427.7
1457.3
1486.9
1516.5
1546.1
1575.7
1605.3
1634.9
1664.5
1694.1
1723.7
1753.3
1782.85
1812.45
1842.05
1871.65
1901.25
1930.85
1960.45
1990.05
2019.65
2049.25
2078.85
2108.45
2138
2167.6
2197.2
2226.8
2256.4
2286
2315.6
2345.2
2374.8
2404.4
2434
2463.6
2493.15
2522.75
2552.35
2581.95
2611.55
2641.15
2670.75
2700.35
2729.95
2759.55
2789.15
2818.75
2848.35
2877.9
2907.5
2937.1
2966.7
2996.3
3025.9
3055.5
3085.1
3114.7
3144.3
3173.9
3203.5
3233.05
3262.65
3292.25
3321.85
3351.45
3381.05
3410.65
3440.25
3469.85
3499.45
3529.05
3558.65
3588.25
3617.8
3647.4
3677
3706.6
3736.2
3765.8
3795.4
3825
3854.6
3884.2
3913.8
3943.4
3972.95
4002.55
4032.15
4061.75
4091.35
4120.95
4150.55
4180.15
4209.75
4239.35
4268.95
4298.55
4328.1
4357.7
4387.3
4416.9
4446.5
4476.1
4505.7
4535.3
4564.9
4594.5
4624.1
4653.7
4683.3
4712.85
4742.45
4772.05
4801.65
4831.25
4860.85
4890.45
4920.05
4949.65
4979.25
