0.05
32.95
71.5
110.05
148.6
187.15
225.7
264.25
302.8
341.35
379.9
418.45
457
495.55
534.1
572.65
611.2
649.75
688.3
726.9
765.45
804
842.55
881.1
919.65
958.2
996.75
1035.3
1073.85
1112.4
1150.95
1189.5
1228.05
1266.6
1305.15
1343.7
1382.25
1420.8
1459.35
1497.9
1536.45
1575
1613.55
1652.15
1690.7
1729.25
1767.8
1806.35
1844.9
1883.45
1922
1960.55
1999.1
2037.65
2076.2
2114.75
2153.3
2191.85
2230.4
2268.95
2307.5
2346.05
2384.6
2423.15
2461.7
2500.25
2538.8
2577.35
2615.95
2654.5
2693.05
2731.6
2770.15
2808.7
2847.25
2885.8
2924.35
2962.9
3001.45
3040
3078.55
3117.1
3155.65
3194.2
3232.75
3271.3
3309.85
3348.4
3386.95
3425.5
3464.05
3502.6
3541.2
3579.75
3618.3
3656.85
3695.4
3733.95
3772.5
3811.05
3849.6
3888.15
3926.7
3965.25
4003.8
4042.35
4080.9
4119.45
4158
4196.55
4235.1
4273.65
4312.2
4350.75
4389.3
4427.85
4466.45
4505
4543.55
4582.1
4620.65
4659.2
4697.75
4736.3
4774.85
4813.4
4851.95
4890.5
4929.05
4967.6
-1000
0.05
26
62.4
98
130.7
158.75
186.3
219.75
255.25
290.9
323.85
352
379.35
412.6
448.1
483.8
516.95
545.2
572.35
605.5
640.95
676.65
710
738.35
765.25
798.35
833.8
869.5
902.95
931.35
958.2
991.2
1026.6
1062.3
1095.9
1124.3
1151.1
1184
1219.4
1255.1
1288.8
1317.25
1343.95
1376.8
1412.2
1447.9
1481.65
1510.15
1536.8
1569.6
1604.95
1640.7
1674.5
1703
1729.6
1762.4
1797.75
1833.5
1867.3
1895.8
1922.4
1955.2
1990.55
2026.3
2060.1
2088.65
2115.25
2147.95
2183.3
2219.05
2252.9
2281.45
2308.05
2340.75
2376.1
2411.85
2445.7
2474.3
2500.85
2533.55
2568.85
2604.6
2638.6
2667.2
2693.7
2726.35
2761.65
2797.4
2831.35
2859.95
2886.5
2919.15
2954.45
2990.2
3024.15
3052.75
3079.3
3111.9
3147.2
3182.95
3216.95
3245.6
3272.1
3304.7
3339.95
3375.75
3409.75
3438.4
3464.95
3497.45
3532.75
3568.6
3602.85
3631.5
3658.15
3690.45
3725.65
3761.45
3795.7
3824.4
3851.15
3883.3
3918.5
3954.25
3988.6
4017.4
4044.2
4076.2
4111.35
4147.15
