0.05
41.7
89.6
137.5
185.4
233.3
281.2
329.1
377
424.9
472.8
520.7
568.6
616.45
664.35
712.25
760.15
808.05
855.95
903.85
951.75
999.65
1047.55
1095.45
1143.35
1191.25
1239.15
1287.05
1334.95
1382.85
1430.75
1478.6
1526.5
1574.4
1622.3
1670.2
1718.1
1766
1813.9
1861.8
1909.7
1957.6
2005.5
2053.4
2101.3
2149.2
2197.1
2245
2292.85
2340.75
2388.65
2436.55
2484.45
2532.35
2580.25
2628.15
2676.05
2723.95
2771.85
2819.75
2867.65
2915.55
2963.45
3011.35
3059.25
3107.15
3155
3202.9
3250.8
3298.7
3346.6
3394.5
3442.4
3490.3
3538.2
3586.1
3634
3681.9
3729.8
3777.7
3825.6
3873.5
3921.4
3969.3
4017.15
4065.05
4112.95
4160.85
4208.75
4256.65
4304.55
4352.45
4400.35
4448.25
4496.15
4544.05
4591.95
4639.85
4687.75
4735.65
4783.55
4831.4
4879.3
4927.2
4975.1
-1000
0.05
26
57.05
83.8
120.15
149.95
177.4
213.7
243.1
271.9
307.65
336.7
366.7
401.5
430.05
461.45
494.6
522.4
555.65
586.45
613.3
648.9
678.95
705.5
741.95
771.6
799.55
835.7
865
894.2
929.7
958.6
989
1023.35
1051.7
1083.65
1116
1143.45
1177.55
1207.8
1234.6
1270.65
1300.6
1327.5
1363.95
1393.5
1421.85
1457.85
1487.05
1516.6
1551.8
1580.55
1611.4
1645.3
1673.4
1705.85
1737.55
1764.65
1799.5
1829.65
1856.5
1892.75
1922.6
1949.85
1986.2
2015.7
2044.3
2080.15
2109.25
2139.05
2174.05
2202.7
2233.8
2267.45
2295.45
2328.25
2359.45
2386.45
2421.65
2451.75
2478.4
2514.8
2544.55
2572.1
2608.4
2637.8
2666.7
2702.4
2731.4
2761.5
2796.2
2824.7
2856.2
2889.2
2916.9
2950.35
2980.95
3007.8
3043.55
3073.55
3100.2
3136.75
3166.35
3194.35
3230.5
