0.05
25.75
56.5
87.2
117.95
148.7
179.4
210.15
240.9
271.65
302.35
333.1
363.85
394.6
425.3
456.05
486.8
517.5
548.25
579
609.75
640.45
671.2
701.95
732.65
763.4
794.15
824.9
855.6
886.35
917.1
947.85
978.55
1009.3
1040.05
1070.75
1101.5
1132.25
1163
1193.7
1224.45
1255.2
1285.9
1316.65
1347.4
1378.15
1408.85
1439.6
1470.35
1501.1
1531.8
1562.55
1593.3
1624
1654.75
1685.5
1716.25
1746.95
1777.7
1808.45
1839.15
1869.9
1900.65
1931.4
1962.1
1992.85
2023.6
2054.35
2085.05
2115.8
2146.55
2177.25
2208
2238.75
2269.5
2300.2
2330.95
2361.7
2392.4
2423.15
2453.9
2484.65
2515.35
2546.1
2576.85
2607.6
2638.3
2669.05
2699.8
2730.5
2761.25
2792
2822.75
2853.45
2884.2
2914.95
2945.65
2976.4
3007.15
3037.9
3068.6
3099.35
3130.1
3160.85
3191.55
3222.3
3253.05
3283.75
3314.5
3345.25
3376
3406.7
3437.45
3468.2
3498.9
3529.65
3560.4
3591.15
3621.85
3652.6
3683.35
3714.1
3744.8
3775.55
3806.3
3837
3867.75
3898.5
3929.25
3959.95
3990.7
4021.45
4052.15
4082.9
4113.65
4144.4
4175.1
4205.85
4236.6
4267.35
4298.05
4328.8
4359.55
4390.25
4421
4451.75
4482.5
4513.2
4543.95
4574.7
4605.4
4636.15
4666.9
4697.65
4728.35
4759.1
4789.85
4820.6
4851.3
4882.05
4912.8
4943.5
4974.25
-1000
0.05
26
56.8
87.3
117.95
148.65
179.35
210.05
240.8
271.55
302.3
333
363.75
394.5
425.2
455.95
486.7
517.45
548.15
578.9
609.65
640.35
671.1
701.85
732.6
763.3
794.05
824.8
855.55
886.25
917
947.75
978.45
1009.2
1039.95
1070.7
1101.4
1132.15
1162.9
1193.6
1224.35
1255.1
1285.85
1316.55
1347.3
1378.05
1408.8
1439.5
1470.25
1501
1531.7
1562.45
1593.2
1623.95
1654.65
1685.4
1716.15
1746.85
1777.6
1808.35
1839.1
1869.8
1900.55
1931.3
1962.05
1992.75
2023.5
2054.25
2084.95
2115.7
2146.45
2177.2
2207.9
2238.65
2269.4
2300.1
2330.85
2361.6
2392.35
2423.05
2453.8
2484.55
2515.3
2546
2576.75
2607.5
2638.2
2668.95
2699.7
2730.45
2761.15
2791.9
2822.65
2853.35
2884.1
2914.85
2945.6
2976.3
3007.05
3037.8
3068.55
3099.25
3130
3160.75
3191.45
3222.2
3252.95
3283.7
3314.4
3345.15
3375.9
3406.6
3437.35
3468.1
3498.85
3529.55
3560.3
3591.05
3621.8
3652.5
3683.25
3714
3744.7
3775.45
3806.2
3836.95
3867.65
3898.4
3929.15
3959.85
3990.6
4021.35
4052.1
4082.8
4113.55
4144.3
4175.05
4205.75
4236.5
4267.25
4297.95
4328.7
4359.45
4390.2
4420.9
4451.65
4482.4
4513.1
4543.85
4574.6
4605.35
4636.05
4666.8
4697.55
4728.3
4759
4789.75
4820.5
4851.2
4881.95
4912.7
4943.45
4974.15
