0.05
48.6
103.7
158.85
213.95
269.1
324.25
379.35
434.5
489.6
544.75
599.85
655
710.15
765.25
820.4
875.5
930.65
985.8
1040.9
1096.05
1151.15
1206.3
1261.4
1316.55
1371.7
1426.8
1481.95
1537.05
1592.2
1647.35
1702.45
1757.6
1812.7
1867.85
1922.95
1978.1
2033.25
2088.35
2143.5
2198.6
2253.75
2308.9
2364
2419.15
2474.25
2529.4
2584.55
2639.65
2694.8
2749.9
2805.05
2860.15
2915.3
2970.45
3025.55
3080.7
3135.8
3190.95
3246.1
3301.2
3356.35
3411.45
3466.6
3521.7
3576.85
3632
3687.1
3742.25
3797.35
3852.5
3907.65
3962.75
4017.9
4073
4128.15
4183.3
4238.4
4293.55
4348.65
4403.8
4458.9
4514.05
4569.2
4624.3
4679.45
4734.55
4789.7
4844.85
4899.95
4955.1
-1000
0.05
26
57.05
87.75
118.2
145.65
176.25
203
234.65
261.6
297.7
326.75
360.65
390.95
419.85
450.45
477.2
507.85
534.6
567.45
594.9
631.55
661.2
693.15
723.55
751.5
782.15
808.7
839.55
866.35
900.8
929
964.85
994.9
1025.2
1055.7
1082.95
1113.6
1140.45
1172.4
1199.5
1235.9
1265.2
1298.45
1328.75
1357.35
1387.95
1414.6
1445.3
1472.05
1505.3
1532.95
1569.5
1599.3
1630.7
1661.15
1688.9
1719.55
1746.15
1777.2
1804.05
1839.05
1867.55
1902.85
1932.95
1962.75
1993.3
2020.4
2051.05
2077.9
2110.2
2137.4
2174
2203.5
2236.15
2266.5
2294.8
2325.4
2352
2382.75
2409.5
2443.2
2471.05
2507.4
2537.3
2568.25
2598.7
2626.25
2656.9
2683.55
2714.8
