0.05
44.35
95.05
145.75
196.45
247.15
297.85
348.55
399.25
449.95
500.6
551.3
602
652.7
703.4
754.1
804.8
855.5
906.2
956.9
1007.6
1058.3
1109
1159.65
1210.35
1261.05
1311.75
1362.45
1413.15
1463.85
1514.55
1565.25
1615.95
1666.65
1717.35
1768.05
1818.7
1869.4
1920.1
1970.8
2021.5
2072.2
2122.9
2173.6
2224.3
2275
2325.7
2376.4
2427.1
2477.75
2528.45
2579.15
2629.85
2680.55
2731.25
2781.95
2832.65
2883.35
2934.05
2984.75
3035.45
3086.15
3136.8
3187.5
3238.2
3288.9
3339.6
3390.3
3441
3491.7
3542.4
3593.1
3643.8
3694.5
3745.2
3795.85
3846.55
3897.25
3947.95
3998.65
4049.35
4100.05
4150.75
4201.45
4252.15
4302.85
4353.55
4404.25
4454.9
4505.6
4556.3
4607
4657.7
4708.4
4759.1
4809.8
4860.5
4911.2
4961.9
-1000
0.05
26
57.1
83.9
120.45
150.05
179.7
211.05
238
274.3
304.2
332.7
365.5
393.05
428.3
458.4
485.85
520.4
548.75
582.2
612.45
639.05
674.8
703.75
735.6
765.95
792.8
829.25
858.7
888.95
919.8
946.6
983.1
1012.85
1041.95
1073.95
1101.15
1137.05
1167
1195
1228.65
1256.6
1291
1321.2
1348.2
1383.35
1412
1444.65
1475
1501.65
1537.8
1567
1598.05
1628.5
1655.3
1691.85
1721.4
1751.2
1782.4
1809.3
1845.65
1875.5
1904.15
1936.8
1964.25
1999.65
2029.75
2057.3
2091.6
2119.85
2153.55
2183.8
2210.5
2246.05
2274.95
2307
2337.4
2364.25
2400.7
2430.1
2460.45
2491.25
2518.1
2554.6
2584.35
2613.5
2645.4
2672.55
2708.5
2738.5
2766.55
2800.1
2828
2862.5
2892.7
2919.7
2954.8
2983.4
3016.2
