0.05
27.2
59.5
91.85
124.15
156.45
188.8
221.1
253.45
285.75
318.05
350.4
382.7
415.05
447.35
479.65
512
544.3
576.65
608.95
641.25
673.6
705.9
738.25
770.55
802.85
835.2
867.5
899.85
932.15
964.45
996.8
1029.1
1061.45
1093.75
1126.05
1158.4
1190.7
1223.05
1255.35
1287.7
1320
1352.3
1384.65
1416.95
1449.3
1481.6
1513.9
1546.25
1578.55
1610.9
1643.2
1675.5
1707.85
1740.15
1772.5
1804.8
1837.1
1869.45
1901.75
1934.1
1966.4
1998.7
2031.05
2063.35
2095.7
2128
2160.3
2192.65
2224.95
2257.3
2289.6
2321.9
2354.25
2386.55
2418.9
2451.2
2483.5
2515.85
2548.15
2580.5
2612.8
2645.1
2677.45
2709.75
2742.1
2774.4
2806.7
2839.05
2871.35
2903.7
2936
2968.3
3000.65
3032.95
3065.3
3097.6
3129.9
3162.25
3194.55
3226.9
3259.2
3291.5
3323.85
3356.15
3388.5
3420.8
3453.1
3485.45
3517.75
3550.1
3582.4
3614.7
3647.05
3679.35
3711.7
3744
3776.3
3808.65
3840.95
3873.3
3905.6
3937.9
3970.25
4002.55
4034.9
4067.2
4099.55
4131.85
4164.15
4196.5
4228.8
4261.15
4293.45
4325.75
4358.1
4390.4
4422.75
4455.05
4487.35
4519.7
4552
4584.35
4616.65
4648.95
4681.3
4713.6
4745.95
4778.25
4810.55
4842.9
4875.2
4907.55
4939.85
4972.15
-1000
0.05
26
53.3
83.05
114.2
145.95
178
210.2
242.45
274.75
307.05
339.35
371.65
403.95
436.3
468.6
500.95
533.25
565.55
597.9
630.2
662.55
694.85
727.15
759.5
791.8
824.15
856.45
888.75
921.1
953.4
985.75
1018.05
1050.35
1082.7
1115
1147.35
1179.65
1211.95
1244.3
1276.6
1308.95
1341.25
1373.55
1405.9
1438.2
1470.55
1502.85
1535.2
1567.5
1599.8
1632.15
1664.45
1696.8
1729.1
1761.4
1793.75
1826.05
1858.4
1890.7
1923
1955.35
1987.65
2020
2052.3
2084.6
2116.95
2149.25
2181.6
2213.9
2246.2
2278.55
2310.85
2343.2
2375.5
2407.8
2440.15
2472.45
2504.8
2537.1
2569.4
2601.75
2634.05
2666.4
2698.7
2731
2763.35
2795.65
2828
2860.3
2892.6
2924.95
2957.25
2989.6
3021.9
3054.2
3086.55
3118.85
3151.2
3183.5
3215.8
3248.15
3280.45
3312.8
3345.1
3377.4
3409.75
3442.05
3474.4
3506.7
3539
3571.35
3603.65
3636
3668.3
3700.6
3732.95
3765.25
3797.6
3829.9
3862.2
3894.55
3926.85
3959.2
3991.5
4023.8
4056.15
4088.45
4120.8
4153.1
4185.4
4217.75
4250.05
4282.4
4314.7
4347.05
4379.35
4411.65
4444
4476.3
4508.65
4540.95
4573.25
4605.6
4637.9
4670.25
4702.55
4734.85
4767.2
4799.5
4831.85
4864.15
4896.45
4928.8
4961.1
