0.05
28.85
62.95
97.05
131.2
165.3
199.4
233.55
267.65
301.75
335.9
370
404.1
438.2
472.35
506.45
540.55
574.7
608.8
642.9
677.05
711.15
745.25
779.4
813.5
847.6
881.75
915.85
949.95
984.05
1018.2
1052.3
1086.4
1120.55
1154.65
1188.75
1222.9
1257
1291.1
1325.25
1359.35
1393.45
1427.55
1461.7
1495.8
1529.9
1564.05
1598.15
1632.25
1666.4
1700.5
1734.6
1768.75
1802.85
1836.95
1871.1
1905.2
1939.3
1973.4
2007.55
2041.65
2075.75
2109.9
2144
2178.1
2212.25
2246.35
2280.45
2314.6
2348.7
2382.8
2416.9
2451.05
2485.15
2519.25
2553.4
2587.5
2621.6
2655.75
2689.85
2723.95
2758.1
2792.2
2826.3
2860.4
2894.55
2928.65
2962.75
2996.9
3031
3065.1
3099.25
3133.35
3167.45
3201.6
3235.7
3269.8
3303.95
3338.05
3372.15
3406.25
3440.4
3474.5
3508.6
3542.75
3576.85
3610.95
3645.1
3679.2
3713.3
3747.45
3781.55
3815.65
3849.75
3883.9
3918
3952.1
3986.25
4020.35
4054.45
4088.6
4122.7
4156.8
4190.95
4225.05
4259.15
4293.3
4327.4
4361.5
4395.6
4429.75
4463.85
4497.95
4532.1
4566.2
4600.3
4634.45
4668.55
4702.65
4736.8
4770.9
4805
4839.1
4873.25
4907.35
4941.45
4975.6
-1000
0.05
26
59.65
93.15
126.9
160.85
194.85
228.9
263
297.1
331.2
365.35
399.45
433.55
467.65
501.75
535.85
569.95
604.1
638.2
672.3
706.45
740.55
774.65
808.85
842.95
877.05
911.2
945.3
979.4
1013.5
1047.6
1081.7
1115.8
1149.95
1184.05
1218.15
1252.3
1286.4
1320.5
1354.7
1388.8
1422.9
1457
1491.1
1525.2
1559.3
1593.45
1627.55
1661.65
1695.8
1729.9
1764
1798.2
1832.3
1866.4
1900.5
1934.6
1968.7
2002.8
2036.95
2071.05
2105.15
2139.3
2173.4
2207.5
2241.65
2275.75
2309.85
2344.05
2378.15
2412.25
2446.35
2480.45
2514.55
2548.65
2582.8
2616.9
2651
2685.15
2719.25
2753.35
2787.55
2821.65
2855.75
2889.85
2923.95
2958.05
2992.15
3026.3
3060.4
3094.5
3128.65
3162.75
3196.85
3231.05
3265.15
3299.25
3333.4
3367.5
3401.6
3435.7
3469.8
3503.9
3538
3572.15
3606.25
3640.35
3674.5
3708.6
3742.7
3776.9
3811
3845.1
3879.2
3913.3
3947.4
3981.5
4015.65
4049.75
4083.85
4118
4152.1
4186.2
4220.4
4254.5
4288.6
4322.7
4356.8
4390.9
4425
4459.15
4493.25
4527.35
4561.5
4595.6
4629.7
4663.85
4697.95
4732.05
4766.25
4800.35
4834.45
4868.55
4902.65
4936.75
4970.85
