0.05
30.75
66.9
103.1
139.25
175.4
211.6
247.75
283.95
320.1
356.25
392.45
428.6
464.8
500.95
537.15
573.3
609.45
645.65
681.8
718
754.15
790.3
826.5
862.65
898.85
935
971.2
1007.35
1043.5
1079.7
1115.85
1152.05
1188.2
1224.35
1260.55
1296.7
1332.9
1369.05
1405.25
1441.4
1477.55
1513.75
1549.9
1586.1
1622.25
1658.45
1694.6
1730.75
1766.95
1803.1
1839.3
1875.45
1911.6
1947.8
1983.95
2020.15
2056.3
2092.5
2128.65
2164.8
2201
2237.15
2273.35
2309.5
2345.65
2381.85
2418
2454.2
2490.35
2526.55
2562.7
2598.85
2635.05
2671.2
2707.4
2743.55
2779.7
2815.9
2852.05
2888.25
2924.4
2960.6
2996.75
3032.9
3069.1
3105.25
3141.45
3177.6
3213.8
3249.95
3286.1
3322.3
3358.45
3394.65
3430.8
3466.95
3503.15
3539.3
3575.5
3611.65
3647.85
3684
3720.15
3756.35
3792.5
3828.7
3864.85
3901
3937.2
3973.35
4009.55
4045.7
4081.9
4118.05
4154.2
4190.4
4226.55
4262.75
4298.9
4335.05
4371.25
4407.4
4443.6
4479.75
4515.95
4552.1
4588.25
4624.45
4660.6
4696.8
4732.95
4769.15
4805.3
4841.45
4877.65
4913.8
4950
4986.15
-1000
0.05
26
60.65
95.45
130.8
166.2
201.7
237.2
272.55
307.55
341.6
371.75
398.95
427.35
459.9
494.2
529.2
564.6
600.05
635.55
671
706.3
741.15
774.55
803.15
829.95
859.95
893.25
927.85
963
998.45
1033.9
1069.4
1104.85
1140.05
1174.6
1207
1235.05
1261.6
1292.9
1326.75
1361.55
1396.75
1432.25
1467.75
1503.25
1538.65
1573.7
1607.95
1638.75
1666.15
1693.9
1726.15
1760.35
1795.3
1830.6
1866.05
1901.55
1937.05
1972.35
2007.2
2040.7
2069.45
2096.25
2126.1
2159.3
2193.85
2229
2264.35
2299.85
2335.35
2370.75
2405.95
2440.5
2472.65
2500.65
2527.25
2558.75
2592.65
2627.45
2662.7
2698.15
2733.65
2769.15
2804.5
2839.5
2873.5
2903.5
2930.6
2959.15
2991.8
3026.15
3061.15
3096.5
3131.95
3167.45
3202.9
3238.15
3272.95
3306.1
3334.5
3361.25
3391.65
3425.05
3459.7
3494.85
3530.25
3565.75
3601.25
3636.65
3671.9
3706.4
3738.4
3766.3
3793.05
3824.65
3858.6
3893.4
3928.65
3964.1
3999.6
4035.1
4070.45
4105.55
4139.6
4169.75
4196.95
4225.3
4257.85
4292.15
4327.15
4362.5
4397.95
4433.45
4468.9
4504.2
4539.1
4572.45
4601.05
