0.05
48.6
103.7
158.85
213.95
269.1
324.25
379.35
434.5
489.6
544.75
599.85
655
710.15
765.25
820.4
875.5
930.65
985.8
1040.9
1096.05
1151.15
1206.3
1261.4
1316.55
1371.7
1426.8
1481.95
1537.05
1592.2
1647.35
1702.45
1757.6
1812.7
1867.85
1922.95
1978.1
2033.25
2088.35
2143.5
2198.6
2253.75
2308.9
2364
2419.15
2474.25
2529.4
2584.55
2639.65
2694.8
2749.9
2805.05
2860.15
2915.3
2970.45
3025.55
3080.7
3135.8
3190.95
3246.1
3301.2
3356.35
3411.45
3466.6
3521.7
3576.85
3632
3687.1
3742.25
3797.35
3852.5
3907.65
3962.75
4017.9
4073
4128.15
4183.3
4238.4
4293.55
4348.65
4403.8
4458.9
4514.05
4569.2
4624.3
4679.45
4734.55
4789.7
4844.85
4899.95
4955.1
-1000
0.05
26
62.75
92.5
124.1
154.5
182.35
212.95
239.55
270.55
297.35
332.15
360.55
396.1
426.15
456.15
486.65
513.8
544.45
571.35
603.55
630.75
667.3
696.75
729.55
759.9
788.25
818.85
845.45
876.2
902.95
936.55
964.35
1000.8
1030.65
1061.7
1092.15
1119.8
1150.4
1177.05
1208.35
1235.2
1270.75
1299.5
1334.25
1364.4
1393.85
1424.35
1451.3
1481.95
1508.7
1541.2
1568.5
1605.15
1634.7
1667.1
1697.45
1725.65
1756.25
1782.8
1813.6
1840.4
1874.3
1902.3
1938.5
1968.45
1999.15
2029.65
2057.1
2087.75
2114.5
2146
2173
2208.95
2237.95
2272.05
2302.3
2331.35
2361.9
2388.7
2419.35
2446.1
2478.85
2506.3
2542.95
2572.6
2604.6
2635
2663
2693.6
2720.15
