0.05
26.9
58.85
90.85
122.85
154.85
186.85
218.8
250.8
282.8
314.8
346.75
378.75
410.75
442.75
474.7
506.7
538.7
570.7
602.65
634.65
666.65
698.65
730.6
762.6
794.6
826.6
858.55
890.55
922.55
954.55
986.5
1018.5
1050.5
1082.5
1114.45
1146.45
1178.45
1210.45
1242.4
1274.4
1306.4
1338.4
1370.35
1402.35
1434.35
1466.35
1498.3
1530.3
1562.3
1594.3
1626.25
1658.25
1690.25
1722.25
1754.2
1786.2
1818.2
1850.2
1882.2
1914.15
1946.15
1978.15
2010.15
2042.1
2074.1
2106.1
2138.1
2170.05
2202.05
2234.05
2266.05
2298
2330
2362
2394
2425.95
2457.95
2489.95
2521.95
2553.9
2585.9
2617.9
2649.9
2681.85
2713.85
2745.85
2777.85
2809.8
2841.8
2873.8
2905.8
2937.75
2969.75
3001.75
3033.75
3065.7
3097.7
3129.7
3161.7
3193.65
3225.65
3257.65
3289.65
3321.6
3353.6
3385.6
3417.6
3449.6
3481.55
3513.55
3545.55
3577.55
3609.5
3641.5
3673.5
3705.5
3737.45
3769.45
3801.45
3833.45
3865.4
3897.4
3929.4
3961.4
3993.35
4025.35
4057.35
4089.35
4121.3
4153.3
4185.3
4217.3
4249.25
4281.25
4313.25
4345.25
4377.2
4409.2
4441.2
4473.2
4505.15
4537.15
4569.15
4601.15
4633.1
4665.1
4697.1
4729.1
4761.05
4793.05
4825.05
4857.05
4889
4921
4953
4985
-1000
0.05
26
52.6
81.35
111.8
143.1
174.75
206.55
238.45
270.4
302.35
334.35
366.35
398.3
430.3
462.3
494.25
526.25
558.25
590.25
622.2
654.2
686.2
718.2
750.15
782.15
814.15
846.15
878.15
910.1
942.1
974.1
1006.1
1038.05
1070.05
1102.05
1134.05
1166
1198
1230
1262
1293.95
1325.95
1357.95
1389.95
1421.9
1453.9
1485.9
1517.9
1549.85
1581.85
1613.85
1645.85
1677.8
1709.8
1741.8
1773.8
1805.75
1837.75
1869.75
1901.75
1933.7
1965.7
1997.7
2029.7
2061.65
2093.65
2125.65
2157.65
2189.6
2221.6
2253.6
2285.6
2317.55
2349.55
2381.55
2413.55
2445.5
2477.5
2509.5
2541.5
2573.5
2605.45
2637.45
2669.45
2701.45
2733.4
2765.4
2797.4
2829.4
2861.35
2893.35
2925.35
2957.35
2989.3
3021.3
3053.3
3085.3
3117.25
3149.25
3181.25
3213.25
3245.2
3277.2
3309.2
3341.2
3373.15
3405.15
3437.15
3469.15
3501.1
3533.1
3565.1
3597.1
3629.05
3661.05
3693.05
3725.05
3757
3789
3821
3853
3884.95
3916.95
3948.95
3980.95
4012.9
4044.9
4076.9
4108.9
4140.85
4172.85
4204.85
4236.85
4268.85
4300.8
4332.8
4364.8
4396.8
4428.75
4460.75
4492.75
4524.75
4556.7
4588.7
4620.7
4652.7
4684.65
4716.65
4748.65
4780.65
4812.6
4844.6
4876.6
4908.6
4940.55
4972.55
