0.05
18.6
41.45
64.3
87.1
109.95
132.8
155.6
178.45
201.3
224.1
246.95
269.8
292.6
315.45
338.3
361.1
383.95
406.8
429.6
452.45
475.3
498.1
520.95
543.8
566.6
589.45
612.3
635.1
657.95
680.8
703.6
726.45
749.3
772.1
794.95
817.8
840.6
863.45
886.25
909.1
931.95
954.75
977.6
1000.45
1023.25
1046.1
1068.95
1091.75
1114.6
1137.45
1160.25
1183.1
1205.95
1228.75
1251.6
1274.45
1297.25
1320.1
1342.95
1365.75
1388.6
1411.45
1434.25
1457.1
1479.95
1502.75
1525.6
1548.45
1571.25
1594.1
1616.95
1639.75
1662.6
1685.45
1708.25
1731.1
1753.95
1776.75
1799.6
1822.45
1845.25
1868.1
1890.95
1913.75
1936.6
1959.45
1982.25
2005.1
2027.9
2050.75
2073.6
2096.4
2119.25
2142.1
2164.9
2187.75
2210.6
2233.4
2256.25
2279.1
2301.9
2324.75
2347.6
2370.4
2393.25
2416.1
2438.9
2461.75
2484.6
2507.4
2530.25
2553.1
2575.9
2598.75
2621.6
2644.4
2667.25
2690.1
2712.9
2735.75
2758.6
2781.4
2804.25
2827.1
2849.9
2872.75
2895.6
2918.4
2941.25
2964.1
2986.9
3009.75
3032.6
3055.4
3078.25
3101.05
3123.9
3146.75
3169.55
3192.4
3215.25
3238.05
3260.9
3283.75
3306.55
3329.4
3352.25
3375.05
3397.9
3420.75
3443.55
3466.4
3489.25
3512.05
3534.9
3557.75
3580.55
3603.4
3626.25
3649.05
3671.9
3694.75
3717.55
3740.4
3763.25
-1000
0.05
26
57.3
84.65
117
147.7
175.05
206.85
238.2
265.7
296.85
328.7
356.5
387.1
419.3
447.45
477.75
510.25
538.55
568.75
601.25
629.75
659.4
692.05
720.8
749.65
782.55
811.65
839.75
872.45
902.25
929.75
962.15
992.7
1020
1051.9
1083.15
1110.6
1141.9
1173.7
1201.4
1232.1
1264.3
1292.35
1322.75
1355.15
1383.45
1413.65
1446.2
1474.6
1504.55
1537.1
1565.75
1594.95
1627.75
1656.65
1685
1717.85
1747.35
1775.05
1807.6
1837.9
1865.15
1897.25
1928.3
1955.65
1987.15
2018.8
2046.4
2077.35
2109.4
2137.3
2167.7
2200.05
2228.3
2258.6
2291.05
2319.45
2349.4
2382
2410.6
2439.9
2472.6
2501.55
2529.95
2562.75
2592.25
2619.9
2652.6
2682.75
2710.15
2742.3
2773.2
2800.55
2832.1
2863.7
2891.25
2922.35
2954.3
2982.2
3012.65
3044.95
3073.15
3103.4
3135.85
3164.25
3194.2
3226.8
3255.4
3284.75
3317.5
3346.35
3374.8
3407.6
3437.05
3464.75
3497.35
3527.6
3554.9
3587.05
3618
3645.4
3676.9
3708.5
3736.05
3767
3799.05
3826.95
3857.55
3889.8
3918
3948.25
3980.7
4009.1
4039
4071.65
4100.2
4129.65
4162.35
4191.2
4219.75
4252.55
4281.95
4309.65
4342.25
4372.45
4399.8
4432
4462.9
4490.25
4521.85
4553.35
4580.95
4611.95
4643.95
4671.85
4702.3
4734.65
4762.8
4793.25
4825.65
4854
4884.05
4916.6
4945.1
4974.6
