0.05
31.15
67.75
104.4
141
177.6
214.25
250.85
287.5
324.1
360.7
397.35
433.95
470.55
507.2
543.8
580.45
617.05
653.65
690.3
726.9
763.5
800.15
836.75
873.4
910
946.6
983.25
1019.85
1056.45
1093.1
1129.7
1166.35
1202.95
1239.55
1276.2
1312.8
1349.4
1386.05
1422.65
1459.25
1495.9
1532.5
1569.15
1605.75
1642.35
1679
1715.6
1752.2
1788.85
1825.45
1862.1
1898.7
1935.3
1971.95
2008.55
2045.15
2081.8
2118.4
2155.05
2191.65
2228.25
2264.9
2301.5
2338.1
2374.75
2411.35
2448
2484.6
2521.2
2557.85
2594.45
2631.05
2667.7
2704.3
2740.95
2777.55
2814.15
2850.8
2887.4
2924
2960.65
2997.25
3033.85
3070.5
3107.1
3143.75
3180.35
3216.95
3253.6
3290.2
3326.8
3363.45
3400.05
3436.7
3473.3
3509.9
3546.55
3583.15
3619.75
3656.4
3693
3729.65
3766.25
3802.85
3839.5
3876.1
3912.7
3949.35
3985.95
4022.6
4059.2
4095.8
4132.45
4169.05
4205.65
4242.3
4278.9
4315.55
4352.15
4388.75
4425.4
4462
4498.6
4535.25
4571.85
4608.5
4645.1
4681.7
4718.35
4754.95
4791.55
4828.2
4864.8
4901.4
4938.05
4974.65
-1000
0.05
26
62.85
98.15
132.65
163.75
191.2
219.05
251.6
286.05
321.35
356.85
392.4
427.75
462.3
493.55
521.1
548.8
581.2
615.75
650.95
686.45
722
757.35
791.9
823.2
850.75
878.4
910.85
945.25
980.5
1016
1051.55
1086.9
1121.45
1152.65
1180.2
1207.9
1240.35
1274.8
1310.05
1345.55
1381.1
1416.45
1450.95
1482.15
1509.65
1537.4
1569.9
1604.35
1639.6
1675.1
1710.65
1746
1780.5
1811.6
1839.1
1866.9
1899.45
1933.9
1969.15
2004.65
2040.2
2075.55
2110.05
2141.05
2168.5
2196.4
2228.95
2263.45
2298.7
2334.2
2369.75
2405.1
2439.55
2470.55
2497.9
2525.9
2558.5
2593
2628.25
2663.75
2699.3
2734.65
2769.15
2800.1
2827.5
2855.45
2888.05
2922.6
2957.8
2993.35
3028.9
3064.2
3098.7
3129.55
3156.95
3185
3217.6
3252.1
3287.4
3322.9
3358.45
3393.75
3428.2
3458.95
3486.3
3514.45
3547.1
3581.65
3616.9
3652.45
3688
3723.3
3757.85
3788.65
3816.05
3844.1
3876.75
3911.25
3946.5
3982.05
4017.55
4053
4087.5
4118.6
4146.1
4173.9
4206.4
4240.9
4276.15
4311.65
4347.3
4382.6
4417.2
4448.65
4476.25
