0.05
44.35
95.05
145.75
196.45
247.15
297.85
348.55
399.25
449.95
500.6
551.3
602
652.7
703.4
754.1
804.8
855.5
906.2
956.9
1007.6
1058.3
1109
1159.65
1210.35
1261.05
1311.75
1362.45
1413.15
1463.85
1514.55
1565.25
1615.95
1666.65
1717.35
1768.05
1818.7
1869.4
1920.1
1970.8
2021.5
2072.2
2122.9
2173.6
2224.3
2275
2325.7
2376.4
2427.1
2477.75
2528.45
2579.15
2629.85
2680.55
2731.25
2781.95
2832.65
2883.35
2934.05
2984.75
3035.45
3086.15
3136.8
3187.5
3238.2
3288.9
3339.6
3390.3
3441
3491.7
3542.4
3593.1
3643.8
3694.5
3745.2
3795.85
3846.55
3897.25
3947.95
3998.65
4049.35
4100.05
4150.75
4201.45
4252.15
4302.85
4353.55
4404.25
4454.9
4505.6
4556.3
4607
4657.7
4708.4
4759.1
4809.8
4860.5
4911.2
4961.9
-1000
0.05
26
57.05
86.5
118.1
145.15
181.3
211.2
239.5
272.7
300.4
335.3
365.45
392.65
427.45
455.9
489.05
519.4
545.95
581.85
610.9
642.4
672.85
699.6
736.1
765.55
795.65
826.6
853.45
889.9
919.7
948.65
980.8
1008.05
1043.85
1073.85
1101.75
1135.55
1163.6
1197.8
1228.05
1254.9
1290.15
1318.9
1351.4
1381.75
1408.45
1444.7
1473.95
1504.8
1535.35
1562.15
1598.7
1628.3
1657.9
1689.3
1716.25
1752.55
1782.4
1810.95
1843.85
1871.45
1906.55
1936.7
1964.05
1998.65
2027
2060.4
2090.7
2117.3
2153.05
2182
2213.8
2244.2
2271
2307.5
2336.95
2367.15
2398
2424.85
2461.35
2491.1
2520.15
2552.2
2579.4
2615.25
2645.25
2673.2
2706.9
2734.85
2769.25
2799.45
2826.4
2861.55
2890.2
2922.85
2953.25
2979.85
3016.05
