0.05
55.45
117.7
179.95
242.25
304.5
366.75
429.05
491.3
553.55
615.85
678.1
740.4
802.65
864.9
927.2
989.45
1051.7
1114
1176.25
1238.55
1300.8
1363.05
1425.35
1487.6
1549.85
1612.15
1674.4
1736.65
1798.95
1861.2
1923.5
1985.75
2048
2110.3
2172.55
2234.8
2297.1
2359.35
2421.65
2483.9
2546.15
2608.45
2670.7
2732.95
2795.25
2857.5
2919.75
2982.05
3044.3
3106.6
3168.85
3231.1
3293.4
3355.65
3417.9
3480.2
3542.45
3604.75
3667
3729.25
3791.55
3853.8
3916.05
3978.35
4040.6
4102.85
4165.15
4227.4
4289.7
4351.95
4414.2
4476.5
4538.75
4601
4663.3
4725.55
4787.8
4850.1
4912.35
4974.65
-1000
0.05
26
57.05
83.9
114.65
142.85
173.45
203.55
234.05
265.1
295.55
327
357.45
389.1
419.5
451.3
481.7
513.55
543.95
575.8
606.2
638.05
668.45
700.3
730.7
762.6
793
824.85
855.25
887.1
917.5
949.4
979.8
1011.65
1042.05
1073.9
1104.3
1136.2
1166.6
1198.45
1228.85
1260.75
1291.15
1323
1353.4
1385.25
1415.65
1447.55
1477.95
1509.8
1540.2
1572.05
1602.45
1634.35
1664.75
1696.6
1727
1758.85
1789.25
1821.15
1851.55
1883.4
1913.8
1945.7
1976.1
2007.95
2038.35
2070.2
2100.6
2132.5
2162.9
2194.75
2225.15
2257
2287.4
2319.3
2349.7
2381.55
2411.95
2443.85
2474.25
