0.05
19.3
42.9
66.5
90.05
113.65
137.25
160.85
184.45
208.05
231.65
255.2
278.8
302.4
326
349.6
373.2
396.75
420.35
443.95
467.55
491.15
514.75
538.3
561.9
585.5
609.1
632.7
656.3
679.9
703.45
727.05
750.65
774.25
797.85
821.45
845
868.6
892.2
915.8
939.4
963
986.55
1010.15
1033.75
1057.35
1080.95
1104.55
1128.1
1151.7
1175.3
1198.9
1222.5
1246.1
1269.7
1293.25
1316.85
1340.45
1364.05
1387.65
1411.25
1434.8
1458.4
1482
1505.6
1529.2
1552.8
1576.35
1599.95
1623.55
1647.15
1670.75
1694.35
1717.95
1741.5
1765.1
1788.7
1812.3
1835.9
1859.5
1883.05
1906.65
1930.25
1953.85
1977.45
2001.05
2024.6
2048.2
2071.8
2095.4
2119
2142.6
2166.2
2189.75
2213.35
2236.95
2260.55
2284.15
2307.75
2331.3
2354.9
2378.5
2402.1
2425.7
2449.3
2472.85
2496.45
2520.05
2543.65
2567.25
2590.85
2614.4
2638
2661.6
2685.2
2708.8
2732.4
2756
2779.55
2803.15
2826.75
2850.35
2873.95
2897.55
2921.1
2944.7
2968.3
2991.9
3015.5
3039.1
3062.65
3086.25
3109.85
3133.45
3157.05
3180.65
3204.25
3227.8
3251.4
3275
3298.6
3322.2
3345.8
3369.35
3392.95
3416.55
3440.15
3463.75
3487.35
3510.9
3534.5
3558.1
3581.7
3605.3
3628.9
3652.45
3676.05
3699.65
3723.25
3746.85
3770.45
3794.05
3817.6
3841.2
3864.8
3888.4
3912
3935.6
-1000
0.05
26
58.8
86.35
115.6
148.6
178.3
205.2
235.7
268.4
297.2
324.1
355.65
387.7
415.85
443.5
476.05
507.05
534.6
563.85
596.85
626.55
653.45
683.95
716.65
745.45
772.4
803.95
835.95
864.1
891.75
924.3
955.3
982.85
1012.1
1045.1
1074.8
1101.7
1132.35
1164.95
1193.75
1220.65
1252.25
1284.25
1312.4
1340.1
1372.65
1403.65
1431.1
1460.4
1493.4
1523.05
1550
1580.65
1613.25
1642
1668.95
1700.55
1732.55
1760.65
1788.4
1820.95
1851.9
1879.4
1908.65
1941.65
1971.35
1998.25
2028.9
2061.5
2090.25
2117.2
2148.8
2180.8
2208.9
2236.7
2269.3
2300.2
2327.65
2356.95
2389.95
2419.6
2446.5
2477.2
2509.8
2538.5
2565.45
2597.1
2629.1
2657.2
2685
2717.6
2748.5
2775.95
2805.25
2838.25
2867.85
2894.75
2925.45
2958.05
2986.8
3013.75
3045.35
3077.35
3105.45
3133.25
3165.9
3196.75
3224.15
3253.5
3286.5
3316.15
3343.05
3373.75
3406.3
3435.05
3462
3493.65
3525.6
3553.7
3581.55
3614.2
3645.05
3672.4
3701.8
3734.8
3764.4
3791.3
3822
3854.6
3883.3
3910.25
3941.95
3973.9
4001.95
4029.8
4062.5
4093.3
4120.7
4150.05
4183.05
4212.65
4239.55
4270.2
4302.8
4331.5
4358.45
4390.1
4422.1
4450.2
4478
4510.65
4541.5
4568.9
4598.25
4631.25
4660.85
4687.8
4718.4
4751
4779.75
4806.7
4838.3
4870.3
4898.4
4926.2
4958.8
4989.7
