0.05
19.6
43.5
67.4
91.3
115.25
139.15
163.05
187
210.9
234.8
258.7
282.65
306.55
330.45
354.35
378.3
402.2
426.1
450
473.95
497.85
521.75
545.65
569.6
593.5
617.4
641.3
665.25
689.15
713.05
737
760.9
784.8
808.7
832.65
856.55
880.45
904.35
928.3
952.2
976.1
1000
1023.95
1047.85
1071.75
1095.65
1119.6
1143.5
1167.4
1191.3
1215.25
1239.15
1263.05
1287
1310.9
1334.8
1358.7
1382.65
1406.55
1430.45
1454.35
1478.3
1502.2
1526.1
1550
1573.95
1597.85
1621.75
1645.65
1669.6
1693.5
1717.4
1741.35
1765.25
1789.15
1813.05
1837
1860.9
1884.8
1908.7
1932.65
1956.55
1980.45
2004.35
2028.3
2052.2
2076.1
2100
2123.95
2147.85
2171.75
2195.65
2219.6
2243.5
2267.4
2291.35
2315.25
2339.15
2363.05
2387
2410.9
2434.8
2458.7
2482.65
2506.55
2530.45
2554.35
2578.3
2602.2
2626.1
2650
2673.95
2697.85
2721.75
2745.65
2769.6
2793.5
2817.4
2841.35
2865.25
2889.15
2913.05
2937
2960.9
2984.8
3008.7
3032.65
3056.55
3080.45
3104.35
3128.3
3152.2
3176.1
3200
3223.95
3247.85
3271.75
3295.65
3319.6
3343.5
3367.4
3391.35
3415.25
3439.15
3463.05
3487
3510.9
3534.8
3558.7
3582.65
3606.55
3630.45
3654.35
3678.3
3702.2
3726.1
3750
3773.95
3797.85
3821.75
3845.7
3869.6
3893.5
3917.4
3941.35
3965.25
3989.15
-1000
0.05
26
52.85
83.75
116.4
145.25
171.95
202.35
235.2
264.4
291.2
320.9
353.95
383.55
410.45
439.7
472.8
502.75
529.85
558.85
591.95
622.1
649.25
678.1
711.15
741.45
768.7
797.55
830.6
860.95
888.25
917.15
950.25
980.55
1007.85
1036.8
1069.8
1100.1
1127.4
1156.25
1189.3
1219.65
1246.95
1275.8
1308.9
1339.25
1366.55
1395.5
1428.5
1458.8
1486.1
1514.85
1547.85
1578.25
1605.6
1634.45
1667.45
1697.9
1725.2
1754.05
1787.1
1817.45
1844.75
1873.5
1906.45
1936.95
1964.25
1993.05
2026
2056.5
2083.85
2112.7
2145.7
2176.1
2203.45
2232.2
2265.2
2295.65
2323
2351.75
2384.75
2415.2
2442.55
2471.4
2504.5
2534.85
2562.15
2591.1
2624.1
2654.45
2681.75
2710.6
2743.6
2774
2801.3
2830.15
2863.25
2893.6
2920.9
2949.8
2982.8
3013.15
3040.45
3069.2
3102.15
3132.6
3159.95
3188.75
3221.7
3252.2
3279.55
3308.35
3341.4
3371.8
3399.1
3427.8
3460.8
3491.25
3518.6
3547.35
3580.35
3610.85
3638.2
3667
3700
3730.45
3757.8
3786.55
3819.55
3850
3877.35
3906.15
3939.15
3969.6
3996.95
4025.75
4058.85
4089.25
4116.55
4145.45
4178.45
4208.8
4236.1
4264.95
4297.95
4328.35
4355.65
4384.5
4417.6
4447.95
4475.25
4504.15
4537.2
4567.5
4594.8
4623.55
4656.55
4686.95
4714.3
4743.05
4776.05
4806.55
4833.9
4862.7
4895.7
4926.15
4953.45
4982.15
