0.05
38.7
83.4
128.1
172.8
217.45
262.15
306.85
351.55
396.25
440.95
485.65
530.35
575.05
619.75
664.45
709.15
753.85
798.55
843.25
887.95
932.6
977.3
1022
1066.7
1111.4
1156.1
1200.8
1245.5
1290.2
1334.9
1379.6
1424.3
1469
1513.7
1558.4
1603.05
1647.75
1692.45
1737.15
1781.85
1826.55
1871.25
1915.95
1960.65
2005.35
2050.05
2094.75
2139.45
2184.15
2228.85
2273.55
2318.2
2362.9
2407.6
2452.3
2497
2541.7
2586.4
2631.1
2675.8
2720.5
2765.2
2809.9
2854.6
2899.3
2944
2988.65
3033.35
3078.05
3122.75
3167.45
3212.15
3256.85
3301.55
3346.25
3390.95
3435.65
3480.35
3525.05
3569.75
3614.45
3659.1
3703.8
3748.5
3793.2
3837.9
3882.6
3927.3
3972
4016.7
4061.4
4106.1
4150.8
4195.5
4240.2
4284.9
4329.6
4374.25
4418.95
4463.65
4508.35
4553.05
4597.75
4642.45
4687.15
4731.85
4776.55
4821.25
4865.95
4910.65
4955.35
-1000
0.05
26
57.05
83.8
118.7
151.05
178.55
210.7
246.4
275.55
303.5
339.7
369.5
396.3
431.35
463.3
490.65
523.2
558.7
587.7
616.05
652.25
682.05
708.9
744.05
775.75
803
835.85
871.1
900
928.65
964.9
994.65
1021.35
1056.7
1087.95
1115.05
1148.35
1183.2
1211.95
1241.1
1277.4
1307.05
1333.6
1369.2
1399.9
1426.8
1460.65
1494.85
1523.25
1553.25
1589.65
1619.2
1645.9
1681.65
1711.95
1738.75
1773.1
1806.55
1834.6
1865.45
1901.6
1931.05
1958.2
1994.15
2024.1
2050.9
2085.6
2118.35
2146.1
2177.75
2213.65
2242.95
2270.55
2306.65
2336.5
2363.25
2398.15
2430.45
2457.95
2490.15
2525.8
2554.9
2583
2619.15
2648.95
2675.8
2710.85
2742.75
2770.1
2802.7
2838.15
2867.15
2895.55
2931.8
2961.55
2988.4
3023.55
3055.2
3082.45
3115.3
3150.55
3179.45
3208.15
3244.4
3274.15
3300.85
3336.2
3367.35
3394.45
3427.8
3462.6
