0.05
19.9
44.15
68.35
92.6
116.85
141.1
165.35
189.6
213.85
238.1
262.35
286.55
310.8
335.05
359.3
383.55
407.8
432.05
456.3
480.55
504.8
529
553.25
577.5
601.75
626
650.25
674.5
698.75
723
747.25
771.45
795.7
819.95
844.2
868.45
892.7
916.95
941.2
965.45
989.7
1013.9
1038.15
1062.4
1086.65
1110.9
1135.15
1159.4
1183.65
1207.9
1232.1
1256.35
1280.6
1304.85
1329.1
1353.35
1377.6
1401.85
1426.1
1450.35
1474.55
1498.8
1523.05
1547.3
1571.55
1595.8
1620.05
1644.3
1668.55
1692.8
1717
1741.25
1765.5
1789.75
1814
1838.25
1862.5
1886.75
1911
1935.25
1959.45
1983.7
2007.95
2032.2
2056.45
2080.7
2104.95
2129.2
2153.45
2177.7
2201.9
2226.15
2250.4
2274.65
2298.9
2323.15
2347.4
2371.65
2395.9
2420.1
2444.35
2468.6
2492.85
2517.1
2541.35
2565.6
2589.85
2614.1
2638.35
2662.55
2686.8
2711.05
2735.3
2759.55
2783.8
2808.05
2832.3
2856.55
2880.8
2905
2929.25
2953.5
2977.75
3002
3026.25
3050.5
3074.75
3099
3123.25
3147.45
3171.7
3195.95
3220.2
3244.45
3268.7
3292.95
3317.2
3341.45
3365.65
3389.9
3414.15
3438.4
3462.65
3486.9
3511.15
3535.4
3559.65
3583.9
3608.1
3632.35
3656.6
3680.85
3705.1
3729.35
3753.6
3777.85
3802.1
3826.35
3850.55
3874.8
3899.05
3923.3
3947.55
3971.8
3996.05
4020.3
4044.55
4068.8
-1000
0.05
31.7
63.15
91.2
117.85
147.85
180.95
210.7
237.8
266.15
298.9
330.15
358.1
384.75
415.05
448.1
477.6
504.65
532.95
565.75
596.95
624.8
651.5
681.9
714.9
744.35
771.3
799.7
832.5
863.7
891.55
918.25
948.7
981.75
1011.1
1038.05
1066.45
1099.3
1130.45
1158.25
1185
1215.65
1248.55
1277.85
1304.8
1333.2
1366.1
1397.15
1425
1451.75
1482.35
1515.3
1544.6
1571.5
1599.95
1632.8
1663.9
1691.65
1718.4
1748.9
1781.85
1811.2
1838.2
1866.6
1899.45
1930.55
1958.35
1985.1
2015.65
2048.6
2077.95
2104.9
2133.3
2166.25
2197.25
2225.05
2251.85
2282.45
2315.4
2344.7
2371.6
2400.15
2433
2464
2491.8
2518.6
2549.3
2582.15
2611.45
2638.3
2666.65
2699.5
2730.6
2758.45
2785.2
2815.75
2848.65
2878
2904.95
2933.35
2966.2
2997.3
3025.1
3051.85
3082.4
3115.4
3144.7
3171.65
3200.05
3232.9
3264
3291.85
3318.6
3349.25
3382.15
3411.45
3438.35
3466.8
3499.65
3530.75
3558.55
3585.35
3615.95
3648.85
3678.15
3705.05
3733.5
3766.35
3797.45
3825.2
3851.95
3882.5
3915.45
3944.8
3971.75
4000.15
4033
4064.1
4091.9
4118.65
4149.2
4182.15
4211.5
4238.45
4266.85
4299.8
4330.85
4358.6
4385.4
4416
4448.95
4478.25
4505.15
4533.7
4566.6
4597.6
4625.35
4652.15
4682.85
4715.7
4745
4771.85
4800.2
4833.05
4864.15
4892
4918.75
4949.3
4982.2
