0.05
40.15
86.35
132.6
178.8
225.05
271.3
317.5
363.75
409.95
456.2
502.45
548.65
594.9
641.1
687.35
733.55
779.8
826.05
872.25
918.5
964.7
1010.95
1057.2
1103.4
1149.65
1195.85
1242.1
1288.35
1334.55
1380.8
1427
1473.25
1519.5
1565.7
1611.95
1658.15
1704.4
1750.65
1796.85
1843.1
1889.3
1935.55
1981.75
2028
2074.25
2120.45
2166.7
2212.9
2259.15
2305.4
2351.6
2397.85
2444.05
2490.3
2536.55
2582.75
2629
2675.2
2721.45
2767.7
2813.9
2860.15
2906.35
2952.6
2998.8
3045.05
3091.3
3137.5
3183.75
3229.95
3276.2
3322.45
3368.65
3414.9
3461.1
3507.35
3553.6
3599.8
3646.05
3692.25
3738.5
3784.75
3830.95
3877.2
3923.4
3969.65
4015.9
4062.1
4108.35
4154.55
4200.8
4247
4293.25
4339.5
4385.7
4431.95
4478.15
4524.4
4570.65
4616.85
4663.1
4709.3
4755.55
4801.8
4848
4894.25
4940.45
4986.7
-1000
0.05
26
59.55
87.2
119.85
153.7
181.9
213.3
248.45
277.25
307.05
343.1
372.4
400.75
437.1
466.7
494.1
530.55
560.25
587.15
623.45
653.25
679.95
716.15
746
772.6
808.8
838.65
865.2
901.35
931.25
957.8
993.9
1023.8
1050.35
1086.45
1116.35
1142.9
1178.95
1208.9
1235.45
1271.5
1301.4
1328
1364
1393.95
1420.55
1456.55
1486.5
1513.15
1549.15
1579.1
1605.85
1641.75
1671.7
1698.55
1734.35
1764.35
1791.2
1826.95
1856.95
1883.8
1919.5
1949.5
1976.3
2011.95
2041.95
2068.75
2104.45
2134.45
2161.2
2196.9
2226.9
2253.65
2289.35
2319.35
2346.15
2381.8
2411.8
2438.6
2474.25
2504.3
2531.05
2566.75
2596.75
2623.5
2659.2
2689.2
2715.95
2751.65
2781.65
2808.4
2844.1
2874.1
2900.9
2936.55
2966.55
2993.35
3029
3059.05
3085.8
3121.5
3151.5
3178.25
3213.95
3243.95
3270.7
3306.4
3336.4
