0.05
37.35
80.65
123.9
167.2
210.5
253.75
297.05
340.35
383.6
426.9
470.15
513.45
556.75
600
643.3
686.6
729.85
773.15
816.45
859.7
903
946.25
989.55
1032.85
1076.1
1119.4
1162.7
1205.95
1249.25
1292.55
1335.8
1379.1
1422.35
1465.65
1508.95
1552.2
1595.5
1638.8
1682.05
1725.35
1768.65
1811.9
1855.2
1898.45
1941.75
1985.05
2028.3
2071.6
2114.9
2158.15
2201.45
2244.7
2288
2331.3
2374.55
2417.85
2461.15
2504.4
2547.7
2591
2634.25
2677.55
2720.8
2764.1
2807.4
2850.65
2893.95
2937.25
2980.5
3023.8
3067.1
3110.35
3153.65
3196.9
3240.2
3283.5
3326.75
3370.05
3413.35
3456.6
3499.9
3543.2
3586.45
3629.75
3673
3716.3
3759.6
3802.85
3846.15
3889.45
3932.7
3976
4019.3
4062.55
4105.85
4149.1
4192.4
4235.7
4278.95
4322.25
4365.55
4408.8
4452.1
4495.35
4538.65
4581.95
4625.2
4668.5
4711.8
4755.05
4798.35
4841.65
4884.9
4928.2
4971.45
-1000
0.05
26
62.85
92.45
119.3
153.7
188.65
217.4
245.65
281.45
312.95
340.2
372.3
408.4
437.9
464.5
499.35
533.6
562.05
591.1
627.1
657.7
684.65
717.7
753.6
782.9
809.75
845.05
878.35
906.4
936.5
972.65
1002.55
1029.35
1063.2
1098.65
1127.7
1155.2
1190.8
1223.25
1250.9
1281.95
1318.25
1347.9
1374.65
1408.95
1444
1472.85
1500.9
1536.7
1568.4
1595.75
1627.6
1663.75
1693.3
1719.95
1754.7
1789.3
1817.85
1846.55
1882.5
1913.45
1940.5
1973.2
2009.15
2038.55
2065.2
2100.4
2133.95
2162.15
2191.9
2228.05
2258.1
2284.9
2318.55
2354.15
2383.25
2410.55
2446.1
2478.7
2506.4
2537.3
2573.5
2603.15
2629.9
2664.15
2699.2
2728.05
2756.1
2791.85
2823.55
2850.85
2882.75
2918.9
2948.4
2975.05
3009.8
3044.2
3072.7
3101.6
3137.55
3168.3
3195.25
3228.15
3264.05
3293.4
3320.2
3355.45
3388.85
3416.9
3446.95
3483.05
3513
3539.8
3573.6
3609.1
