0.05
23.55
51.85
80.15
108.45
136.75
165.05
193.35
221.65
249.95
278.3
306.6
334.9
363.2
391.5
419.8
448.1
476.4
504.7
533
561.35
589.65
617.95
646.25
674.55
702.85
731.15
759.45
787.75
816.05
844.4
872.7
901
929.3
957.6
985.9
1014.2
1042.5
1070.8
1099.1
1127.45
1155.75
1184.05
1212.35
1240.65
1268.95
1297.25
1325.55
1353.85
1382.15
1410.5
1438.8
1467.1
1495.4
1523.7
1552
1580.3
1608.6
1636.9
1665.2
1693.5
1721.85
1750.15
1778.45
1806.75
1835.05
1863.35
1891.65
1919.95
1948.25
1976.55
2004.9
2033.2
2061.5
2089.8
2118.1
2146.4
2174.7
2203
2231.3
2259.6
2287.95
2316.25
2344.55
2372.85
2401.15
2429.45
2457.75
2486.05
2514.35
2542.65
2571
2599.3
2627.6
2655.9
2684.2
2712.5
2740.8
2769.1
2797.4
2825.7
2854.05
2882.35
2910.65
2938.95
2967.25
2995.55
3023.85
3052.15
3080.45
3108.75
3137.1
3165.4
3193.7
3222
3250.3
3278.6
3306.9
3335.2
3363.5
3391.8
3420.15
3448.45
3476.75
3505.05
3533.35
3561.65
3589.95
3618.25
3646.55
3674.85
3703.15
3731.5
3759.8
3788.1
3816.4
3844.7
3873
3901.3
3929.6
3957.9
3986.2
4014.55
4042.85
4071.15
4099.45
4127.75
4156.05
4184.35
4212.65
4240.95
4269.25
4297.6
4325.9
4354.2
4382.5
4410.8
4439.1
4467.4
4495.7
4524
4552.3
4580.65
4608.95
4637.25
4665.55
4693.85
4722.15
4750.45
4778.75
4807.05
4835.35
4863.7
4892
4920.3
4948.6
4976.9
-1000
0.05
26
54.5
82.7
111
139.25
167.55
195.85
224.15
252.45
280.75
309.05
337.4
365.7
394
422.3
450.6
478.9
507.2
535.5
563.8
592.1
620.45
648.75
677.05
705.35
733.65
761.95
790.25
818.55
846.85
875.15
903.5
931.8
960.1
988.4
1016.7
1045
1073.3
1101.6
1129.9
1158.2
1186.5
1214.8
1243.15
1271.45
1299.75
1328.05
1356.35
1384.65
1412.95
1441.25
1469.55
1497.9
1526.2
1554.5
1582.8
1611.1
1639.4
1667.7
1696
1724.3
1752.6
1780.95
1809.25
1837.55
1865.85
1894.15
1922.45
1950.75
1979.05
2007.35
2035.65
2064
2092.3
2120.6
2148.9
2177.2
2205.5
2233.8
2262.1
2290.4
2318.7
2347.05
2375.35
2403.65
2431.95
2460.25
2488.55
2516.85
2545.15
2573.45
2601.75
2630.1
2658.4
2686.7
2715
2743.3
2771.6
2799.9
2828.2
2856.5
2884.8
2913.15
2941.45
2969.75
2998.05
3026.35
3054.65
3082.95
3111.25
3139.55
3167.85
3196.15
3224.45
3252.8
3281.1
3309.4
3337.7
3366
3394.3
3422.6
3450.9
3479.2
3507.55
3535.85
3564.15
3592.45
3620.75
3649.05
3677.35
3705.65
3733.95
3762.25
3790.6
3818.9
3847.2
3875.5
3903.8
3932.1
3960.4
3988.7
4017
4045.3
4073.65
4101.95
4130.25
4158.55
4186.85
4215.15
4243.45
4271.75
4300.05
4328.35
4356.7
4385
4413.3
4441.6
4469.9
4498.2
4526.5
4554.8
4583.1
4611.4
4639.75
4668.05
4696.35
4724.65
4752.95
4781.25
4809.55
4837.85
4866.15
4894.45
4922.75
4951.05
4979.4
