0.05
21.7
48
74.3
100.6
126.85
153.15
179.45
205.75
232.05
258.3
284.6
310.9
337.2
363.5
389.75
416.05
442.35
468.65
494.95
521.2
547.5
573.8
600.1
626.4
652.65
678.95
705.25
731.55
757.8
784.1
810.4
836.7
863
889.25
915.55
941.85
968.15
994.45
1020.7
1047
1073.3
1099.6
1125.9
1152.15
1178.45
1204.75
1231.05
1257.35
1283.6
1309.9
1336.2
1362.5
1388.8
1415.05
1441.35
1467.65
1493.95
1520.2
1546.5
1572.8
1599.1
1625.4
1651.65
1677.95
1704.25
1730.55
1756.85
1783.1
1809.4
1835.7
1862
1888.3
1914.55
1940.85
1967.15
1993.45
2019.75
2046
2072.3
2098.6
2124.9
2151.15
2177.45
2203.75
2230.05
2256.35
2282.6
2308.9
2335.2
2361.5
2387.8
2414.05
2440.35
2466.65
2492.95
2519.25
2545.5
2571.8
2598.1
2624.4
2650.7
2676.95
2703.25
2729.55
2755.85
2782.15
2808.4
2834.7
2861
2887.3
2913.55
2939.85
2966.15
2992.45
3018.75
3045
3071.3
3097.6
3123.9
3150.2
3176.45
3202.75
3229.05
3255.35
3281.65
3307.9
3334.2
3360.5
3386.8
3413.1
3439.35
3465.65
3491.95
3518.25
3544.5
3570.8
3597.1
3623.4
3649.7
3675.95
3702.25
3728.55
3754.85
3781.15
3807.4
3833.7
3860
3886.3
3912.6
3938.85
3965.15
3991.45
4017.75
4044.05
4070.3
4096.6
4122.9
4149.2
4175.45
4201.75
4228.05
4254.35
4280.65
4306.9
4333.2
4359.5
4385.8
4412.1
4438.35
4464.65
4490.95
4517.25
4543.55
4569.8
4596.1
4622.4
4648.7
4675
4701.25
-1000
0.05
26
54.55
81.85
108.7
135.35
161.9
188.4
214.9
241.5
268.25
295
321.85
349.05
377.6
409.8
443
473.15
501.4
528.7
555.6
582.25
608.8
635.3
661.8
688.35
715.1
741.9
768.7
795.9
824.25
856.15
889.55
919.9
948.25
975.6
1002.5
1029.1
1055.7
1082.2
1108.7
1135.25
1161.95
1188.75
1215.55
1242.65
1270.8
1302.1
1335.65
1366.45
1394.95
1422.4
1449.35
1476.05
1502.6
1529.1
1555.6
1582.2
1608.9
1635.7
1662.5
1689.6
1717.8
1749.25
1782.8
1813.45
1841.95
1869.35
1896.3
1922.95
1949.5
1976
2002.55
2029.1
2055.75
2082.6
2109.35
2136.4
2164.35
2195.3
2228.95
2260
2288.7
2316.2
2343.15
2369.85
2396.4
2422.9
2449.4
2475.95
2502.65
2529.45
2556.2
2583.2
2610.95
2641.25
2674.95
2706.4
2735.35
2763
2790
2816.75
2843.3
2869.85
2896.35
2922.85
2949.55
2976.35
3003.1
3030.15
3057.9
3088.3
3121.95
3153.4
3182.3
3209.9
3236.95
3263.65
3290.25
3316.75
3343.25
3369.8
3396.4
3423.25
3449.95
3476.9
3504.4
3533.95
3567.35
3599.5
3628.8
3656.6
3683.75
3710.5
3737.1
3763.65
3790.15
3816.65
3843.3
3870.1
3896.8
3923.7
3951.1
3980.3
4013.4
4045.9
4075.45
4103.4
4130.6
4157.4
4184
4210.55
4237.05
4263.55
4290.2
4316.95
4343.7
4370.55
4397.9
4426.95
4459.8
4492.5
4522.25
4550.25
4577.45
4604.25
4630.9
4657.45
4683.95
4710.45
4737.05
4763.8
4790.55
4817.4
4844.6
4873.15
4905.45
4938.6
4968.75
4996.95
