0.05
24.2
53.3
82.35
111.4
140.45
169.55
198.6
227.65
256.7
285.8
314.85
343.9
373
402.05
431.1
460.15
489.25
518.3
547.35
576.4
605.5
634.55
663.6
692.65
721.75
750.8
779.85
808.9
838
867.05
896.1
925.15
954.25
983.3
1012.35
1041.4
1070.5
1099.55
1128.6
1157.65
1186.75
1215.8
1244.85
1273.9
1303
1332.05
1361.1
1390.15
1419.25
1448.3
1477.35
1506.45
1535.5
1564.55
1593.6
1622.7
1651.75
1680.8
1709.85
1738.95
1768
1797.05
1826.1
1855.2
1884.25
1913.3
1942.35
1971.45
2000.5
2029.55
2058.6
2087.7
2116.75
2145.8
2174.85
2203.95
2233
2262.05
2291.1
2320.2
2349.25
2378.3
2407.35
2436.45
2465.5
2494.55
2523.65
2552.7
2581.75
2610.8
2639.9
2668.95
2698
2727.05
2756.15
2785.2
2814.25
2843.3
2872.4
2901.45
2930.5
2959.55
2988.65
3017.7
3046.75
3075.8
3104.9
3133.95
3163
3192.05
3221.15
3250.2
3279.25
3308.3
3337.4
3366.45
3395.5
3424.55
3453.65
3482.7
3511.75
3540.85
3569.9
3598.95
3628
3657.1
3686.15
3715.2
3744.25
3773.35
3802.4
3831.45
3860.5
3889.6
3918.65
3947.7
3976.75
4005.85
4034.9
4063.95
4093
4122.1
4151.15
4180.2
4209.25
4238.35
4267.4
4296.45
4325.5
4354.6
4383.65
4412.7
4441.75
4470.85
4499.9
4528.95
4558
4587.1
4616.15
4645.2
4674.3
4703.35
4732.4
4761.45
4790.55
4819.6
4848.65
4877.7
4906.8
4935.85
4964.9
4993.95
-1000
0.05
26
57.05
86.75
116.15
145.35
174.5
203.6
232.65
261.75
290.8
319.9
348.95
378
407.05
436.15
465.2
494.25
523.3
552.4
581.45
610.5
639.55
668.65
697.7
726.75
755.8
784.9
813.95
843
872.05
901.15
930.2
959.25
988.35
1017.4
1046.45
1075.5
1104.6
1133.65
1162.7
1191.75
1220.85
1249.9
1278.95
1308
1337.1
1366.15
1395.2
1424.25
1453.35
1482.4
1511.45
1540.5
1569.6
1598.65
1627.7
1656.75
1685.85
1714.9
1743.95
1773
1802.1
1831.15
1860.2
1889.25
1918.35
1947.4
1976.45
2005.55
2034.6
2063.65
2092.7
2121.8
2150.85
2179.9
2208.95
2238.05
2267.1
2296.15
2325.2
2354.3
2383.35
2412.4
2441.45
2470.55
2499.6
2528.65
2557.7
2586.8
2615.85
2644.9
2673.95
2703.05
2732.1
2761.15
2790.2
2819.3
2848.35
2877.4
2906.45
2935.55
2964.6
2993.65
3022.75
3051.8
3080.85
3109.9
3139
3168.05
3197.1
3226.15
3255.25
3284.3
3313.35
3342.4
3371.5
3400.55
3429.6
3458.65
3487.75
3516.8
3545.85
3574.9
3604
3633.05
3662.1
3691.15
3720.25
3749.3
3778.35
3807.4
3836.5
3865.55
3894.6
3923.65
3952.75
3981.8
4010.85
4039.9
4069
4098.05
4127.1
4156.2
4185.25
4214.3
4243.35
4272.45
4301.5
4330.55
4359.6
4388.7
4417.75
4446.8
4475.85
4504.95
4534
4563.05
4592.1
4621.2
4650.25
4679.3
4708.35
4737.45
4766.5
4795.55
4824.6
4853.7
4882.75
4911.8
4940.85
4969.95
4999
