0.05
62.85
132.8
202.75
272.7
342.65
412.6
482.55
552.5
622.45
692.4
762.35
832.3
902.25
972.2
1042.15
1112.1
1182.1
1252.05
1322
1391.95
1461.9
1531.85
1601.8
1671.75
1741.7
1811.65
1881.6
1951.55
2021.5
2091.45
2161.4
2231.35
2301.3
2371.25
2441.2
2511.15
2581.1
2651.05
2721
2790.95
2860.9
2930.85
3000.85
3070.8
3140.75
3210.7
3280.65
3350.6
3420.55
3490.5
3560.45
3630.4
3700.35
3770.3
3840.25
3910.2
3980.15
4050.1
4120.05
4190
4259.95
4329.9
4399.85
4469.8
4539.75
4609.7
4679.65
4749.6
4819.55
4889.55
4959.5
-1000
0.05
26
57.05
93.65
123.5
159.9
189.1
220.45
247.3
278.1
309.4
339.8
375.4
405.5
442.25
471.9
507.4
536
567
593.55
624.25
657.55
687.85
724.1
754.05
790.75
820.2
853.65
881.35
912.25
940.95
971.55
1006.1
1036.3
1072.9
1102.75
1139.1
1168.3
1199.55
1226.35
1257.15
1288.6
1319.05
1354.65
1384.75
1421.55
1451.15
1486.55
1515.1
1546.1
1572.75
1603.45
1636.8
1667.1
1703.4
1733.3
1770.05
1799.45
1832.75
1860.35
1891.25
1920.15
1950.7
1985.35
2015.55
2052.2
2082
2118.35
2147.5
2178.65
2205.5
2236.3
