0.05
45.35
97.05
148.75
200.5
252.2
303.95
355.65
407.4
459.1
510.8
562.55
614.25
666
717.7
769.45
821.15
872.85
924.6
976.3
1028.05
1079.75
1131.5
1183.2
1234.9
1286.65
1338.35
1390.1
1441.8
1493.5
1545.25
1596.95
1648.7
1700.4
1752.15
1803.85
1855.55
1907.3
1959
2010.75
2062.45
2114.2
2165.9
2217.6
2269.35
2321.05
2372.8
2424.5
2476.25
2527.95
2579.65
2631.4
2683.1
2734.85
2786.55
2838.3
2890
2941.7
2993.45
3045.15
3096.9
3148.6
3200.3
3252.05
3303.75
3355.5
3407.2
3458.95
3510.65
3562.35
3614.1
3665.8
3717.55
3769.25
3821
3872.7
3924.4
3976.15
4027.85
4079.6
4131.3
4183.05
4234.75
4286.45
4338.2
4389.9
4441.65
4493.35
4545.05
4596.8
4648.5
4700.25
4751.95
4803.7
4855.4
4907.1
4958.85
-1000
0.05
26
57.05
83.95
120.05
149.2
181
211.4
237.95
273.2
301.85
335.05
365.35
392.2
426.25
454.35
488.9
519.1
546.65
579.45
606.95
642.65
672.7
701.05
732.65
759.7
796.15
825.95
855.3
886.05
912.85
949.4
978.9
1009.45
1039.95
1066.75
1102.95
1132.15
1163.8
1194.2
1220.8
1256.15
1284.9
1317.9
1348.25
1375
1409.2
1437.35
1471.8
1502
1529.4
1562.35
1589.95
1625.55
1655.6
1683.85
1715.6
1742.65
1779.05
1808.9
1838.1
1868.9
1895.75
1932.3
1961.85
1992.3
2022.75
2049.55
2085.75
2114.95
2146.55
2177
2203.6
2239.05
2267.85
2300.7
2331.05
2357.8
2392.1
2420.3
2454.6
2484.8
2512.15
2545.2
2572.8
2608.35
2638.4
2666.6
2698.4
2725.5
2761.9
2791.75
2820.9
2851.75
2878.55
2915.15
2944.7
