0.05
40.15
86.35
132.6
178.8
225.05
271.3
317.5
363.75
409.95
456.2
502.45
548.65
594.9
641.1
687.35
733.55
779.8
826.05
872.25
918.5
964.7
1010.95
1057.2
1103.4
1149.65
1195.85
1242.1
1288.35
1334.55
1380.8
1427
1473.25
1519.5
1565.7
1611.95
1658.15
1704.4
1750.65
1796.85
1843.1
1889.3
1935.55
1981.75
2028
2074.25
2120.45
2166.7
2212.9
2259.15
2305.4
2351.6
2397.85
2444.05
2490.3
2536.55
2582.75
2629
2675.2
2721.45
2767.7
2813.9
2860.15
2906.35
2952.6
2998.8
3045.05
3091.3
3137.5
3183.75
3229.95
3276.2
3322.45
3368.65
3414.9
3461.1
3507.35
3553.6
3599.8
3646.05
3692.25
3738.5
3784.75
3830.95
3877.2
3923.4
3969.65
4015.9
4062.1
4108.35
4154.55
4200.8
4247
4293.25
4339.5
4385.7
4431.95
4478.15
4524.4
4570.65
4616.85
4663.1
4709.3
4755.55
4801.8
4848
4894.25
4940.45
4986.7
-1000
0.05
26
59.25
92.55
120.45
152.55
187.15
215.65
246.2
281.9
311
339.95
376.25
405.7
433.5
469.85
499.5
526.6
562.95
592.7
619.5
655.8
685.6
712.25
748.45
778.3
804.9
841.05
870.95
897.5
933.65
963.5
990.05
1026.15
1056.05
1082.6
1118.7
1148.6
1175.15
1211.2
1241.1
1267.7
1303.75
1333.65
1360.25
1396.3
1426.2
1452.85
1488.85
1518.75
1545.45
1581.35
1611.3
1638.05
1673.95
1703.9
1730.7
1766.55
1796.5
1823.4
1859.15
1889.15
1916
1951.7
1981.7
2008.5
2044.2
2074.2
2101
2136.65
2166.65
2193.45
2229.1
2259.15
2285.9
2321.6
2351.6
2378.35
2414.05
2444.05
2470.8
2506.5
2536.5
2563.3
2598.95
2628.95
2655.75
2691.4
2721.45
2748.2
2783.95
2813.95
2840.7
2876.35
2906.4
2933.15
2968.8
2998.8
3025.6
3061.25
3091.25
3118.05
3153.7
3183.75
3210.5
3246.15
3276.2
3302.95
3338.65
