0.05
18
40.15
62.25
84.4
106.5
128.65
150.8
172.9
195.05
217.15
239.3
261.45
283.55
305.7
327.8
349.95
372.1
394.2
416.35
438.45
460.6
482.75
504.85
527
549.15
571.25
593.4
615.5
637.65
659.8
681.9
704.05
726.15
748.3
770.45
792.55
814.7
836.8
858.95
881.1
903.2
925.35
947.45
969.6
991.75
1013.85
1036
1058.1
1080.25
1102.4
1124.5
1146.65
1168.8
1190.9
1213.05
1235.15
1257.3
1279.45
1301.55
1323.7
1345.8
1367.95
1390.1
1412.2
1434.35
1456.45
1478.6
1500.75
1522.85
1545
1567.1
1589.25
1611.4
1633.5
1655.65
1677.75
1699.9
1722.05
1744.15
1766.3
1788.45
1810.55
1832.7
1854.8
1876.95
1899.1
1921.2
1943.35
1965.45
1987.6
2009.75
2031.85
2054
2076.1
2098.25
2120.4
2142.5
2164.65
2186.75
2208.9
2231.05
2253.15
2275.3
2297.4
2319.55
2341.7
2363.8
2385.95
2408.1
2430.2
2452.35
2474.45
2496.6
2518.75
2540.85
2563
2585.1
2607.25
2629.4
2651.5
2673.65
2695.75
2717.9
2740.05
2762.15
2784.3
2806.4
2828.55
2850.7
2872.8
2894.95
2917.05
2939.2
2961.35
2983.45
3005.6
3027.75
3049.85
3072
3094.1
3116.25
3138.4
3160.5
3182.65
3204.75
3226.9
3249.05
3271.15
3293.3
3315.4
3337.55
3359.7
3381.8
3403.95
3426.05
3448.2
3470.35
3492.45
3514.6
3536.7
3558.85
3581
3603.1
3625.25
-1000
0.05
26
54.75
86.35
117.45
145.35
177.9
207.65
236.6
269.15
297.6
328.7
360.2
388.05
420.35
450.55
478.95
511.6
540.55
571.4
603.2
631.05
663.15
693.65
721.85
754.45
783.7
813.7
845.85
873.8
905.7
936.55
964.6
997.15
1026.7
1055.95
1088.35
1116.65
1148
1179.35
1207.15
1239.5
1269.55
1298.2
1330.8
1359.55
1390.6
1422.3
1450.1
1482.3
1512.65
1540.9
1573.55
1602.6
1633.1
1665.05
1692.95
1724.9
1755.65
1783.7
1816.4
1845.75
1875.4
1907.7
1935.75
1967.3
1998.45
2026.4
2058.85
2088.7
2117.5
2150.1
2178.65
2209.75
2241.3
2269.05
2301.35
2331.6
2359.95
2392.55
2421.55
2452.2
2484.1
2511.9
2544.05
2574.6
2602.8
2635.45
2664.7
2694.6
2726.8
2754.8
2786.45
2817.5
2845.4
2878
2907.65
2936.75
2969.25
2997.65
3028.85
3060.3
3088.1
3120.45
3150.6
3179
3211.65
3240.5
3271.55
3303.25
3331.1
3363.25
3393.65
3421.9
3454.55
3483.7
3513.95
3546
3573.9
3605.75
3636.55
3664.65
3697.2
3726.7
3756.1
3788.55
3816.7
3848.15
3879.4
3907.25
3939.65
3969.6
3998.35
4030.9
4059.6
4090.65
4122.3
4150.1
4182.35
4212.6
4241
4273.65
4302.65
4333.25
4365.15
4393.05
4425
4455.65
4483.75
4516.45
4545.75
4575.55
4607.8
4635.8
4667.45
4698.5
4726.5
4758.95
4788.7
4817.65
4850.2
4878.65
4909.9
4941.35
4969.2
