0.05
20.5
45.45
70.4
95.35
120.3
145.2
170.15
195.1
220.05
245
269.95
294.9
319.8
344.75
369.7
394.65
419.6
444.55
469.5
494.4
519.35
544.3
569.25
594.2
619.15
644.1
669
693.95
718.9
743.85
768.8
793.75
818.7
843.65
868.55
893.5
918.45
943.4
968.35
993.3
1018.25
1043.15
1068.1
1093.05
1118
1142.95
1167.9
1192.85
1217.75
1242.7
1267.65
1292.6
1317.55
1342.5
1367.45
1392.35
1417.3
1442.25
1467.2
1492.15
1517.1
1542.05
1566.95
1591.9
1616.85
1641.8
1666.75
1691.7
1716.65
1741.55
1766.5
1791.45
1816.4
1841.35
1866.3
1891.25
1916.15
1941.1
1966.05
1991
2015.95
2040.9
2065.85
2090.75
2115.7
2140.65
2165.6
2190.55
2215.5
2240.45
2265.4
2290.3
2315.25
2340.2
2365.15
2390.1
2415.05
2440
2464.9
2489.85
2514.8
2539.75
2564.7
2589.65
2614.6
2639.5
2664.45
2689.4
2714.35
2739.3
2764.25
2789.2
2814.1
2839.05
2864
2888.95
2913.9
2938.85
2963.8
2988.7
3013.65
3038.6
3063.55
3088.5
3113.45
3138.4
3163.3
3188.25
3213.2
3238.15
3263.1
3288.05
3313
3337.9
3362.85
3387.8
3412.75
3437.7
3462.65
3487.6
3512.55
3537.45
3562.4
3587.35
3612.3
3637.25
3662.2
3687.15
3712.05
3737
3761.95
3786.9
3811.85
3836.8
3861.75
3886.65
3911.6
3936.55
3961.5
3986.45
4011.4
4036.35
4061.25
4086.2
4111.15
4136.1
4161.05
4186
4210.95
4235.85
-1000
0.05
26
52.95
80.1
110.3
143.7
173.85
201.5
228.05
255.6
287
319.95
349.3
376.55
403.1
431.15
463.5
495.75
524.55
551.55
578.25
607.25
640.4
671.65
699.8
726.5
753.85
784.45
817.7
847.6
875.15
901.65
929.25
960.95
993.7
1022.95
1050.1
1076.65
1104.9
1137.45
1169.5
1198.15
1225.05
1251.9
1281.15
1314.45
1345.4
1373.45
1400.05
1427.5
1458.4
1491.55
1521.3
1548.7
1575.2
1602.95
1634.9
1667.45
1696.55
1723.7
1750.25
1778.75
1811.6
1843.3
1871.8
1898.65
1925.7
1955.55
1988.9
2019.35
2047.15
2073.75
2101.2
2132.45
2165.4
2194.95
2222.3
2248.8
2276.8
2309
2341.35
2370.2
2397.25
2423.95
2452.85
2485.9
2517.25
2545.5
2572.25
2599.5
2630.05
2663.25
2693.3
2720.85
2747.4
2774.95
2806.65
2839.4
2868.65
2895.9
2922.4
2950.6
2983.25
3015.25
3043.9
3070.85
3097.65
3126.9
3160.25
3191.15
3219.2
3245.85
3273.3
3304.25
3337.4
3367.1
3394.5
3421
3448.75
3480.7
3513.3
3542.35
3569.45
3596.05
3624.55
3657.4
3689.1
3717.55
3744.4
3771.4
3801.2
3834.55
3865.1
3892.9
3919.45
3947
3978.2
4011.2
4040.75
4068.05
4094.55
4122.45
4154.65
4187
4215.95
4243
4269.65
4298.35
4331.35
4362.85
4391.2
4417.95
4445.1
4475.25
4508.6
4538.85
4566.55
4593.05
4620.55
4651.95
4684.85
4714.3
4741.6
4768.05
4796.1
4828.5
4860.7
4889.55
4916.55
4943.25
4972.2
