0.05
21.2
46.85
72.55
98.25
123.95
149.65
175.35
201
226.7
252.4
278.1
303.8
329.5
355.15
380.85
406.55
432.25
457.95
483.6
509.3
535
560.7
586.4
612.1
637.75
663.45
689.15
714.85
740.55
766.25
791.9
817.6
843.3
869
894.7
920.4
946.05
971.75
997.45
1023.15
1048.85
1074.55
1100.2
1125.9
1151.6
1177.3
1203
1228.7
1254.35
1280.05
1305.75
1331.45
1357.15
1382.85
1408.5
1434.2
1459.9
1485.6
1511.3
1537
1562.65
1588.35
1614.05
1639.75
1665.45
1691.15
1716.8
1742.5
1768.2
1793.9
1819.6
1845.3
1870.95
1896.65
1922.35
1948.05
1973.75
1999.45
2025.1
2050.8
2076.5
2102.2
2127.9
2153.6
2179.25
2204.95
2230.65
2256.35
2282.05
2307.7
2333.4
2359.1
2384.8
2410.5
2436.2
2461.85
2487.55
2513.25
2538.95
2564.65
2590.35
2616
2641.7
2667.4
2693.1
2718.8
2744.5
2770.15
2795.85
2821.55
2847.25
2872.95
2898.65
2924.3
2950
2975.7
3001.4
3027.1
3052.8
3078.45
3104.15
3129.85
3155.55
3181.25
3206.95
3232.6
3258.3
3284
3309.7
3335.4
3361.1
3386.75
3412.45
3438.15
3463.85
3489.55
3515.25
3540.9
3566.6
3592.3
3618
3643.7
3669.4
3695.05
3720.75
3746.45
3772.15
3797.85
3823.55
3849.2
3874.9
3900.6
3926.3
3952
3977.65
4003.35
4029.05
4054.75
4080.45
4106.15
4131.8
4157.5
4183.2
4208.9
4234.6
4260.3
4285.95
4311.65
4337.35
4363.05
4388.75
4414.45
4440.1
-1000
0.05
28.5
61.75
93.55
122.4
149.7
176.35
202.9
229.8
257.95
289.9
322.9
352.65
380.4
407.25
433.75
460.6
488.05
518.5
552
582.8
611.1
638.2
664.75
691.35
718.4
747.15
780.15
812.35
841.45
868.9
895.6
922.15
949.05
976.95
1008.5
1041.75
1071.75
1099.65
1126.55
1153.05
1179.8
1207.1
1237
1270.45
1301.7
1330.2
1357.4
1384
1410.55
1437.5
1465.8
1498.2
1530.9
1560.4
1588.05
1614.85
1641.35
1668.25
1695.9
1726.85
1760.3
1790.7
1818.8
1845.8
1872.3
1898.95
1926.1
1955.25
1988.45
2020.35
2049.2
2076.55
2103.2
2129.75
2156.7
2184.85
2216.9
2249.85
2279.6
2307.35
2334.15
2360.65
2387.5
2415
2445.7
2479.15
2509.85
2538.05
2565.1
2591.65
2618.25
2645.3
2674.25
2707.25
2739.35
2768.4
2795.8
2822.5
2849
2875.95
2904
2935.8
2968.9
2998.75
3026.6
3053.45
3079.95
3106.75
3134.15
3164.25
3197.75
3228.8
3257.2
3284.3
3310.9
3337.5
3364.45
3392.95
3425.55
3458.1
3487.45
3515.05
3541.75
3568.25
3595.15
3622.9
3654
3687.45
3717.7
3745.75
3772.7
3799.2
3825.9
3853.1
3882.5
3915.85
3947.5
3976.25
4003.5
4030.15
4056.65
4083.6
4111.75
4143.8
4176.75
4206.45
4234.2
4261.05
4287.5
4314.35
4341.85
4372.4
4405.9
4436.65
4464.85
4491.9
4518.45
4545.1
4572.1
4600.9
4633.8
4666.05
4695.2
4722.65
4749.3
4775.85
4802.8
4830.7
4862.2
4895.5
4925.5
4953.4
4980.3
