0.05
26.3
57.65
89
120.35
151.7
183.05
214.4
245.75
277.1
308.45
339.75
371.1
402.45
433.8
465.15
496.5
527.85
559.2
590.55
621.9
653.25
684.6
715.95
747.3
778.65
810
841.3
872.65
904
935.35
966.7
998.05
1029.4
1060.75
1092.1
1123.45
1154.8
1186.15
1217.5
1248.85
1280.2
1311.55
1342.9
1374.2
1405.55
1436.9
1468.25
1499.6
1530.95
1562.3
1593.65
1625
1656.35
1687.7
1719.05
1750.4
1781.75
1813.1
1844.45
1875.75
1907.1
1938.45
1969.8
2001.15
2032.5
2063.85
2095.2
2126.55
2157.9
2189.25
2220.6
2251.95
2283.3
2314.65
2346
2377.35
2408.65
2440
2471.35
2502.7
2534.05
2565.4
2596.75
2628.1
2659.45
2690.8
2722.15
2753.5
2784.85
2816.2
2847.55
2878.9
2910.2
2941.55
2972.9
3004.25
3035.6
3066.95
3098.3
3129.65
3161
3192.35
3223.7
3255.05
3286.4
3317.75
3349.1
3380.45
3411.8
3443.1
3474.45
3505.8
3537.15
3568.5
3599.85
3631.2
3662.55
3693.9
3725.25
3756.6
3787.95
3819.3
3850.65
3882
3913.35
3944.65
3976
4007.35
4038.7
4070.05
4101.4
4132.75
4164.1
4195.45
4226.8
4258.15
4289.5
4320.85
4352.2
4383.55
4414.9
4446.25
4477.55
4508.9
4540.25
4571.6
4602.95
4634.3
4665.65
4697
4728.35
4759.7
4791.05
4822.4
4853.75
4885.1
4916.45
4947.8
4979.1
-1000
0.05
26
52.9
81.9
112.1
142.95
174.05
205.25
236.55
267.9
299.2
330.55
361.9
393.2
424.55
455.9
487.25
518.6
549.95
581.3
612.65
644
675.35
706.7
738.05
769.4
800.75
832.1
863.45
894.75
926.1
957.45
988.8
1020.15
1051.5
1082.85
1114.2
1145.55
1176.9
1208.25
1239.6
1270.95
1302.3
1333.65
1365
1396.35
1427.65
1459
1490.35
1521.7
1553.05
1584.4
1615.75
1647.1
1678.45
1709.8
1741.15
1772.5
1803.85
1835.2
1866.55
1897.9
1929.2
1960.55
1991.9
2023.25
2054.6
2085.95
2117.3
2148.65
2180
2211.35
2242.7
2274.05
2305.4
2336.75
2368.1
2399.45
2430.8
2462.1
2493.45
2524.8
2556.15
2587.5
2618.85
2650.2
2681.55
2712.9
2744.25
2775.6
2806.95
2838.3
2869.65
2901
2932.35
2963.65
2995
3026.35
3057.7
3089.05
3120.4
3151.75
3183.1
3214.45
3245.8
3277.15
3308.5
3339.85
3371.2
3402.55
3433.9
3465.25
3496.55
3527.9
3559.25
3590.6
3621.95
3653.3
3684.65
3716
3747.35
3778.7
3810.05
3841.4
3872.75
3904.1
3935.45
3966.8
3998.1
4029.45
4060.8
4092.15
4123.5
4154.85
4186.2
4217.55
4248.9
4280.25
4311.6
4342.95
4374.3
4405.65
4437
4468.35
4499.7
4531
4562.35
4593.7
4625.05
4656.4
4687.75
4719.1
4750.45
4781.8
4813.15
4844.5
4875.85
4907.2
4938.55
4969.9
