0.05
24.7
54.3
83.9
113.5
143.1
172.7
202.3
231.9
261.5
291.05
320.65
350.25
379.85
409.45
439.05
468.65
498.25
527.85
557.45
587.05
616.65
646.2
675.8
705.4
735
764.6
794.2
823.8
853.4
883
912.6
942.2
971.8
1001.35
1030.95
1060.55
1090.15
1119.75
1149.35
1178.95
1208.55
1238.15
1267.75
1297.35
1326.95
1356.55
1386.1
1415.7
1445.3
1474.9
1504.5
1534.1
1563.7
1593.3
1622.9
1652.5
1682.1
1711.7
1741.25
1770.85
1800.45
1830.05
1859.65
1889.25
1918.85
1948.45
1978.05
2007.65
2037.25
2066.85
2096.4
2126
2155.6
2185.2
2214.8
2244.4
2274
2303.6
2333.2
2362.8
2392.4
2422
2451.6
2481.15
2510.75
2540.35
2569.95
2599.55
2629.15
2658.75
2688.35
2717.95
2747.55
2777.15
2806.75
2836.3
2865.9
2895.5
2925.1
2954.7
2984.3
3013.9
3043.5
3073.1
3102.7
3132.3
3161.9
3191.45
3221.05
3250.65
3280.25
3309.85
3339.45
3369.05
3398.65
3428.25
3457.85
3487.45
3517.05
3546.65
3576.2
3605.8
3635.4
3665
3694.6
3724.2
3753.8
3783.4
3813
3842.6
3872.2
3901.8
3931.35
3960.95
3990.55
4020.15
4049.75
4079.35
4108.95
4138.55
4168.15
4197.75
4227.35
4256.95
4286.5
4316.1
4345.7
4375.3
4404.9
4434.5
4464.1
4493.7
4523.3
4552.9
4582.5
4612.1
4641.7
4671.25
4700.85
4730.45
4760.05
4789.65
4819.25
4848.85
4878.45
4908.05
4937.65
4967.25
4996.85
-1000
0.05
26.4
53.25
79.8
107.45
136.05
165.15
194.55
224
253.55
283.1
312.7
342.25
371.85
401.45
431.05
460.65
490.25
519.85
549.45
579.05
608.65
638.25
667.8
697.4
727
756.6
786.2
815.8
845.4
875
904.6
934.2
963.8
993.4
1022.95
1052.55
1082.15
1111.75
1141.35
1170.95
1200.55
1230.15
1259.75
1289.35
1318.95
1348.55
1378.1
1407.7
1437.3
1466.9
1496.5
1526.1
1555.7
1585.3
1614.9
1644.5
1674.1
1703.7
1733.3
1762.85
1792.45
1822.05
1851.65
1881.25
1910.85
1940.45
1970.05
1999.65
2029.25
2058.85
2088.45
2118
2147.6
2177.2
2206.8
2236.4
2266
2295.6
2325.2
2354.8
2384.4
2414
2443.6
2473.15
2502.75
2532.35
2561.95
2591.55
2621.15
2650.75
2680.35
2709.95
2739.55
2769.15
2798.75
2828.35
2857.9
2887.5
2917.1
2946.7
2976.3
3005.9
3035.5
3065.1
3094.7
3124.3
3153.9
3183.5
3213.05
3242.65
3272.25
3301.85
3331.45
3361.05
3390.65
3420.25
3449.85
3479.45
3509.05
3538.65
3568.25
3597.8
3627.4
3657
3686.6
3716.2
3745.8
3775.4
3805
3834.6
3864.2
3893.8
3923.4
3952.95
3982.55
4012.15
4041.75
4071.35
4100.95
4130.55
4160.15
4189.75
4219.35
4248.95
4278.55
4308.1
4337.7
4367.3
4396.9
4426.5
4456.1
4485.7
4515.3
4544.9
4574.5
4604.1
4633.7
4663.3
4692.85
4722.45
4752.05
4781.65
4811.25
4840.85
4870.45
4900.05
4929.65
4959.25
4988.85
