0.05
17.75
39.6
61.5
83.35
105.2
127.1
148.95
170.8
192.65
214.55
236.4
258.25
280.1
302
323.85
345.7
367.6
389.45
411.3
433.15
455.05
476.9
498.75
520.6
542.5
564.35
586.2
608.1
629.95
651.8
673.65
695.55
717.4
739.25
761.1
783
804.85
826.7
848.6
870.45
892.3
914.15
936.05
957.9
979.75
1001.6
1023.5
1045.35
1067.2
1089.1
1110.95
1132.8
1154.65
1176.55
1198.4
1220.25
1242.1
1264
1285.85
1307.7
1329.6
1351.45
1373.3
1395.15
1417.05
1438.9
1460.75
1482.6
1504.5
1526.35
1548.2
1570.1
1591.95
1613.8
1635.65
1657.55
1679.4
1701.25
1723.1
1745
1766.85
1788.7
1810.6
1832.45
1854.3
1876.15
1898.05
1919.9
1941.75
1963.6
1985.5
2007.35
2029.2
2051.1
2072.95
2094.8
2116.65
2138.55
2160.4
2182.25
2204.15
2226
2247.85
2269.7
2291.6
2313.45
2335.3
2357.15
2379.05
2400.9
2422.75
2444.65
2466.5
2488.35
2510.2
2532.1
2553.95
2575.8
2597.65
2619.55
2641.4
2663.25
2685.15
2707
2728.85
2750.7
2772.6
2794.45
2816.3
2838.15
2860.05
2881.9
2903.75
2925.65
2947.5
2969.35
2991.2
3013.1
3034.95
3056.8
3078.65
3100.55
3122.4
3144.25
3166.15
3188
3209.85
3231.7
3253.6
3275.45
3297.3
3319.15
3341.05
3362.9
3384.75
3406.65
3428.5
3450.35
3472.2
3494.1
3515.95
3537.8
3559.65
3581.55
-1000
0.05
30.35
61.9
90
122.45
152.05
182
214
242
274.2
304.35
333.35
365.8
394.05
425.75
456.55
484.95
517.5
546.35
577.65
608.95
637.05
669.6
698.9
729.45
761.2
789.2
821.55
851.35
880.75
913
941.1
973.1
1003.55
1032.2
1064.75
1093.3
1124.7
1155.8
1184.1
1216.65
1245.75
1276.9
1308.3
1336.45
1368.95
1398.4
1428.8
1460.65
1488.65
1521
1550.9
1580.35
1612.6
1640.7
1672.8
1703.25
1732
1764.55
1793.05
1824.65
1855.6
1884
1916.65
1945.55
1976.9
2008.2
2036.4
2069
2098.25
2129.1
2160.75
2188.8
2221.25
2250.9
2280.8
2312.9
2340.9
2373.15
2403.3
2432.35
2464.75
2493
2524.8
2555.55
2584.1
2616.65
2645.4
2676.7
2707.9
2736.15
2768.7
2797.9
2828.75
2860.35
2888.4
2920.9
2950.5
2980.3
3012.4
3040.4
3072.5
3102.75
3131.7
3164.15
3192.5
3224.1
3255
3283.3
3315.9
3344.8
3376.1
3407.4
3435.5
3468.05
3497.4
3527.85
3559.65
3587.6
3619.95
3649.85
3679.15
3711.4
3739.55
3771.45
3802
3830.6
3863.15
3891.75
3923.1
3954.25
3982.55
4015.1
4044.2
4075.25
4106.75
4134.9
4167.35
4196.85
4227.1
4259
4287
4319.3
4349.3
4378.6
4410.95
4439.1
4471.1
4501.65
4530.35
4562.9
4591.45
4623
4654.05
4682.35
4715
4744.05
4775.3
4806.65
4834.85
4867.45
4896.75
4927.45
4959.15
4987.2
