0.05
19.75
43.8
67.9
91.95
116.05
140.1
164.2
188.25
212.35
236.45
260.5
284.6
308.65
332.75
356.8
380.9
404.95
429.05
453.15
477.2
501.3
525.35
549.45
573.5
597.6
621.65
645.75
669.85
693.9
718
742.05
766.15
790.2
814.3
838.35
862.45
886.5
910.6
934.7
958.75
982.85
1006.9
1031
1055.05
1079.15
1103.2
1127.3
1151.4
1175.45
1199.55
1223.6
1247.7
1271.75
1295.85
1319.9
1344
1368.1
1392.15
1416.25
1440.3
1464.4
1488.45
1512.55
1536.6
1560.7
1584.75
1608.85
1632.95
1657
1681.1
1705.15
1729.25
1753.3
1777.4
1801.45
1825.55
1849.65
1873.7
1897.8
1921.85
1945.95
1970
1994.1
2018.15
2042.25
2066.35
2090.4
2114.5
2138.55
2162.65
2186.7
2210.8
2234.85
2258.95
2283
2307.1
2331.2
2355.25
2379.35
2403.4
2427.5
2451.55
2475.65
2499.7
2523.8
2547.9
2571.95
2596.05
2620.1
2644.2
2668.25
2692.35
2716.4
2740.5
2764.6
2788.65
2812.75
2836.8
2860.9
2884.95
2909.05
2933.1
2957.2
2981.25
3005.35
3029.45
3053.5
3077.6
3101.65
3125.75
3149.8
3173.9
3197.95
3222.05
3246.15
3270.2
3294.3
3318.35
3342.45
3366.5
3390.6
3414.65
3438.75
3462.85
3486.9
3511
3535.05
3559.15
3583.2
3607.3
3631.35
3655.45
3679.55
3703.6
3727.7
3751.75
3775.85
3799.9
3824
3848.05
3872.15
3896.2
3920.3
3944.4
3968.45
3992.55
4016.6
4040.7
-1000
0.05
26
52.7
82.8
115.8
145.35
172.3
201.1
234.15
264.65
292.1
320.1
352.7
384.05
411.95
438.9
470.3
502.7
531.4
558.1
587.8
620.9
650.65
677.75
706.3
739.35
770.05
797.6
825.3
857.65
889.3
917.35
944.15
974.9
1007.7
1036.7
1063.5
1092.8
1125.9
1156
1183.2
1211.8
1244.65
1275.5
1303.15
1330.6
1362.75
1394.65
1422.85
1449.5
1479.95
1512.85
1542.1
1568.95
1598
1631.1
1661.4
1688.7
1717.05
1749.9
1780.9
1808.65
1835.9
1867.8
1899.85
1928.25
1954.9
1985.15
2018.15
2047.55
2074.45
2103.25
2136.4
2166.8
2194.25
2222.4
2255.05
2286.3
2314.1
2341.15
2372.55
2404.95
2433.6
2460.3
2490.1
2523.15
2552.85
2579.9
2608.5
2641.5
2672.2
2699.7
2727.45
2759.8
2791.45
2819.5
2846.25
2877
2909.75
2938.85
2965.6
2994.9
3028
3058.1
3085.35
3113.9
3146.8
3177.65
3205.25
3232.8
3265.05
3296.8
3325
3351.7
3382.3
3415.15
3444.3
3471.15
3500.2
3533.4
3563.6
3590.9
3619.35
3652.2
3683.15
3710.8
3738.15
3770.05
3802.1
3830.45
3857.1
3887.4
3920.35
3949.75
3976.6
4005.4
4038.45
4068.95
4096.35
4124.45
4157.1
4188.4
4216.25
4243.2
4274.55
4307
4335.7
4362.35
4392.1
4425.2
4454.95
4482.05
4510.7
4543.7
4574.35
4601.9
4629.7
4662.25
4693.7
4721.7
4748.55
4779.6
4812.25
4841.1
4867.85
4897.25
4930.45
4960.35
4987.55
