0.05
22.5
49.6
76.75
103.9
131.05
158.2
185.35
212.45
239.6
266.75
293.9
321.05
348.2
375.3
402.45
429.6
456.75
483.9
511.05
538.15
565.3
592.45
619.6
646.75
673.9
701
728.15
755.3
782.45
809.6
836.75
863.85
891
918.15
945.3
972.45
999.55
1026.7
1053.85
1081
1108.15
1135.3
1162.4
1189.55
1216.7
1243.85
1271
1298.15
1325.25
1352.4
1379.55
1406.7
1433.85
1461
1488.1
1515.25
1542.4
1569.55
1596.7
1623.85
1650.95
1678.1
1705.25
1732.4
1759.55
1786.7
1813.8
1840.95
1868.1
1895.25
1922.4
1949.5
1976.65
2003.8
2030.95
2058.1
2085.25
2112.35
2139.5
2166.65
2193.8
2220.95
2248.1
2275.2
2302.35
2329.5
2356.65
2383.8
2410.95
2438.05
2465.2
2492.35
2519.5
2546.65
2573.8
2600.9
2628.05
2655.2
2682.35
2709.5
2736.65
2763.75
2790.9
2818.05
2845.2
2872.35
2899.5
2926.6
2953.75
2980.9
3008.05
3035.2
3062.3
3089.45
3116.6
3143.75
3170.9
3198.05
3225.15
3252.3
3279.45
3306.6
3333.75
3360.9
3388
3415.15
3442.3
3469.45
3496.6
3523.75
3550.85
3578
3605.15
3632.3
3659.45
3686.6
3713.7
3740.85
3768
3795.15
3822.3
3849.45
3876.55
3903.7
3930.85
3958
3985.15
4012.25
4039.4
4066.55
4093.7
4120.85
4148
4175.1
4202.25
4229.4
4256.55
4283.7
4310.85
4337.95
4365.1
4392.25
4419.4
4446.55
4473.7
4500.8
4527.95
4555.1
4582.25
4609.4
4636.55
4663.65
4690.8
4717.95
4745.1
4772.25
4799.4
4826.5
4853.65
4880.8
4907.95
4935.1
4962.2
-1000
0.05
26
58.35
87.5
115.65
143.35
170.75
198.05
225.25
252.45
279.6
306.75
333.95
361.1
388.2
415.35
442.5
469.65
496.8
523.95
551.05
578.2
605.35
632.5
659.65
686.8
713.9
741.05
768.2
795.35
822.5
849.65
876.75
903.9
931.05
958.2
985.35
1012.5
1039.6
1066.75
1093.9
1121.05
1148.2
1175.3
1202.45
1229.6
1256.75
1283.9
1311.05
1338.15
1365.3
1392.45
1419.6
1446.75
1473.9
1501
1528.15
1555.3
1582.45
1609.6
1636.75
1663.85
1691
1718.15
1745.3
1772.45
1799.6
1826.7
1853.85
1881
1908.15
1935.3
1962.45
1989.55
2016.7
2043.85
2071
2098.15
2125.3
2152.4
2179.55
2206.7
2233.85
2261
2288.1
2315.25
2342.4
2369.55
2396.7
2423.85
2450.95
2478.1
2505.25
2532.4
2559.55
2586.7
2613.8
2640.95
2668.1
2695.25
2722.4
2749.55
2776.65
2803.8
2830.95
2858.1
2885.25
2912.4
2939.5
2966.65
2993.8
3020.95
3048.1
3075.25
3102.35
3129.5
3156.65
3183.8
3210.95
3238.05
3265.2
3292.35
3319.5
3346.65
3373.8
3400.9
3428.05
3455.2
3482.35
3509.5
3536.65
3563.75
3590.9
3618.05
3645.2
3672.35
3699.5
3726.6
3753.75
3780.9
3808.05
3835.2
3862.35
3889.45
3916.6
3943.75
3970.9
3998.05
4025.2
4052.3
4079.45
4106.6
4133.75
4160.9
4188
4215.15
4242.3
4269.45
4296.6
4323.75
4350.85
4378
4405.15
4432.3
4459.45
4486.6
4513.7
4540.85
4568
4595.15
4622.3
4649.45
4676.55
4703.7
4730.85
4758
4785.15
4812.3
4839.4
4866.55
4893.7
4920.85
4948
4975.15
