0.05
40.9
87.95
135
182.05
229.1
276.15
323.15
370.2
417.25
464.3
511.35
558.4
605.45
652.5
699.55
746.6
793.65
840.65
887.7
934.75
981.8
1028.85
1075.9
1122.95
1170
1217.05
1264.1
1311.15
1358.15
1405.2
1452.25
1499.3
1546.35
1593.4
1640.45
1687.5
1734.55
1781.6
1828.65
1875.65
1922.7
1969.75
2016.8
2063.85
2110.9
2157.95
2205
2252.05
2299.1
2346.15
2393.15
2440.2
2487.25
2534.3
2581.35
2628.4
2675.45
2722.5
2769.55
2816.6
2863.65
2910.65
2957.7
3004.75
3051.8
3098.85
3145.9
3192.95
3240
3287.05
3334.1
3381.1
3428.15
3475.2
3522.25
3569.3
3616.35
3663.4
3710.45
3757.5
3804.55
3851.6
3898.6
3945.65
3992.7
4039.75
4086.8
4133.85
4180.9
4227.95
4275
4322.05
4369.1
4416.1
4463.15
4510.2
4557.25
4604.3
4651.35
4698.4
4745.45
4792.5
4839.55
4886.6
4933.6
4980.65
-1000
0.05
26
62.65
91.95
120.65
156.8
186.15
214.8
250.95
280.3
308.9
345.1
374.5
403.05
439.25
468.6
497.15
533.35
562.7
591.25
627.45
656.8
685.35
721.55
750.95
779.45
815.65
845.05
873.55
909.75
939.1
967.65
1003.85
1033.2
1061.7
1097.95
1127.3
1155.8
1192.05
1221.4
1249.9
1286.15
1315.5
1344
1380.2
1409.55
1438.1
1474.3
1503.65
1532.15
1568.4
1597.75
1626.25
1662.5
1691.85
1720.35
1756.6
1785.95
1814.45
1850.8
1880.2
1908.6
1944.85
1974.25
2002.7
2038.9
2068.3
2096.75
2133
2162.35
2190.85
2227.1
2256.45
2284.95
2321.15
2350.55
2379
2415.2
2444.6
2473.1
2509.3
2538.7
2567.2
2603.4
2632.8
2661.3
2697.5
2726.85
2755.4
2791.6
2820.95
2849.45
2885.7
2915.1
2943.55
2979.8
3009.15
3037.65
3073.85
3103.25
3131.75
3167.95
3197.35
3225.85
3262.05
3291.45
3319.95
