0.05
58.85
124.7
190.5
256.35
322.2
388
453.85
519.7
585.5
651.35
717.15
783
848.85
914.65
980.5
1046.35
1112.15
1178
1243.8
1309.65
1375.5
1441.3
1507.15
1572.95
1638.8
1704.65
1770.45
1836.3
1902.15
1967.95
2033.8
2099.6
2165.45
2231.3
2297.1
2362.95
2428.75
2494.6
2560.45
2626.25
2692.1
2757.95
2823.75
2889.6
2955.4
3021.25
3087.1
3152.9
3218.75
3284.55
3350.4
3416.25
3482.05
3547.9
3613.75
3679.55
3745.4
3811.2
3877.05
3942.9
4008.7
4074.55
4140.4
4206.2
4272.05
4337.85
4403.7
4469.55
4535.35
4601.2
4667
4732.85
4798.7
4864.5
4930.35
4996.2
-1000
0.05
26
57.05
92.2
122.35
157.7
187.8
223.35
253.4
289.05
319.1
354.8
384.85
420.55
450.65
486.35
516.4
552.2
582.25
618
648.05
683.8
713.85
749.65
779.7
815.45
845.5
881.3
911.35
947.1
977.15
1012.95
1043
1078.75
1108.8
1144.6
1174.65
1210.45
1240.5
1276.25
1306.3
1342.1
1372.15
1407.95
1438
1473.75
1503.8
1539.6
1569.65
1605.4
1635.45
1671.25
1701.3
1737.1
1767.15
1802.9
1832.95
1868.75
1898.8
1934.6
1964.65
2000.4
2030.45
2066.25
2096.3
2132.05
2162.1
2197.9
2227.95
2263.75
2293.8
2329.55
2359.6
2395.4
2425.45
2461.2
2491.25
