0.05
25.75
56.5
87.2
117.95
148.7
179.4
210.15
240.9
271.65
302.35
333.1
363.85
394.6
425.3
456.05
486.8
517.5
548.25
579
609.75
640.45
671.2
701.95
732.65
763.4
794.15
824.9
855.6
886.35
917.1
947.85
978.55
1009.3
1040.05
1070.75
1101.5
1132.25
1163
1193.7
1224.45
1255.2
1285.9
1316.65
1347.4
1378.15
1408.85
1439.6
1470.35
1501.1
1531.8
1562.55
1593.3
1624
1654.75
1685.5
1716.25
1746.95
1777.7
1808.45
1839.15
1869.9
1900.65
1931.4
1962.1
1992.85
2023.6
2054.35
2085.05
2115.8
2146.55
2177.25
2208
2238.75
2269.5
2300.2
2330.95
2361.7
2392.4
2423.15
2453.9
2484.65
2515.35
2546.1
2576.85
2607.6
2638.3
2669.05
2699.8
2730.5
2761.25
2792
2822.75
2853.45
2884.2
2914.95
2945.65
2976.4
3007.15
3037.9
3068.6
3099.35
3130.1
3160.85
3191.55
3222.3
3253.05
3283.75
3314.5
3345.25
3376
3406.7
3437.45
3468.2
3498.9
3529.65
3560.4
3591.15
3621.85
3652.6
3683.35
3714.1
3744.8
3775.55
3806.3
3837
3867.75
3898.5
3929.25
3959.95
3990.7
4021.45
4052.15
4082.9
4113.65
4144.4
4175.1
4205.85
4236.6
4267.35
4298.05
4328.8
4359.55
4390.25
4421
4451.75
4482.5
4513.2
4543.95
4574.7
4605.4
4636.15
4666.9
4697.65
4728.35
4759.1
4789.85
4820.6
4851.3
4882.05
4912.8
4943.5
4974.25
-1000
0.05
26
53.55
82.6
112.55
142.9
173.5
204.15
234.8
265.55
296.3
327
357.75
388.5
419.2
449.95
480.7
511.45
542.15
572.9
603.65
634.35
665.1
695.85
726.6
757.3
788.05
818.8
849.55
880.25
911
941.75
972.45
1003.2
1033.95
1064.7
1095.4
1126.15
1156.9
1187.6
1218.35
1249.1
1279.85
1310.55
1341.3
1372.05
1402.8
1433.5
1464.25
1495
1525.7
1556.45
1587.2
1617.95
1648.65
1679.4
1710.15
1740.85
1771.6
1802.35
1833.1
1863.8
1894.55
1925.3
1956.05
1986.75
2017.5
2048.25
2078.95
2109.7
2140.45
2171.2
2201.9
2232.65
2263.4
2294.1
2324.85
2355.6
2386.35
2417.05
2447.8
2478.55
2509.3
2540
2570.75
2601.5
2632.2
2662.95
2693.7
2724.45
2755.15
2785.9
2816.65
2847.35
2878.1
2908.85
2939.6
2970.3
3001.05
3031.8
3062.55
3093.25
3124
3154.75
3185.45
3216.2
3246.95
3277.7
3308.4
3339.15
3369.9
3400.6
3431.35
3462.1
3492.85
3523.55
3554.3
3585.05
3615.8
3646.5
3677.25
3708
3738.7
3769.45
3800.2
3830.95
3861.65
3892.4
3923.15
3953.85
3984.6
4015.35
4046.1
4076.8
4107.55
4138.3
4169.05
4199.75
4230.5
4261.25
4291.95
4322.7
4353.45
4384.2
4414.9
4445.65
4476.4
4507.1
4537.85
4568.6
4599.35
4630.05
4660.8
4691.55
4722.3
4753
4783.75
4814.5
4845.2
4875.95
4906.7
4937.45
4968.15
