0.05
35.55
76.9
118.25
159.6
200.95
242.3
283.65
325
366.35
407.7
449.05
490.4
531.75
573.1
614.45
655.8
697.15
738.5
779.85
821.2
862.55
903.9
945.25
986.6
1027.95
1069.3
1110.65
1152
1193.35
1234.7
1276.05
1317.4
1358.75
1400.1
1441.45
1482.8
1524.15
1565.5
1606.85
1648.2
1689.55
1730.9
1772.25
1813.6
1854.95
1896.3
1937.65
1979
2020.35
2061.7
2103.05
2144.4
2185.75
2227.1
2268.45
2309.8
2351.15
2392.5
2433.85
2475.2
2516.55
2557.9
2599.25
2640.6
2681.95
2723.3
2764.65
2806
2847.35
2888.7
2930.05
2971.4
3012.75
3054.1
3095.45
3136.8
3178.15
3219.5
3260.85
3302.2
3343.55
3384.9
3426.25
3467.6
3508.95
3550.3
3591.65
3633
3674.35
3715.7
3757.05
3798.4
3839.75
3881.1
3922.45
3963.8
4005.15
4046.5
4087.85
4129.2
4170.55
4211.9
4253.25
4294.6
4335.95
4377.3
4418.65
4460
4501.35
4542.7
4584.05
4625.4
4666.75
4708.1
4749.45
4790.8
4832.15
4873.5
4914.85
4956.2
4997.55
-1000
0.05
26
61
96.75
126.1
152.95
186.35
222.35
252.7
279.65
311.6
347.6
380.1
407.9
437.55
473.1
507.8
536.6
563.85
598.5
634.2
663.5
690.4
723.85
759.85
790.15
817.05
849.1
885.1
917.5
945.25
975
1010.6
1045.25
1074
1101.3
1136
1171.7
1201
1227.85
1261.35
1297.4
1327.6
1354.5
1386.6
1422.6
1454.95
1482.6
1512.5
1548.05
1582.65
1611.4
1638.75
1673.5
1709.2
1738.45
1765.3
1798.85
1834.85
1865
1891.9
1924.1
1960.1
1992.3
2019.95
2049.95
2085.55
2120.05
2148.75
2176.25
2211
2246.65
2275.9
2302.7
2336.3
2372.35
2402.4
2429.25
2461.55
2497.55
2529.6
2557.2
2587.35
2623
2657.4
2686
2713.65
2748.45
2784.1
2813.3
2840
2873.75
2909.75
2939.65
2966.5
2998.95
3035
3066.8
3094.25
3124.65
3160.4
3194.55
3223.1
3250.95
3285.9
3321.4
3350.6
3377.2
3411.1
3447.1
3476.8
3503.6
3536.3
3572.35
3603.75
3631.05
3661.9
3697.7
3731.55
3759.9
3788.15
3823.2
