0.05
30.35
66.05
101.8
137.55
173.3
209
244.75
280.5
316.2
351.95
387.7
423.45
459.15
494.9
530.65
566.4
602.1
637.85
673.6
709.3
745.05
780.8
816.55
852.25
888
923.75
959.45
995.2
1030.95
1066.7
1102.4
1138.15
1173.9
1209.65
1245.35
1281.1
1316.85
1352.55
1388.3
1424.05
1459.8
1495.5
1531.25
1567
1602.7
1638.45
1674.2
1709.95
1745.65
1781.4
1817.15
1852.9
1888.6
1924.35
1960.1
1995.8
2031.55
2067.3
2103.05
2138.75
2174.5
2210.25
2246
2281.7
2317.45
2353.2
2388.9
2424.65
2460.4
2496.15
2531.85
2567.6
2603.35
2639.05
2674.8
2710.55
2746.3
2782
2817.75
2853.5
2889.25
2924.95
2960.7
2996.45
3032.15
3067.9
3103.65
3139.4
3175.1
3210.85
3246.6
3282.35
3318.05
3353.8
3389.55
3425.25
3461
3496.75
3532.5
3568.2
3603.95
3639.7
3675.4
3711.15
3746.9
3782.65
3818.35
3854.1
3889.85
3925.6
3961.3
3997.05
4032.8
4068.5
4104.25
4140
4175.75
4211.45
4247.2
4282.95
4318.7
4354.4
4390.15
4425.9
4461.6
4497.35
4533.1
4568.85
4604.55
4640.3
4676.05
4711.75
4747.5
4783.25
4819
4854.7
4890.45
4926.2
4961.95
4997.65
-1000
0.05
26
61.4
96.35
131.5
166.85
202.3
237.7
273.15
308.55
344
379.4
414.75
450
485.05
519.65
552.9
581.55
608.35
637.95
670.8
705.05
739.85
774.95
810.25
845.65
881.05
916.5
951.95
987.35
1022.8
1058.2
1093.45
1128.6
1163.45
1197.4
1228.25
1255.65
1283.15
1315
1348.8
1383.45
1418.45
1453.65
1489
1524.4
1559.8
1595.25
1630.7
1666.15
1701.5
1736.85
1772.05
1806.95
1841.2
1873.3
1901.25
1927.8
1958.9
1992.4
2026.9
2061.85
2097.05
2132.35
2167.7
2203.15
2238.55
2274.1
2309.55
2344.95
2380.3
2415.55
2450.65
2485.3
2518.75
2547.85
2574.7
2603.85
2636.5
2670.65
2705.4
2740.5
2775.8
2811.1
2846.5
2881.95
2917.5
2952.9
2988.35
3023.75
3059.05
3094.2
3129.1
3163.3
3194.95
3222.75
3249.5
3280.9
3314.55
3349.1
3384.05
3419.25
3454.55
3489.95
3525.35
3560.8
3596.25
3631.65
3667.05
3702.4
3737.65
3772.6
3807.05
3839.65
3867.9
3894.75
3925.05
3958.25
3992.6
4027.5
4062.65
4097.9
4133.25
4168.7
4204.15
4239.55
4275
4310.4
4345.85
4381.1
4416.25
4450.95
4484.7
4514.55
4541.6
4570
4602.35
4636.3
4671.05
4706.1
4741.3
