0.05
19.45
43.2
66.95
90.7
114.45
138.2
161.95
185.7
209.45
233.2
256.95
280.7
304.45
328.2
351.95
375.7
399.45
423.2
446.95
470.7
494.45
518.2
541.95
565.7
589.45
613.2
636.95
660.7
684.45
708.2
731.95
755.7
779.45
803.25
827
850.75
874.5
898.25
922
945.75
969.5
993.25
1017
1040.75
1064.5
1088.25
1112
1135.75
1159.5
1183.25
1207
1230.75
1254.5
1278.25
1302
1325.75
1349.5
1373.25
1397
1420.75
1444.5
1468.25
1492
1515.75
1539.5
1563.25
1587
1610.75
1634.5
1658.25
1682
1705.75
1729.5
1753.25
1777
1800.75
1824.5
1848.3
1872.05
1895.8
1919.55
1943.3
1967.05
1990.8
2014.55
2038.3
2062.05
2085.8
2109.55
2133.3
2157.05
2180.8
2204.55
2228.3
2252.05
2275.8
2299.55
2323.3
2347.05
2370.8
2394.55
2418.3
2442.05
2465.8
2489.55
2513.3
2537.05
2560.8
2584.55
2608.3
2632.05
2655.8
2679.55
2703.3
2727.05
2750.8
2774.55
2798.3
2822.05
2845.8
2869.55
2893.35
2917.1
2940.85
2964.6
2988.35
3012.1
3035.85
3059.6
3083.35
3107.1
3130.85
3154.6
3178.35
3202.1
3225.85
3249.6
3273.35
3297.1
3320.85
3344.6
3368.35
3392.1
3415.85
3439.6
3463.35
3487.1
3510.85
3534.6
3558.35
3582.1
3605.85
3629.6
3653.35
3677.1
3700.85
3724.6
3748.35
3772.1
3795.85
3819.6
3843.35
3867.1
3890.85
3914.6
3938.4
3962.15
-1000
0.05
27.95
60.95
91.3
118.5
147.75
180.75
210.6
237.6
267.3
300.3
329.75
356.6
386.8
419.65
448.8
475.65
506.15
538.9
567.8
594.6
625.4
658
686.75
713.55
744.6
777.05
805.7
832.5
863.85
896.15
924.6
951.5
982.9
1015.1
1043.5
1070.45
1102.1
1134.15
1162.4
1189.5
1221.45
1253.25
1281.3
1308.7
1341
1372.45
1400.3
1428.3
1461
1491.9
1519.45
1548.4
1581.4
1611.55
1638.7
1668.05
1701.1
1730.8
1757.75
1787.65
1820.6
1849.95
1876.75
1907.05
1939.95
1969
1995.75
2026.2
2058.95
2087.9
2114.7
2145.5
2178.1
2206.85
2233.65
2264.7
2297.15
2325.75
2352.6
2383.9
2416.2
2444.65
2471.6
2503.05
2535.25
2563.55
2590.6
2622.3
2654.3
2682.5
2709.7
2741.7
2773.4
2801.45
2828.95
2861.35
2892.7
2920.45
2948.7
2981.55
3012.25
3039.65
3068.6
3101.6
3131.7
3158.8
3188.25
3221.25
3250.95
3277.85
3307.8
3340.75
3370.05
3396.9
3427.2
3460
3489.1
3515.85
3546.5
3579.2
3608.05
3634.85
3665.75
3698.3
3727
3753.8
3784.95
3817.35
3845.9
3872.75
3904.15
3936.4
3964.8
3991.7
4023.3
4055.45
4083.7
4110.65
4142.4
4174.4
4202.6
4229.75
4261.75
4293.5
4321.5
4349.05
4381.4
4412.75
4440.55
4468.75
4501.55
4532.3
4559.7
4588.8
4621.85
4651.85
4678.9
4708.45
4741.45
4771.05
4797.95
4827.95
4860.9
4890.15
4917
4947.35
4980.15
