0.05
20.2
44.8
69.35
93.95
118.55
143.15
167.7
192.3
216.9
241.5
266.05
290.65
315.25
339.85
364.4
389
413.6
438.2
462.75
487.35
511.95
536.55
561.1
585.7
610.3
634.9
659.45
684.05
708.65
733.25
757.85
782.4
807
831.6
856.2
880.75
905.35
929.95
954.55
979.1
1003.7
1028.3
1052.9
1077.45
1102.05
1126.65
1151.25
1175.8
1200.4
1225
1249.6
1274.15
1298.75
1323.35
1347.95
1372.55
1397.1
1421.7
1446.3
1470.9
1495.45
1520.05
1544.65
1569.25
1593.8
1618.4
1643
1667.6
1692.15
1716.75
1741.35
1765.95
1790.5
1815.1
1839.7
1864.3
1888.85
1913.45
1938.05
1962.65
1987.2
2011.8
2036.4
2061
2085.6
2110.15
2134.75
2159.35
2183.95
2208.5
2233.1
2257.7
2282.3
2306.85
2331.45
2356.05
2380.65
2405.2
2429.8
2454.4
2479
2503.55
2528.15
2552.75
2577.35
2601.9
2626.5
2651.1
2675.7
2700.3
2724.85
2749.45
2774.05
2798.65
2823.2
2847.8
2872.4
2897
2921.55
2946.15
2970.75
2995.35
3019.9
3044.5
3069.1
3093.7
3118.25
3142.85
3167.45
3192.05
3216.6
3241.2
3265.8
3290.4
3314.95
3339.55
3364.15
3388.75
3413.35
3437.9
3462.5
3487.1
3511.7
3536.25
3560.85
3585.45
3610.05
3634.6
3659.2
3683.8
3708.4
3732.95
3757.55
3782.15
3806.75
3831.3
3855.9
3880.5
3905.1
3929.65
3954.25
3978.85
4003.45
4028.05
4052.6
4077.2
4101.8
4126.4
4150.95
-1000
0.05
26
54.85
81.45
109.45
141.95
173.8
202.2
228.9
256.95
289.35
321.25
349.7
376.4
404.3
436.65
468.65
497.15
523.9
551.8
584.15
616.15
644.7
671.4
699.35
731.7
763.7
792.2
818.95
846.85
879.3
911.25
939.75
966.5
994.35
1026.65
1058.7
1087.2
1113.95
1141.9
1174.2
1206.2
1234.75
1261.5
1289.5
1321.85
1353.85
1382.35
1409.05
1436.95
1469.3
1501.35
1529.85
1556.6
1584.6
1616.95
1648.9
1677.4
1704.1
1732
1764.35
1796.35
1824.9
1851.65
1879.55
1911.85
1943.9
1972.4
1999.15
2027.1
2059.45
2091.45
2119.95
2146.7
2174.6
2207.05
2239
2267.5
2294.25
2322.1
2354.4
2386.45
2414.95
2441.7
2469.65
2501.9
2533.95
2562.5
2589.25
2617.25
2649.6
2681.6
2710.1
2736.8
2764.75
2797.1
2829.1
2857.6
2884.35
2912.35
2944.7
2976.65
3005.15
3031.85
3059.75
3092.1
3124.15
3152.65
3179.4
3207.3
3239.65
3271.65
3300.15
3326.9
3354.85
3387.2
3419.2
3447.7
3474.45
3502.35
3534.8
3566.75
3595.25
3622
3649.85
3682.15
3714.2
3742.7
3769.45
3797.4
3829.65
3861.7
3890.25
3917
3945
3977.35
4009.35
4037.85
4064.55
4092.5
4124.85
4156.85
4185.35
4212.1
4240.1
4272.45
4304.4
4332.9
4359.6
4387.5
4419.85
4451.9
4480.4
4507.15
4535.05
4567.4
4599.4
4627.9
4654.65
4682.6
4714.95
4746.95
4775.45
4802.2
4830.1
4862.55
4894.5
4923
4949.75
4977.6
