0.05
30.35
66.05
101.8
137.55
173.3
209
244.75
280.5
316.2
351.95
387.7
423.45
459.15
494.9
530.65
566.4
602.1
637.85
673.6
709.3
745.05
780.8
816.55
852.25
888
923.75
959.45
995.2
1030.95
1066.7
1102.4
1138.15
1173.9
1209.65
1245.35
1281.1
1316.85
1352.55
1388.3
1424.05
1459.8
1495.5
1531.25
1567
1602.7
1638.45
1674.2
1709.95
1745.65
1781.4
1817.15
1852.9
1888.6
1924.35
1960.1
1995.8
2031.55
2067.3
2103.05
2138.75
2174.5
2210.25
2246
2281.7
2317.45
2353.2
2388.9
2424.65
2460.4
2496.15
2531.85
2567.6
2603.35
2639.05
2674.8
2710.55
2746.3
2782
2817.75
2853.5
2889.25
2924.95
2960.7
2996.45
3032.15
3067.9
3103.65
3139.4
3175.1
3210.85
3246.6
3282.35
3318.05
3353.8
3389.55
3425.25
3461
3496.75
3532.5
3568.2
3603.95
3639.7
3675.4
3711.15
3746.9
3782.65
3818.35
3854.1
3889.85
3925.6
3961.3
3997.05
4032.8
4068.5
4104.25
4140
4175.75
4211.45
4247.2
4282.95
4318.7
4354.4
4390.15
4425.9
4461.6
4497.35
4533.1
4568.85
4604.55
4640.3
4676.05
4711.75
4747.5
4783.25
4819
4854.7
4890.45
4926.2
4961.95
4997.65
-1000
0.05
26
62.75
98.15
133.6
169
204.45
239.75
274.85
309.6
343.45
373.55
400.75
428.85
461.05
495
529.7
564.75
599.95
635.3
670.7
706.1
741.55
777
812.4
847.9
883.2
918.4
953.35
987.75
1020.15
1048.25
1074.95
1105.6
1138.9
1173.35
1208.25
1243.5
1278.75
1314.1
1349.55
1384.95
1420.4
1455.85
1491.25
1526.6
1561.85
1596.95
1631.6
1665
1693.95
1720.8
1750.05
1782.75
1816.95
1851.75
1886.9
1922.15
1957.45
1992.9
2028.3
2063.75
2099.2
2134.6
2170
2205.3
2240.45
2275.35
2309.4
2340.55
2368.15
2395.3
2426.95
2460.7
2495.3
2530.35
2565.5
2600.85
2636.25
2671.65
2707.1
2742.55
2777.95
2813.35
2848.7
2883.9
2918.95
2953.35
2986
3014.2
3041.05
3071.35
3104.55
3138.9
3173.8
3208.95
3244.25
3279.6
3315.1
3350.5
3385.95
3421.4
3456.8
3492.2
3527.45
3562.6
3597.35
3631.1
3661.05
3688.2
3716.45
3748.7
3782.7
3817.4
3852.45
3887.65
3923
3958.45
3993.9
4029.35
4064.8
4100.2
4135.6
4170.95
4206.1
4241.05
4275.4
4307.55
4335.6
4362.1
4393.05
4426.55
4461
4495.95
4531.1
4566.4
4601.85
4637.25
4672.7
4708.15
4743.6
