0.05
43.45
93.15
142.85
192.6
242.3
292.05
341.75
391.45
441.2
490.9
540.6
590.35
640.05
689.8
739.5
789.2
838.95
888.65
938.4
988.1
1037.8
1087.55
1137.25
1187
1236.7
1286.4
1336.15
1385.85
1435.55
1485.3
1535
1584.75
1634.45
1684.15
1733.9
1783.6
1833.35
1883.05
1932.75
1982.5
2032.2
2081.95
2131.65
2181.35
2231.1
2280.8
2330.5
2380.25
2429.95
2479.7
2529.4
2579.1
2628.85
2678.55
2728.3
2778
2827.7
2877.45
2927.15
2976.85
3026.6
3076.3
3126.05
3175.75
3225.45
3275.2
3324.9
3374.65
3424.35
3474.05
3523.8
3573.5
3623.25
3672.95
3722.65
3772.4
3822.1
3871.8
3921.55
3971.25
4021
4070.7
4120.4
4170.15
4219.85
4269.6
4319.3
4369
4418.75
4468.45
4518.2
4567.9
4617.6
4667.35
4717.05
4766.75
4816.5
4866.2
4915.95
4965.65
-1000
0.05
26
57.05
83.95
119.9
149
179.85
211.05
238
274
304
331.65
366.85
395.55
427.5
458
484.75
521.25
551
579.5
613.75
642.05
675.15
705.5
732.35
768.9
798.5
827.6
861.05
888.9
922.95
953.2
979.75
1016.1
1045.45
1075.45
1107.6
1134.9
1170.2
1200.3
1227.3
1263.1
1292.1
1323.2
1354.15
1381.05
1417.25
1447.15
1475
1510.05
1538.65
1570.85
1601.25
1628.05
1664.55
1694.25
1722.9
1757
1785.15
1818.5
1848.8
1875.6
1912.1
1941.65
1970.95
2004.15
2031.9
2066.2
2096.45
2123
2159.25
2188.5
2218.75
2250.6
2277.75
2313.35
2343.4
2370.6
2406.3
2435.2
2466.55
2497.3
2524.15
2560.45
2590.3
2618.4
2653.2
2681.7
2714.2
2744.55
2771.3
2807.8
2837.5
2866.3
2900.15
2928.2
2961.85
2992.1
3018.8
3055.25
3084.75
