0.05
31.55
68.65
105.75
142.8
179.9
216.95
254.05
291.15
328.2
365.3
402.35
439.45
476.55
513.6
550.7
587.75
624.85
661.95
699
736.1
773.15
810.25
847.35
884.4
921.5
958.55
995.65
1032.75
1069.8
1106.9
1143.95
1181.05
1218.15
1255.2
1292.3
1329.35
1366.45
1403.55
1440.6
1477.7
1514.75
1551.85
1588.95
1626
1663.1
1700.15
1737.25
1774.35
1811.4
1848.5
1885.55
1922.65
1959.75
1996.8
2033.9
2070.95
2108.05
2145.15
2182.2
2219.3
2256.35
2293.45
2330.55
2367.6
2404.7
2441.75
2478.85
2515.95
2553
2590.1
2627.15
2664.25
2701.35
2738.4
2775.5
2812.55
2849.65
2886.75
2923.8
2960.9
2997.95
3035.05
3072.15
3109.2
3146.3
3183.35
3220.45
3257.55
3294.6
3331.7
3368.75
3405.85
3442.95
3480
3517.1
3554.15
3591.25
3628.35
3665.4
3702.5
3739.55
3776.65
3813.7
3850.8
3887.9
3924.95
3962.05
3999.1
4036.2
4073.3
4110.35
4147.45
4184.5
4221.6
4258.7
4295.75
4332.85
4369.9
4407
4444.1
4481.15
4518.25
4555.3
4592.4
4629.5
4666.55
4703.65
4740.7
4777.8
4814.9
4851.95
4889.05
4926.1
4963.2
-1000
0.05
26
56.7
90.6
125.8
161.4
196.95
231.75
263.2
290.75
318.6
351.35
386.15
421.6
457.2
492.5
526.1
554.6
581.4
612.4
646.55
681.85
717.45
752.95
787.6
818.2
845.5
874.1
907.2
942.1
977.6
1013.25
1048.4
1081.55
1109.9
1136.45
1168.1
1202.45
1237.8
1273.4
1308.85
1343.25
1372.95
1399.85
1429.45
1463
1498.05
1533.6
1569.15
1604.2
1636.55
1664.55
1691.5
1723.75
1758.35
1793.8
1829.4
1864.75
1898.8
1927.7
1954.5
1984.9
2018.8
2054
2089.55
2125.1
2159.9
2191.35
2218.95
2246.75
2279.5
2314.3
2349.85
2385.45
2420.75
2454.5
2483.1
2509.85
2540.7
2574.8
2610.05
2645.65
2681.15
2715.95
2746.95
2774.4
2802.6
2835.55
2870.4
2905.95
2941.55
2976.8
3010.35
3038.85
3065.7
3096.75
3130.9
3166.15
3201.75
3237.25
3272.05
3302.8
3330.1
3358.55
3391.6
3426.5
3462.1
3497.7
3532.9
3566.3
3594.8
3621.6
3652.8
3687
3722.3
3757.9
3793.4
3828
3858.3
3885.45
3914.35
3947.6
3982.6
4018.1
4053.7
4088.8
4121.75
4150
4176.55
4208.45
4242.9
4278.3
4313.9
4349.3
4383.6
