0.05
17.55
39.15
60.75
82.35
103.95
125.55
147.15
168.75
190.35
211.95
233.6
255.2
276.8
298.4
320
341.6
363.2
384.8
406.4
428
449.6
471.25
492.85
514.45
536.05
557.65
579.25
600.85
622.45
644.05
665.65
687.25
708.9
730.5
752.1
773.7
795.3
816.9
838.5
860.1
881.7
903.3
924.9
946.55
968.15
989.75
1011.35
1032.95
1054.55
1076.15
1097.75
1119.35
1140.95
1162.55
1184.2
1205.8
1227.4
1249
1270.6
1292.2
1313.8
1335.4
1357
1378.6
1400.2
1421.85
1443.45
1465.05
1486.65
1508.25
1529.85
1551.45
1573.05
1594.65
1616.25
1637.85
1659.5
1681.1
1702.7
1724.3
1745.9
1767.5
1789.1
1810.7
1832.3
1853.9
1875.55
1897.15
1918.75
1940.35
1961.95
1983.55
2005.15
2026.75
2048.35
2069.95
2091.55
2113.2
2134.8
2156.4
2178
2199.6
2221.2
2242.8
2264.4
2286
2307.6
2329.2
2350.85
2372.45
2394.05
2415.65
2437.25
2458.85
2480.45
2502.05
2523.65
2545.25
2566.85
2588.5
2610.1
2631.7
2653.3
2674.9
2696.5
2718.1
2739.7
2761.3
2782.9
2804.5
2826.15
2847.75
2869.35
2890.95
2912.55
2934.15
2955.75
2977.35
2998.95
3020.55
3042.15
3063.8
3085.4
3107
3128.6
3150.2
3171.8
3193.4
3215
3236.6
3258.2
3279.8
3301.45
3323.05
3344.65
3366.25
3387.85
3409.45
3431.05
3452.65
3474.25
3495.85
3517.45
3539.1
-1000
0.05
26
56.65
87.85
119.1
147.7
180.2
208.8
240.55
271.2
300.2
332.55
360.8
392.9
423.05
452.65
484.7
512.9
545.25
574.85
605.45
637
665.4
697.9
726.85
758.4
789.3
818.15
850.6
878.95
910.95
941.25
970.7
1002.9
1031.1
1063.4
1093.2
1123.4
1155.15
1183.45
1216.05
1245.15
1276.6
1307.65
1336.4
1368.9
1397.3
1429.2
1459.65
1488.85
1521.1
1549.35
1581.55
1611.5
1641.4
1673.3
1701.5
1733.9
1763.35
1794.4
1825.7
1854.3
1886.8
1915.45
1947.2
1977.85
2006.9
2039.25
2067.55
2099.65
2129.75
2159.45
2191.55
2219.75
2252.1
2281.7
2312.4
2343.85
2372.35
2404.9
2433.75
2465.3
2496.15
2525.05
2557.45
2585.8
2617.9
2648.15
2677.6
2709.75
2737.95
2770.25
2800
2830.3
2862.05
2890.3
2922.8
2951.95
2983.4
3014.4
3043.2
3075.65
3104.1
3135.95
3166.4
3195.65
3227.9
3256.1
3288.35
3318.25
3348.2
3380.1
3408.35
3440.8
3470.15
3501.35
3532.55
3561.25
3593.8
3622.35
3654.1
3684.7
3713.85
3746.15
3774.4
3806.65
3836.65
3866.4
3898.4
3926.6
3959
3988.5
4019.4
4050.85
4079.25
4111.8
4140.55
4172.15
4202.95
4231.9
4264.3
4292.6
4324.55
4354.85
4384.3
4416.45
4444.65
4476.95
4506.7
4537
4568.7
4597
4629.5
4658.65
4690.15
4721.15
4750
4782.5
4810.9
4842.8
4873.2
4902.5
4934.75
4962.95
4995.25
