0.05
24.45
53.8
83.1
112.45
141.75
171.1
200.4
229.75
259.05
288.4
317.75
347.05
376.4
405.7
435.05
464.35
493.7
523
552.35
581.65
611
640.3
669.65
698.95
728.3
757.6
786.95
816.3
845.6
874.95
904.25
933.6
962.9
992.25
1021.55
1050.9
1080.2
1109.55
1138.85
1168.2
1197.5
1226.85
1256.15
1285.5
1314.85
1344.15
1373.5
1402.8
1432.15
1461.45
1490.8
1520.1
1549.45
1578.75
1608.1
1637.4
1666.75
1696.05
1725.4
1754.7
1784.05
1813.4
1842.7
1872.05
1901.35
1930.7
1960
1989.35
2018.65
2048
2077.3
2106.65
2135.95
2165.3
2194.6
2223.95
2253.25
2282.6
2311.95
2341.25
2370.6
2399.9
2429.25
2458.55
2487.9
2517.2
2546.55
2575.85
2605.2
2634.5
2663.85
2693.15
2722.5
2751.8
2781.15
2810.5
2839.8
2869.15
2898.45
2927.8
2957.1
2986.45
3015.75
3045.1
3074.4
3103.75
3133.05
3162.4
3191.7
3221.05
3250.35
3279.7
3309.05
3338.35
3367.7
3397
3426.35
3455.65
3485
3514.3
3543.65
3572.95
3602.3
3631.6
3660.95
3690.25
3719.6
3748.9
3778.25
3807.6
3836.9
3866.25
3895.55
3924.9
3954.2
3983.55
4012.85
4042.2
4071.5
4100.85
4130.15
4159.5
4188.8
4218.15
4247.45
4276.8
4306.15
4335.45
4364.8
4394.1
4423.45
4452.75
4482.1
4511.4
4540.75
4570.05
4599.4
4628.7
4658.05
4687.35
4716.7
4746
4775.35
4804.7
4834
4863.35
4892.65
4922
4951.3
4980.65
-1000
0.05
26
57.2
87.1
116.7
146.15
175.55
204.9
234.25
263.6
292.9
322.25
351.55
380.9
410.2
439.55
468.9
498.2
527.55
556.85
586.2
615.5
644.85
674.15
703.5
732.8
762.15
791.45
820.8
850.1
879.45
908.75
938.1
967.45
996.75
1026.1
1055.4
1084.75
1114.05
1143.4
1172.7
1202.05
1231.35
1260.7
1290
1319.35
1348.65
1378
1407.3
1436.65
1466
1495.3
1524.65
1553.95
1583.3
1612.6
1641.95
1671.25
1700.6
1729.9
1759.25
1788.55
1817.9
1847.2
1876.55
1905.85
1935.2
1964.55
1993.85
2023.2
2052.5
2081.85
2111.15
2140.5
2169.8
2199.15
2228.45
2257.8
2287.1
2316.45
2345.75
2375.1
2404.4
2433.75
2463.1
2492.4
2521.75
2551.05
2580.4
2609.7
2639.05
2668.35
2697.7
2727
2756.35
2785.65
2815
2844.3
2873.65
2902.95
2932.3
2961.65
2990.95
3020.3
3049.6
3078.95
3108.25
3137.6
3166.9
3196.25
3225.55
3254.9
3284.2
3313.55
3342.85
3372.2
3401.5
3430.85
3460.2
3489.5
3518.85
3548.15
3577.5
3606.8
3636.15
3665.45
3694.8
3724.1
3753.45
3782.75
3812.1
3841.4
3870.75
3900.05
3929.4
3958.75
3988.05
4017.4
4046.7
4076.05
4105.35
4134.7
4164
4193.35
4222.65
4252
4281.3
4310.65
4339.95
4369.3
4398.6
4427.95
4457.3
4486.6
4515.95
4545.25
4574.6
4603.9
4633.25
4662.55
4691.9
4721.2
4750.55
4779.85
4809.2
4838.5
4867.85
4897.15
4926.5
4955.85
4985.15
