0.05
27.5
60.15
92.8
125.5
158.15
190.8
223.45
256.15
288.8
321.45
354.1
386.75
419.45
452.1
484.75
517.4
550.1
582.75
615.4
648.05
680.7
713.4
746.05
778.7
811.35
844.05
876.7
909.35
942
974.65
1007.35
1040
1072.65
1105.3
1137.95
1170.65
1203.3
1235.95
1268.6
1301.3
1333.95
1366.6
1399.25
1431.9
1464.6
1497.25
1529.9
1562.55
1595.25
1627.9
1660.55
1693.2
1725.85
1758.55
1791.2
1823.85
1856.5
1889.15
1921.85
1954.5
1987.15
2019.8
2052.5
2085.15
2117.8
2150.45
2183.1
2215.8
2248.45
2281.1
2313.75
2346.45
2379.1
2411.75
2444.4
2477.05
2509.75
2542.4
2575.05
2607.7
2640.4
2673.05
2705.7
2738.35
2771
2803.7
2836.35
2869
2901.65
2934.3
2967
2999.65
3032.3
3064.95
3097.65
3130.3
3162.95
3195.6
3228.25
3260.95
3293.6
3326.25
3358.9
3391.6
3424.25
3456.9
3489.55
3522.2
3554.9
3587.55
3620.2
3652.85
3685.5
3718.2
3750.85
3783.5
3816.15
3848.85
3881.5
3914.15
3946.8
3979.45
4012.15
4044.8
4077.45
4110.1
4142.8
4175.45
4208.1
4240.75
4273.4
4306.1
4338.75
4371.4
4404.05
4436.75
4469.4
4502.05
4534.7
4567.35
4600.05
4632.7
4665.35
4698
4730.65
4763.35
4796
4828.65
4861.3
4894
4926.65
4959.3
4991.95
-1000
0.05
26
61.9
95.7
129.05
162.05
194.9
227.65
260.35
293.1
325.75
358.4
391.05
423.7
456.4
489.05
521.7
554.35
587.05
619.7
652.35
685
717.65
750.35
783
815.65
848.3
880.95
913.65
946.3
978.95
1011.6
1044.3
1076.95
1109.6
1142.25
1174.9
1207.6
1240.25
1272.9
1305.55
1338.25
1370.9
1403.55
1436.2
1468.85
1501.55
1534.2
1566.85
1599.5
1632.2
1664.85
1697.5
1730.15
1762.8
1795.5
1828.15
1860.8
1893.45
1926.1
1958.8
1991.45
2024.1
2056.75
2089.45
2122.1
2154.75
2187.4
2220.05
2252.75
2285.4
2318.05
2350.7
2383.4
2416.05
2448.7
2481.35
2514
2546.7
2579.35
2612
2644.65
2677.3
2710
2742.65
2775.3
2807.95
2840.65
2873.3
2905.95
2938.6
2971.25
3003.95
3036.6
3069.25
3101.9
3134.6
3167.25
3199.9
3232.55
3265.2
3297.9
3330.55
3363.2
3395.85
3428.55
3461.2
3493.85
3526.5
3559.15
3591.85
3624.5
3657.15
3689.8
3722.45
3755.15
3787.8
3820.45
3853.1
3885.8
3918.45
3951.1
3983.75
4016.4
4049.1
4081.75
4114.4
4147.05
4179.75
4212.4
4245.05
4277.7
4310.35
4343.05
4375.7
4408.35
4441
4473.65
4506.35
4539
4571.65
4604.3
4637
4669.65
4702.3
4734.95
4767.6
4800.3
4832.95
4865.6
4898.25
4930.95
4963.6
4996.25
