0.05
25.45
55.9
86.35
116.8
147.25
177.7
208.1
238.55
269
299.45
329.9
360.35
390.75
421.2
451.65
482.1
512.55
543
573.4
603.85
634.3
664.75
695.2
725.6
756.05
786.5
816.95
847.4
877.85
908.25
938.7
969.15
999.6
1030.05
1060.5
1090.9
1121.35
1151.8
1182.25
1212.7
1243.1
1273.55
1304
1334.45
1364.9
1395.35
1425.75
1456.2
1486.65
1517.1
1547.55
1578
1608.4
1638.85
1669.3
1699.75
1730.2
1760.65
1791.05
1821.5
1851.95
1882.4
1912.85
1943.25
1973.7
2004.15
2034.6
2065.05
2095.5
2125.9
2156.35
2186.8
2217.25
2247.7
2278.15
2308.55
2339
2369.45
2399.9
2430.35
2460.75
2491.2
2521.65
2552.1
2582.55
2613
2643.4
2673.85
2704.3
2734.75
2765.2
2795.65
2826.05
2856.5
2886.95
2917.4
2947.85
2978.3
3008.7
3039.15
3069.6
3100.05
3130.5
3160.9
3191.35
3221.8
3252.25
3282.7
3313.15
3343.55
3374
3404.45
3434.9
3465.35
3495.8
3526.2
3556.65
3587.1
3617.55
3648
3678.4
3708.85
3739.3
3769.75
3800.2
3830.65
3861.05
3891.5
3921.95
3952.4
3982.85
4013.3
4043.7
4074.15
4104.6
4135.05
4165.5
4195.95
4226.35
4256.8
4287.25
4317.7
4348.15
4378.55
4409
4439.45
4469.9
4500.35
4530.8
4561.2
4591.65
4622.1
4652.55
4683
4713.45
4743.85
4774.3
4804.75
4835.2
4865.65
4896.05
4926.5
4956.95
4987.4
-1000
0.05
26
56.65
86.9
117.3
147.7
178.15
208.6
239
269.45
299.9
330.35
360.8
391.2
421.65
452.1
482.55
513
543.45
573.85
604.3
634.75
665.2
695.65
726.1
756.5
786.95
817.4
847.85
878.3
908.7
939.15
969.6
1000.05
1030.5
1060.95
1091.35
1121.8
1152.25
1182.7
1213.15
1243.6
1274
1304.45
1334.9
1365.35
1395.8
1426.2
1456.65
1487.1
1517.55
1548
1578.45
1608.85
1639.3
1669.75
1700.2
1730.65
1761.1
1791.5
1821.95
1852.4
1882.85
1913.3
1943.75
1974.15
2004.6
2035.05
2065.5
2095.95
2126.35
2156.8
2187.25
2217.7
2248.15
2278.6
2309
2339.45
2369.9
2400.35
2430.8
2461.25
2491.65
2522.1
2552.55
2583
2613.45
2643.85
2674.3
2704.75
2735.2
2765.65
2796.1
2826.5
2856.95
2887.4
2917.85
2948.3
2978.75
3009.15
3039.6
3070.05
3100.5
3130.95
3161.4
3191.8
3222.25
3252.7
3283.15
3313.6
3344
3374.45
3404.9
3435.35
3465.8
3496.25
3526.65
3557.1
3587.55
3618
3648.45
3678.9
3709.3
3739.75
3770.2
3800.65
3831.1
3861.5
3891.95
3922.4
3952.85
3983.3
4013.75
4044.15
4074.6
4105.05
4135.5
4165.95
4196.4
4226.8
4257.25
4287.7
4318.15
4348.6
4379.05
4409.45
4439.9
4470.35
4500.8
4531.25
4561.65
4592.1
4622.55
4653
4683.45
4713.9
4744.3
4774.75
4805.2
4835.65
4866.1
4896.55
4926.95
4957.4
4987.85
