0.05
26.3
57.65
89
120.35
151.7
183.05
214.4
245.75
277.1
308.45
339.75
371.1
402.45
433.8
465.15
496.5
527.85
559.2
590.55
621.9
653.25
684.6
715.95
747.3
778.65
810
841.3
872.65
904
935.35
966.7
998.05
1029.4
1060.75
1092.1
1123.45
1154.8
1186.15
1217.5
1248.85
1280.2
1311.55
1342.9
1374.2
1405.55
1436.9
1468.25
1499.6
1530.95
1562.3
1593.65
1625
1656.35
1687.7
1719.05
1750.4
1781.75
1813.1
1844.45
1875.75
1907.1
1938.45
1969.8
2001.15
2032.5
2063.85
2095.2
2126.55
2157.9
2189.25
2220.6
2251.95
2283.3
2314.65
2346
2377.35
2408.65
2440
2471.35
2502.7
2534.05
2565.4
2596.75
2628.1
2659.45
2690.8
2722.15
2753.5
2784.85
2816.2
2847.55
2878.9
2910.2
2941.55
2972.9
3004.25
3035.6
3066.95
3098.3
3129.65
3161
3192.35
3223.7
3255.05
3286.4
3317.75
3349.1
3380.45
3411.8
3443.1
3474.45
3505.8
3537.15
3568.5
3599.85
3631.2
3662.55
3693.9
3725.25
3756.6
3787.95
3819.3
3850.65
3882
3913.35
3944.65
3976
4007.35
4038.7
4070.05
4101.4
4132.75
4164.1
4195.45
4226.8
4258.15
4289.5
4320.85
4352.2
4383.55
4414.9
4446.25
4477.55
4508.9
4540.25
4571.6
4602.95
4634.3
4665.65
4697
4728.35
4759.7
4791.05
4822.4
4853.75
4885.1
4916.45
4947.8
4979.1
-1000
0.05
26
60.4
92.8
124.65
156.25
187.7
219.1
250.5
281.85
313.2
344.55
375.9
407.2
438.55
469.9
501.25
532.6
563.95
595.3
626.65
658
689.35
720.7
752.05
783.4
814.75
846.1
877.45
908.75
940.1
971.45
1002.8
1034.15
1065.5
1096.85
1128.2
1159.55
1190.9
1222.25
1253.6
1284.95
1316.3
1347.65
1379
1410.35
1441.65
1473
1504.35
1535.7
1567.05
1598.4
1629.75
1661.1
1692.45
1723.8
1755.15
1786.5
1817.85
1849.2
1880.55
1911.9
1943.2
1974.55
2005.9
2037.25
2068.6
2099.95
2131.3
2162.65
2194
2225.35
2256.7
2288.05
2319.4
2350.75
2382.1
2413.45
2444.8
2476.1
2507.45
2538.8
2570.15
2601.5
2632.85
2664.2
2695.55
2726.9
2758.25
2789.6
2820.95
2852.3
2883.65
2915
2946.35
2977.65
3009
3040.35
3071.7
3103.05
3134.4
3165.75
3197.1
3228.45
3259.8
3291.15
3322.5
3353.85
3385.2
3416.55
3447.9
3479.25
3510.55
3541.9
3573.25
3604.6
3635.95
3667.3
3698.65
3730
3761.35
3792.7
3824.05
3855.4
3886.75
3918.1
3949.45
3980.8
4012.1
4043.45
4074.8
4106.15
4137.5
4168.85
4200.2
4231.55
4262.9
4294.25
4325.6
4356.95
4388.3
4419.65
4451
4482.35
4513.7
4545
4576.35
4607.7
4639.05
4670.4
4701.75
4733.1
4764.45
4795.8
4827.15
4858.5
4889.85
4921.2
4952.55
4983.9
