0.05
20.85
46.15
71.45
96.75
122.1
147.4
172.7
198
223.3
248.65
273.95
299.25
324.55
349.85
375.2
400.5
425.8
451.1
476.45
501.75
527.05
552.35
577.65
603
628.3
653.6
678.9
704.2
729.55
754.85
780.15
805.45
830.75
856.1
881.4
906.7
932
957.35
982.65
1007.95
1033.25
1058.55
1083.9
1109.2
1134.5
1159.8
1185.1
1210.45
1235.75
1261.05
1286.35
1311.7
1337
1362.3
1387.6
1412.9
1438.25
1463.55
1488.85
1514.15
1539.45
1564.8
1590.1
1615.4
1640.7
1666
1691.35
1716.65
1741.95
1767.25
1792.6
1817.9
1843.2
1868.5
1893.8
1919.15
1944.45
1969.75
1995.05
2020.35
2045.7
2071
2096.3
2121.6
2146.9
2172.25
2197.55
2222.85
2248.15
2273.5
2298.8
2324.1
2349.4
2374.7
2400.05
2425.35
2450.65
2475.95
2501.25
2526.6
2551.9
2577.2
2602.5
2627.85
2653.15
2678.45
2703.75
2729.05
2754.4
2779.7
2805
2830.3
2855.6
2880.95
2906.25
2931.55
2956.85
2982.15
3007.5
3032.8
3058.1
3083.4
3108.75
3134.05
3159.35
3184.65
3209.95
3235.3
3260.6
3285.9
3311.2
3336.5
3361.85
3387.15
3412.45
3437.75
3463.05
3488.4
3513.7
3539
3564.3
3589.65
3614.95
3640.25
3665.55
3690.85
3716.2
3741.5
3766.8
3792.1
3817.4
3842.75
3868.05
3893.35
3918.65
3944
3969.3
3994.6
4019.9
4045.2
4070.55
4095.85
4121.15
4146.45
4171.75
4197.1
4222.4
4247.7
4273
4298.3
4323.65
4348.95
-1000
0.05
26
57.4
85.3
112
138.7
166.45
198.15
231.1
260.65
288.15
314.75
341.7
370.35
403.3
435.25
464
491.1
517.6
544.75
574.5
607.9
638.85
667.05
693.95
720.5
747.9
778.6
811.95
842.15
869.95
896.7
923.35
951.3
983.4
1016.1
1045.5
1072.9
1099.45
1126.45
1155.4
1188.5
1220.15
1248.8
1275.85
1302.35
1329.55
1359.45
1392.85
1423.65
1451.75
1478.6
1505.1
1532.5
1563.3
1596.65
1626.85
1654.6
1681.35
1708.05
1736
1768.05
1800.75
1830.1
1857.55
1884.1
1911.2
1940.35
1973.55
2005.05
2033.5
2060.5
2087
2114.2
2144.15
2177.6
2208.35
2236.45
2263.25
2289.85
2317.25
2348.2
2381.45
2411.55
2439.25
2465.95
2492.7
2520.75
2552.85
2585.55
2614.85
2642.2
2668.75
2695.8
2724.9
2758.1
2789.65
2818.15
2845.15
2871.65
2898.85
2928.85
2962.25
2993
3021.05
3047.9
3074.45
3102
3133.15
3166.35
3196.3
3224
3250.65
3277.4
3305.55
3337.85
3370.4
3399.55
3426.9
3453.45
3480.55
3509.85
3543.15
3574.5
3602.85
3629.8
3656.3
3683.5
3713.65
3747.15
3777.75
3805.75
3832.55
3859.15
3886.75
3917.95
3951.1
3981
4008.65
4035.3
4062.15
4090.55
4123.1
4155.4
4184.4
4211.6
4238.1
4265.25
4294.7
4328.05
4359.25
4387.6
4414.5
4441.05
4468.25
4498.5
4531.9
4562.45
4590.4
4617.2
4643.8
4671.45
4702.75
4735.9
4765.7
4793.3
4819.95
4846.75
4875.05
4907.6
4939.95
4969
4996.25
