0.05
24.45
53.8
83.1
112.45
141.75
171.1
200.4
229.75
259.05
288.4
317.75
347.05
376.4
405.7
435.05
464.35
493.7
523
552.35
581.65
611
640.3
669.65
698.95
728.3
757.6
786.95
816.3
845.6
874.95
904.25
933.6
962.9
992.25
1021.55
1050.9
1080.2
1109.55
1138.85
1168.2
1197.5
1226.85
1256.15
1285.5
1314.85
1344.15
1373.5
1402.8
1432.15
1461.45
1490.8
1520.1
1549.45
1578.75
1608.1
1637.4
1666.75
1696.05
1725.4
1754.7
1784.05
1813.4
1842.7
1872.05
1901.35
1930.7
1960
1989.35
2018.65
2048
2077.3
2106.65
2135.95
2165.3
2194.6
2223.95
2253.25
2282.6
2311.95
2341.25
2370.6
2399.9
2429.25
2458.55
2487.9
2517.2
2546.55
2575.85
2605.2
2634.5
2663.85
2693.15
2722.5
2751.8
2781.15
2810.5
2839.8
2869.15
2898.45
2927.8
2957.1
2986.45
3015.75
3045.1
3074.4
3103.75
3133.05
3162.4
3191.7
3221.05
3250.35
3279.7
3309.05
3338.35
3367.7
3397
3426.35
3455.65
3485
3514.3
3543.65
3572.95
3602.3
3631.6
3660.95
3690.25
3719.6
3748.9
3778.25
3807.6
3836.9
3866.25
3895.55
3924.9
3954.2
3983.55
4012.85
4042.2
4071.5
4100.85
4130.15
4159.5
4188.8
4218.15
4247.45
4276.8
4306.15
4335.45
4364.8
4394.1
4423.45
4452.75
4482.1
4511.4
4540.75
4570.05
4599.4
4628.7
4658.05
4687.35
4716.7
4746
4775.35
4804.7
4834
4863.35
4892.65
4922
4951.3
4980.65
-1000
0.05
26
61.45
93.25
123.8
153.75
183.35
212.8
242.2
271.55
300.9
330.25
359.55
388.9
418.2
447.55
476.9
506.2
535.55
564.85
594.2
623.5
652.85
682.15
711.5
740.8
770.15
799.45
828.8
858.1
887.45
916.75
946.1
975.45
1004.75
1034.1
1063.4
1092.75
1122.05
1151.4
1180.7
1210.05
1239.35
1268.7
1298
1327.35
1356.65
1386
1415.3
1444.65
1474
1503.3
1532.65
1561.95
1591.3
1620.6
1649.95
1679.25
1708.6
1737.9
1767.25
1796.55
1825.9
1855.2
1884.55
1913.85
1943.2
1972.55
2001.85
2031.2
2060.5
2089.85
2119.15
2148.5
2177.8
2207.15
2236.45
2265.8
2295.1
2324.45
2353.75
2383.1
2412.4
2441.75
2471.1
2500.4
2529.75
2559.05
2588.4
2617.7
2647.05
2676.35
2705.7
2735
2764.35
2793.65
2823
2852.3
2881.65
2910.95
2940.3
2969.65
2998.95
3028.3
3057.6
3086.95
3116.25
3145.6
3174.9
3204.25
3233.55
3262.9
3292.2
3321.55
3350.85
3380.2
3409.5
3438.85
3468.2
3497.5
3526.85
3556.15
3585.5
3614.8
3644.15
3673.45
3702.8
3732.1
3761.45
3790.75
3820.1
3849.4
3878.75
3908.05
3937.4
3966.75
3996.05
4025.4
4054.7
4084.05
4113.35
4142.7
4172
4201.35
4230.65
4260
4289.3
4318.65
4347.95
4377.3
4406.6
4435.95
4465.3
4494.6
4523.95
4553.25
4582.6
4611.9
4641.25
4670.55
4699.9
4729.2
4758.55
4787.85
4817.2
4846.5
4875.85
4905.15
4934.5
4963.85
4993.15
