0.05
32.95
71.5
110.05
148.6
187.15
225.7
264.25
302.8
341.35
379.9
418.45
457
495.55
534.1
572.65
611.2
649.75
688.3
726.9
765.45
804
842.55
881.1
919.65
958.2
996.75
1035.3
1073.85
1112.4
1150.95
1189.5
1228.05
1266.6
1305.15
1343.7
1382.25
1420.8
1459.35
1497.9
1536.45
1575
1613.55
1652.15
1690.7
1729.25
1767.8
1806.35
1844.9
1883.45
1922
1960.55
1999.1
2037.65
2076.2
2114.75
2153.3
2191.85
2230.4
2268.95
2307.5
2346.05
2384.6
2423.15
2461.7
2500.25
2538.8
2577.35
2615.95
2654.5
2693.05
2731.6
2770.15
2808.7
2847.25
2885.8
2924.35
2962.9
3001.45
3040
3078.55
3117.1
3155.65
3194.2
3232.75
3271.3
3309.85
3348.4
3386.95
3425.5
3464.05
3502.6
3541.2
3579.75
3618.3
3656.85
3695.4
3733.95
3772.5
3811.05
3849.6
3888.15
3926.7
3965.25
4003.8
4042.35
4080.9
4119.45
4158
4196.55
4235.1
4273.65
4312.2
4350.75
4389.3
4427.85
4466.45
4505
4543.55
4582.1
4620.65
4659.2
4697.75
4736.3
4774.85
4813.4
4851.95
4890.5
4929.05
4967.6
-1000
0.05
26
58.6
93.8
129.55
163.85
192.6
219.35
251.5
286.65
322.4
356.8
385.6
412.45
444.4
479.5
515.25
549.8
578.6
605.4
637.2
672.3
708.1
742.7
771.6
798.3
830.05
865.1
900.9
935.5
964.4
991.1
1022.85
1057.9
1093.7
1128.3
1157.2
1183.95
1215.65
1250.65
1286.45
1321.1
1350
1376.75
1408.4
1443.45
1479.2
1513.85
1542.8
1569.55
1601.15
1636.2
1672
1706.75
1735.65
1762.45
1794
1829
1864.8
1899.5
1928.45
1955.2
1986.75
2021.75
2057.55
2092.25
2121.2
2147.95
2179.55
2214.55
2250.3
2285
2313.95
2340.7
2372.3
2407.3
2443.05
2477.75
2506.7
2533.5
2565.05
2600.05
2635.9
2670.75
2699.8
2726.6
2758
2792.9
2828.7
2863.5
2892.55
2919.3
2950.7
2985.65
3021.45
3056.2
3085.25
3112
3143.45
3178.4
3214.2
3248.95
3277.95
3304.75
3336.2
3371.15
3406.95
3441.7
3470.7
3497.5
3528.95
3563.95
3599.8
3634.65
3663.7
3690.5
3721.85
3756.75
3792.55
3827.35
3856.4
3883.2
3914.55
3949.5
3985.25
4020.05
4049.15
4075.9
4107.3
4142.2
