0.05
22.3
49.2
76.15
103.05
129.95
156.9
183.8
210.75
237.65
264.6
291.5
318.45
345.35
372.25
399.2
426.1
453.05
479.95
506.9
533.8
560.75
587.65
614.6
641.5
668.4
695.35
722.25
749.2
776.1
803.05
829.95
856.9
883.8
910.7
937.65
964.55
991.5
1018.4
1045.35
1072.25
1099.2
1126.1
1153
1179.95
1206.85
1233.8
1260.7
1287.65
1314.55
1341.5
1368.4
1395.3
1422.25
1449.15
1476.1
1503
1529.95
1556.85
1583.8
1610.7
1637.6
1664.55
1691.45
1718.4
1745.3
1772.25
1799.15
1826.1
1853
1879.9
1906.85
1933.75
1960.7
1987.6
2014.55
2041.45
2068.4
2095.3
2122.2
2149.15
2176.05
2203
2229.9
2256.85
2283.75
2310.7
2337.6
2364.5
2391.45
2418.35
2445.3
2472.2
2499.15
2526.05
2553
2579.9
2606.8
2633.75
2660.65
2687.6
2714.5
2741.45
2768.35
2795.3
2822.2
2849.15
2876.05
2902.95
2929.9
2956.8
2983.75
3010.65
3037.6
3064.5
3091.45
3118.35
3145.25
3172.2
3199.1
3226.05
3252.95
3279.9
3306.8
3333.75
3360.65
3387.55
3414.5
3441.4
3468.35
3495.25
3522.2
3549.1
3576.05
3602.95
3629.85
3656.8
3683.7
3710.65
3737.55
3764.5
3791.4
3818.35
3845.25
3872.15
3899.1
3926
3952.95
3979.85
4006.8
4033.7
4060.65
4087.55
4114.45
4141.4
4168.3
4195.25
4222.15
4249.1
4276
4302.95
4329.85
4356.75
4383.7
4410.6
4437.55
4464.45
4491.4
4518.3
4545.25
4572.15
4599.05
4626
4652.9
4679.85
4706.75
4733.7
4760.6
4787.55
4814.45
4841.35
4868.3
4895.2
4922.15
4949.05
4976
-1000
0.05
26
57.1
85.65
113.4
140.8
167.95
195.05
222.05
249
275.95
302.9
329.8
356.7
383.65
410.6
437.5
464.45
491.35
518.3
545.2
572.15
599
625.95
652.9
679.8
706.75
733.65
760.6
787.5
814.45
841.3
868.25
895.15
922.1
949
975.95
1002.9
1029.8
1056.75
1083.65
1110.6
1137.45
1164.4
1191.35
1218.25
1245.2
1272.1
1299.05
1325.95
1352.9
1379.75
1406.7
1433.65
1460.55
1487.5
1514.4
1541.35
1568.25
1595.2
1622.05
1649
1675.95
1702.85
1729.8
1756.7
1783.65
1810.55
1837.5
1864.35
1891.3
1918.25
1945.15
1972.1
1999
2025.95
2052.85
2079.8
2106.65
2133.6
2160.55
2187.45
2214.4
2241.3
2268.25
2295.15
2322.1
2348.95
2375.9
2402.85
2429.75
2456.7
2483.6
2510.55
2537.45
2564.4
2591.25
2618.2
2645.15
2672.05
2699
2725.9
2752.85
2779.75
2806.7
2833.55
2860.5
2887.45
2914.35
2941.3
2968.2
2995.15
3022.05
3049
3075.85
3102.8
3129.7
3156.65
3183.55
3210.5
3237.45
3264.35
3291.3
3318.15
3345.1
3372
3398.95
3425.85
3452.8
3479.75
3506.65
3533.6
3560.5
3587.45
3614.3
3641.25
3668.2
3695.1
3722.05
3748.95
3775.9
3802.8
3829.75
3856.6
3883.55
3910.5
3937.4
3964.35
3991.25
4018.2
4045.1
4072.05
4098.9
4125.85
4152.8
4179.7
4206.65
4233.55
4260.5
4287.4
4314.35
4341.2
4368.15
4395.1
4422
4448.95
4475.85
4502.8
4529.7
4556.65
4583.5
4610.45
4637.4
4664.3
4691.25
4718.15
4745.1
4772
4798.95
4825.8
4852.75
4879.7
4906.6
4933.55
4960.45
4987.4
