0.05
24.2
53.3
82.35
111.4
140.45
169.55
198.6
227.65
256.7
285.8
314.85
343.9
373
402.05
431.1
460.15
489.25
518.3
547.35
576.4
605.5
634.55
663.6
692.65
721.75
750.8
779.85
808.9
838
867.05
896.1
925.15
954.25
983.3
1012.35
1041.4
1070.5
1099.55
1128.6
1157.65
1186.75
1215.8
1244.85
1273.9
1303
1332.05
1361.1
1390.15
1419.25
1448.3
1477.35
1506.45
1535.5
1564.55
1593.6
1622.7
1651.75
1680.8
1709.85
1738.95
1768
1797.05
1826.1
1855.2
1884.25
1913.3
1942.35
1971.45
2000.5
2029.55
2058.6
2087.7
2116.75
2145.8
2174.85
2203.95
2233
2262.05
2291.1
2320.2
2349.25
2378.3
2407.35
2436.45
2465.5
2494.55
2523.65
2552.7
2581.75
2610.8
2639.9
2668.95
2698
2727.05
2756.15
2785.2
2814.25
2843.3
2872.4
2901.45
2930.5
2959.55
2988.65
3017.7
3046.75
3075.8
3104.9
3133.95
3163
3192.05
3221.15
3250.2
3279.25
3308.3
3337.4
3366.45
3395.5
3424.55
3453.65
3482.7
3511.75
3540.85
3569.9
3598.95
3628
3657.1
3686.15
3715.2
3744.25
3773.35
3802.4
3831.45
3860.5
3889.6
3918.65
3947.7
3976.75
4005.85
4034.9
4063.95
4093
4122.1
4151.15
4180.2
4209.25
4238.35
4267.4
4296.45
4325.5
4354.6
4383.65
4412.7
4441.75
4470.85
4499.9
4528.95
4558
4587.1
4616.15
4645.2
4674.3
4703.35
4732.4
4761.45
4790.55
4819.6
4848.65
4877.7
4906.8
4935.85
4964.9
4993.95
-1000
0.05
26
52.85
79.75
107.6
136.05
164.85
193.75
222.75
251.8
280.8
309.9
338.95
368
397.05
426.15
455.2
484.25
513.3
542.4
571.45
600.5
629.55
658.65
687.7
716.75
745.8
774.9
803.95
833
862.05
891.15
920.2
949.25
978.35
1007.4
1036.45
1065.5
1094.6
1123.65
1152.7
1181.75
1210.85
1239.9
1268.95
1298
1327.1
1356.15
1385.2
1414.25
1443.35
1472.4
1501.45
1530.5
1559.6
1588.65
1617.7
1646.75
1675.85
1704.9
1733.95
1763
1792.1
1821.15
1850.2
1879.25
1908.35
1937.4
1966.45
1995.55
2024.6
2053.65
2082.7
2111.8
2140.85
2169.9
2198.95
2228.05
2257.1
2286.15
2315.2
2344.3
2373.35
2402.4
2431.45
2460.55
2489.6
2518.65
2547.7
2576.8
2605.85
2634.9
2663.95
2693.05
2722.1
2751.15
2780.2
2809.3
2838.35
2867.4
2896.45
2925.55
2954.6
2983.65
3012.75
3041.8
3070.85
3099.9
3129
3158.05
3187.1
3216.15
3245.25
3274.3
3303.35
3332.4
3361.5
3390.55
3419.6
3448.65
3477.75
3506.8
3535.85
3564.9
3594
3623.05
3652.1
3681.15
3710.25
3739.3
3768.35
3797.4
3826.5
3855.55
3884.6
3913.65
3942.75
3971.8
4000.85
4029.9
4059
4088.05
4117.1
4146.2
4175.25
4204.3
4233.35
4262.45
4291.5
4320.55
4349.6
4378.7
4407.75
4436.8
4465.85
4494.95
4524
4553.05
4582.1
4611.2
4640.25
4669.3
4698.35
4727.45
4756.5
4785.55
4814.6
4843.7
4872.75
4901.8
4930.85
4959.95
4989
