0.05
44.35
95.05
145.75
196.45
247.15
297.85
348.55
399.25
449.95
500.6
551.3
602
652.7
703.4
754.1
804.8
855.5
906.2
956.9
1007.6
1058.3
1109
1159.65
1210.35
1261.05
1311.75
1362.45
1413.15
1463.85
1514.55
1565.25
1615.95
1666.65
1717.35
1768.05
1818.7
1869.4
1920.1
1970.8
2021.5
2072.2
2122.9
2173.6
2224.3
2275
2325.7
2376.4
2427.1
2477.75
2528.45
2579.15
2629.85
2680.55
2731.25
2781.95
2832.65
2883.35
2934.05
2984.75
3035.45
3086.15
3136.8
3187.5
3238.2
3288.9
3339.6
3390.3
3441
3491.7
3542.4
3593.1
3643.8
3694.5
3745.2
3795.85
3846.55
3897.25
3947.95
3998.65
4049.35
4100.05
4150.75
4201.45
4252.15
4302.85
4353.55
4404.25
4454.9
4505.6
4556.3
4607
4657.7
4708.4
4759.1
4809.8
4860.5
4911.2
4961.9
-1000
0.05
26
62.2
92.15
120.3
153.75
181.6
216.2
246.4
273.45
308.45
337.05
369.9
400.25
426.8
462.85
492
523.25
553.7
580.45
616.95
646.5
676.4
707.5
734.4
770.8
800.6
829.4
861.8
889.2
924.75
954.8
982.55
1016.6
1044.75
1078.7
1108.95
1135.7
1171.2
1200
1232.2
1262.6
1289.45
1325.85
1355.2
1385.7
1416.4
1443.2
1479.75
1509.4
1538.75
1570.45
1597.5
1633.6
1663.55
1691.8
1725.05
1752.85
1787.6
1817.8
1844.9
1879.8
1908.35
1941.35
1971.7
1998.25
2034.2
2063.3
2094.7
2125.15
2151.9
2188.4
2217.9
2247.9
2278.9
2305.75
2342.2
2372
2400.95
2433.15
2460.45
2496.15
2526.2
2554
2587.95
2616
2650.1
2680.35
2707.15
2742.5
2771.25
2803.65
2834.05
2860.8
2897.1
2926.4
2957.1
2987.7
3014.5
