0.05
23.1
50.95
78.75
106.6
134.4
162.25
190.05
217.9
245.7
273.55
301.35
329.2
357
384.85
412.65
440.5
468.3
496.15
523.95
551.8
579.6
607.45
635.25
663.1
690.9
718.75
746.55
774.4
802.2
830.05
857.85
885.7
913.5
941.35
969.15
997
1024.8
1052.65
1080.45
1108.3
1136.1
1163.95
1191.75
1219.6
1247.4
1275.25
1303.05
1330.9
1358.7
1386.55
1414.35
1442.2
1470
1497.85
1525.65
1553.5
1581.3
1609.15
1636.95
1664.8
1692.6
1720.45
1748.25
1776.1
1803.95
1831.75
1859.6
1887.4
1915.25
1943.05
1970.9
1998.7
2026.55
2054.35
2082.2
2110
2137.85
2165.65
2193.5
2221.3
2249.15
2276.95
2304.8
2332.6
2360.45
2388.25
2416.1
2443.9
2471.75
2499.55
2527.4
2555.2
2583.05
2610.85
2638.7
2666.5
2694.35
2722.15
2750
2777.8
2805.65
2833.45
2861.3
2889.1
2916.95
2944.75
2972.6
3000.4
3028.25
3056.05
3083.9
3111.7
3139.55
3167.35
3195.2
3223
3250.85
3278.65
3306.5
3334.3
3362.15
3389.95
3417.8
3445.6
3473.45
3501.25
3529.1
3556.95
3584.75
3612.6
3640.4
3668.25
3696.05
3723.9
3751.7
3779.55
3807.35
3835.2
3863
3890.85
3918.65
3946.5
3974.3
4002.15
4029.95
4057.8
4085.6
4113.45
4141.25
4169.1
4196.9
4224.75
4252.55
4280.4
4308.2
4336.05
4363.85
4391.7
4419.5
4447.35
4475.15
4503
4530.8
4558.65
4586.45
4614.3
4642.1
4669.95
4697.75
4725.6
4753.4
4781.25
4809.05
4836.9
4864.7
4892.55
4920.35
4948.2
4976
-1000
0.05
26
53.25
80.65
108.25
135.95
163.75
191.5
219.35
247.15
274.95
302.8
330.6
358.45
386.25
414.1
441.9
469.7
497.55
525.4
553.25
581.05
608.9
636.7
664.55
692.35
720.2
748
775.85
803.65
831.5
859.3
887.15
914.95
942.8
970.6
998.45
1026.25
1054.1
1081.9
1109.75
1137.55
1165.4
1193.2
1221.05
1248.85
1276.7
1304.5
1332.35
1360.15
1388
1415.8
1443.65
1471.45
1499.3
1527.1
1554.95
1582.75
1610.6
1638.4
1666.25
1694.05
1721.9
1749.7
1777.55
1805.35
1833.2
1861
1888.85
1916.65
1944.5
1972.3
2000.15
2027.95
2055.8
2083.6
2111.4
2139.25
2167.05
2194.9
2222.7
2250.55
2278.4
2306.25
2334.05
2361.9
2389.7
2417.55
2445.35
2473.2
2501
2528.85
2556.65
2584.5
2612.3
2640.15
2667.95
2695.8
2723.6
2751.45
2779.25
2807.1
2834.9
2862.75
2890.55
2918.4
2946.2
2974.05
3001.85
3029.7
3057.5
3085.35
3113.15
3141
3168.8
3196.65
3224.45
3252.3
3280.1
3307.95
3335.75
3363.6
3391.4
3419.25
3447.05
3474.9
3502.7
3530.55
3558.35
3586.2
3614
3641.85
3669.65
3697.5
3725.3
3753.15
3780.95
3808.8
3836.6
3864.4
3892.25
3920.05
3947.9
3975.7
4003.55
4031.4
4059.2
4087.05
4114.9
4142.7
4170.55
4198.35
4226.2
4254
4281.85
4309.65
4337.5
4365.3
4393.15
4420.95
4448.8
4476.6
4504.45
4532.25
4560.1
4587.9
4615.75
4643.55
4671.4
4699.2
4727.05
4754.85
4782.7
4810.5
4838.35
4866.15
4894
4921.8
4949.65
4977.45
