0.05
46.35
99.15
151.95
204.75
257.55
310.35
363.15
415.95
468.75
521.55
574.35
627.15
679.95
732.75
785.55
838.35
891.15
943.95
996.75
1049.55
1102.35
1155.15
1207.95
1260.75
1313.55
1366.35
1419.15
1471.95
1524.75
1577.55
1630.35
1683.15
1735.95
1788.7
1841.5
1894.3
1947.1
1999.9
2052.7
2105.5
2158.3
2211.1
2263.9
2316.7
2369.5
2422.3
2475.1
2527.9
2580.7
2633.5
2686.3
2739.1
2791.9
2844.7
2897.5
2950.3
3003.1
3055.9
3108.7
3161.5
3214.3
3267.1
3319.9
3372.7
3425.5
3478.3
3531.1
3583.9
3636.7
3689.5
3742.3
3795.1
3847.9
3900.7
3953.5
4006.3
4059.05
4111.85
4164.65
4217.45
4270.25
4323.05
4375.85
4428.65
4481.45
4534.25
4587.05
4639.85
4692.65
4745.45
4798.25
4851.05
4903.85
4956.65
-1000
0.05
26
57.05
86.5
117
143.85
179.3
208.1
241.6
271.9
299.4
330.75
357.65
394.25
423.85
454.8
485.25
511.85
545.15
572.9
608.65
638.7
667.65
698.2
724.95
760.7
789.6
822.7
853.05
880.35
911.95
938.95
975.55
1005.2
1035.85
1066.35
1092.9
1126.6
1154.5
1189.95
1220.05
1248.7
1279.3
1306.05
1342.05
1371.1
1403.8
1434.15
1461.35
1493.15
1520.25
1556.85
1586.55
1616.9
1647.4
1674
1708.3
1736.45
1771.35
1801.5
1829.8
1860.5
1887.3
1923.55
1952.75
1985
2015.35
2042.35
2074.55
2101.75
2138.25
2168.05
2198
2228.5
2255.25
2290.15
2318.6
2352.85
2383.1
2410.95
2441.95
2468.75
2505.25
2534.65
2566.25
2596.7
2623.45
2656.1
2683.55
2719.75
2749.7
2779.15
2809.7
2836.55
2872
