0.05
25.75
56.5
87.2
117.95
148.7
179.4
210.15
240.9
271.65
302.35
333.1
363.85
394.6
425.3
456.05
486.8
517.5
548.25
579
609.75
640.45
671.2
701.95
732.65
763.4
794.15
824.9
855.6
886.35
917.1
947.85
978.55
1009.3
1040.05
1070.75
1101.5
1132.25
1163
1193.7
1224.45
1255.2
1285.9
1316.65
1347.4
1378.15
1408.85
1439.6
1470.35
1501.1
1531.8
1562.55
1593.3
1624
1654.75
1685.5
1716.25
1746.95
1777.7
1808.45
1839.15
1869.9
1900.65
1931.4
1962.1
1992.85
2023.6
2054.35
2085.05
2115.8
2146.55
2177.25
2208
2238.75
2269.5
2300.2
2330.95
2361.7
2392.4
2423.15
2453.9
2484.65
2515.35
2546.1
2576.85
2607.6
2638.3
2669.05
2699.8
2730.5
2761.25
2792
2822.75
2853.45
2884.2
2914.95
2945.65
2976.4
3007.15
3037.9
3068.6
3099.35
3130.1
3160.85
3191.55
3222.3
3253.05
3283.75
3314.5
3345.25
3376
3406.7
3437.45
3468.2
3498.9
3529.65
3560.4
3591.15
3621.85
3652.6
3683.35
3714.1
3744.8
3775.55
3806.3
3837
3867.75
3898.5
3929.25
3959.95
3990.7
4021.45
4052.15
4082.9
4113.65
4144.4
4175.1
4205.85
4236.6
4267.35
4298.05
4328.8
4359.55
4390.25
4421
4451.75
4482.5
4513.2
4543.95
4574.7
4605.4
4636.15
4666.9
4697.65
4728.35
4759.1
4789.85
4820.6
4851.3
4882.05
4912.8
4943.5
4974.25
-1000
0.05
26
61.1
93.55
125.1
156.2
187.15
217.95
248.75
279.5
310.25
341
371.75
402.5
433.2
463.95
494.7
525.45
556.15
586.9
617.65
648.35
679.1
709.85
740.6
771.3
802.05
832.8
863.55
894.25
925
955.75
986.45
1017.2
1047.95
1078.7
1109.4
1140.15
1170.9
1201.6
1232.35
1263.1
1293.85
1324.55
1355.3
1386.05
1416.8
1447.5
1478.25
1509
1539.7
1570.45
1601.2
1631.95
1662.65
1693.4
1724.15
1754.85
1785.6
1816.35
1847.1
1877.8
1908.55
1939.3
1970.05
2000.75
2031.5
2062.25
2092.95
2123.7
2154.45
2185.2
2215.9
2246.65
2277.4
2308.1
2338.85
2369.6
2400.35
2431.05
2461.8
2492.55
2523.3
2554
2584.75
2615.5
2646.2
2676.95
2707.7
2738.45
2769.15
2799.9
2830.65
2861.35
2892.1
2922.85
2953.6
2984.3
3015.05
3045.8
3076.55
3107.25
3138
3168.75
3199.45
3230.2
3260.95
3291.7
3322.4
3353.15
3383.9
3414.6
3445.35
3476.1
3506.85
3537.55
3568.3
3599.05
3629.8
3660.5
3691.25
3722
3752.7
3783.45
3814.2
3844.95
3875.65
3906.4
3937.15
3967.85
3998.6
4029.35
4060.1
4090.8
4121.55
4152.3
4183.05
4213.75
4244.5
4275.25
4305.95
4336.7
4367.45
4398.2
4428.9
4459.65
4490.4
4521.1
4551.85
4582.6
4613.35
4644.05
4674.8
4705.55
4736.3
4767
4797.75
4828.5
4859.2
4889.95
4920.7
4951.45
4982.15
