0.05
34.45
74.6
114.8
154.95
195.15
235.3
275.5
315.65
355.85
396
436.2
476.35
516.55
556.7
596.9
637.05
677.25
717.4
757.6
797.75
837.95
878.1
918.25
958.45
998.6
1038.8
1078.95
1119.15
1159.3
1199.5
1239.65
1279.85
1320
1360.2
1400.35
1440.55
1480.7
1520.9
1561.05
1601.25
1641.4
1681.55
1721.75
1761.9
1802.1
1842.25
1882.45
1922.6
1962.8
2002.95
2043.15
2083.3
2123.5
2163.65
2203.85
2244
2284.2
2324.35
2364.55
2404.7
2444.9
2485.05
2525.2
2565.4
2605.55
2645.75
2685.9
2726.1
2766.25
2806.45
2846.6
2886.8
2926.95
2967.15
3007.3
3047.5
3087.65
3127.85
3168
3208.2
3248.35
3288.55
3328.7
3368.85
3409.05
3449.2
3489.4
3529.55
3569.75
3609.9
3650.1
3690.25
3730.45
3770.6
3810.8
3850.95
3891.15
3931.3
3971.5
4011.65
4051.85
4092
4132.15
4172.35
4212.5
4252.7
4292.85
4333.05
4373.2
4413.4
4453.55
4493.75
4533.9
4574.1
4614.25
4654.45
4694.6
4734.8
4774.95
4815.15
4855.3
4895.5
4935.65
4975.8
-1000
0.05
26
62.25
97.5
126.65
153.5
186.25
222.05
256.6
285.35
312.15
345.95
381.9
415.1
443.25
471.4
505.9
541.8
573.5
601
630.7
665.75
701.5
731.5
758.4
789.9
825.5
860.75
889.85
916.7
949.5
985.35
1019.8
1048.55
1075.4
1109.2
1145.15
1178.35
1206.5
1234.65
1269.15
1305.1
1336.75
1364.2
1393.95
1429.05
1464.8
1494.7
1521.6
1553.15
1588.75
1624.1
1653.2
1680.05
1712.8
1748.65
1783.15
1811.9
1838.7
1872.5
1908.45
1941.7
1969.85
1998
2032.45
2068.4
2100.05
2127.55
2157.3
2192.35
2228.1
2258.05
2284.95
2316.5
2352.1
2387.3
2416.4
2443.3
2476.1
2511.95
2546.45
2575.15
2602
2635.8
2671.75
2704.95
2733.1
2761.25
2795.75
2831.7
2863.35
2890.8
2920.55
2955.65
2991.4
3021.3
3048.2
3079.75
3115.35
3150.6
3179.7
3206.55
3239.4
3275.25
3309.7
3338.45
3365.3
3399.1
3435.05
3468.25
3496.35
3524.55
3559.05
3594.95
3626.6
3654.1
3683.85
3718.95
3754.7
3784.6
3811.5
3843.05
3878.65
3913.85
3942.95
