0.05
48.6
103.7
158.85
213.95
269.1
324.25
379.35
434.5
489.6
544.75
599.85
655
710.15
765.25
820.4
875.5
930.65
985.8
1040.9
1096.05
1151.15
1206.3
1261.4
1316.55
1371.7
1426.8
1481.95
1537.05
1592.2
1647.35
1702.45
1757.6
1812.7
1867.85
1922.95
1978.1
2033.25
2088.35
2143.5
2198.6
2253.75
2308.9
2364
2419.15
2474.25
2529.4
2584.55
2639.65
2694.8
2749.9
2805.05
2860.15
2915.3
2970.45
3025.55
3080.7
3135.8
3190.95
3246.1
3301.2
3356.35
3411.45
3466.6
3521.7
3576.85
3632
3687.1
3742.25
3797.35
3852.5
3907.65
3962.75
4017.9
4073
4128.15
4183.3
4238.4
4293.55
4348.65
4403.8
4458.9
4514.05
4569.2
4624.3
4679.45
4734.55
4789.7
4844.85
4899.95
4955.1
-1000
0.05
26
57.05
88.85
119.25
147.15
177.75
204.35
235.25
262.1
296.65
324.95
360.65
390.7
420.85
451.35
478.6
509.25
536.15
568.15
595.3
631.8
661.15
694.2
724.55
753.05
783.65
810.25
840.95
867.75
901.15
928.9
965.4
995.2
1026.45
1056.9
1084.55
1115.2
1141.8
1172.95
1199.8
1235.05
1263.7
1298.75
1328.85
1358.5
1389.05
1416.05
1446.7
1473.5
1505.85
1533.1
1569.7
1599.2
1631.8
1662.15
1690.45
1721.05
1747.6
1778.35
1805.15
1838.9
1866.8
1903.15
1933.05
1963.9
1994.35
2021.9
2052.55
2079.2
2110.6
2137.5
2173.2
2202.05
2236.55
2266.75
2296
2326.55
2353.45
2384.1
2410.85
2443.35
2470.7
2507.35
2536.9
2569.25
2599.6
2627.7
2658.3
2684.9
2715.65
