0.05
35.55
76.9
118.25
159.6
200.95
242.3
283.65
325
366.35
407.7
449.05
490.4
531.75
573.1
614.45
655.8
697.15
738.5
779.85
821.2
862.55
903.9
945.25
986.6
1027.95
1069.3
1110.65
1152
1193.35
1234.7
1276.05
1317.4
1358.75
1400.1
1441.45
1482.8
1524.15
1565.5
1606.85
1648.2
1689.55
1730.9
1772.25
1813.6
1854.95
1896.3
1937.65
1979
2020.35
2061.7
2103.05
2144.4
2185.75
2227.1
2268.45
2309.8
2351.15
2392.5
2433.85
2475.2
2516.55
2557.9
2599.25
2640.6
2681.95
2723.3
2764.65
2806
2847.35
2888.7
2930.05
2971.4
3012.75
3054.1
3095.45
3136.8
3178.15
3219.5
3260.85
3302.2
3343.55
3384.9
3426.25
3467.6
3508.95
3550.3
3591.65
3633
3674.35
3715.7
3757.05
3798.4
3839.75
3881.1
3922.45
3963.8
4005.15
4046.5
4087.85
4129.2
4170.55
4211.9
4253.25
4294.6
4335.95
4377.3
4418.65
4460
4501.35
4542.7
4584.05
4625.4
4666.75
4708.1
4749.45
4790.8
4832.15
4873.5
4914.85
4956.2
4997.55
-1000
0.05
26
60.45
88.55
117.45
152.75
187.85
216.85
243.65
278
313.85
343.25
370
403.25
439.3
469.85
496.85
528.6
564.55
597.4
625.3
654.6
690.05
724.95
753.85
780.85
815.4
851.2
880.5
907.3
940.65
976.7
1007.1
1034.05
1065.95
1101.95
1134.55
1162.35
1191.9
1227.45
1262.2
1291
1318.2
1352.8
1388.55
1417.85
1444.75
1478.15
1514.2
1544.5
1571.45
1603.45
1639.45
1671.9
1699.65
1729.35
1764.9
1799.6
1828.35
1855.65
1890.3
1926.05
1955.35
1982.2
2015.65
2051.7
2081.95
2108.85
2140.95
2176.95
2209.3
2237
2266.8
2302.4
2337
2365.75
2393.1
2427.8
2463.5
2492.8
2519.65
2553.15
2589.2
2619.4
2646.3
2678.4
2714.45
2746.7
2774.35
2804.3
2839.9
2874.45
2903.15
2930.6
2965.35
3001
3030.25
3057.1
3090.65
3126.7
3156.8
3183.65
3215.9
3251.9
3284.05
3311.65
3341.7
3377.35
3411.8
3440.45
3468
3502.8
3538.45
3567.7
3594.45
3628.1
3664.15
3694.1
3720.95
3753.35
3789.35
3821.3
