0.05
18.35
40.9
63.45
86
108.55
131.1
153.65
176.2
198.75
221.3
243.8
266.35
288.9
311.45
334
356.55
379.1
401.65
424.2
446.75
469.3
491.8
514.35
536.9
559.45
582
604.55
627.1
649.65
672.2
694.75
717.3
739.8
762.35
784.9
807.45
830
852.55
875.1
897.65
920.2
942.75
965.3
987.85
1010.35
1032.9
1055.45
1078
1100.55
1123.1
1145.65
1168.2
1190.75
1213.3
1235.85
1258.35
1280.9
1303.45
1326
1348.55
1371.1
1393.65
1416.2
1438.75
1461.3
1483.85
1506.35
1528.9
1551.45
1574
1596.55
1619.1
1641.65
1664.2
1686.75
1709.3
1731.85
1754.4
1776.9
1799.45
1822
1844.55
1867.1
1889.65
1912.2
1934.75
1957.3
1979.85
2002.4
2024.9
2047.45
2070
2092.55
2115.1
2137.65
2160.2
2182.75
2205.3
2227.85
2250.4
2272.9
2295.45
2318
2340.55
2363.1
2385.65
2408.2
2430.75
2453.3
2475.85
2498.4
2520.9
2543.45
2566
2588.55
2611.1
2633.65
2656.2
2678.75
2701.3
2723.85
2746.4
2768.95
2791.45
2814
2836.55
2859.1
2881.65
2904.2
2926.75
2949.3
2971.85
2994.4
3016.95
3039.45
3062
3084.55
3107.1
3129.65
3152.2
3174.75
3197.3
3219.85
3242.4
3264.95
3287.45
3310
3332.55
3355.1
3377.65
3400.2
3422.75
3445.3
3467.85
3490.4
3512.95
3535.5
3558
3580.55
3603.1
3625.65
3648.2
3670.75
3693.3
3715.85
-1000
0.05
29.65
61.95
90.1
120.85
152.85
180.7
212
243.65
271.3
302.85
334.25
361.8
393.6
424.75
452.3
484.35
515.25
542.75
574.9
605.65
633.2
665.45
696.05
723.55
755.9
786.35
813.95
846.35
876.7
904.35
936.8
967.05
994.7
1027.2
1057.3
1085.05
1117.65
1147.65
1175.45
1208.05
1237.95
1265.75
1298.4
1328.2
1356.15
1388.85
1418.55
1446.55
1479.35
1508.9
1537.05
1569.8
1599.2
1627.55
1660.3
1689.55
1718.25
1751.05
1780.05
1809.2
1841.85
1870.55
1900.6
1933
1961.25
1992.1
2024.1
2051.95
2083.15
2114.85
2142.5
2174
2205.45
2233.05
2264.85
2296
2323.5
2355.5
2386.45
2413.95
2446.1
2476.9
2504.4
2536.55
2567.2
2594.75
2627.05
2657.6
2685.15
2717.55
2747.95
2775.55
2807.95
2838.25
2865.9
2898.4
2928.55
2956.25
2988.85
3018.9
3046.6
3079.2
3109.15
3137
3169.65
3199.45
3227.35
3260.15
3289.8
3317.85
3350.55
3380.15
3408.3
3441
3470.45
3498.85
3531.65
3560.85
3589.55
3622.25
3651.3
3680.4
3713.05
3741.8
3771.85
3804.3
3832.5
3863.2
3895.25
3923.15
3954.25
3986
4013.75
4045.25
4076.7
4104.25
4136
4167.2
4194.75
4226.65
4257.7
4285.15
4317.2
4348.05
4375.55
4407.75
4438.45
4466
4498.25
4528.85
4556.35
4588.75
4619.15
4646.75
4679.2
4709.5
4737.15
4769.65
4799.8
4827.5
4860.05
4890.1
4917.85
4950.45
4980.45
