0.05
38.7
83.4
128.1
172.8
217.45
262.15
306.85
351.55
396.25
440.95
485.65
530.35
575.05
619.75
664.45
709.15
753.85
798.55
843.25
887.95
932.6
977.3
1022
1066.7
1111.4
1156.1
1200.8
1245.5
1290.2
1334.9
1379.6
1424.3
1469
1513.7
1558.4
1603.05
1647.75
1692.45
1737.15
1781.85
1826.55
1871.25
1915.95
1960.65
2005.35
2050.05
2094.75
2139.45
2184.15
2228.85
2273.55
2318.2
2362.9
2407.6
2452.3
2497
2541.7
2586.4
2631.1
2675.8
2720.5
2765.2
2809.9
2854.6
2899.3
2944
2988.65
3033.35
3078.05
3122.75
3167.45
3212.15
3256.85
3301.55
3346.25
3390.95
3435.65
3480.35
3525.05
3569.75
3614.45
3659.1
3703.8
3748.5
3793.2
3837.9
3882.6
3927.3
3972
4016.7
4061.4
4106.1
4150.8
4195.5
4240.2
4284.9
4329.6
4374.25
4418.95
4463.65
4508.35
4553.05
4597.75
4642.45
4687.15
4731.85
4776.55
4821.25
4865.95
4910.65
4955.35
-1000
0.05
26
62.8
92.5
119.1
154.55
185.55
212.55
246.1
280.7
309.25
338.8
375.1
404.75
431.3
467
497.45
524.3
558.45
592.2
620.4
650.9
687.15
716.6
743.6
779.5
809.55
836.35
870.9
904
931.85
963.15
999.2
1028.55
1055.95
1091.95
1121.85
1148.65
1183.45
1215.95
1243.5
1275.5
1311.3
1340.45
1368.35
1404.5
1434.3
1461.1
1496.1
1528.1
1555.5
1588
1623.5
1652.55
1680.85
1717.05
1746.85
1773.7
1808.85
1840.6
1867.9
1900.65
1935.95
1964.9
1993.45
2029.7
2059.45
2086.25
2121.5
2152.9
2180.05
2213.2
2248.2
2276.95
2305.95
2342.25
2371.95
2398.5
2434
2464.85
2491.8
2525.55
2559.95
2588.4
2618.2
2654.5
2684.1
2710.7
2746.45
2776.8
2803.65
2837.9
2871.5
2899.6
2930.3
2966.6
2996.05
3023.05
3058.95
3089
3115.8
3150.4
3183.35
3211.15
3242.6
3278.6
3307.9
3335.4
3371.45
3401.35
3428.1
3462.95
