0.05
28.5
62.25
95.95
129.7
163.45
197.2
230.9
264.65
298.4
332.15
365.85
399.6
433.35
467.1
500.8
534.55
568.3
602.05
635.75
669.5
703.25
737
770.7
804.45
838.2
871.95
905.65
939.4
973.15
1006.9
1040.6
1074.35
1108.1
1141.85
1175.55
1209.3
1243.05
1276.75
1310.5
1344.25
1378
1411.7
1445.45
1479.2
1512.95
1546.65
1580.4
1614.15
1647.9
1681.6
1715.35
1749.1
1782.85
1816.55
1850.3
1884.05
1917.8
1951.5
1985.25
2019
2052.75
2086.45
2120.2
2153.95
2187.7
2221.4
2255.15
2288.9
2322.65
2356.35
2390.1
2423.85
2457.6
2491.3
2525.05
2558.8
2592.55
2626.25
2660
2693.75
2727.5
2761.2
2794.95
2828.7
2862.45
2896.15
2929.9
2963.65
2997.4
3031.1
3064.85
3098.6
3132.35
3166.05
3199.8
3233.55
3267.3
3301
3334.75
3368.5
3402.25
3435.95
3469.7
3503.45
3537.2
3570.9
3604.65
3638.4
3672.15
3705.85
3739.6
3773.35
3807.1
3840.8
3874.55
3908.3
3942.05
3975.75
4009.5
4043.25
4077
4110.7
4144.45
4178.2
4211.95
4245.65
4279.4
4313.15
4346.9
4380.6
4414.35
4448.1
4481.85
4515.55
4549.3
4583.05
4616.8
4650.5
4684.25
4718
4751.75
4785.45
4819.2
4852.95
4886.7
4920.4
4954.15
4987.9
-1000
0.05
26
62.25
96.85
131.1
165.15
199.1
232.95
266.7
300.5
334.25
368
401.75
435.45
469.2
503
536.7
570.4
604.15
637.95
671.65
705.35
739.1
772.9
806.6
840.3
874.05
907.85
941.55
975.25
1009
1042.8
1076.5
1110.2
1143.95
1177.7
1211.4
1245.15
1278.9
1312.65
1346.35
1380.1
1413.85
1447.6
1481.3
1515.05
1548.8
1582.55
1616.25
1650
1683.75
1717.5
1751.2
1784.95
1818.7
1852.45
1886.15
1919.9
1953.65
1987.4
2021.1
2054.85
2088.6
2122.35
2156.05
2189.8
2223.55
2257.3
2291
2324.75
2358.5
2392.25
2425.95
2459.7
2493.45
2527.2
2560.9
2594.65
2628.4
2662.15
2695.85
2729.6
2763.35
2797.1
2830.8
2864.55
2898.3
2932.05
2965.75
2999.5
3033.25
3067
3100.7
3134.45
3168.2
3201.95
3235.65
3269.4
3303.15
3336.9
3370.6
3404.35
3438.1
3471.85
3505.55
3539.3
3573.05
3606.8
3640.5
3674.25
3708
3741.75
3775.45
3809.2
3843
3876.7
3910.4
3944.15
3977.95
4011.65
4045.35
4079.1
4112.9
4146.6
4180.3
4214.05
4247.85
4281.55
4315.25
4349
4382.8
4416.5
4450.2
4483.95
4517.75
4551.45
4585.15
4618.9
4652.7
4686.4
4720.1
4753.85
4787.65
4821.35
4855.05
4888.8
4922.6
4956.3
4990
