0.05
60.8
128.6
196.4
264.2
332.05
399.85
467.65
535.45
603.3
671.1
738.9
806.7
874.55
942.35
1010.15
1077.95
1145.8
1213.6
1281.4
1349.2
1417.05
1484.85
1552.65
1620.5
1688.3
1756.1
1823.9
1891.75
1959.55
2027.35
2095.15
2163
2230.8
2298.6
2366.4
2434.25
2502.05
2569.85
2637.65
2705.5
2773.3
2841.1
2908.9
2976.75
3044.55
3112.35
3180.15
3248
3315.8
3383.6
3451.4
3519.25
3587.05
3654.85
3722.7
3790.5
3858.3
3926.1
3993.95
4061.75
4129.55
4197.35
4265.2
4333
4400.8
4468.6
4536.45
4604.25
4672.05
4739.85
4807.7
4875.5
4943.3
-1000
0.05
26
57.05
88.95
119.4
154.2
184.4
220.45
250.45
287
316.85
353.65
383.25
419.95
449.3
485
513.8
545.1
571.95
602.8
632.9
663.4
697.45
727.7
763.45
793.5
829.95
859.85
896.55
926.3
963.05
992.5
1028.75
1057.8
1091.2
1118.85
1149.75
1177.45
1208.05
1241
1271.3
1306.55
1336.7
1372.9
1402.85
1439.55
1469.3
1506.1
1535.7
1572.25
1601.5
1636.55
1664.95
1695.9
1722.8
1753.55
1784.8
1815.2
1849.8
1880
1915.95
1945.95
1982.5
2012.35
2049.15
2078.8
2115.5
2144.95
2180.85
2209.75
2241.75
2268.8
2299.65
2328.9
