0.05
22.3
49.2
76.15
103.05
129.95
156.9
183.8
210.75
237.65
264.6
291.5
318.45
345.35
372.25
399.2
426.1
453.05
479.95
506.9
533.8
560.75
587.65
614.6
641.5
668.4
695.35
722.25
749.2
776.1
803.05
829.95
856.9
883.8
910.7
937.65
964.55
991.5
1018.4
1045.35
1072.25
1099.2
1126.1
1153
1179.95
1206.85
1233.8
1260.7
1287.65
1314.55
1341.5
1368.4
1395.3
1422.25
1449.15
1476.1
1503
1529.95
1556.85
1583.8
1610.7
1637.6
1664.55
1691.45
1718.4
1745.3
1772.25
1799.15
1826.1
1853
1879.9
1906.85
1933.75
1960.7
1987.6
2014.55
2041.45
2068.4
2095.3
2122.2
2149.15
2176.05
2203
2229.9
2256.85
2283.75
2310.7
2337.6
2364.5
2391.45
2418.35
2445.3
2472.2
2499.15
2526.05
2553
2579.9
2606.8
2633.75
2660.65
2687.6
2714.5
2741.45
2768.35
2795.3
2822.2
2849.15
2876.05
2902.95
2929.9
2956.8
2983.75
3010.65
3037.6
3064.5
3091.45
3118.35
3145.25
3172.2
3199.1
3226.05
3252.95
3279.9
3306.8
3333.75
3360.65
3387.55
3414.5
3441.4
3468.35
3495.25
3522.2
3549.1
3576.05
3602.95
3629.85
3656.8
3683.7
3710.65
3737.55
3764.5
3791.4
3818.35
3845.25
3872.15
3899.1
3926
3952.95
3979.85
4006.8
4033.7
4060.65
4087.55
4114.45
4141.4
4168.3
4195.25
4222.15
4249.1
4276
4302.95
4329.85
4356.75
4383.7
4410.6
4437.55
4464.45
4491.4
4518.3
4545.25
4572.15
4599.05
4626
4652.9
4679.85
4706.75
4733.7
4760.6
4787.55
4814.45
4841.35
4868.3
4895.2
4922.15
4949.05
-1000
0.05
29.7
63.5
95.35
124.7
152.85
180.45
207.7
234.8
261.85
288.85
315.8
342.7
369.65
396.55
423.5
450.45
477.35
504.3
531.2
558.15
585
611.95
638.9
665.8
692.75
719.65
746.6
773.5
800.45
827.3
854.25
881.15
908.1
935
961.95
988.9
1015.8
1042.75
1069.65
1096.6
1123.45
1150.4
1177.35
1204.25
1231.2
1258.1
1285.05
1311.95
1338.9
1365.75
1392.7
1419.65
1446.55
1473.5
1500.4
1527.35
1554.25
1581.2
1608.05
1635
1661.95
1688.85
1715.8
1742.7
1769.65
1796.55
1823.5
1850.35
1877.3
1904.25
1931.15
1958.1
1985
2011.95
2038.85
2065.8
2092.65
2119.6
2146.55
2173.45
2200.4
2227.3
2254.25
2281.15
2308.1
2334.95
2361.9
2388.85
2415.75
2442.7
2469.6
2496.55
2523.45
2550.4
2577.25
2604.2
2631.15
2658.05
2685
2711.9
2738.85
2765.75
2792.7
2819.55
2846.5
2873.45
2900.35
2927.3
2954.2
2981.15
3008.05
3035
3061.85
3088.8
3115.7
3142.65
3169.55
3196.5
3223.45
3250.35
3277.3
3304.15
3331.1
3358
3384.95
3411.85
3438.8
3465.75
3492.65
3519.6
3546.5
3573.45
3600.3
3627.25
3654.2
3681.1
3708.05
3734.95
3761.9
3788.8
3815.75
3842.6
3869.55
3896.5
3923.4
3950.35
3977.25
4004.2
4031.1
4058.05
4084.9
4111.85
4138.8
4165.7
4192.65
4219.55
4246.5
4273.4
4300.35
4327.2
4354.15
4381.1
4408
4434.95
4461.85
4488.8
4515.7
4542.65
4569.5
4596.45
4623.4
4650.3
4677.25
4704.15
4731.1
4758
4784.95
4811.8
4838.75
4865.7
4892.6
4919.55
4946.45
4973.4
