0.05
18.25
40.65
63.05
85.45
107.85
130.25
152.65
175.1
197.5
219.9
242.3
264.7
287.1
309.5
331.9
354.3
376.7
399.15
421.55
443.95
466.35
488.75
511.15
533.55
555.95
578.35
600.75
623.2
645.6
668
690.4
712.8
735.2
757.6
780
802.4
824.8
847.25
869.65
892.05
914.45
936.85
959.25
981.65
1004.05
1026.45
1048.85
1071.3
1093.7
1116.1
1138.5
1160.9
1183.3
1205.7
1228.1
1250.5
1272.9
1295.35
1317.75
1340.15
1362.55
1384.95
1407.35
1429.75
1452.15
1474.55
1496.95
1519.4
1541.8
1564.2
1586.6
1609
1631.4
1653.8
1676.2
1698.6
1721
1743.45
1765.85
1788.25
1810.65
1833.05
1855.45
1877.85
1900.25
1922.65
1945.05
1967.5
1989.9
2012.3
2034.7
2057.1
2079.5
2101.9
2124.3
2146.7
2169.1
2191.55
2213.95
2236.35
2258.75
2281.15
2303.55
2325.95
2348.35
2370.75
2393.2
2415.6
2438
2460.4
2482.8
2505.2
2527.6
2550
2572.4
2594.8
2617.25
2639.65
2662.05
2684.45
2706.85
2729.25
2751.65
2774.05
2796.45
2818.85
2841.3
2863.7
2886.1
2908.5
2930.9
2953.3
2975.7
2998.1
3020.5
3042.9
3065.35
3087.75
3110.15
3132.55
3154.95
3177.35
3199.75
3222.15
3244.55
3266.95
3289.4
3311.8
3334.2
3356.6
3379
3401.4
3423.8
3446.2
3468.6
3491
3513.45
3535.85
3558.25
3580.65
3603.05
3625.45
3647.85
3670.25
3692.65
-1000
0.05
29.8
61.95
89.9
121.2
152.75
180.4
212.35
243.25
270.9
303.25
333.6
361.45
394.05
423.85
452
484.7
514
542.9
575.55
604.3
634.85
667
694.9
726.25
757.75
785.4
817.35
848.25
875.85
908.15
938.55
966.35
998.95
1028.8
1057
1089.8
1119.05
1148
1180.65
1209.3
1239.9
1272
1299.9
1331.35
1362.75
1390.4
1422.4
1453.25
1480.9
1513.3
1543.55
1571.35
1603.95
1633.75
1662
1694.7
1723.95
1753.05
1785.7
1814.3
1845.05
1877.05
1904.9
1936.35
1967.75
1995.35
2027.3
2058.15
2085.85
2118.2
2148.5
2176.35
2209.1
2238.8
2267.1
2299.8
2329
2358.2
2390.8
2419.3
2450
2482
2509.85
2541.35
2572.7
2600.35
2632.4
2663.2
2690.85
2723.3
2753.5
2781.4
2814.05
2843.75
2872.05
2904.75
2933.95
2963.15
2995.75
3024.25
3055.05
3087.1
3114.85
3146.35
3177.7
3205.35
3237.4
3268.15
3295.85
3328.35
3358.5
3386.45
3419.1
3448.75
3477.15
3509.85
3538.95
3568.25
3600.8
3629.3
3660.1
3692.05
3719.85
3751.5
3782.8
3810.4
3842.5
3873.2
3900.9
3933.35
3963.5
3991.45
4024.05
4053.7
4082.1
4114.8
4143.9
4173.4
4205.95
4234.3
4265.15
4297.05
4324.85
4356.4
4387.7
4415.3
4447.5
4478.15
4505.85
4538.35
4568.45
4596.45
4629.1
4658.7
4687.05
4719.75
4748.85
4778.3
4810.8
4839.2
4870.15
4902
4929.8
4961.4
4992.65
