0.05
26.6
58.25
89.9
121.6
153.25
184.9
216.55
248.25
279.9
311.55
343.2
374.9
406.55
438.2
469.9
501.55
533.2
564.85
596.55
628.2
659.85
691.5
723.2
754.85
786.5
818.2
849.85
881.5
913.15
944.85
976.5
1008.15
1039.8
1071.5
1103.15
1134.8
1166.45
1198.15
1229.8
1261.45
1293.15
1324.8
1356.45
1388.1
1419.8
1451.45
1483.1
1514.75
1546.45
1578.1
1609.75
1641.4
1673.1
1704.75
1736.4
1768.1
1799.75
1831.4
1863.05
1894.75
1926.4
1958.05
1989.7
2021.4
2053.05
2084.7
2116.4
2148.05
2179.7
2211.35
2243.05
2274.7
2306.35
2338
2369.7
2401.35
2433
2464.65
2496.35
2528
2559.65
2591.35
2623
2654.65
2686.3
2718
2749.65
2781.3
2812.95
2844.65
2876.3
2907.95
2939.65
2971.3
3002.95
3034.6
3066.3
3097.95
3129.6
3161.25
3192.95
3224.6
3256.25
3287.9
3319.6
3351.25
3382.9
3414.6
3446.25
3477.9
3509.55
3541.25
3572.9
3604.55
3636.2
3667.9
3699.55
3731.2
3762.85
3794.55
3826.2
3857.85
3889.55
3921.2
3952.85
3984.5
4016.2
4047.85
4079.5
4111.15
4142.85
4174.5
4206.15
4237.85
4269.5
4301.15
4332.8
4364.5
4396.15
4427.8
4459.45
4491.15
4522.8
4554.45
4586.1
4617.8
4649.45
4681.1
4712.8
4744.45
4776.1
4807.75
4839.45
4871.1
4902.75
4934.4
4966.1
4997.75
-1000
0.05
26
56.15
86.9
118.15
149.6
181.2
212.8
244.45
276.1
307.75
339.4
371.05
402.75
434.4
466.05
497.75
529.4
561.05
592.7
624.4
656.05
687.7
719.35
751.05
782.7
814.35
846
877.7
909.35
941
972.7
1004.35
1036
1067.65
1099.35
1131
1162.65
1194.3
1226
1257.65
1289.3
1321
1352.65
1384.3
1415.95
1447.65
1479.3
1510.95
1542.6
1574.3
1605.95
1637.6
1669.25
1700.95
1732.6
1764.25
1795.95
1827.6
1859.25
1890.9
1922.6
1954.25
1985.9
2017.55
2049.25
2080.9
2112.55
2144.25
2175.9
2207.55
2239.2
2270.9
2302.55
2334.2
2365.85
2397.55
2429.2
2460.85
2492.5
2524.2
2555.85
2587.5
2619.2
2650.85
2682.5
2714.15
2745.85
2777.5
2809.15
2840.8
2872.5
2904.15
2935.8
2967.45
2999.15
3030.8
3062.45
3094.15
3125.8
3157.45
3189.1
3220.8
3252.45
3284.1
3315.75
3347.45
3379.1
3410.75
3442.45
3474.1
3505.75
3537.4
3569.1
3600.75
3632.4
3664.05
3695.75
3727.4
3759.05
3790.7
3822.4
3854.05
3885.7
3917.4
3949.05
3980.7
4012.35
4044.05
4075.7
4107.35
4139
4170.7
4202.35
4234
4265.65
4297.35
4329
4360.65
4392.35
4424
4455.65
4487.3
4519
4550.65
4582.3
4613.95
4645.65
4677.3
4708.95
4740.65
4772.3
4803.95
4835.6
4867.3
4898.95
4930.6
4962.25
4993.95
