0.05
24.95
54.85
84.7
114.55
144.45
174.3
204.2
234.05
263.95
293.8
323.65
353.55
383.4
413.3
443.15
473.05
502.9
532.75
562.65
592.5
622.4
652.25
682.15
712
741.85
771.75
801.6
831.5
861.35
891.25
921.1
950.95
980.85
1010.7
1040.6
1070.45
1100.35
1130.2
1160.05
1189.95
1219.8
1249.7
1279.55
1309.4
1339.3
1369.15
1399.05
1428.9
1458.8
1488.65
1518.5
1548.4
1578.25
1608.15
1638
1667.9
1697.75
1727.6
1757.5
1787.35
1817.25
1847.1
1877
1906.85
1936.7
1966.6
1996.45
2026.35
2056.2
2086.1
2115.95
2145.8
2175.7
2205.55
2235.45
2265.3
2295.2
2325.05
2354.9
2384.8
2414.65
2444.55
2474.4
2504.3
2534.15
2564
2593.9
2623.75
2653.65
2683.5
2713.4
2743.25
2773.1
2803
2832.85
2862.75
2892.6
2922.5
2952.35
2982.2
3012.1
3041.95
3071.85
3101.7
3131.6
3161.45
3191.3
3221.2
3251.05
3280.95
3310.8
3340.7
3370.55
3400.4
3430.3
3460.15
3490.05
3519.9
3549.8
3579.65
3609.5
3639.4
3669.25
3699.15
3729
3758.9
3788.75
3818.6
3848.5
3878.35
3908.25
3938.1
3968
3997.85
4027.7
4057.6
4087.45
4117.35
4147.2
4177.1
4206.95
4236.8
4266.7
4296.55
4326.45
4356.3
4386.2
4416.05
4445.9
4475.8
4505.65
4535.55
4565.4
4595.3
4625.15
4655
4684.9
4714.75
4744.65
4774.5
4804.4
4834.25
4864.1
4894
4923.85
4953.75
4983.6
-1000
0.05
26.25
53.05
79.65
107.75
136.75
166.2
195.85
225.65
255.45
285.3
315.2
345.05
374.9
404.8
434.65
464.55
494.4
524.25
554.15
584
613.9
643.75
673.65
703.5
733.35
763.25
793.1
823
852.85
882.75
912.6
942.45
972.35
1002.2
1032.1
1061.95
1091.85
1121.7
1151.55
1181.45
1211.3
1241.2
1271.05
1300.95
1330.8
1360.65
1390.55
1420.4
1450.3
1480.15
1510.05
1539.9
1569.75
1599.65
1629.5
1659.4
1689.25
1719.15
1749
1778.85
1808.75
1838.6
1868.5
1898.35
1928.25
1958.1
1987.95
2017.85
2047.7
2077.6
2107.45
2137.3
2167.2
2197.05
2226.95
2256.8
2286.7
2316.55
2346.4
2376.3
2406.15
2436.05
2465.9
2495.8
2525.65
2555.5
2585.4
2615.25
2645.15
2675
2704.9
2734.75
2764.6
2794.5
2824.35
2854.25
2884.1
2914
2943.85
2973.7
3003.6
3033.45
3063.35
3093.2
3123.1
3152.95
3182.8
3212.7
3242.55
3272.45
3302.3
3332.2
3362.05
3391.9
3421.8
3451.65
3481.55
3511.4
3541.3
3571.15
3601
3630.9
3660.75
3690.65
3720.5
3750.4
3780.25
3810.1
3840
3869.85
3899.75
3929.6
3959.5
3989.35
4019.2
4049.1
4078.95
4108.85
4138.7
4168.6
4198.45
4228.3
4258.2
4288.05
4317.95
4347.8
4377.7
4407.55
4437.4
4467.3
4497.15
4527.05
4556.9
4586.8
4616.65
4646.5
4676.4
4706.25
4736.15
4766
4795.9
4825.75
4855.6
4885.5
4915.35
4945.25
4975.1
