0.05
26.9
58.85
90.85
122.85
154.85
186.85
218.8
250.8
282.8
314.8
346.75
378.75
410.75
442.75
474.7
506.7
538.7
570.7
602.65
634.65
666.65
698.65
730.6
762.6
794.6
826.6
858.55
890.55
922.55
954.55
986.5
1018.5
1050.5
1082.5
1114.45
1146.45
1178.45
1210.45
1242.4
1274.4
1306.4
1338.4
1370.35
1402.35
1434.35
1466.35
1498.3
1530.3
1562.3
1594.3
1626.25
1658.25
1690.25
1722.25
1754.2
1786.2
1818.2
1850.2
1882.2
1914.15
1946.15
1978.15
2010.15
2042.1
2074.1
2106.1
2138.1
2170.05
2202.05
2234.05
2266.05
2298
2330
2362
2394
2425.95
2457.95
2489.95
2521.95
2553.9
2585.9
2617.9
2649.9
2681.85
2713.85
2745.85
2777.85
2809.8
2841.8
2873.8
2905.8
2937.75
2969.75
3001.75
3033.75
3065.7
3097.7
3129.7
3161.7
3193.65
3225.65
3257.65
3289.65
3321.6
3353.6
3385.6
3417.6
3449.6
3481.55
3513.55
3545.55
3577.55
3609.5
3641.5
3673.5
3705.5
3737.45
3769.45
3801.45
3833.45
3865.4
3897.4
3929.4
3961.4
3993.35
4025.35
4057.35
4089.35
4121.3
4153.3
4185.3
4217.3
4249.25
4281.25
4313.25
4345.25
4377.2
4409.2
4441.2
4473.2
4505.15
4537.15
4569.15
4601.15
4633.1
4665.1
4697.1
4729.1
4761.05
4793.05
4825.05
4857.05
4889
4921
4953
4985
-1000
0.05
26
61.65
94.95
127.7
160.05
192.25
224.3
256.3
288.35
320.35
352.35
384.3
416.3
448.3
480.3
512.25
544.25
576.25
608.25
640.2
672.2
704.2
736.2
768.15
800.15
832.15
864.15
896.15
928.1
960.1
992.1
1024.1
1056.05
1088.05
1120.05
1152.05
1184
1216
1248
1280
1311.95
1343.95
1375.95
1407.95
1439.9
1471.9
1503.9
1535.9
1567.85
1599.85
1631.85
1663.85
1695.8
1727.8
1759.8
1791.8
1823.75
1855.75
1887.75
1919.75
1951.7
1983.7
2015.7
2047.7
2079.65
2111.65
2143.65
2175.65
2207.6
2239.6
2271.6
2303.6
2335.55
2367.55
2399.55
2431.55
2463.5
2495.5
2527.5
2559.5
2591.5
2623.45
2655.45
2687.45
2719.45
2751.4
2783.4
2815.4
2847.4
2879.35
2911.35
2943.35
2975.35
3007.3
3039.3
3071.3
3103.3
3135.25
3167.25
3199.25
3231.25
3263.2
3295.2
3327.2
3359.2
3391.15
3423.15
3455.15
3487.15
3519.1
3551.1
3583.1
3615.1
3647.05
3679.05
3711.05
3743.05
3775
3807
3839
3871
3902.95
3934.95
3966.95
3998.95
4030.9
4062.9
4094.9
4126.9
4158.85
4190.85
4222.85
4254.85
4286.85
4318.8
4350.8
4382.8
4414.8
4446.75
4478.75
4510.75
4542.75
4574.7
4606.7
4638.7
4670.7
4702.65
4734.65
4766.65
4798.65
4830.6
4862.6
4894.6
4926.6
4958.55
4990.55
