0.05
38.7
83.4
128.1
172.8
217.45
262.15
306.85
351.55
396.25
440.95
485.65
530.35
575.05
619.75
664.45
709.15
753.85
798.55
843.25
887.95
932.6
977.3
1022
1066.7
1111.4
1156.1
1200.8
1245.5
1290.2
1334.9
1379.6
1424.3
1469
1513.7
1558.4
1603.05
1647.75
1692.45
1737.15
1781.85
1826.55
1871.25
1915.95
1960.65
2005.35
2050.05
2094.75
2139.45
2184.15
2228.85
2273.55
2318.2
2362.9
2407.6
2452.3
2497
2541.7
2586.4
2631.1
2675.8
2720.5
2765.2
2809.9
2854.6
2899.3
2944
2988.65
3033.35
3078.05
3122.75
3167.45
3212.15
3256.85
3301.55
3346.25
3390.95
3435.65
3480.35
3525.05
3569.75
3614.45
3659.1
3703.8
3748.5
3793.2
3837.9
3882.6
3927.3
3972
4016.7
4061.4
4106.1
4150.8
4195.5
4240.2
4284.9
4329.6
4374.25
4418.95
4463.65
4508.35
4553.05
4597.75
4642.45
4687.15
4731.85
4776.55
4821.25
4865.95
4910.65
4955.35
-1000
0.05
26
57.05
83.7
119.4
149.75
176.6
210.85
244.6
272.8
303.3
339.55
369
395.95
431.85
461.95
488.75
523.3
556.3
584.15
615.55
651.55
680.85
708.3
744.35
774.25
801
835.85
868.25
895.85
927.85
963.6
992.8
1020.7
1056.85
1086.7
1113.45
1148.5
1180.45
1207.85
1240.35
1275.85
1304.85
1333.2
1369.45
1399.2
1426.1
1461.25
1492.9
1520.15
1553
1588.4
1617.35
1645.9
1682.15
1711.9
1738.65
1773.95
1805.35
1832.5
1865.6
1900.65
1929.45
1958.4
1994.7
2024.4
2051
2086.45
2117.35
2144.3
2178
2212.45
2240.9
2270.65
2306.95
2336.55
2363.2
2398.9
2429.25
2456.1
2490.35
2524
2552.1
2582.75
2618.95
2648.45
2675.45
2711.35
2741.4
2768.2
2802.8
2835.75
2863.5
2895
2931
2960.3
2987.75
3023.8
3053.7
3080.45
3115.35
3147.7
3175.2
3207.35
3243.05
3272.2
3300.2
3336.35
3366.15
3392.95
3428
3459.95
