0.05
29.55
64.45
99.35
134.25
169.15
204.1
239
273.9
308.8
343.7
378.6
413.5
448.4
483.3
518.2
553.1
588
622.9
657.8
692.7
727.65
762.55
797.45
832.35
867.25
902.15
937.05
971.95
1006.85
1041.75
1076.65
1111.55
1146.45
1181.35
1216.25
1251.15
1286.1
1321
1355.9
1390.8
1425.7
1460.6
1495.5
1530.4
1565.3
1600.2
1635.1
1670
1704.9
1739.8
1774.7
1809.6
1844.55
1879.45
1914.35
1949.25
1984.15
2019.05
2053.95
2088.85
2123.75
2158.65
2193.55
2228.45
2263.35
2298.25
2333.15
2368.1
2403
2437.9
2472.8
2507.7
2542.6
2577.5
2612.4
2647.3
2682.2
2717.1
2752
2786.9
2821.8
2856.7
2891.6
2926.55
2961.45
2996.35
3031.25
3066.15
3101.05
3135.95
3170.85
3205.75
3240.65
3275.55
3310.45
3345.35
3380.25
3415.15
3450.05
3485
3519.9
3554.8
3589.7
3624.6
3659.5
3694.4
3729.3
3764.2
3799.1
3834
3868.9
3903.8
3938.7
3973.6
4008.55
4043.45
4078.35
4113.25
4148.15
4183.05
4217.95
4252.85
4287.75
4322.65
4357.55
4392.45
4427.35
4462.25
4497.15
4532.05
4567
4601.9
4636.8
4671.7
4706.6
4741.5
4776.4
4811.3
4846.2
4881.1
4916
4950.9
4985.8
-1000
0.05
26
61
95.5
130.1
164.8
199.6
234.5
269.3
304.2
339.05
373.95
408.85
443.7
478.6
513.5
548.4
583.3
618.2
653.1
688
722.9
757.8
792.75
827.65
862.55
897.45
932.35
967.25
1002.15
1037.05
1071.95
1106.85
1141.75
1176.65
1211.55
1246.45
1281.35
1316.3
1351.2
1386.1
1421
1455.9
1490.8
1525.7
1560.6
1595.5
1630.4
1665.3
1700.2
1735.1
1770
1804.9
1839.8
1874.75
1909.65
1944.55
1979.45
2014.35
2049.25
2084.15
2119.05
2153.95
2188.85
2223.75
2258.65
2293.55
2328.45
2363.35
2398.25
2433.2
2468.1
2503
2537.9
2572.8
2607.7
2642.6
2677.5
2712.4
2747.3
2782.2
2817.1
2852
2886.9
2921.8
2956.75
2991.65
3026.55
3061.45
3096.35
3131.25
3166.15
3201.05
3235.95
3270.85
3305.75
3340.65
3375.55
3410.45
3445.35
3480.25
3515.2
3550.1
3585
3619.9
3654.8
3689.7
3724.6
3759.5
3794.4
3829.3
3864.2
3899.1
3934
3968.9
4003.8
4038.7
4073.65
4108.55
4143.45
4178.35
4213.25
4248.15
4283.05
4317.95
4352.85
4387.75
4422.65
4457.55
4492.45
4527.35
4562.25
4597.2
4632.1
4667
4701.9
4736.8
4771.7
4806.6
4841.5
4876.4
4911.3
4946.2
4981.1
