0.05
22.1
48.8
75.5
102.2
128.9
155.65
182.35
209.05
235.75
262.45
289.15
315.85
342.6
369.3
396
422.7
449.4
476.1
502.8
529.55
556.25
582.95
609.65
636.35
663.05
689.75
716.5
743.2
769.9
796.6
823.3
850
876.75
903.45
930.15
956.85
983.55
1010.25
1036.95
1063.7
1090.4
1117.1
1143.8
1170.5
1197.2
1223.9
1250.65
1277.35
1304.05
1330.75
1357.45
1384.15
1410.85
1437.6
1464.3
1491
1517.7
1544.4
1571.1
1597.8
1624.55
1651.25
1677.95
1704.65
1731.35
1758.05
1784.8
1811.5
1838.2
1864.9
1891.6
1918.3
1945
1971.75
1998.45
2025.15
2051.85
2078.55
2105.25
2131.95
2158.7
2185.4
2212.1
2238.8
2265.5
2292.2
2318.9
2345.65
2372.35
2399.05
2425.75
2452.45
2479.15
2505.85
2532.6
2559.3
2586
2612.7
2639.4
2666.1
2692.8
2719.55
2746.25
2772.95
2799.65
2826.35
2853.05
2879.8
2906.5
2933.2
2959.9
2986.6
3013.3
3040
3066.75
3093.45
3120.15
3146.85
3173.55
3200.25
3226.95
3253.7
3280.4
3307.1
3333.8
3360.5
3387.2
3413.9
3440.65
3467.35
3494.05
3520.75
3547.45
3574.15
3600.85
3627.6
3654.3
3681
3707.7
3734.4
3761.1
3787.85
3814.55
3841.25
3867.95
3894.65
3921.35
3948.05
3974.8
4001.5
4028.2
4054.9
4081.6
4108.3
4135
4161.75
4188.45
4215.15
4241.85
4268.55
4295.25
4321.95
4348.7
4375.4
4402.1
4428.8
4455.5
4482.2
4508.9
4535.65
4562.35
4589.05
4615.75
4642.45
4669.15
4695.9
4722.6
4749.3
4776
4802.7
4829.4
4856.1
4882.85
4909.55
4936.25
4962.95
4989.65
-1000
0.05
26
53.75
80.85
107.8
134.65
161.4
188.15
214.9
241.65
268.35
295.1
321.8
348.5
375.2
401.9
428.65
455.35
482.05
508.75
535.45
562.15
588.85
615.6
642.3
669
695.7
722.4
749.1
775.8
802.55
829.25
855.95
882.65
909.35
936.05
962.8
989.5
1016.2
1042.9
1069.6
1096.3
1123
1149.75
1176.45
1203.15
1229.85
1256.55
1283.25
1309.95
1336.7
1363.4
1390.1
1416.8
1443.5
1470.2
1496.9
1523.65
1550.35
1577.05
1603.75
1630.45
1657.15
1683.85
1710.6
1737.3
1764
1790.7
1817.4
1844.15
1870.85
1897.55
1924.25
1950.95
1977.65
2004.35
2031.05
2057.8
2084.5
2111.2
2137.9
2164.6
2191.3
2218
2244.75
2271.45
2298.15
2324.85
2351.55
2378.25
2404.95
2431.7
2458.4
2485.1
2511.8
2538.5
2565.2
2591.9
2618.65
2645.35
2672.05
2698.75
2725.45
2752.2
2778.9
2805.6
2832.3
2859
2885.7
2912.4
2939.1
2965.85
2992.55
3019.25
3045.95
3072.65
3099.35
3126.05
3152.8
3179.5
3206.2
3232.9
3259.6
3286.3
3313
3339.75
3366.45
3393.15
3419.85
3446.55
3473.25
3499.95
3526.7
3553.4
3580.1
3606.8
3633.5
3660.2
3686.9
3713.65
3740.35
3767.05
3793.75
3820.45
3847.15
3873.9
3900.6
3927.3
3954
3980.7
4007.4
4034.1
4060.85
4087.55
4114.25
4140.95
4167.65
4194.35
4221.05
4247.8
4274.5
4301.2
4327.9
4354.6
4381.3
4408
4434.75
4461.45
4488.15
4514.85
4541.55
4568.25
4594.95
4621.7
4648.4
4675.1
4701.8
4728.5
4755.25
4781.95
4808.65
4835.35
4862.05
4888.75
4915.45
4942.15
4968.9
4995.6
