0.05
27.5
60.15
92.8
125.5
158.15
190.8
223.45
256.15
288.8
321.45
354.1
386.75
419.45
452.1
484.75
517.4
550.1
582.75
615.4
648.05
680.7
713.4
746.05
778.7
811.35
844.05
876.7
909.35
942
974.65
1007.35
1040
1072.65
1105.3
1137.95
1170.65
1203.3
1235.95
1268.6
1301.3
1333.95
1366.6
1399.25
1431.9
1464.6
1497.25
1529.9
1562.55
1595.25
1627.9
1660.55
1693.2
1725.85
1758.55
1791.2
1823.85
1856.5
1889.15
1921.85
1954.5
1987.15
2019.8
2052.5
2085.15
2117.8
2150.45
2183.1
2215.8
2248.45
2281.1
2313.75
2346.45
2379.1
2411.75
2444.4
2477.05
2509.75
2542.4
2575.05
2607.7
2640.4
2673.05
2705.7
2738.35
2771
2803.7
2836.35
2869
2901.65
2934.3
2967
2999.65
3032.3
3064.95
3097.65
3130.3
3162.95
3195.6
3228.25
3260.95
3293.6
3326.25
3358.9
3391.6
3424.25
3456.9
3489.55
3522.2
3554.9
3587.55
3620.2
3652.85
3685.5
3718.2
3750.85
3783.5
3816.15
3848.85
3881.5
3914.15
3946.8
3979.45
4012.15
4044.8
4077.45
4110.1
4142.8
4175.45
4208.1
4240.75
4273.4
4306.1
4338.75
4371.4
4404.05
4436.75
4469.4
4502.05
4534.7
4567.35
4600.05
4632.7
4665.35
4698
4730.65
4763.35
4796
4828.65
4861.3
4894
4926.65
4959.3
4991.95
-1000
0.05
26
57.8
89.75
122.1
154.6
187.2
219.8
252.45
285.1
317.75
350.4
383.05
415.7
448.4
481.05
513.7
546.35
579.05
611.7
644.35
677
709.65
742.35
775
807.65
840.3
872.95
905.65
938.3
970.95
1003.6
1036.3
1068.95
1101.6
1134.25
1166.9
1199.6
1232.25
1264.9
1297.55
1330.25
1362.9
1395.55
1428.2
1460.85
1493.55
1526.2
1558.85
1591.5
1624.2
1656.85
1689.5
1722.15
1754.8
1787.5
1820.15
1852.8
1885.45
1918.1
1950.8
1983.45
2016.1
2048.75
2081.45
2114.1
2146.75
2179.4
2212.05
2244.75
2277.4
2310.05
2342.7
2375.4
2408.05
2440.7
2473.35
2506
2538.7
2571.35
2604
2636.65
2669.3
2702
2734.65
2767.3
2799.95
2832.65
2865.3
2897.95
2930.6
2963.25
2995.95
3028.6
3061.25
3093.9
3126.6
3159.25
3191.9
3224.55
3257.2
3289.9
3322.55
3355.2
3387.85
3420.55
3453.2
3485.85
3518.5
3551.15
3583.85
3616.5
3649.15
3681.8
3714.45
3747.15
3779.8
3812.45
3845.1
3877.8
3910.45
3943.1
3975.75
4008.4
4041.1
4073.75
4106.4
4139.05
4171.75
4204.4
4237.05
4269.7
4302.35
4335.05
4367.7
4400.35
4433
4465.65
4498.35
4531
4563.65
4596.3
4629
4661.65
4694.3
4726.95
4759.6
4792.3
4824.95
4857.6
4890.25
4922.95
4955.6
4988.25
