0.05
18.1
40.4
62.65
84.9
107.2
129.45
151.7
174
196.25
218.5
240.8
263.05
285.3
307.6
329.85
352.1
374.4
396.65
418.9
441.2
463.45
485.7
508
530.25
552.5
574.8
597.05
619.3
641.6
663.85
686.1
708.4
730.65
752.9
775.2
797.45
819.7
842
864.25
886.5
908.8
931.05
953.3
975.6
997.85
1020.1
1042.4
1064.65
1086.9
1109.2
1131.45
1153.7
1176
1198.25
1220.5
1242.8
1265.05
1287.3
1309.6
1331.85
1354.1
1376.4
1398.65
1420.9
1443.2
1465.45
1487.7
1510
1532.25
1554.5
1576.8
1599.05
1621.3
1643.6
1665.85
1688.1
1710.4
1732.65
1754.9
1777.2
1799.45
1821.7
1844
1866.25
1888.5
1910.8
1933.05
1955.3
1977.6
1999.85
2022.1
2044.4
2066.65
2088.9
2111.2
2133.45
2155.7
2178
2200.25
2222.5
2244.8
2267.05
2289.3
2311.6
2333.85
2356.1
2378.4
2400.65
2422.9
2445.2
2467.45
2489.7
2512
2534.25
2556.5
2578.8
2601.05
2623.3
2645.6
2667.85
2690.1
2712.4
2734.65
2756.9
2779.2
2801.45
2823.7
2846
2868.25
2890.5
2912.8
2935.05
2957.3
2979.6
3001.85
3024.1
3046.4
3068.65
3090.9
3113.2
3135.45
3157.7
3180
3202.25
3224.5
3246.8
3269.05
3291.3
3313.6
3335.85
3358.1
3380.4
3402.65
3424.9
3447.2
3469.45
3491.7
3514
3536.25
3558.5
3580.8
3603.05
3625.3
3647.6
3669.85
-1000
0.05
27.05
59.65
89.4
117.95
150.6
179.5
209.95
242
269.9
301.6
332.7
360.45
392.85
423
451.15
483.85
513.05
542.55
574.95
603.25
634.4
665.95
693.7
725.8
756.4
784.3
816.85
846.55
875.2
907.85
936.65
967.4
999.35
1027.15
1058.95
1089.95
1117.7
1150.15
1180.15
1208.45
1241.15
1270.3
1300.1
1332.45
1360.55
1391.85
1423.3
1450.95
1483.15
1513.6
1541.6
1574.25
1603.8
1632.7
1665.3
1693.9
1724.85
1756.65
1784.4
1816.3
1847.15
1874.95
1907.45
1937.4
1965.85
1998.5
2027.5
2057.75
2089.9
2117.85
2149.35
2180.6
2208.35
2240.65
2270.95
2299.1
2331.75
2361.1
2390.35
2422.85
2451.2
2482.2
2513.9
2541.65
2573.65
2604.4
2632.3
2664.85
2694.6
2723.15
2755.8
2784.7
2815.15
2847.2
2875.1
2906.8
2937.9
2965.65
2998.05
3028.2
3056.4
3089.05
3118.3
3147.75
3180.2
3208.45
3239.6
3271.2
3298.9
3331
3361.6
3389.5
3422.1
3451.75
3480.4
3513.05
3541.85
3572.65
3604.55
3632.35
3664.2
3695.15
3722.9
3755.35
3785.35
3813.65
3846.35
3875.5
3905.35
3937.65
3965.75
3997.05
4028.5
4056.2
4088.35
4118.85
4146.85
4179.45
4209
4237.95
4270.5
4299.15
4330.05
4361.85
4389.6
4421.5
4452.35
4480.2
4512.7
4542.6
4571.05
4603.7
4632.7
4662.95
4695.1
4723.05
4754.55
4785.8
4813.55
4845.85
4876.15
4904.3
4936.95
4966.3
4995.55
