0.05
20.2
44.8
69.35
93.95
118.55
143.15
167.7
192.3
216.9
241.5
266.05
290.65
315.25
339.85
364.4
389
413.6
438.2
462.75
487.35
511.95
536.55
561.1
585.7
610.3
634.9
659.45
684.05
708.65
733.25
757.85
782.4
807
831.6
856.2
880.75
905.35
929.95
954.55
979.1
1003.7
1028.3
1052.9
1077.45
1102.05
1126.65
1151.25
1175.8
1200.4
1225
1249.6
1274.15
1298.75
1323.35
1347.95
1372.55
1397.1
1421.7
1446.3
1470.9
1495.45
1520.05
1544.65
1569.25
1593.8
1618.4
1643
1667.6
1692.15
1716.75
1741.35
1765.95
1790.5
1815.1
1839.7
1864.3
1888.85
1913.45
1938.05
1962.65
1987.2
2011.8
2036.4
2061
2085.6
2110.15
2134.75
2159.35
2183.95
2208.5
2233.1
2257.7
2282.3
2306.85
2331.45
2356.05
2380.65
2405.2
2429.8
2454.4
2479
2503.55
2528.15
2552.75
2577.35
2601.9
2626.5
2651.1
2675.7
2700.3
2724.85
2749.45
2774.05
2798.65
2823.2
2847.8
2872.4
2897
2921.55
2946.15
2970.75
2995.35
3019.9
3044.5
3069.1
3093.7
3118.25
3142.85
3167.45
3192.05
3216.6
3241.2
3265.8
3290.4
3314.95
3339.55
3364.15
3388.75
3413.35
3437.9
3462.5
3487.1
3511.7
3536.25
3560.85
3585.45
3610.05
3634.6
3659.2
3683.8
3708.4
3732.95
3757.55
3782.15
3806.75
3831.3
3855.9
3880.5
3905.1
3929.65
3954.25
3978.85
4003.45
4028.05
4052.6
4077.2
4101.8
4126.4
4150.95
-1000
0.05
29.85
63
92.6
119.8
146.8
177.35
210.45
240.1
267.3
294.25
324.7
357.9
387.55
414.8
441.7
472.1
505.25
535
562.3
589.2
619.55
652.7
682.5
709.8
736.6
766.85
800.05
829.95
857.3
884.05
914
947.25
977.3
1004.7
1031.4
1061.2
1094.4
1124.65
1152.15
1178.75
1208.25
1241.5
1271.95
1299.55
1326.1
1355.2
1388.45
1419.15
1446.9
1473.45
1502.2
1535.3
1566.35
1594.25
1620.8
1649.25
1682.25
1713.5
1741.6
1768.2
1796.45
1829.25
1860.8
1889
1915.6
1943.7
1976.3
2008.05
2036.4
2063.05
2091.1
2123.6
2155.45
2183.85
2210.5
2238.45
2270.8
2302.8
2331.3
2358
2386
2418.4
2450.35
2478.8
2505.55
2533.5
2565.85
2597.85
2626.3
2653.05
2680.95
2713.3
2745.3
2773.85
2800.55
2828.45
2860.75
2892.8
2921.3
2948.05
2976
3008.4
3040.35
3068.9
3095.6
3123.5
3155.8
3187.85
3216.4
3243.15
3271.05
3303.35
3335.35
3363.9
3390.65
3418.65
3451
3483
3511.5
3538.2
3566.1
3598.4
3630.5
3659
3685.75
3713.75
3746.1
3778.05
3806.55
3833.3
3861.25
3893.6
3925.6
3954.05
3980.8
4008.7
4041.05
4073.05
4101.6
4128.3
4156.2
4188.5
4220.55
4249.05
4275.8
4303.75
4336.15
4368.1
4396.65
4423.35
4451.25
4483.55
4515.6
4544.15
4570.9
4598.8
4631.1
4663.1
4691.65
4718.4
4746.4
4778.75
4810.75
4839.25
4865.95
4893.85
4926.15
4958.25
4986.75
