0.05
57.1
121.05
185.05
249.05
313.05
377
441
505
569
632.95
696.95
760.95
824.95
888.95
952.9
1016.9
1080.9
1144.9
1208.85
1272.85
1336.85
1400.85
1464.8
1528.8
1592.8
1656.8
1720.75
1784.75
1848.75
1912.75
1976.7
2040.7
2104.7
2168.7
2232.65
2296.65
2360.65
2424.65
2488.6
2552.6
2616.6
2680.6
2744.55
2808.55
2872.55
2936.55
3000.5
3064.5
3128.5
3192.5
3256.45
3320.45
3384.45
3448.45
3512.4
3576.4
3640.4
3704.4
3768.4
3832.35
3896.35
3960.35
4024.35
4088.3
4152.3
4216.3
4280.3
4344.25
4408.25
4472.25
4536.25
4600.2
4664.2
4728.2
4792.2
4856.15
4920.15
4984.15
-1000
0.05
26
57.05
92.3
122.45
156.95
187.2
221.35
251.6
285.55
315.8
349.65
379.9
413.65
443.95
477.65
507.95
541.7
571.95
605.7
635.95
669.65
699.95
733.65
763.95
797.65
827.9
861.65
891.9
925.6
955.9
989.6
1019.9
1053.6
1083.9
1117.6
1147.85
1181.6
1211.85
1245.55
1275.85
1309.55
1339.85
1373.55
1403.8
1437.55
1467.8
1501.5
1531.8
1565.5
1595.8
1629.5
1659.8
1693.5
1723.75
1757.45
1787.75
1821.45
1851.75
1885.45
1915.75
1949.45
1979.7
2013.4
2043.7
2077.4
2107.7
2141.4
2171.7
2205.4
2235.65
2269.35
2299.65
2333.35
2363.65
2397.35
2427.65
2461.35
2491.6
