0.05
27.2
59.5
91.85
124.15
156.45
188.8
221.1
253.45
285.75
318.05
350.4
382.7
415.05
447.35
479.65
512
544.3
576.65
608.95
641.25
673.6
705.9
738.25
770.55
802.85
835.2
867.5
899.85
932.15
964.45
996.8
1029.1
1061.45
1093.75
1126.05
1158.4
1190.7
1223.05
1255.35
1287.7
1320
1352.3
1384.65
1416.95
1449.3
1481.6
1513.9
1546.25
1578.55
1610.9
1643.2
1675.5
1707.85
1740.15
1772.5
1804.8
1837.1
1869.45
1901.75
1934.1
1966.4
1998.7
2031.05
2063.35
2095.7
2128
2160.3
2192.65
2224.95
2257.3
2289.6
2321.9
2354.25
2386.55
2418.9
2451.2
2483.5
2515.85
2548.15
2580.5
2612.8
2645.1
2677.45
2709.75
2742.1
2774.4
2806.7
2839.05
2871.35
2903.7
2936
2968.3
3000.65
3032.95
3065.3
3097.6
3129.9
3162.25
3194.55
3226.9
3259.2
3291.5
3323.85
3356.15
3388.5
3420.8
3453.1
3485.45
3517.75
3550.1
3582.4
3614.7
3647.05
3679.35
3711.7
3744
3776.3
3808.65
3840.95
3873.3
3905.6
3937.9
3970.25
4002.55
4034.9
4067.2
4099.55
4131.85
4164.15
4196.5
4228.8
4261.15
4293.45
4325.75
4358.1
4390.4
4422.75
4455.05
4487.35
4519.7
4552
4584.35
4616.65
4648.95
4681.3
4713.6
4745.95
4778.25
4810.55
4842.9
4875.2
4907.55
4939.85
4972.15
-1000
0.05
26
61.75
95.35
128.4
161.05
193.55
225.95
258.35
290.7
323
355.3
387.65
419.95
452.3
484.6
516.95
549.25
581.55
613.9
646.2
678.55
710.85
743.15
775.5
807.8
840.15
872.45
904.75
937.1
969.4
1001.75
1034.05
1066.35
1098.7
1131
1163.35
1195.65
1227.95
1260.3
1292.6
1324.95
1357.25
1389.55
1421.9
1454.2
1486.55
1518.85
1551.2
1583.5
1615.8
1648.15
1680.45
1712.8
1745.1
1777.4
1809.75
1842.05
1874.4
1906.7
1939
1971.35
2003.65
2036
2068.3
2100.6
2132.95
2165.25
2197.6
2229.9
2262.2
2294.55
2326.85
2359.2
2391.5
2423.8
2456.15
2488.45
2520.8
2553.1
2585.4
2617.75
2650.05
2682.4
2714.7
2747
2779.35
2811.65
2844
2876.3
2908.6
2940.95
2973.25
3005.6
3037.9
3070.2
3102.55
3134.85
3167.2
3199.5
3231.8
3264.15
3296.45
3328.8
3361.1
3393.4
3425.75
3458.05
3490.4
3522.7
3555
3587.35
3619.65
3652
3684.3
3716.6
3748.95
3781.25
3813.6
3845.9
3878.2
3910.55
3942.85
3975.2
4007.5
4039.8
4072.15
4104.45
4136.8
4169.1
4201.4
4233.75
4266.05
4298.4
4330.7
4363.05
4395.35
4427.65
4460
4492.3
4524.65
4556.95
4589.25
4621.6
4653.9
4686.25
4718.55
4750.85
4783.2
4815.5
4847.85
4880.15
4912.45
4944.8
4977.1
