0.05
32.95
71.5
110.05
148.6
187.15
225.7
264.25
302.8
341.35
379.9
418.45
457
495.55
534.1
572.65
611.2
649.75
688.3
726.9
765.45
804
842.55
881.1
919.65
958.2
996.75
1035.3
1073.85
1112.4
1150.95
1189.5
1228.05
1266.6
1305.15
1343.7
1382.25
1420.8
1459.35
1497.9
1536.45
1575
1613.55
1652.15
1690.7
1729.25
1767.8
1806.35
1844.9
1883.45
1922
1960.55
1999.1
2037.65
2076.2
2114.75
2153.3
2191.85
2230.4
2268.95
2307.5
2346.05
2384.6
2423.15
2461.7
2500.25
2538.8
2577.35
2615.95
2654.5
2693.05
2731.6
2770.15
2808.7
2847.25
2885.8
2924.35
2962.9
3001.45
3040
3078.55
3117.1
3155.65
3194.2
3232.75
3271.3
3309.85
3348.4
3386.95
3425.5
3464.05
3502.6
3541.2
3579.75
3618.3
3656.85
3695.4
3733.95
3772.5
3811.05
3849.6
3888.15
3926.7
3965.25
4003.8
4042.35
4080.9
4119.45
4158
4196.55
4235.1
4273.65
4312.2
4350.75
4389.3
4427.85
4466.45
4505
4543.55
4582.1
4620.65
4659.2
4697.75
4736.3
4774.85
4813.4
4851.95
4890.5
4929.05
4967.6
-1000
0.05
26
61.25
89.7
116.4
149.2
184.55
220.3
254.05
282.6
309.2
342
377.35
413.1
446.9
475.45
502
534.75
570.1
605.85
639.7
668.25
694.85
727.55
762.95
798.75
832.75
861.4
887.95
920.5
955.8
991.55
1025.55
1054.2
1080.75
1113.25
1148.55
1184.3
1218.35
1247
1273.6
1306.05
1341.3
1377.1
1411.2
1439.85
1466.45
1498.85
1534.1
1569.85
1604
1632.7
1659.3
1691.65
1726.95
1762.75
1796.95
1825.65
1852.35
1884.6
1919.75
1955.55
1989.85
2018.6
2045.4
2077.45
2112.6
2148.4
2182.8
2211.6
2238.5
2270.35
2305.45
2341.25
2375.75
2404.6
2431.4
2463.2
2498.25
2534.05
2568.6
2597.5
2624.2
2656
2691.1
2726.9
2761.5
2790.4
2817.15
2848.85
2883.85
2919.65
2954.3
2983.2
3009.95
3041.6
3076.65
3112.4
3147.05
3176
3202.75
3234.35
3269.4
3305.2
3339.85
3368.75
3395.5
3427.15
3462.15
3497.95
3532.6
3561.55
3588.25
3619.9
3654.95
3690.7
3725.35
3754.3
3781.05
3812.7
3847.7
3883.5
3918.15
3947.05
3973.8
4005.45
4040.45
4076.25
4110.9
4139.85
