0.05
22.7
50.05
77.4
104.8
132.15
159.5
186.85
214.25
241.6
268.95
296.35
323.7
351.05
378.45
405.8
433.15
460.5
487.9
515.25
542.6
570
597.35
624.7
652.1
679.45
706.8
734.15
761.55
788.9
816.25
843.65
871
898.35
925.75
953.1
980.45
1007.8
1035.2
1062.55
1089.9
1117.3
1144.65
1172
1199.35
1226.75
1254.1
1281.45
1308.85
1336.2
1363.55
1390.95
1418.3
1445.65
1473
1500.4
1527.75
1555.1
1582.5
1609.85
1637.2
1664.6
1691.95
1719.3
1746.65
1774.05
1801.4
1828.75
1856.15
1883.5
1910.85
1938.25
1965.6
1992.95
2020.3
2047.7
2075.05
2102.4
2129.8
2157.15
2184.5
2211.9
2239.25
2266.6
2293.95
2321.35
2348.7
2376.05
2403.45
2430.8
2458.15
2485.5
2512.9
2540.25
2567.6
2595
2622.35
2649.7
2677.1
2704.45
2731.8
2759.15
2786.55
2813.9
2841.25
2868.65
2896
2923.35
2950.75
2978.1
3005.45
3032.8
3060.2
3087.55
3114.9
3142.3
3169.65
3197
3224.4
3251.75
3279.1
3306.45
3333.85
3361.2
3388.55
3415.95
3443.3
3470.65
3498.05
3525.4
3552.75
3580.1
3607.5
3634.85
3662.2
3689.6
3716.95
3744.3
3771.65
3799.05
3826.4
3853.75
3881.15
3908.5
3935.85
3963.25
3990.6
4017.95
4045.3
4072.7
4100.05
4127.4
4154.8
4182.15
4209.5
4236.9
4264.25
4291.6
4318.95
4346.35
4373.7
4401.05
4428.45
4455.8
4483.15
4510.55
4537.9
4565.25
4592.6
4620
4647.35
4674.7
4702.1
4729.45
4756.8
4784.15
4811.55
4838.9
4866.25
4893.65
4921
4948.35
4975.75
-1000
0.05
26
60.6
90.9
119.65
147.75
175.5
203.05
230.5
257.95
285.35
312.7
340.1
367.5
394.85
422.2
449.55
476.95
504.3
531.65
559.05
586.4
613.75
641.15
668.5
695.85
723.2
750.6
777.95
805.3
832.7
860.05
887.4
914.75
942.15
969.45
996.85
1024.25
1051.6
1078.95
1106.35
1133.7
1161.05
1188.4
1215.8
1243.15
1270.5
1297.9
1325.25
1352.6
1380
1407.35
1434.7
1462.05
1489.45
1516.8
1544.15
1571.55
1598.9
1626.25
1653.65
1681
1708.35
1735.7
1763.1
1790.45
1817.8
1845.2
1872.55
1899.9
1927.3
1954.65
1982
2009.35
2036.75
2064.1
2091.45
2118.85
2146.2
2173.55
2200.9
2228.3
2255.65
2283
2310.4
2337.75
2365.1
2392.5
2419.85
2447.2
2474.55
2501.95
2529.3
2556.65
2584.05
2611.4
2638.75
2666.15
2693.5
2720.85
2748.2
2775.6
2802.95
2830.3
2857.7
2885.05
2912.4
2939.8
2967.15
2994.5
3021.85
3049.25
3076.6
3103.95
3131.35
3158.7
3186.05
3213.4
3240.8
3268.1
3295.5
3322.9
3350.25
3377.6
3405
3432.35
3459.7
3487.05
3514.45
3541.8
3569.15
3596.55
3623.9
3651.25
3678.65
3706
3733.35
3760.7
3788.1
3815.45
3842.8
3870.2
3897.55
3924.9
3952.3
3979.65
4007
4034.35
4061.75
4089.1
4116.45
4143.85
4171.2
4198.55
4225.95
4253.3
4280.65
4308
4335.4
4362.75
4390.1
4417.5
4444.85
4472.2
4499.55
4526.95
4554.25
4581.65
4609.05
4636.4
4663.75
4691.15
4718.5
4745.85
4773.2
4800.6
4827.95
4855.3
4882.7
4910.05
4937.4
4964.8
4992.15
