0.05
31.55
68.65
105.75
142.8
179.9
216.95
254.05
291.15
328.2
365.3
402.35
439.45
476.55
513.6
550.7
587.75
624.85
661.95
699
736.1
773.15
810.25
847.35
884.4
921.5
958.55
995.65
1032.75
1069.8
1106.9
1143.95
1181.05
1218.15
1255.2
1292.3
1329.35
1366.45
1403.55
1440.6
1477.7
1514.75
1551.85
1588.95
1626
1663.1
1700.15
1737.25
1774.35
1811.4
1848.5
1885.55
1922.65
1959.75
1996.8
2033.9
2070.95
2108.05
2145.15
2182.2
2219.3
2256.35
2293.45
2330.55
2367.6
2404.7
2441.75
2478.85
2515.95
2553
2590.1
2627.15
2664.25
2701.35
2738.4
2775.5
2812.55
2849.65
2886.75
2923.8
2960.9
2997.95
3035.05
3072.15
3109.2
3146.3
3183.35
3220.45
3257.55
3294.6
3331.7
3368.75
3405.85
3442.95
3480
3517.1
3554.15
3591.25
3628.35
3665.4
3702.5
3739.55
3776.65
3813.7
3850.8
3887.9
3924.95
3962.05
3999.1
4036.2
4073.3
4110.35
4147.45
4184.5
4221.6
4258.7
4295.75
4332.85
4369.9
4407
4444.1
4481.15
4518.25
4555.3
4592.4
4629.5
4666.55
4703.65
4740.7
4777.8
4814.9
4851.95
4889.05
4926.1
4963.2
-1000
0.05
26
58.95
93.6
129.1
164.7
200
233.85
262.55
289.3
320.05
354.05
389.3
424.85
460.4
495.1
526.15
553.55
581.75
614.7
649.55
685.05
720.7
755.9
789.3
817.75
844.55
875.8
910
945.3
980.9
1016.4
1050.95
1081.2
1108.35
1137.3
1170.6
1205.55
1241.1
1276.7
1311.8
1344.7
1372.95
1399.5
1431.45
1465.9
1501.3
1536.9
1572.3
1606.55
1635.8
1662.7
1692.65
1726.35
1761.45
1797.05
1832.6
1867.55
1899.55
1927.35
1954.65
1987.15
2021.8
2057.25
2092.85
2128.2
2162.05
2190.75
2217.5
2248.2
2282.2
2317.45
2353.1
2388.65
2423.45
2454.8
2482.4
2510.25
2543.05
2577.85
2613.3
2648.95
2684.2
2717.9
2746.45
2773.2
2804.2
2838.3
2873.55
2909.25
2944.75
2979.45
3010.5
3037.9
3066.1
3099.1
3133.95
3169.45
3205.05
3240.25
3273.8
3302.25
3329.15
3360.25
3394.45
3429.7
3465.4
3500.9
3535.55
3566.35
3593.7
3622.1
3655.15
3690.05
3725.55
3761.15
3796.35
3829.65
3858
3884.65
3916.15
3950.45
3985.8
4021.4
4056.85
4091.3
4121.2
4148.2
4177.55
4211
4246
4281.55
4317.15
4352.2
4384.8
