0.05
24.2
53.3
82.35
111.4
140.45
169.55
198.6
227.65
256.7
285.8
314.85
343.9
373
402.05
431.1
460.15
489.25
518.3
547.35
576.4
605.5
634.55
663.6
692.65
721.75
750.8
779.85
808.9
838
867.05
896.1
925.15
954.25
983.3
1012.35
1041.4
1070.5
1099.55
1128.6
1157.65
1186.75
1215.8
1244.85
1273.9
1303
1332.05
1361.1
1390.15
1419.25
1448.3
1477.35
1506.45
1535.5
1564.55
1593.6
1622.7
1651.75
1680.8
1709.85
1738.95
1768
1797.05
1826.1
1855.2
1884.25
1913.3
1942.35
1971.45
2000.5
2029.55
2058.6
2087.7
2116.75
2145.8
2174.85
2203.95
2233
2262.05
2291.1
2320.2
2349.25
2378.3
2407.35
2436.45
2465.5
2494.55
2523.65
2552.7
2581.75
2610.8
2639.9
2668.95
2698
2727.05
2756.15
2785.2
2814.25
2843.3
2872.4
2901.45
2930.5
2959.55
2988.65
3017.7
3046.75
3075.8
3104.9
3133.95
3163
3192.05
3221.15
3250.2
3279.25
3308.3
3337.4
3366.45
3395.5
3424.55
3453.65
3482.7
3511.75
3540.85
3569.9
3598.95
3628
3657.1
3686.15
3715.2
3744.25
3773.35
3802.4
3831.45
3860.5
3889.6
3918.65
3947.7
3976.75
4005.85
4034.9
4063.95
4093
4122.1
4151.15
4180.2
4209.25
4238.35
4267.4
4296.45
4325.5
4354.6
4383.65
4412.7
4441.75
4470.85
4499.9
4528.95
4558
4587.1
4616.15
4645.2
4674.3
4703.35
4732.4
4761.45
4790.55
4819.6
4848.65
4877.7
4906.8
4935.85
4964.9
-1000
0.05
26
59.3
89.9
119.75
149.15
178.4
207.55
236.65
265.75
294.8
323.85
352.95
382
411.05
440.15
469.2
498.25
527.3
556.4
585.45
614.5
643.55
672.65
701.7
730.75
759.8
788.9
817.95
847
876.05
905.15
934.2
963.25
992.35
1021.4
1050.45
1079.5
1108.6
1137.65
1166.7
1195.75
1224.85
1253.9
1282.95
1312
1341.1
1370.15
1399.2
1428.25
1457.35
1486.4
1515.45
1544.5
1573.6
1602.65
1631.7
1660.75
1689.85
1718.9
1747.95
1777
1806.1
1835.15
1864.2
1893.25
1922.35
1951.4
1980.45
2009.55
2038.6
2067.65
2096.7
2125.8
2154.85
2183.9
2212.95
2242.05
2271.1
2300.15
2329.2
2358.3
2387.35
2416.4
2445.45
2474.55
2503.6
2532.65
2561.7
2590.8
2619.85
2648.9
2677.95
2707.05
2736.1
2765.15
2794.2
2823.3
2852.35
2881.4
2910.45
2939.55
2968.6
2997.65
3026.75
3055.8
3084.85
3113.9
3143
3172.05
3201.1
3230.15
3259.25
3288.3
3317.35
3346.4
3375.5
3404.55
3433.6
3462.65
3491.75
3520.8
3549.85
3578.9
3608
3637.05
3666.1
3695.15
3724.25
3753.3
3782.35
3811.4
3840.5
3869.55
3898.6
3927.65
3956.75
3985.8
4014.85
4043.9
4073
4102.05
4131.1
4160.2
4189.25
4218.3
4247.35
4276.45
4305.5
4334.55
4363.6
4392.7
4421.75
4450.8
4479.85
4508.95
4538
4567.05
4596.1
4625.2
4654.25
4683.3
4712.35
4741.45
4770.5
4799.55
4828.6
4857.7
4886.75
4915.8
4944.85
4973.95
