0.05
27.5
60.15
92.8
125.5
158.15
190.8
223.45
256.15
288.8
321.45
354.1
386.75
419.45
452.1
484.75
517.4
550.1
582.75
615.4
648.05
680.7
713.4
746.05
778.7
811.35
844.05
876.7
909.35
942
974.65
1007.35
1040
1072.65
1105.3
1137.95
1170.65
1203.3
1235.95
1268.6
1301.3
1333.95
1366.6
1399.25
1431.9
1464.6
1497.25
1529.9
1562.55
1595.25
1627.9
1660.55
1693.2
1725.85
1758.55
1791.2
1823.85
1856.5
1889.15
1921.85
1954.5
1987.15
2019.8
2052.5
2085.15
2117.8
2150.45
2183.1
2215.8
2248.45
2281.1
2313.75
2346.45
2379.1
2411.75
2444.4
2477.05
2509.75
2542.4
2575.05
2607.7
2640.4
2673.05
2705.7
2738.35
2771
2803.7
2836.35
2869
2901.65
2934.3
2967
2999.65
3032.3
3064.95
3097.65
3130.3
3162.95
3195.6
3228.25
3260.95
3293.6
3326.25
3358.9
3391.6
3424.25
3456.9
3489.55
3522.2
3554.9
3587.55
3620.2
3652.85
3685.5
3718.2
3750.85
3783.5
3816.15
3848.85
3881.5
3914.15
3946.8
3979.45
4012.15
4044.8
4077.45
4110.1
4142.8
4175.45
4208.1
4240.75
4273.4
4306.1
4338.75
4371.4
4404.05
4436.75
4469.4
4502.05
4534.7
4567.35
4600.05
4632.7
4665.35
4698
4730.65
4763.35
4796
4828.65
4861.3
4894
4926.65
4959.3
4991.95
-1000
0.05
26
60
92.85
125.65
158.4
191.05
223.75
256.4
289.1
321.75
354.4
387.05
419.7
452.4
485.05
517.7
550.35
583.05
615.7
648.35
681
713.65
746.35
779
811.65
844.3
876.95
909.65
942.3
974.95
1007.6
1040.3
1072.95
1105.6
1138.25
1170.9
1203.6
1236.25
1268.9
1301.55
1334.25
1366.9
1399.55
1432.2
1464.85
1497.55
1530.2
1562.85
1595.5
1628.2
1660.85
1693.5
1726.15
1758.8
1791.5
1824.15
1856.8
1889.45
1922.1
1954.8
1987.45
2020.1
2052.75
2085.45
2118.1
2150.75
2183.4
2216.05
2248.75
2281.4
2314.05
2346.7
2379.4
2412.05
2444.7
2477.35
2510
2542.7
2575.35
2608
2640.65
2673.3
2706
2738.65
2771.3
2803.95
2836.65
2869.3
2901.95
2934.6
2967.25
2999.95
3032.6
3065.25
3097.9
3130.6
3163.25
3195.9
3228.55
3261.2
3293.9
3326.55
3359.2
3391.85
3424.55
3457.2
3489.85
3522.5
3555.15
3587.85
3620.5
3653.15
3685.8
3718.45
3751.15
3783.8
3816.45
3849.1
3881.8
3914.45
3947.1
3979.75
4012.4
4045.1
4077.75
4110.4
4143.05
4175.75
4208.4
4241.05
4273.7
4306.35
4339.05
4371.7
4404.35
4437
4469.65
4502.35
4535
4567.65
4600.3
4633
4665.65
4698.3
4730.95
4763.6
4796.3
4828.95
4861.6
4894.25
4926.95
4959.6
4992.25
