0.05
18.75
41.75
64.7
87.7
110.65
133.65
156.65
179.6
202.6
225.55
248.55
271.55
294.5
317.5
340.45
363.45
386.45
409.4
432.4
455.35
478.35
501.35
524.3
547.3
570.25
593.25
616.25
639.2
662.2
685.15
708.15
731.15
754.1
777.1
800.05
823.05
846.05
869
892
915
937.95
960.95
983.9
1006.9
1029.9
1052.85
1075.85
1098.8
1121.8
1144.8
1167.75
1190.75
1213.7
1236.7
1259.7
1282.65
1305.65
1328.6
1351.6
1374.6
1397.55
1420.55
1443.5
1466.5
1489.5
1512.45
1535.45
1558.4
1581.4
1604.4
1627.35
1650.35
1673.3
1696.3
1719.3
1742.25
1765.25
1788.2
1811.2
1834.2
1857.15
1880.15
1903.1
1926.1
1949.1
1972.05
1995.05
2018
2041
2064
2086.95
2109.95
2132.9
2155.9
2178.9
2201.85
2224.85
2247.8
2270.8
2293.8
2316.75
2339.75
2362.7
2385.7
2408.7
2431.65
2454.65
2477.6
2500.6
2523.6
2546.55
2569.55
2592.5
2615.5
2638.5
2661.45
2684.45
2707.4
2730.4
2753.4
2776.35
2799.35
2822.3
2845.3
2868.3
2891.25
2914.25
2937.2
2960.2
2983.2
3006.15
3029.15
3052.1
3075.1
3098.1
3121.05
3144.05
3167
3190
3213
3235.95
3258.95
3281.9
3304.9
3327.9
3350.85
3373.85
3396.8
3419.8
3442.8
3465.75
3488.75
3511.7
3534.7
3557.7
3580.65
3603.65
3626.6
3649.6
3672.6
3695.55
3718.55
3741.5
3764.5
3787.5
3810.45
-1000
0.05
29.1
61.85
90.65
118.85
151.65
181.45
208.7
240.9
271.9
299.25
330.35
362.35
390.3
420.4
453
481.55
510.3
543.15
572.55
600
632.45
663.05
690.35
721.85
753.55
781.25
811.65
844.1
872.45
901.95
934.7
963.7
991.6
1024.35
1054.4
1081.6
1113.55
1144.85
1172.3
1203.1
1235.3
1263.4
1293.4
1326.05
1354.7
1383.3
1416.1
1445.65
1473.05
1505.5
1536.2
1563.5
1594.9
1626.7
1654.45
1684.8
1717.25
1745.65
1774.95
1807.7
1836.8
1864.5
1897.15
1927.4
1954.65
1986.4
2017.85
2045.4
2076.2
2108.4
2136.6
2166.6
2199.3
2227.95
2256.5
2289.35
2318.9
2346.25
2378.6
2409.4
2436.65
2467.95
2499.8
2527.6
2557.8
2590.3
2618.8
2647.9
2680.7
2709.95
2737.5
2770.2
2800.55
2827.8
2859.55
2891.05
2918.6
2949.25
2981.55
3009.75
3039.6
3072.3
3101.05
3129.3
3162.1
3191.85
3219.2
3251.35
3282.35
3309.7
3340.95
3372.9
3400.8
3430.95
3463.55
3492.05
3521.05
3553.9
3583.15
3610.7
3643.25
3673.7
3700.9
3732.5
3764.1
3791.75
3822.2
3854.6
3882.9
3912.6
3945.3
3974.2
4002.25
4035.1
4065
4092.25
4124.4
4155.5
4182.85
4213.95
4245.95
4273.95
4304.1
4336.65
4365.2
4394.05
4426.9
4456.25
4483.7
4516.15
4546.75
4574
4605.5
4637.2
4664.9
4695.3
4727.75
4756.1
4785.65
4818.4
4847.35
4875.25
4908.1
4938.1
4965.35
4997.35
