0.05
24.95
54.85
84.7
114.55
144.45
174.3
204.2
234.05
263.95
293.8
323.65
353.55
383.4
413.3
443.15
473.05
502.9
532.75
562.65
592.5
622.4
652.25
682.15
712
741.85
771.75
801.6
831.5
861.35
891.25
921.1
950.95
980.85
1010.7
1040.6
1070.45
1100.35
1130.2
1160.05
1189.95
1219.8
1249.7
1279.55
1309.4
1339.3
1369.15
1399.05
1428.9
1458.8
1488.65
1518.5
1548.4
1578.25
1608.15
1638
1667.9
1697.75
1727.6
1757.5
1787.35
1817.25
1847.1
1877
1906.85
1936.7
1966.6
1996.45
2026.35
2056.2
2086.1
2115.95
2145.8
2175.7
2205.55
2235.45
2265.3
2295.2
2325.05
2354.9
2384.8
2414.65
2444.55
2474.4
2504.3
2534.15
2564
2593.9
2623.75
2653.65
2683.5
2713.4
2743.25
2773.1
2803
2832.85
2862.75
2892.6
2922.5
2952.35
2982.2
3012.1
3041.95
3071.85
3101.7
3131.6
3161.45
3191.3
3221.2
3251.05
3280.95
3310.8
3340.7
3370.55
3400.4
3430.3
3460.15
3490.05
3519.9
3549.8
3579.65
3609.5
3639.4
3669.25
3699.15
3729
3758.9
3788.75
3818.6
3848.5
3878.35
3908.25
3938.1
3968
3997.85
4027.7
4057.6
4087.45
4117.35
4147.2
4177.1
4206.95
4236.8
4266.7
4296.55
4326.45
4356.3
4386.2
4416.05
4445.9
4475.8
4505.65
4535.55
4565.4
4595.3
4625.15
4655
4684.9
4714.75
4744.65
4774.5
4804.4
4834.25
4864.1
4894
4923.85
4953.75
4983.6
-1000
0.05
26
57.5
87.8
117.9
147.85
177.75
207.65
237.55
267.45
297.3
327.15
357.05
386.9
416.8
446.65
476.55
506.4
536.25
566.15
596
625.9
655.75
685.65
715.5
745.35
775.25
805.1
835
864.85
894.75
924.6
954.45
984.35
1014.2
1044.1
1073.95
1103.85
1133.7
1163.55
1193.45
1223.3
1253.2
1283.05
1312.95
1342.8
1372.65
1402.55
1432.4
1462.3
1492.15
1522.05
1551.9
1581.75
1611.65
1641.5
1671.4
1701.25
1731.15
1761
1790.85
1820.75
1850.6
1880.5
1910.35
1940.25
1970.1
1999.95
2029.85
2059.7
2089.6
2119.45
2149.3
2179.2
2209.05
2238.95
2268.8
2298.7
2328.55
2358.4
2388.3
2418.15
2448.05
2477.9
2507.8
2537.65
2567.5
2597.4
2627.25
2657.15
2687
2716.9
2746.75
2776.6
2806.5
2836.35
2866.25
2896.1
2926
2955.85
2985.7
3015.6
3045.45
3075.35
3105.2
3135.1
3164.95
3194.8
3224.7
3254.55
3284.45
3314.3
3344.2
3374.05
3403.9
3433.8
3463.65
3493.55
3523.4
3553.3
3583.15
3613
3642.9
3672.75
3702.65
3732.5
3762.4
3792.25
3822.1
3852
3881.85
3911.75
3941.6
3971.5
4001.35
4031.2
4061.1
4090.95
4120.85
4150.7
4180.6
4210.45
4240.3
4270.2
4300.05
4329.95
4359.8
4389.7
4419.55
4449.4
4479.3
4509.15
4539.05
4568.9
4598.8
4628.65
4658.5
4688.4
4718.25
4748.15
4778
4807.9
4837.75
4867.6
4897.5
4927.35
4957.25
4987.1
