0.05
60.8
128.6
196.4
264.2
332.05
399.85
467.65
535.45
603.3
671.1
738.9
806.7
874.55
942.35
1010.15
1077.95
1145.8
1213.6
1281.4
1349.2
1417.05
1484.85
1552.65
1620.5
1688.3
1756.1
1823.9
1891.75
1959.55
2027.35
2095.15
2163
2230.8
2298.6
2366.4
2434.25
2502.05
2569.85
2637.65
2705.5
2773.3
2841.1
2908.9
2976.75
3044.55
3112.35
3180.15
3248
3315.8
3383.6
3451.4
3519.25
3587.05
3654.85
3722.7
3790.5
3858.3
3926.1
3993.95
4061.75
4129.55
4197.35
4265.2
4333
4400.8
4468.6
4536.45
4604.25
4672.05
4739.85
4807.7
4875.5
4943.3
-1000
0.05
26
57.05
90.1
120.4
155.7
185.85
222.1
252.05
288.7
318.45
355.25
384.85
421.35
450.6
485.6
514
544.95
571.75
602.5
633.9
664.3
698.95
729.15
765.1
795.1
831.65
861.5
898.3
927.95
964.65
994.05
1029.95
1058.85
1090.75
1117.8
1148.6
1178
1208.5
1242.25
1272.55
1308.15
1338.2
1374.6
1404.5
1441.25
1470.95
1507.75
1537.25
1573.6
1602.75
1636.75
1664.65
1695.55
1722.6
1753.3
1785.8
1816.15
1851.25
1881.4
1917.55
1947.55
1984.15
2013.95
2050.75
2080.35
2116.95
2146.3
2181.65
2210.25
2241.2
2267.95
2298.75
2329.6
