0.05
47.45
101.35
155.3
209.25
263.15
317.1
371.05
424.95
478.9
532.85
586.75
640.7
694.65
748.55
802.5
856.45
910.35
964.3
1018.25
1072.15
1126.1
1180.05
1233.95
1287.9
1341.85
1395.75
1449.7
1503.65
1557.55
1611.5
1665.45
1719.35
1773.3
1827.25
1881.15
1935.1
1989.05
2042.95
2096.9
2150.85
2204.75
2258.7
2312.6
2366.55
2420.5
2474.4
2528.35
2582.3
2636.2
2690.15
2744.1
2798
2851.95
2905.9
2959.8
3013.75
3067.7
3121.6
3175.55
3229.5
3283.4
3337.35
3391.3
3445.2
3499.15
3553.1
3607
3660.95
3714.9
3768.8
3822.75
3876.7
3930.6
3984.55
4038.5
4092.4
4146.35
4200.3
4254.2
4308.15
4362.1
4416
4469.95
4523.9
4577.8
4631.75
4685.7
4739.6
4793.55
4847.5
4901.4
4955.35
-1000
0.05
26
62.4
91.55
124.6
154.9
182.8
213.4
240.15
274.6
302.9
338.15
368.25
397.4
427.95
454.5
486.8
514.1
550.7
580.4
611.5
641.95
669
699.85
726.7
762.4
791.3
825.1
855.35
883.6
914.2
941.05
975.15
1003.25
1038.85
1068.9
1098.3
1128.85
1155.4
1187.25
1214.35
1250.95
1280.5
1312.2
1342.6
1369.9
1400.65
1427.45
1462.85
1491.55
1525.8
1556.05
1584.5
1615.1
1641.95
1675.65
1703.55
1739.45
1769.45
1799.15
1829.7
1856.3
1887.9
1914.9
1951.4
1980.85
2013
2043.4
2070.85
2101.5
2128.3
2163.4
2191.95
2226.55
2256.75
2285.45
2316
2342.75
2376.05
2403.75
2440
2469.9
2500
2530.5
2557.2
2588.45
2615.35
2651.7
2681
2713.65
2744.05
2771.75
2802.35
