0.05
65.1
137.35
209.65
281.9
354.2
426.45
498.7
571
643.25
715.55
787.8
860.05
932.35
1004.6
1076.9
1149.15
1221.4
1293.7
1365.95
1438.2
1510.5
1582.75
1655.05
1727.3
1799.55
1871.85
1944.1
2016.4
2088.65
2160.9
2233.2
2305.45
2377.75
2450
2522.25
2594.55
2666.8
2739.1
2811.35
2883.6
2955.9
3028.15
3100.45
3172.7
3244.95
3317.25
3389.5
3461.8
3534.05
3606.3
3678.6
3750.85
3823.1
3895.4
3967.65
4039.95
4112.2
4184.45
4256.75
4329
4401.3
4473.55
4545.8
4618.1
4690.35
4762.65
4834.9
4907.15
4979.45
-1000
0.05
26
57.05
86.9
117.4
153.45
183.45
219.3
248.15
279.15
306.2
336.85
371.75
401.95
438.6
468
499
525.75
556.5
589.95
620.25
657.05
686.7
719.05
746.2
777.05
808.4
838.85
875.3
905.2
940.05
968.4
999.35
1027.65
1058.25
1093.75
1123.85
1160.3
1189.45
1220.45
1247.05
1277.75
1311.95
1342.2
1379
1408.55
1439.95
1466.8
1497.6
1530.15
1560.5
1597.2
1627
1660.55
1688.25
1719.15
1749.05
1779.55
1815.6
1845.6
1881.45
1910.25
1941.25
1968.35
1999
2033.95
2064.1
2100.8
2130.15
2161.15
