0.05
26.6
58.25
89.9
121.6
153.25
184.9
216.55
248.25
279.9
311.55
343.2
374.9
406.55
438.2
469.9
501.55
533.2
564.85
596.55
628.2
659.85
691.5
723.2
754.85
786.5
818.2
849.85
881.5
913.15
944.85
976.5
1008.15
1039.8
1071.5
1103.15
1134.8
1166.45
1198.15
1229.8
1261.45
1293.15
1324.8
1356.45
1388.1
1419.8
1451.45
1483.1
1514.75
1546.45
1578.1
1609.75
1641.4
1673.1
1704.75
1736.4
1768.1
1799.75
1831.4
1863.05
1894.75
1926.4
1958.05
1989.7
2021.4
2053.05
2084.7
2116.4
2148.05
2179.7
2211.35
2243.05
2274.7
2306.35
2338
2369.7
2401.35
2433
2464.65
2496.35
2528
2559.65
2591.35
2623
2654.65
2686.3
2718
2749.65
2781.3
2812.95
2844.65
2876.3
2907.95
2939.65
2971.3
3002.95
3034.6
3066.3
3097.95
3129.6
3161.25
3192.95
3224.6
3256.25
3287.9
3319.6
3351.25
3382.9
3414.6
3446.25
3477.9
3509.55
3541.25
3572.9
3604.55
3636.2
3667.9
3699.55
3731.2
3762.85
3794.55
3826.2
3857.85
3889.55
3921.2
3952.85
3984.5
4016.2
4047.85
4079.5
4111.15
4142.85
4174.5
4206.15
4237.85
4269.5
4301.15
4332.8
4364.5
4396.15
4427.8
4459.45
4491.15
4522.8
4554.45
4586.1
4617.8
4649.45
4681.1
4712.8
4744.45
4776.1
4807.75
4839.45
4871.1
4902.75
4934.4
4966.1
-1000
0.05
26
62.3
95.95
128.65
160.9
192.85
224.65
256.35
288.05
319.75
351.4
383.05
414.75
446.4
478.05
509.75
541.4
573.05
604.7
636.4
668.05
699.7
731.35
763.05
794.7
826.35
858
889.7
921.35
953
984.7
1016.35
1048
1079.65
1111.35
1143
1174.65
1206.3
1238
1269.65
1301.3
1333
1364.65
1396.3
1427.95
1459.65
1491.3
1522.95
1554.6
1586.3
1617.95
1649.6
1681.25
1712.95
1744.6
1776.25
1807.95
1839.6
1871.25
1902.9
1934.6
1966.25
1997.9
2029.55
2061.25
2092.9
2124.55
2156.25
2187.9
2219.55
2251.2
2282.9
2314.55
2346.2
2377.85
2409.55
2441.2
2472.85
2504.5
2536.2
2567.85
2599.5
2631.2
2662.85
2694.5
2726.15
2757.85
2789.5
2821.15
2852.8
2884.5
2916.15
2947.8
2979.45
3011.15
3042.8
3074.45
3106.15
3137.8
3169.45
3201.1
3232.8
3264.45
3296.1
3327.75
3359.45
3391.1
3422.75
3454.45
3486.1
3517.75
3549.4
3581.1
3612.75
3644.4
3676.05
3707.75
3739.4
3771.05
3802.7
3834.4
3866.05
3897.7
3929.4
3961.05
3992.7
4024.35
4056.05
4087.7
4119.35
4151
4182.7
4214.35
4246
4277.65
4309.35
4341
4372.65
4404.35
4436
4467.65
4499.3
4531
4562.65
4594.3
4625.95
4657.65
4689.3
4720.95
4752.65
4784.3
4815.95
4847.6
4879.3
4910.95
4942.6
4974.25
