0.05
21.35
47.25
73.15
99
124.9
150.8
176.7
202.55
228.45
254.35
280.25
306.1
332
357.9
383.75
409.65
435.55
461.45
487.3
513.2
539.1
565
590.85
616.75
642.65
668.55
694.4
720.3
746.2
772.1
797.95
823.85
849.75
875.65
901.5
927.4
953.3
979.2
1005.05
1030.95
1056.85
1082.75
1108.6
1134.5
1160.4
1186.3
1212.15
1238.05
1263.95
1289.85
1315.7
1341.6
1367.5
1393.4
1419.25
1445.15
1471.05
1496.95
1522.8
1548.7
1574.6
1600.5
1626.35
1652.25
1678.15
1704
1729.9
1755.8
1781.7
1807.55
1833.45
1859.35
1885.25
1911.1
1937
1962.9
1988.8
2014.65
2040.55
2066.45
2092.35
2118.2
2144.1
2170
2195.9
2221.75
2247.65
2273.55
2299.45
2325.3
2351.2
2377.1
2403
2428.85
2454.75
2480.65
2506.55
2532.4
2558.3
2584.2
2610.1
2635.95
2661.85
2687.75
2713.65
2739.5
2765.4
2791.3
2817.2
2843.05
2868.95
2894.85
2920.7
2946.6
2972.5
2998.4
3024.25
3050.15
3076.05
3101.95
3127.8
3153.7
3179.6
3205.5
3231.35
3257.25
3283.15
3309.05
3334.9
3360.8
3386.7
3412.6
3438.45
3464.35
3490.25
3516.15
3542
3567.9
3593.8
3619.7
3645.55
3671.45
3697.35
3723.25
3749.1
3775
3800.9
3826.8
3852.65
3878.55
3904.45
3930.35
3956.2
3982.1
4008
4033.9
4059.75
4085.65
4111.55
4137.4
4163.3
4189.2
4215.1
4240.95
4266.85
4292.75
4318.65
4344.5
4370.4
4396.3
4422.2
4448.05
4473.95
4499.85
4525.75
-1000
0.05
26
56.55
84.45
111.35
137.9
164.45
191.35
218.55
247.9
281.2
313.15
342.1
369.6
396.4
422.9
449.5
476.35
503.95
534.5
568.1
599
627.4
654.65
681.35
707.85
734.55
761.5
789.6
821.4
854.6
884.65
912.65
939.7
966.25
992.8
1019.6
1046.8
1075.8
1108.95
1141.15
1170.3
1197.9
1224.7
1251.2
1277.8
1304.7
1332.15
1362.25
1395.8
1427.05
1455.65
1482.95
1509.65
1536.15
1562.8
1589.65
1617.5
1648.6
1682.05
1712.6
1740.8
1767.95
1794.55
1821.05
1847.85
1874.9
1903.4
1935.9
1968.65
1998.25
2026.05
2052.95
2079.5
2106.05
2132.95
2160.35
2190.1
2223.7
2255.15
2283.9
2311.25
2337.95
2364.5
2391.1
2417.95
2445.6
2476.3
2509.85
2540.65
2569
2596.25
2622.9
2649.4
2676.1
2703
2731.2
2763
2796.2
2826.2
2854.2
2881.2
2907.8
2934.35
2961.2
2988.4
3017.5
3050.65
3082.75
3111.9
3139.45
3166.25
3192.8
3219.4
3246.25
3273.8
3304.2
3337.75
3368.8
3397.3
3424.55
3451.2
3477.7
3504.4
3531.3
3559.15
3590.4
3623.8
3654.25
3682.4
3709.5
3736.15
3762.6
3789.4
3816.45
3845.05
3877.6
3910.3
3939.85
3967.6
3994.5
4021.05
4047.6
4074.5
4101.85
4131.55
4165
4196.6
4225.4
4252.8
4279.55
4306.05
4332.65
4359.55
4387.25
4418.05
4451.6
4482.3
4510.6
4537.8
4564.45
4590.95
4617.75
4644.75
4673.05
4705.35
4738.25
4768.05
4795.9
4822.85
4849.4
4875.95
4902.8
4930.1
4959.6
4992.9
