0.05
25.75
56.5
87.2
117.95
148.7
179.4
210.15
240.9
271.65
302.35
333.1
363.85
394.6
425.3
456.05
486.8
517.5
548.25
579
609.75
640.45
671.2
701.95
732.65
763.4
794.15
824.9
855.6
886.35
917.1
947.85
978.55
1009.3
1040.05
1070.75
1101.5
1132.25
1163
1193.7
1224.45
1255.2
1285.9
1316.65
1347.4
1378.15
1408.85
1439.6
1470.35
1501.1
1531.8
1562.55
1593.3
1624
1654.75
1685.5
1716.25
1746.95
1777.7
1808.45
1839.15
1869.9
1900.65
1931.4
1962.1
1992.85
2023.6
2054.35
2085.05
2115.8
2146.55
2177.25
2208
2238.75
2269.5
2300.2
2330.95
2361.7
2392.4
2423.15
2453.9
2484.65
2515.35
2546.1
2576.85
2607.6
2638.3
2669.05
2699.8
2730.5
2761.25
2792
2822.75
2853.45
2884.2
2914.95
2945.65
2976.4
3007.15
3037.9
3068.6
3099.35
3130.1
3160.85
3191.55
3222.3
3253.05
3283.75
3314.5
3345.25
3376
3406.7
3437.45
3468.2
3498.9
3529.65
3560.4
3591.15
3621.85
3652.6
3683.35
3714.1
3744.8
3775.55
3806.3
3837
3867.75
3898.5
3929.25
3959.95
3990.7
4021.45
4052.15
4082.9
4113.65
4144.4
4175.1
4205.85
4236.6
4267.35
4298.05
4328.8
4359.55
4390.25
4421
4451.75
4482.5
4513.2
4543.95
4574.7
4605.4
4636.15
4666.9
4697.65
4728.35
4759.1
4789.85
4820.6
4851.3
4882.05
4912.8
4943.5
4974.25
-1000
0.05
26
57.95
88.9
119.75
150.55
181.3
212.05
242.8
273.55
304.3
335
365.75
396.5
427.2
457.95
488.7
519.45
550.15
580.9
611.65
642.35
673.1
703.85
734.6
765.3
796.05
826.8
857.55
888.25
919
949.75
980.45
1011.2
1041.95
1072.7
1103.4
1134.15
1164.9
1195.6
1226.35
1257.1
1287.85
1318.55
1349.3
1380.05
1410.8
1441.5
1472.25
1503
1533.7
1564.45
1595.2
1625.95
1656.65
1687.4
1718.15
1748.85
1779.6
1810.35
1841.1
1871.8
1902.55
1933.3
1964.05
1994.75
2025.5
2056.25
2086.95
2117.7
2148.45
2179.2
2209.9
2240.65
2271.4
2302.1
2332.85
2363.6
2394.35
2425.05
2455.8
2486.55
2517.3
2548
2578.75
2609.5
2640.2
2670.95
2701.7
2732.45
2763.15
2793.9
2824.65
2855.35
2886.1
2916.85
2947.6
2978.3
3009.05
3039.8
3070.55
3101.25
3132
3162.75
3193.45
3224.2
3254.95
3285.7
3316.4
3347.15
3377.9
3408.6
3439.35
3470.1
3500.85
3531.55
3562.3
3593.05
3623.8
3654.5
3685.25
3716
3746.7
3777.45
3808.2
3838.95
3869.65
3900.4
3931.15
3961.85
3992.6
4023.35
4054.1
4084.8
4115.55
4146.3
4177.05
4207.75
4238.5
4269.25
4299.95
4330.7
4361.45
4392.2
4422.9
4453.65
4484.4
4515.1
4545.85
4576.6
4607.35
4638.05
4668.8
4699.55
4730.3
4761
4791.75
4822.5
4853.2
4883.95
4914.7
4945.45
4976.15
