0.05
33.45
72.5
111.6
150.65
189.75
228.8
267.9
306.95
346.05
385.1
424.2
463.25
502.35
541.4
580.5
619.55
658.65
697.7
736.8
775.85
814.95
854
893.1
932.15
971.2
1010.3
1049.35
1088.45
1127.5
1166.6
1205.65
1244.75
1283.8
1322.9
1361.95
1401.05
1440.1
1479.2
1518.25
1557.35
1596.4
1635.5
1674.55
1713.65
1752.7
1791.8
1830.85
1869.95
1909
1948.1
1987.15
2026.25
2065.3
2104.4
2143.45
2182.55
2221.6
2260.7
2299.75
2338.85
2377.9
2417
2456.05
2495.15
2534.2
2573.3
2612.35
2651.45
2690.5
2729.6
2768.65
2807.75
2846.8
2885.9
2924.95
2964.05
3003.1
3042.2
3081.25
3120.35
3159.4
3198.5
3237.55
3276.65
3315.7
3354.8
3393.85
3432.95
3472
3511.1
3550.15
3589.25
3628.3
3667.4
3706.45
3745.55
3784.6
3823.7
3862.75
3901.85
3940.9
3980
4019.05
4058.15
4097.2
4136.3
4175.35
4214.45
4253.5
4292.6
4331.65
4370.75
4409.8
4448.9
4487.95
4527.05
4566.1
4605.2
4644.25
4683.35
4722.4
4761.5
4800.55
4839.65
4878.7
4917.8
4956.85
4995.95
-1000
0.05
26
62.95
96.6
125.05
151.95
185.3
221.05
256.5
286.85
313.85
344.2
379.05
414.9
449.15
477.8
504.35
537.4
572.95
608.5
639.45
666.7
696.4
731
766.85
801.3
830.1
856.75
889.35
924.85
960.45
992
1019.5
1048.6
1082.95
1118.8
1153.55
1182.5
1209.3
1241.45
1276.8
1312.5
1344.8
1372.6
1400.95
1435
1470.8
1505.8
1534.9
1561.7
1593.45
1628.7
1664.45
1697.3
1725.35
1753.15
1786.95
1822.7
1857.9
1887.3
1914.1
1945.45
1980.6
2016.4
2049.65
2077.9
2105.25
2138.85
2174.55
2209.85
2239.6
2266.5
2297.45
2332.45
2368.3
2401.9
2430.35
2457.35
2490.7
2526.4
2561.8
2591.9
2618.85
2649.45
2684.35
2720.15
2754.1
2782.65
2809.35
2842.55
2878.2
2913.65
2944.1
2971.2
3001.4
3036.2
3072
3106.2
3134.9
3161.45
3194.45
3230
3265.55
3296.4
3323.6
3353.4
3388.05
3423.9
3458.3
3487.05
3513.65
3546.35
3581.85
3617.5
3648.8
3676.25
3705.55
3739.95
3775.8
3810.45
3839.35
3866.25
3898.45
3933.85
3969.55
4001.7
4029.45
4057.9
4092.05
