0.05
17.9
39.85
61.85
83.85
105.85
127.85
149.85
171.85
193.85
215.85
237.85
259.85
281.85
303.85
325.8
347.8
369.8
391.8
413.8
435.8
457.8
479.8
501.8
523.8
545.8
567.8
589.8
611.75
633.75
655.75
677.75
699.75
721.75
743.75
765.75
787.75
809.75
831.75
853.75
875.7
897.7
919.7
941.7
963.7
985.7
1007.7
1029.7
1051.7
1073.7
1095.7
1117.7
1139.7
1161.65
1183.65
1205.65
1227.65
1249.65
1271.65
1293.65
1315.65
1337.65
1359.65
1381.65
1403.65
1425.65
1447.6
1469.6
1491.6
1513.6
1535.6
1557.6
1579.6
1601.6
1623.6
1645.6
1667.6
1689.6
1711.55
1733.55
1755.55
1777.55
1799.55
1821.55
1843.55
1865.55
1887.55
1909.55
1931.55
1953.55
1975.55
1997.5
2019.5
2041.5
2063.5
2085.5
2107.5
2129.5
2151.5
2173.5
2195.5
2217.5
2239.5
2261.5
2283.45
2305.45
2327.45
2349.45
2371.45
2393.45
2415.45
2437.45
2459.45
2481.45
2503.45
2525.45
2547.4
2569.4
2591.4
2613.4
2635.4
2657.4
2679.4
2701.4
2723.4
2745.4
2767.4
2789.4
2811.4
2833.35
2855.35
2877.35
2899.35
2921.35
2943.35
2965.35
2987.35
3009.35
3031.35
3053.35
3075.35
3097.35
3119.3
3141.3
3163.3
3185.3
3207.3
3229.3
3251.3
3273.3
3295.3
3317.3
3339.3
3361.3
3383.25
3405.25
3427.25
3449.25
3471.25
3493.25
3515.25
3537.25
3559.25
3581.25
3603.25
-1000
0.05
26
54.7
86.55
117.35
145.6
178.2
207.3
238.05
269.8
297.7
330
360.1
388.9
421.4
449.95
481.2
512.5
540.5
573.1
602.7
632.25
664.5
692.6
724.4
755.2
783.45
816.05
845.2
876
907.7
935.6
967.9
998
1026.8
1059.35
1087.85
1119.1
1150.45
1178.4
1210.9
1240.55
1270
1302.3
1330.4
1362.2
1393.05
1421.25
1453.8
1483
1513.55
1545.4
1573.3
1605.5
1635.75
1664.4
1697.05
1725.6
1756.85
1788.2
1816.15
1848.65
1878.35
1907.65
1940.05
1968.2
2000
2030.85
2059.05
2091.65
2120.85
2151.3
2183.2
2211.1
2243.4
2273.65
2302.25
2334.8
2363.45
2394.65
2426.05
2454
2486.5
2516.2
2545.55
2577.9
2606.05
2637.75
2668.65
2696.85
2729.4
2758.7
2789
2821
2848.9
2881.05
2911.4
2939.95
2972.55
3001.25
3032.45
3063.9
3091.85
3124.35
3154.05
3183.3
3215.7
3243.9
3275.55
3306.5
3334.65
3367.3
3396.55
3426.95
3458.85
3486.8
3518.95
3549.3
3577.85
3610.45
3639.15
3670.4
3701.75
3729.75
3762.2
3791.95
3821.2
3853.6
3881.8
3913.55
3944.45
3972.6
4005.2
4034.45
4064.8
4096.75
4124.65
4156.8
4187.15
4215.75
4248.3
4277
4308.2
4339.65
4367.6
4400.05
4429.8
4459
4491.45
4519.65
4551.3
4582.25
4610.4
4643
4672.3
4702.5
4734.5
4762.5
4794.65
4825
4853.55
4886.15
4914.9
4946.1
4977.5
