0.05
26.9
58.85
90.85
122.85
154.85
186.85
218.8
250.8
282.8
314.8
346.75
378.75
410.75
442.75
474.7
506.7
538.7
570.7
602.65
634.65
666.65
698.65
730.6
762.6
794.6
826.6
858.55
890.55
922.55
954.55
986.5
1018.5
1050.5
1082.5
1114.45
1146.45
1178.45
1210.45
1242.4
1274.4
1306.4
1338.4
1370.35
1402.35
1434.35
1466.35
1498.3
1530.3
1562.3
1594.3
1626.25
1658.25
1690.25
1722.25
1754.2
1786.2
1818.2
1850.2
1882.2
1914.15
1946.15
1978.15
2010.15
2042.1
2074.1
2106.1
2138.1
2170.05
2202.05
2234.05
2266.05
2298
2330
2362
2394
2425.95
2457.95
2489.95
2521.95
2553.9
2585.9
2617.9
2649.9
2681.85
2713.85
2745.85
2777.85
2809.8
2841.8
2873.8
2905.8
2937.75
2969.75
3001.75
3033.75
3065.7
3097.7
3129.7
3161.7
3193.65
3225.65
3257.65
3289.65
3321.6
3353.6
3385.6
3417.6
3449.6
3481.55
3513.55
3545.55
3577.55
3609.5
3641.5
3673.5
3705.5
3737.45
3769.45
3801.45
3833.45
3865.4
3897.4
3929.4
3961.4
3993.35
4025.35
4057.35
4089.35
4121.3
4153.3
4185.3
4217.3
4249.25
4281.25
4313.25
4345.25
4377.2
4409.2
4441.2
4473.2
4505.15
4537.15
4569.15
4601.15
4633.1
4665.1
4697.1
4729.1
4761.05
4793.05
4825.05
4857.05
4889
4921
4953
4985
-1000
0.05
26
59.65
92.05
124.2
156.3
188.35
220.35
252.35
284.35
316.35
348.35
380.3
412.3
444.3
476.3
508.25
540.25
572.25
604.25
636.2
668.2
700.2
732.2
764.15
796.15
828.15
860.15
892.15
924.1
956.1
988.1
1020.1
1052.05
1084.05
1116.05
1148.05
1180
1212
1244
1276
1307.95
1339.95
1371.95
1403.95
1435.9
1467.9
1499.9
1531.9
1563.85
1595.85
1627.85
1659.85
1691.8
1723.8
1755.8
1787.8
1819.75
1851.75
1883.75
1915.75
1947.7
1979.7
2011.7
2043.7
2075.65
2107.65
2139.65
2171.65
2203.6
2235.6
2267.6
2299.6
2331.55
2363.55
2395.55
2427.55
2459.5
2491.5
2523.5
2555.5
2587.5
2619.45
2651.45
2683.45
2715.45
2747.4
2779.4
2811.4
2843.4
2875.35
2907.35
2939.35
2971.35
3003.3
3035.3
3067.3
3099.3
3131.25
3163.25
3195.25
3227.25
3259.2
3291.2
3323.2
3355.2
3387.15
3419.15
3451.15
3483.15
3515.1
3547.1
3579.1
3611.1
3643.05
3675.05
3707.05
3739.05
3771
3803
3835
3867
3898.95
3930.95
3962.95
3994.95
4026.9
4058.9
4090.9
4122.9
4154.85
4186.85
4218.85
4250.85
4282.85
4314.8
4346.8
4378.8
4410.8
4442.75
4474.75
4506.75
4538.75
4570.7
4602.7
4634.7
4666.7
4698.65
4730.65
4762.65
4794.65
4826.6
4858.6
4890.6
4922.6
4954.55
4986.55
