0.05
20.85
46.15
71.45
96.75
122.1
147.4
172.7
198
223.3
248.65
273.95
299.25
324.55
349.85
375.2
400.5
425.8
451.1
476.45
501.75
527.05
552.35
577.65
603
628.3
653.6
678.9
704.2
729.55
754.85
780.15
805.45
830.75
856.1
881.4
906.7
932
957.35
982.65
1007.95
1033.25
1058.55
1083.9
1109.2
1134.5
1159.8
1185.1
1210.45
1235.75
1261.05
1286.35
1311.7
1337
1362.3
1387.6
1412.9
1438.25
1463.55
1488.85
1514.15
1539.45
1564.8
1590.1
1615.4
1640.7
1666
1691.35
1716.65
1741.95
1767.25
1792.6
1817.9
1843.2
1868.5
1893.8
1919.15
1944.45
1969.75
1995.05
2020.35
2045.7
2071
2096.3
2121.6
2146.9
2172.25
2197.55
2222.85
2248.15
2273.5
2298.8
2324.1
2349.4
2374.7
2400.05
2425.35
2450.65
2475.95
2501.25
2526.6
2551.9
2577.2
2602.5
2627.85
2653.15
2678.45
2703.75
2729.05
2754.4
2779.7
2805
2830.3
2855.6
2880.95
2906.25
2931.55
2956.85
2982.15
3007.5
3032.8
3058.1
3083.4
3108.75
3134.05
3159.35
3184.65
3209.95
3235.3
3260.6
3285.9
3311.2
3336.5
3361.85
3387.15
3412.45
3437.75
3463.05
3488.4
3513.7
3539
3564.3
3589.65
3614.95
3640.25
3665.55
3690.85
3716.2
3741.5
3766.8
3792.1
3817.4
3842.75
3868.05
3893.35
3918.65
3944
3969.3
3994.6
4019.9
4045.2
4070.55
4095.85
4121.15
4146.45
4171.75
4197.1
4222.4
4247.7
4273
4298.3
4323.65
-1000
0.05
28.9
62.3
93.3
121.5
148.4
174.9
202.2
232.7
266.15
296.5
324.4
351.1
377.75
405.55
437.3
470.2
499.75
527.3
553.9
580.85
609.7
642.7
674.5
703.2
730.25
756.75
783.9
813.7
847.15
878.05
906.2
933.05
959.6
986.95
1017.65
1051
1081.2
1109.05
1135.75
1162.4
1190.3
1222.15
1255
1284.5
1311.95
1338.55
1365.5
1394.3
1427.3
1459.15
1487.8
1514.9
1541.4
1568.6
1598.35
1631.75
1662.65
1690.8
1717.7
1744.25
1771.65
1802.55
1835.85
1866
1893.75
1920.45
1947.1
1975.1
2007.1
2039.85
2069.2
2096.65
2123.2
2150.25
2179.3
2212.45
2244
2272.55
2299.55
2326.05
2353.25
2383.2
2416.7
2447.45
2475.55
2502.35
2528.95
2556.4
2587.4
2620.65
2650.7
2678.45
2705.1
2731.85
2760.05
2792.35
2824.85
2854.05
2881.35
2907.9
2934.95
2964.15
2997.4
3028.85
3057.3
3084.3
3110.8
3137.9
3167.85
3201.3
3232.05
3260.15
3287
3313.55
3341.05
3372.15
3405.35
3435.35
3463.05
3489.75
3516.45
3544.55
3576.8
3609.4
3638.65
3666
3692.55
3719.65
3748.85
3782.15
3813.5
3841.95
3868.95
3895.45
3922.65
3952.9
3986.3
4016.9
4044.9
4071.7
4098.25
4125.8
4157
4190.2
4220.1
4247.75
4274.4
4301.25
4329.5
4362
4394.35
4423.4
4450.65
4477.2
4504.35
4533.75
4567.2
4598.4
4626.7
4653.65
4680.15
4707.4
4737.75
4771.15
4801.6
4829.6
4856.35
4882.95
4910.75
4942.25
4975.25
