0.05
29.95
65.25
100.55
135.9
171.2
206.5
241.85
277.15
312.45
347.75
383.1
418.4
453.7
489
524.35
559.65
594.95
630.3
665.6
700.9
736.2
771.55
806.85
842.15
877.45
912.8
948.1
983.4
1018.75
1054.05
1089.35
1124.65
1160
1195.3
1230.6
1265.95
1301.25
1336.55
1371.85
1407.2
1442.5
1477.8
1513.1
1548.45
1583.75
1619.05
1654.4
1689.7
1725
1760.3
1795.65
1830.95
1866.25
1901.55
1936.9
1972.2
2007.5
2042.85
2078.15
2113.45
2148.75
2184.1
2219.4
2254.7
2290.05
2325.35
2360.65
2395.95
2431.3
2466.6
2501.9
2537.2
2572.55
2607.85
2643.15
2678.5
2713.8
2749.1
2784.4
2819.75
2855.05
2890.35
2925.65
2961
2996.3
3031.6
3066.95
3102.25
3137.55
3172.85
3208.2
3243.5
3278.8
3314.15
3349.45
3384.75
3420.05
3455.4
3490.7
3526
3561.3
3596.65
3631.95
3667.25
3702.6
3737.9
3773.2
3808.5
3843.85
3879.15
3914.45
3949.75
3985.1
4020.4
4055.7
4091.05
4126.35
4161.65
4196.95
4232.3
4267.6
4302.9
4338.25
4373.55
4408.85
4444.15
4479.5
4514.8
4550.1
4585.4
4620.75
4656.05
4691.35
4726.7
4762
4797.3
4832.6
4867.95
4903.25
4938.55
4973.85
-1000
0.05
26
60.2
94.55
129.25
164.15
199.2
234.3
269.45
304.65
339.85
375.1
410.35
445.65
480.9
516.2
551.5
586.75
622.05
657.45
692.7
728
763.3
798.6
833.9
869.2
904.5
939.85
975.15
1010.45
1045.8
1081.1
1116.4
1151.7
1187.05
1222.35
1257.65
1292.95
1328.25
1363.55
1398.9
1434.2
1469.5
1504.8
1540.15
1575.45
1610.75
1646.05
1681.45
1716.75
1752.05
1787.35
1822.65
1858
1893.3
1928.6
1963.9
1999.2
2034.55
2069.9
2105.2
2140.5
2175.8
2211.15
2246.45
2281.75
2317.05
2352.35
2387.65
2423
2458.3
2493.6
2528.9
2564.25
2599.55
2634.85
2670.15
2705.55
2740.85
2776.15
2811.45
2846.75
2882.1
2917.4
2952.7
2988
3023.3
3058.65
3094
3129.3
3164.6
3199.9
3235.2
3270.55
3305.85
3341.15
3376.45
3411.75
3447.1
3482.4
3517.7
3553
3588.35
3623.65
3658.95
3694.25
3729.65
3764.95
3800.25
3835.55
3870.85
3906.2
3941.5
3976.8
4012.1
4047.4
4082.75
4118.1
4153.4
4188.7
4224
4259.3
4294.65
4329.95
4365.3
4400.6
4435.9
4471.2
4506.5
4541.8
4577.15
4612.45
4647.75
4683.05
4718.35
4753.75
4789.05
4824.35
4859.65
4894.95
4930.3
4965.6
