0.05
60.8
128.6
196.4
264.2
332.05
399.85
467.65
535.45
603.3
671.1
738.9
806.7
874.55
942.35
1010.15
1077.95
1145.8
1213.6
1281.4
1349.2
1417.05
1484.85
1552.65
1620.5
1688.3
1756.1
1823.9
1891.75
1959.55
2027.35
2095.15
2163
2230.8
2298.6
2366.4
2434.25
2502.05
2569.85
2637.65
2705.5
2773.3
2841.1
2908.9
2976.75
3044.55
3112.35
3180.15
3248
3315.8
3383.6
3451.4
3519.25
3587.05
3654.85
3722.7
3790.5
3858.3
3926.1
3993.95
4061.75
4129.55
4197.35
4265.2
4333
4400.8
4468.6
4536.45
4604.25
4672.05
4739.85
4807.7
4875.5
4943.3
-1000
0.05
26
57.05
86.75
117.25
151.15
181.4
217.05
247.15
283.55
313.45
350.15
379.9
416.65
446.15
482.45
511.6
545.35
573.2
604.1
631.4
662.05
694.7
725.05
760.2
790.35
826.5
856.45
893.1
922.9
959.7
989.3
1025.9
1055.2
1090.5
1119.05
1150
1176.75
1207.5
1238.5
1268.95
1303.4
1333.6
1369.5
1399.55
1436.05
1465.9
1502.7
1532.35
1569.05
1598.5
1634.5
1663.45
1695.7
1722.8
1753.7
1782.6
1813.2
1846.75
1877.05
1912.55
1942.65
1979
2008.9
2045.65
2075.4
2112.15
2141.7
2178.1
2207.25
2241.6
2269.65
2300.6
2327.35
