0.05
51.05
108.8
166.55
224.25
282
339.7
397.45
455.2
512.9
570.65
628.4
686.1
743.85
801.55
859.3
917.05
974.75
1032.5
1090.25
1147.95
1205.7
1263.4
1321.15
1378.9
1436.6
1494.35
1552.1
1609.8
1667.55
1725.25
1783
1840.75
1898.45
1956.2
2013.95
2071.65
2129.4
2187.1
2244.85
2302.6
2360.3
2418.05
2475.8
2533.5
2591.25
2648.95
2706.7
2764.45
2822.15
2879.9
2937.65
2995.35
3053.1
3110.8
3168.55
3226.3
3284
3341.75
3399.45
3457.2
3514.95
3572.65
3630.4
3688.15
3745.85
3803.6
3861.3
3919.05
3976.8
4034.5
4092.25
4150
4207.7
4265.45
4323.15
4380.9
4438.65
4496.35
4554.1
4611.85
4669.55
4727.3
4785
4842.75
4900.5
4958.2
-1000
0.05
26
62.6
91.85
126.55
156.75
187.55
218
246.85
277.4
305.4
336
363.5
394.15
421.5
452.1
479.35
510
537.15
567.8
594.9
625.55
652.65
683.3
710.4
741.05
768.15
798.8
825.85
856.5
883.6
914.25
941.35
972
999.05
1029.7
1056.8
1087.45
1114.55
1145.2
1172.25
1202.9
1230
1260.65
1287.7
1318.4
1345.45
1376.1
1403.2
1433.85
1460.9
1491.55
1518.65
1549.3
1576.4
1607.05
1634.1
1664.75
1691.85
1722.5
1749.55
1780.25
1807.3
1837.95
1865.05
1895.7
1922.75
1953.4
1980.5
2011.15
2038.25
2068.9
2095.95
2126.6
2153.7
2184.35
2211.4
2242.1
2269.15
2299.8
2326.9
2357.55
2384.6
2415.25
2442.35
2473
2500.05
