0.05
28.5
62.25
95.95
129.7
163.45
197.2
230.9
264.65
298.4
332.15
365.85
399.6
433.35
467.1
500.8
534.55
568.3
602.05
635.75
669.5
703.25
737
770.7
804.45
838.2
871.95
905.65
939.4
973.15
1006.9
1040.6
1074.35
1108.1
1141.85
1175.55
1209.3
1243.05
1276.75
1310.5
1344.25
1378
1411.7
1445.45
1479.2
1512.95
1546.65
1580.4
1614.15
1647.9
1681.6
1715.35
1749.1
1782.85
1816.55
1850.3
1884.05
1917.8
1951.5
1985.25
2019
2052.75
2086.45
2120.2
2153.95
2187.7
2221.4
2255.15
2288.9
2322.65
2356.35
2390.1
2423.85
2457.6
2491.3
2525.05
2558.8
2592.55
2626.25
2660
2693.75
2727.5
2761.2
2794.95
2828.7
2862.45
2896.15
2929.9
2963.65
2997.4
3031.1
3064.85
3098.6
3132.35
3166.05
3199.8
3233.55
3267.3
3301
3334.75
3368.5
3402.25
3435.95
3469.7
3503.45
3537.2
3570.9
3604.65
3638.4
3672.15
3705.85
3739.6
3773.35
3807.1
3840.8
3874.55
3908.3
3942.05
3975.75
4009.5
4043.25
4077
4110.7
4144.45
4178.2
4211.95
4245.65
4279.4
4313.15
4346.9
4380.6
4414.35
4448.1
4481.85
4515.55
4549.3
4583.05
4616.8
4650.5
4684.25
4718
4751.75
4785.45
4819.2
4852.95
4886.7
4920.4
4954.15
4987.9
-1000
0.05
26
58.35
91.15
124.4
157.85
191.5
225.15
258.85
292.55
326.3
360.05
393.75
427.45
461.2
495
528.7
562.4
596.15
629.95
663.65
697.35
731.1
764.9
798.6
832.3
866.05
899.85
933.55
967.25
1001
1034.8
1068.5
1102.2
1135.95
1169.7
1203.4
1237.15
1270.9
1304.65
1338.35
1372.1
1405.85
1439.6
1473.3
1507.05
1540.8
1574.55
1608.25
1642
1675.75
1709.5
1743.2
1776.95
1810.7
1844.45
1878.15
1911.9
1945.65
1979.4
2013.1
2046.85
2080.6
2114.35
2148.05
2181.8
2215.55
2249.3
2283
2316.75
2350.5
2384.25
2417.95
2451.7
2485.45
2519.2
2552.9
2586.65
2620.4
2654.15
2687.85
2721.6
2755.35
2789.1
2822.8
2856.55
2890.3
2924.05
2957.75
2991.5
3025.25
3059
3092.7
3126.45
3160.2
3193.95
3227.65
3261.4
3295.15
3328.9
3362.6
3396.35
3430.1
3463.85
3497.55
3531.3
3565.05
3598.8
3632.5
3666.25
3700
3733.75
3767.45
3801.2
3835
3868.7
3902.4
3936.15
3969.95
4003.65
4037.35
4071.1
4104.9
4138.6
4172.3
4206.05
4239.85
4273.55
4307.25
4341
4374.8
4408.5
4442.2
4475.95
4509.75
4543.45
4577.15
4610.9
4644.7
4678.4
4712.1
4745.85
4779.65
4813.35
4847.05
4880.8
4914.6
4948.3
4982
