0.05
40.9
87.95
135
182.05
229.1
276.15
323.15
370.2
417.25
464.3
511.35
558.4
605.45
652.5
699.55
746.6
793.65
840.65
887.7
934.75
981.8
1028.85
1075.9
1122.95
1170
1217.05
1264.1
1311.15
1358.15
1405.2
1452.25
1499.3
1546.35
1593.4
1640.45
1687.5
1734.55
1781.6
1828.65
1875.65
1922.7
1969.75
2016.8
2063.85
2110.9
2157.95
2205
2252.05
2299.1
2346.15
2393.15
2440.2
2487.25
2534.3
2581.35
2628.4
2675.45
2722.5
2769.55
2816.6
2863.65
2910.65
2957.7
3004.75
3051.8
3098.85
3145.9
3192.95
3240
3287.05
3334.1
3381.1
3428.15
3475.2
3522.25
3569.3
3616.35
3663.4
3710.45
3757.5
3804.55
3851.6
3898.6
3945.65
3992.7
4039.75
4086.8
4133.85
4180.9
4227.95
4275
4322.05
4369.1
4416.1
4463.15
4510.2
4557.25
4604.3
4651.35
4698.4
4745.45
4792.5
4839.55
4886.6
4933.6
4980.65
-1000
0.05
26
61.3
89.8
120.8
155.55
184.1
215
249.85
278.45
309.2
344.25
372.95
403.45
438.65
467.4
497.7
533.05
561.9
591.95
627.45
656.4
686.25
721.9
750.9
780.5
816.3
845.35
874.75
910.65
939.8
969
1004.95
1034.15
1063.25
1099.25
1128.5
1157.45
1193.5
1222.8
1251.65
1287.75
1317.05
1345.75
1381.9
1411.2
1439.9
1476.05
1505.4
1534.05
1570.25
1599.55
1628.2
1664.35
1693.7
1722.3
1758.5
1787.85
1816.4
1852.75
1882.1
1910.55
1946.8
1976.15
2004.65
2040.9
2070.25
2098.75
2134.95
2164.35
2192.85
2229.05
2258.45
2286.95
2323.15
2352.5
2381
2417.2
2446.6
2475.1
2511.3
2540.7
2569.2
2605.4
2634.75
2663.25
2699.5
2728.85
2757.35
2793.6
2822.95
2851.45
2887.7
2917.1
2945.55
2981.8
3011.15
3039.65
3075.85
3105.25
3133.75
3169.95
3199.35
3227.85
3264.05
3293.45
3321.95
