0.05
24
52.8
81.6
110.4
139.2
168
196.8
225.6
254.45
283.25
312.05
340.85
369.65
398.45
427.25
456.05
484.85
513.65
542.45
571.3
600.1
628.9
657.7
686.5
715.3
744.1
772.9
801.7
830.5
859.35
888.15
916.95
945.75
974.55
1003.35
1032.15
1060.95
1089.75
1118.55
1147.4
1176.2
1205
1233.8
1262.6
1291.4
1320.2
1349
1377.8
1406.6
1435.4
1464.25
1493.05
1521.85
1550.65
1579.45
1608.25
1637.05
1665.85
1694.65
1723.45
1752.3
1781.1
1809.9
1838.7
1867.5
1896.3
1925.1
1953.9
1982.7
2011.5
2040.3
2069.15
2097.95
2126.75
2155.55
2184.35
2213.15
2241.95
2270.75
2299.55
2328.35
2357.2
2386
2414.8
2443.6
2472.4
2501.2
2530
2558.8
2587.6
2616.4
2645.25
2674.05
2702.85
2731.65
2760.45
2789.25
2818.05
2846.85
2875.65
2904.45
2933.25
2962.1
2990.9
3019.7
3048.5
3077.3
3106.1
3134.9
3163.7
3192.5
3221.3
3250.15
3278.95
3307.75
3336.55
3365.35
3394.15
3422.95
3451.75
3480.55
3509.35
3538.15
3567
3595.8
3624.6
3653.4
3682.2
3711
3739.8
3768.6
3797.4
3826.2
3855.05
3883.85
3912.65
3941.45
3970.25
3999.05
4027.85
4056.65
4085.45
4114.25
4143.1
4171.9
4200.7
4229.5
4258.3
4287.1
4315.9
4344.7
4373.5
4402.3
4431.1
4459.95
4488.75
4517.55
4546.35
4575.15
4603.95
4632.75
4661.55
4690.35
4719.15
4748
4776.8
4805.6
4834.4
4863.2
4892
4920.8
4949.6
4978.4
-1000
0.05
26
52.8
79.5
107.1
135.3
163.8
192.45
221.2
249.95
278.75
307.55
336.35
365.15
393.95
422.8
451.6
480.4
509.2
538
566.8
595.6
624.4
653.2
682
710.85
739.65
768.45
797.25
826.05
854.85
883.65
912.45
941.25
970.05
998.9
1027.7
1056.5
1085.3
1114.1
1142.9
1171.7
1200.5
1229.3
1258.1
1286.9
1315.75
1344.55
1373.35
1402.15
1430.95
1459.75
1488.55
1517.35
1546.15
1574.95
1603.8
1632.6
1661.4
1690.2
1719
1747.8
1776.6
1805.4
1834.2
1863
1891.8
1920.65
1949.45
1978.25
2007.05
2035.85
2064.65
2093.45
2122.25
2151.05
2179.85
2208.7
2237.5
2266.3
2295.1
2323.9
2352.7
2381.5
2410.3
2439.1
2467.9
2496.75
2525.55
2554.35
2583.15
2611.95
2640.75
2669.55
2698.35
2727.15
2755.95
2784.75
2813.6
2842.4
2871.2
2900
2928.8
2957.6
2986.4
3015.2
3044
3072.8
3101.65
3130.45
3159.25
3188.05
3216.85
3245.65
3274.45
3303.25
3332.05
3360.85
3389.7
3418.5
3447.3
3476.1
3504.9
3533.7
3562.5
3591.3
3620.1
3648.9
3677.7
3706.55
3735.35
3764.15
3792.95
3821.75
3850.55
3879.35
3908.15
3936.95
3965.75
3994.6
4023.4
4052.2
4081
4109.8
4138.6
4167.4
4196.2
4225
4253.8
4282.6
4311.45
4340.25
4369.05
4397.85
4426.65
4455.45
4484.25
4513.05
4541.85
4570.65
4599.5
4628.3
4657.1
4685.9
4714.7
4743.5
4772.3
4801.1
4829.9
4858.7
4887.55
4916.35
4945.15
4973.95
