0.05
20.35
45.1
69.85
94.65
119.4
144.15
168.95
193.7
218.45
243.2
268
292.75
317.5
342.3
367.05
391.8
416.55
441.35
466.1
490.85
515.6
540.4
565.15
589.9
614.7
639.45
664.2
688.95
713.75
738.5
763.25
788.05
812.8
837.55
862.3
887.1
911.85
936.6
961.35
986.15
1010.9
1035.65
1060.45
1085.2
1109.95
1134.7
1159.5
1184.25
1209
1233.8
1258.55
1283.3
1308.05
1332.85
1357.6
1382.35
1407.1
1431.9
1456.65
1481.4
1506.2
1530.95
1555.7
1580.45
1605.25
1630
1654.75
1679.55
1704.3
1729.05
1753.8
1778.6
1803.35
1828.1
1852.9
1877.65
1902.4
1927.15
1951.95
1976.7
2001.45
2026.2
2051
2075.75
2100.5
2125.3
2150.05
2174.8
2199.55
2224.35
2249.1
2273.85
2298.65
2323.4
2348.15
2372.9
2397.7
2422.45
2447.2
2471.95
2496.75
2521.5
2546.25
2571.05
2595.8
2620.55
2645.3
2670.1
2694.85
2719.6
2744.4
2769.15
2793.9
2818.65
2843.45
2868.2
2892.95
2917.7
2942.5
2967.25
2992
3016.8
3041.55
3066.3
3091.05
3115.85
3140.6
3165.35
3190.15
3214.9
3239.65
3264.4
3289.2
3313.95
3338.7
3363.45
3388.25
3413
3437.75
3462.55
3487.3
3512.05
3536.8
3561.6
3586.35
3611.1
3635.9
3660.65
3685.4
3710.15
3734.95
3759.7
3784.45
3809.25
3834
3858.75
3883.5
3908.3
3933.05
3957.8
3982.55
4007.35
4032.1
4056.85
4081.65
4106.4
4131.15
4155.9
4180.7
4205.45
-1000
0.05
26
57.15
84.65
111.15
139.6
172.45
204.05
232.35
259.05
286.7
318.4
351
380.1
407.15
434.1
464.4
497.65
527.65
555.15
581.65
610.15
643.1
674.6
702.85
729.55
757.3
789.05
821.65
850.7
877.7
904.8
935.1
968.3
998.25
1025.7
1052.25
1080.9
1113.85
1145.25
1173.45
1200.15
1227.85
1259.85
1292.3
1321.25
1348.25
1375.3
1405.7
1438.9
1468.85
1496.25
1522.8
1551.35
1584.3
1615.7
1643.95
1670.65
1698.4
1730.2
1762.7
1791.7
1818.75
1845.8
1876.15
1909.4
1939.3
1966.75
1993.25
2021.8
2054.7
2086.2
2114.45
2141.1
2168.75
2200.4
2233.05
2262.15
2289.2
2316.2
2346.3
2379.55
2409.65
2437.15
2463.65
2492.05
2524.8
2556.45
2584.85
2611.55
2639.2
2670.85
2703.5
2732.6
2759.7
2786.6
2816.55
2849.85
2880.05
2907.65
2934.15
2962.45
2995.15
3026.9
3055.25
3082.05
3109.7
3141.35
3174
3203.1
3230.15
3257.05
3286.95
3320.25
3350.5
3378.1
3404.6
3432.85
3465.5
3497.35
3525.75
3552.55
3580.15
3611.7
3644.4
3673.6
3700.7
3727.55
3757.45
3790.75
3821
3848.6
3875.15
3903.35
3936.15
3967.9
3996.3
4023.05
4050.7
4082.3
4115.05
4144.15
4171.2
4198.15
4228.2
4261.45
4291.65
4319.2
4345.7
4374.15
4406.9
4438.55
4466.9
4493.65
4521.35
4553.15
4585.75
4614.75
4641.8
4668.75
4698.95
4732.25
4762.3
4789.8
4816.3
4844.7
4877.55
4909.15
4937.45
4964.15
4991.9
