0.05
19.6
43.5
67.4
91.3
115.25
139.15
163.05
187
210.9
234.8
258.7
282.65
306.55
330.45
354.35
378.3
402.2
426.1
450
473.95
497.85
521.75
545.65
569.6
593.5
617.4
641.3
665.25
689.15
713.05
737
760.9
784.8
808.7
832.65
856.55
880.45
904.35
928.3
952.2
976.1
1000
1023.95
1047.85
1071.75
1095.65
1119.6
1143.5
1167.4
1191.3
1215.25
1239.15
1263.05
1287
1310.9
1334.8
1358.7
1382.65
1406.55
1430.45
1454.35
1478.3
1502.2
1526.1
1550
1573.95
1597.85
1621.75
1645.65
1669.6
1693.5
1717.4
1741.35
1765.25
1789.15
1813.05
1837
1860.9
1884.8
1908.7
1932.65
1956.55
1980.45
2004.35
2028.3
2052.2
2076.1
2100
2123.95
2147.85
2171.75
2195.65
2219.6
2243.5
2267.4
2291.35
2315.25
2339.15
2363.05
2387
2410.9
2434.8
2458.7
2482.65
2506.55
2530.45
2554.35
2578.3
2602.2
2626.1
2650
2673.95
2697.85
2721.75
2745.65
2769.6
2793.5
2817.4
2841.35
2865.25
2889.15
2913.05
2937
2960.9
2984.8
3008.7
3032.65
3056.55
3080.45
3104.35
3128.3
3152.2
3176.1
3200
3223.95
3247.85
3271.75
3295.65
3319.6
3343.5
3367.4
3391.35
3415.25
3439.15
3463.05
3487
3510.9
3534.8
3558.7
3582.65
3606.55
3630.45
3654.35
3678.3
3702.2
3726.1
3750
3773.95
3797.85
3821.75
3845.7
3869.6
3893.5
3917.4
3941.35
3965.25
3989.15
-1000
0.05
31.65
62.85
90.6
118.3
150.7
182.15
210
237.3
269.3
301.2
329.3
356.3
387.9
420.1
448.55
475.3
506.15
538.75
567.6
594.35
624.6
657.5
686.8
713.6
743.45
776.45
806
832.95
862.2
895.3
925.2
952.25
981.25
1014.3
1044.45
1071.7
1100.6
1133.65
1163.95
1191.2
1220
1253
1283.4
1310.65
1339.5
1372.5
1402.95
1430.25
1459.1
1492.2
1522.55
1549.85
1578.65
1611.65
1642.05
1669.35
1698.2
1731.2
1761.6
1788.95
1817.8
1850.9
1881.25
1908.55
1937.45
1970.45
2000.8
2028.1
2056.8
2089.8
2120.25
2147.6
2176.45
2209.45
2239.85
2267.2
2296.1
2329.1
2359.45
2386.8
2415.5
2448.5
2478.95
2506.25
2535.05
2568
2598.5
2625.85
2654.7
2687.7
2718.1
2745.45
2774.2
2807.2
2837.65
2865
2893.75
2926.75
2957.2
2984.55
3013.4
3046.5
3076.85
3104.15
3133.05
3166.05
3196.45
3223.75
3252.6
3285.6
3315.95
3343.3
3372.15
3405.25
3435.6
3462.9
3491.8
3524.8
3555.15
3582.45
3611.2
3644.15
3674.6
3701.95
3730.8
3763.8
3794.25
3821.55
3850.4
3883.4
3913.8
3941.1
3969.85
4002.8
4033.3
4060.6
4089.4
4122.35
4152.85
4180.2
4209.05
4242.05
4272.45
4299.8
4328.55
4361.55
4392
4419.35
4448.1
4481.1
4511.55
4538.9
4567.75
4600.85
4631.2
4658.5
4687.45
4720.45
4750.8
4778.1
4806.95
4839.95
4870.35
4897.65
4926.5
4959.6
4989.95
