0.05
21.35
47.25
73.15
99
124.9
150.8
176.7
202.55
228.45
254.35
280.25
306.1
332
357.9
383.75
409.65
435.55
461.45
487.3
513.2
539.1
565
590.85
616.75
642.65
668.55
694.4
720.3
746.2
772.1
797.95
823.85
849.75
875.65
901.5
927.4
953.3
979.2
1005.05
1030.95
1056.85
1082.75
1108.6
1134.5
1160.4
1186.3
1212.15
1238.05
1263.95
1289.85
1315.7
1341.6
1367.5
1393.4
1419.25
1445.15
1471.05
1496.95
1522.8
1548.7
1574.6
1600.5
1626.35
1652.25
1678.15
1704
1729.9
1755.8
1781.7
1807.55
1833.45
1859.35
1885.25
1911.1
1937
1962.9
1988.8
2014.65
2040.55
2066.45
2092.35
2118.2
2144.1
2170
2195.9
2221.75
2247.65
2273.55
2299.45
2325.3
2351.2
2377.1
2403
2428.85
2454.75
2480.65
2506.55
2532.4
2558.3
2584.2
2610.1
2635.95
2661.85
2687.75
2713.65
2739.5
2765.4
2791.3
2817.2
2843.05
2868.95
2894.85
2920.7
2946.6
2972.5
2998.4
3024.25
3050.15
3076.05
3101.95
3127.8
3153.7
3179.6
3205.5
3231.35
3257.25
3283.15
3309.05
3334.9
3360.8
3386.7
3412.6
3438.45
3464.35
3490.25
3516.15
3542
3567.9
3593.8
3619.7
3645.55
3671.45
3697.35
3723.25
3749.1
3775
3800.9
3826.8
3852.65
3878.55
3904.45
3930.35
3956.2
3982.1
4008
4033.9
4059.75
4085.65
4111.55
4137.4
4163.3
4189.2
4215.1
4240.95
4266.85
4292.75
4318.65
4344.5
4370.4
4396.3
4422.2
4448.05
4473.95
4499.85
4525.75
-1000
0.05
28.15
61.1
93.45
122.7
150.35
177.2
203.7
230.25
257.15
284.65
314.7
348.2
379.5
408.1
435.45
462.15
488.65
515.35
542.2
570.05
601.25
634.7
665.15
693.35
720.45
747.1
773.6
800.35
827.4
855.95
888.45
921.2
950.8
978.55
1005.45
1032
1058.55
1085.45
1112.75
1142.3
1175.75
1207.45
1236.3
1263.7
1290.5
1316.95
1343.6
1370.4
1398.05
1428.6
1462.15
1493.1
1521.5
1548.7
1575.4
1601.9
1628.6
1655.55
1683.65
1715.5
1748.65
1778.7
1806.7
1833.75
1860.3
1886.85
1913.7
1940.9
1970
2003.1
2035.25
2064.4
2091.95
2118.8
2145.3
2171.9
2198.8
2226.3
2256.6
2290.15
2321.25
2349.8
2377.05
2403.75
2430.2
2456.9
2483.8
2511.7
2543.05
2576.4
2606.8
2634.9
2662
2688.65
2715.15
2741.9
2768.95
2797.55
2830.1
2862.8
2892.35
2920.15
2947.05
2973.6
3000.15
3027.05
3054.45
3084.25
3117.75
3149.2
3177.95
3205.35
3232.05
3258.6
3285.25
3312.05
3339.85
3370.8
3404.3
3434.95
3463.2
3490.35
3517
3543.45
3570.25
3597.2
3625.6
3657.8
3690.75
3720.55
3748.35
3775.35
3801.9
3828.45
3855.3
3882.55
3911.8
3945.15
3977.05
4006.05
4033.55
4060.35
4086.85
4113.5
4140.35
4167.95
4198.45
4232.05
4262.95
4291.4
4318.65
4345.3
4371.85
4398.55
4425.45
4453.6
4485.45
4518.6
4548.65
4576.65
4603.65
4630.25
4656.75
4683.6
4710.8
4739.9
4773
4805.15
4834.3
4861.85
4888.7
4915.2
4941.8
4968.6
4996.05
