0.05
19.45
43.2
66.95
90.7
114.45
138.2
161.95
185.7
209.45
233.2
256.95
280.7
304.45
328.2
351.95
375.7
399.45
423.2
446.95
470.7
494.45
518.2
541.95
565.7
589.45
613.2
636.95
660.7
684.45
708.2
731.95
755.7
779.45
803.25
827
850.75
874.5
898.25
922
945.75
969.5
993.25
1017
1040.75
1064.5
1088.25
1112
1135.75
1159.5
1183.25
1207
1230.75
1254.5
1278.25
1302
1325.75
1349.5
1373.25
1397
1420.75
1444.5
1468.25
1492
1515.75
1539.5
1563.25
1587
1610.75
1634.5
1658.25
1682
1705.75
1729.5
1753.25
1777
1800.75
1824.5
1848.3
1872.05
1895.8
1919.55
1943.3
1967.05
1990.8
2014.55
2038.3
2062.05
2085.8
2109.55
2133.3
2157.05
2180.8
2204.55
2228.3
2252.05
2275.8
2299.55
2323.3
2347.05
2370.8
2394.55
2418.3
2442.05
2465.8
2489.55
2513.3
2537.05
2560.8
2584.55
2608.3
2632.05
2655.8
2679.55
2703.3
2727.05
2750.8
2774.55
2798.3
2822.05
2845.8
2869.55
2893.35
2917.1
2940.85
2964.6
2988.35
3012.1
3035.85
3059.6
3083.35
3107.1
3130.85
3154.6
3178.35
3202.1
3225.85
3249.6
3273.35
3297.1
3320.85
3344.6
3368.35
3392.1
3415.85
3439.6
3463.35
3487.1
3510.85
3534.6
3558.35
3582.1
3605.85
3629.6
3653.35
3677.1
3700.85
3724.6
3748.35
3772.1
3795.85
3819.6
3843.35
3867.1
3890.85
3914.6
3938.4
3962.15
-1000
0.05
26
56.65
83.55
113.55
146.45
175.7
202.55
232.95
265.75
294.75
321.55
352.25
384.9
413.7
440.5
471.45
503.95
532.6
559.45
590.65
623
651.55
678.4
709.85
742.05
770.45
797.4
829.05
861.15
889.35
916.45
948.4
980.25
1008.3
1035.7
1067.95
1099.45
1127.3
1155.25
1187.95
1218.9
1246.45
1275.35
1308.35
1338.55
1365.65
1395.05
1428.05
1457.8
1484.75
1514.6
1547.55
1576.9
1603.75
1634.05
1666.85
1695.95
1722.75
1753.35
1786.05
1814.95
1841.7
1872.6
1905.2
1933.9
1960.65
1991.8
2024.25
2052.8
2079.7
2111
2143.3
2171.7
2198.65
2230.2
2262.35
2290.6
2317.7
2349.5
2381.4
2409.55
2436.8
2468.95
2500.55
2528.5
2556.2
2588.7
2619.9
2647.6
2676.15
2709.1
2739.55
2766.8
2795.95
2829
2858.9
2885.9
2915.6
2948.65
2978.1
3004.95
3035.1
3068
3097.2
3124
3154.5
3187.2
3216.2
3243
3273.75
3306.35
3335.15
3361.95
3392.95
3425.45
3454.05
3480.9
3512.15
3544.5
3572.95
3599.85
3631.35
3663.5
3691.85
3718.85
3750.6
3782.55
3810.75
3837.95
3869.95
3901.7
3929.7
3957.2
3989.65
4021
4048.75
4077
4109.85
4140.55
4168
4197.05
4230.1
4260.1
4287.15
4316.7
4349.7
4379.3
4406.2
4436.25
4469.15
4498.4
4525.25
4555.6
4588.4
4617.45
4644.2
4674.9
4707.55
4736.4
4763.2
4794.15
4826.65
4855.3
4882.15
4913.35
4945.7
4974.2
