0.05
17.9
39.85
61.85
83.85
105.85
127.85
149.85
171.85
193.85
215.85
237.85
259.85
281.85
303.85
325.8
347.8
369.8
391.8
413.8
435.8
457.8
479.8
501.8
523.8
545.8
567.8
589.8
611.75
633.75
655.75
677.75
699.75
721.75
743.75
765.75
787.75
809.75
831.75
853.75
875.7
897.7
919.7
941.7
963.7
985.7
1007.7
1029.7
1051.7
1073.7
1095.7
1117.7
1139.7
1161.65
1183.65
1205.65
1227.65
1249.65
1271.65
1293.65
1315.65
1337.65
1359.65
1381.65
1403.65
1425.65
1447.6
1469.6
1491.6
1513.6
1535.6
1557.6
1579.6
1601.6
1623.6
1645.6
1667.6
1689.6
1711.55
1733.55
1755.55
1777.55
1799.55
1821.55
1843.55
1865.55
1887.55
1909.55
1931.55
1953.55
1975.55
1997.5
2019.5
2041.5
2063.5
2085.5
2107.5
2129.5
2151.5
2173.5
2195.5
2217.5
2239.5
2261.5
2283.45
2305.45
2327.45
2349.45
2371.45
2393.45
2415.45
2437.45
2459.45
2481.45
2503.45
2525.45
2547.4
2569.4
2591.4
2613.4
2635.4
2657.4
2679.4
2701.4
2723.4
2745.4
2767.4
2789.4
2811.4
2833.35
2855.35
2877.35
2899.35
2921.35
2943.35
2965.35
2987.35
3009.35
3031.35
3053.35
3075.35
3097.35
3119.3
3141.3
3163.3
3185.3
3207.3
3229.3
3251.3
3273.3
3295.3
3317.3
3339.3
3361.3
3383.25
3405.25
3427.25
3449.25
3471.25
3493.25
3515.25
3537.25
3559.25
3581.25
3603.25
-1000
0.05
26
54.85
87.4
115.95
147.2
178.55
206.5
239
268.7
298.15
330.5
358.6
390.35
421.2
449.4
482
511.2
541.75
573.6
601.5
633.75
663.95
692.6
725.2
753.8
785
816.35
844.4
876.95
906.6
936.05
968.35
996.45
1028.2
1059.05
1087.3
1119.9
1149.05
1179.6
1211.45
1239.35
1271.55
1301.8
1330.45
1363
1391.65
1422.9
1454.25
1482.25
1514.7
1544.4
1573.75
1606.1
1634.25
1665.95
1696.85
1725
1757.6
1786.85
1817.2
1849.15
1877.05
1909.2
1939.55
1968.25
2000.85
2029.5
2060.7
2092.1
2120.05
2152.5
2182.25
2211.5
2243.95
2272.1
2303.75
2334.7
2362.85
2395.4
2424.7
2454.95
2486.95
2514.9
2547.1
2577.45
2606
2638.6
2667.3
2698.5
2729.95
2757.9
2790.35
2820.1
2849.3
2881.7
2909.9
2941.5
2972.5
3000.65
3033.25
3062.55
3092.85
3124.85
3152.75
3184.9
3215.25
3243.8
3276.4
3305.15
3336.35
3367.8
3395.75
3428.2
3457.95
3487.15
3519.55
3547.8
3579.4
3610.4
3638.65
3671.25
3700.5
3730.85
3762.8
3790.7
3822.85
3853.2
3881.75
3914.4
3943.1
3974.25
4005.65
4033.65
4066.1
4095.85
4125.05
4157.45
4185.7
4217.4
4248.3
4276.5
4309.05
4338.35
4368.6
4400.6
4428.5
4460.6
4491.05
4519.5
4552.1
4580.9
4612.1
4643.55
4671.5
4703.95
4733.75
4763
4795.45
4823.6
4855.3
4886.25
4914.4
4947
4976.25
