0.05
41.7
89.6
137.5
185.4
233.3
281.2
329.1
377
424.9
472.8
520.7
568.6
616.45
664.35
712.25
760.15
808.05
855.95
903.85
951.75
999.65
1047.55
1095.45
1143.35
1191.25
1239.15
1287.05
1334.95
1382.85
1430.75
1478.6
1526.5
1574.4
1622.3
1670.2
1718.1
1766
1813.9
1861.8
1909.7
1957.6
2005.5
2053.4
2101.3
2149.2
2197.1
2245
2292.85
2340.75
2388.65
2436.55
2484.45
2532.35
2580.25
2628.15
2676.05
2723.95
2771.85
2819.75
2867.65
2915.55
2963.45
3011.35
3059.25
3107.15
3155
3202.9
3250.8
3298.7
3346.6
3394.5
3442.4
3490.3
3538.2
3586.1
3634
3681.9
3729.8
3777.7
3825.6
3873.5
3921.4
3969.3
4017.15
4065.05
4112.95
4160.85
4208.75
4256.65
4304.55
4352.45
4400.35
4448.25
4496.15
4544.05
4591.95
4639.85
4687.75
4735.65
4783.55
4831.4
4879.3
4927.2
4975.1
-1000
0.05
26
61.95
92
118.6
155.05
184.7
212.7
248.85
278.1
307.4
342.8
371.7
402.2
436.45
464.75
496.8
529
556.35
590.65
620.9
647.65
683.75
713.65
740.65
777.1
806.6
835
871
900.15
929.75
964.9
993.65
1024.55
1058.3
1086.4
1119
1150.45
1177.55
1212.5
1242.65
1269.45
1305.8
1335.6
1362.95
1399.3
1428.75
1457.4
1493.25
1522.3
1552.2
1587.1
1615.75
1646.95
1680.3
1708.2
1741.25
1772.2
1799.1
1834.55
1864.65
1891.15
1927.6
1957.3
1985.1
2021.35
2050.65
2079.75
2115.3
2144.25
2174.55
2209.05
2237.45
2269.2
2301.85
2329.4
2363.25
2393.6
2420.4
2456.35
2486.3
2513.1
2549.55
2579.15
2607.35
2643.4
2672.6
2702.1
2737.35
2766.15
2796.9
2830.9
2859.05
2891.4
2923.2
2950.4
2985.1
3015.25
3042.05
3078.3
3108.15
3135.3
3171.65
3201.15
3229.7
