0.05
21.55
47.6
73.7
99.8
125.9
151.95
178.05
204.15
230.2
256.3
282.4
308.5
334.55
360.65
386.75
412.85
438.9
465
491.1
517.2
543.25
569.35
595.45
621.5
647.6
673.7
699.8
725.85
751.95
778.05
804.15
830.2
856.3
882.4
908.5
934.55
960.65
986.75
1012.8
1038.9
1065
1091.1
1117.15
1143.25
1169.35
1195.45
1221.5
1247.6
1273.7
1299.75
1325.85
1351.95
1378.05
1404.1
1430.2
1456.3
1482.4
1508.45
1534.55
1560.65
1586.75
1612.8
1638.9
1665
1691.05
1717.15
1743.25
1769.35
1795.4
1821.5
1847.6
1873.7
1899.75
1925.85
1951.95
1978
2004.1
2030.2
2056.3
2082.35
2108.45
2134.55
2160.65
2186.7
2212.8
2238.9
2265
2291.05
2317.15
2343.25
2369.3
2395.4
2421.5
2447.6
2473.65
2499.75
2525.85
2551.95
2578
2604.1
2630.2
2656.3
2682.35
2708.45
2734.55
2760.6
2786.7
2812.8
2838.9
2864.95
2891.05
2917.15
2943.25
2969.3
2995.4
3021.5
3047.55
3073.65
3099.75
3125.85
3151.9
3178
3204.1
3230.2
3256.25
3282.35
3308.45
3334.55
3360.6
3386.7
3412.8
3438.85
3464.95
3491.05
3517.15
3543.2
3569.3
3595.4
3621.5
3647.55
3673.65
3699.75
3725.8
3751.9
3778
3804.1
3830.15
3856.25
3882.35
3908.45
3934.5
3960.6
3986.7
4012.8
4038.85
4064.95
4091.05
4117.1
4143.2
4169.3
4195.4
4221.45
4247.55
4273.65
4299.75
4325.8
4351.9
4378
4404.05
4430.15
4456.25
4482.35
4508.4
4534.5
4560.6
4586.7
-1000
0.05
26
60
89.3
117.05
144
170.6
197.15
223.7
250.45
277.3
304.75
334.4
367.85
399.7
428.7
456.3
483.2
509.8
536.3
562.9
589.7
616.6
644.3
674.8
708.45
739.6
768.2
795.65
822.45
849
875.5
902.15
929
956
984.05
1015.5
1048.95
1079.4
1107.7
1134.95
1161.7
1188.25
1214.75
1241.4
1268.2
1295.3
1323.65
1355.7
1388.85
1418.95
1447.05
1474.2
1500.9
1527.4
1553.95
1580.65
1607.4
1634.55
1663.1
1695.5
1728.45
1758.3
1786.3
1813.35
1840.05
1866.6
1893.1
1919.8
1946.6
1973.75
2002.5
2035.2
2067.95
2097.6
2125.5
2152.55
2179.25
2205.75
2232.25
2259
2285.8
2313.05
2342
2375
2407.45
2436.9
2464.75
2491.75
2518.4
2544.9
2571.45
2598.25
2625.05
2652.45
2682.05
2715.4
2747.35
2776.45
2804.05
2831
2857.6
2884.1
2910.65
2937.5
2964.4
2992
3022.3
3055.9
3087.2
3115.9
3143.4
3170.25
3196.8
3223.3
3249.95
3276.75
3303.7
3331.65
3362.9
3396.4
3427.05
3455.4
3482.7
3509.45
3536.05
3562.5
3589.15
3616
3643.1
3671.35
3703.35
3736.6
3766.7
3794.8
3822
3848.7
3875.25
3901.75
3928.45
3955.2
3982.35
4010.9
4043.4
4076.3
4106.1
4134.1
4161.2
4187.85
4214.4
4240.9
4267.65
4294.4
4321.7
4350.6
4383.5
4416.05
4445.55
4473.35
4500.4
4527.05
4553.6
4580.15
4606.9
4633.7
4661.1
4690.6
4724.05
4756
4785.1
4812.75
4839.65
4866.25
4892.8
4919.35
4946.15
4973.1
