0.05
20.2
44.8
69.35
93.95
118.55
143.15
167.7
192.3
216.9
241.5
266.05
290.65
315.25
339.85
364.4
389
413.6
438.2
462.75
487.35
511.95
536.55
561.1
585.7
610.3
634.9
659.45
684.05
708.65
733.25
757.85
782.4
807
831.6
856.2
880.75
905.35
929.95
954.55
979.1
1003.7
1028.3
1052.9
1077.45
1102.05
1126.65
1151.25
1175.8
1200.4
1225
1249.6
1274.15
1298.75
1323.35
1347.95
1372.55
1397.1
1421.7
1446.3
1470.9
1495.45
1520.05
1544.65
1569.25
1593.8
1618.4
1643
1667.6
1692.15
1716.75
1741.35
1765.95
1790.5
1815.1
1839.7
1864.3
1888.85
1913.45
1938.05
1962.65
1987.2
2011.8
2036.4
2061
2085.6
2110.15
2134.75
2159.35
2183.95
2208.5
2233.1
2257.7
2282.3
2306.85
2331.45
2356.05
2380.65
2405.2
2429.8
2454.4
2479
2503.55
2528.15
2552.75
2577.35
2601.9
2626.5
2651.1
2675.7
2700.3
2724.85
2749.45
2774.05
2798.65
2823.2
2847.8
2872.4
2897
2921.55
2946.15
2970.75
2995.35
3019.9
3044.5
3069.1
3093.7
3118.25
3142.85
3167.45
3192.05
3216.6
3241.2
3265.8
3290.4
3314.95
3339.55
3364.15
3388.75
3413.35
3437.9
3462.5
3487.1
3511.7
3536.25
3560.85
3585.45
3610.05
3634.6
3659.2
3683.8
3708.4
3732.95
3757.55
3782.15
3806.75
3831.3
3855.9
3880.5
3905.1
3929.65
3954.25
3978.85
4003.45
4028.05
4052.6
4077.2
4101.8
4126.4
4150.95
-1000
0.05
26
55.95
82.9
110.45
142.05
174.65
203.6
230.55
258.35
290.3
322.6
351.35
378.2
406.05
438.2
470.35
499
525.8
553.7
585.95
618.05
646.6
673.4
701.3
733.6
765.65
794.15
820.9
848.85
881.25
913.2
941.75
968.45
996.35
1028.65
1060.7
1089.2
1115.95
1143.9
1176.15
1208.2
1236.75
1263.5
1291.5
1323.85
1355.85
1384.35
1411.05
1438.95
1471.3
1503.35
1531.85
1558.6
1586.6
1618.95
1650.9
1679.4
1706.1
1734
1766.35
1798.35
1826.9
1853.65
1881.55
1913.85
1945.9
1974.4
2001.15
2029.1
2061.45
2093.45
2121.95
2148.7
2176.6
2209.05
2241
2269.5
2296.25
2324.1
2356.4
2388.45
2416.95
2443.7
2471.65
2503.9
2535.95
2564.5
2591.25
2619.25
2651.6
2683.6
2712.1
2738.8
2766.75
2799.1
2831.1
2859.6
2886.35
2914.35
2946.7
2978.65
3007.15
3033.85
3061.75
3094.1
3126.15
3154.65
3181.4
3209.3
3241.65
3273.65
3302.15
3328.9
3356.85
3389.2
3421.2
3449.7
3476.45
3504.35
3536.8
3568.75
3597.25
3624
3651.85
3684.15
3716.2
3744.7
3771.45
3799.4
3831.65
3863.7
3892.25
3919
3947
3979.35
4011.35
4039.85
4066.55
4094.5
4126.85
4158.85
4187.35
4214.1
4242.1
4274.45
4306.4
4334.9
4361.6
4389.5
4421.85
4453.9
4482.4
4509.15
4537.05
4569.4
4601.4
4629.9
4656.65
4684.6
4716.95
4748.95
4777.45
4804.2
4832.1
4864.55
4896.5
4925
4951.75
4979.6
