0.05
25.2
55.35
85.5
115.65
145.8
176
206.15
236.3
266.45
296.6
326.75
356.9
387.05
417.2
447.35
477.5
507.65
537.8
567.95
598.1
628.25
658.4
688.6
718.75
748.9
779.05
809.2
839.35
869.5
899.65
929.8
959.95
990.1
1020.25
1050.4
1080.55
1110.7
1140.85
1171
1201.2
1231.35
1261.5
1291.65
1321.8
1351.95
1382.1
1412.25
1442.4
1472.55
1502.7
1532.85
1563
1593.15
1623.3
1653.45
1683.65
1713.8
1743.95
1774.1
1804.25
1834.4
1864.55
1894.7
1924.85
1955
1985.15
2015.3
2045.45
2075.6
2105.75
2135.9
2166.05
2196.25
2226.4
2256.55
2286.7
2316.85
2347
2377.15
2407.3
2437.45
2467.6
2497.75
2527.9
2558.05
2588.2
2618.35
2648.5
2678.7
2708.85
2739
2769.15
2799.3
2829.45
2859.6
2889.75
2919.9
2950.05
2980.2
3010.35
3040.5
3070.65
3100.8
3130.95
3161.1
3191.3
3221.45
3251.6
3281.75
3311.9
3342.05
3372.2
3402.35
3432.5
3462.65
3492.8
3522.95
3553.1
3583.25
3613.4
3643.55
3673.75
3703.9
3734.05
3764.2
3794.35
3824.5
3854.65
3884.8
3914.95
3945.1
3975.25
4005.4
4035.55
4065.7
4095.85
4126
4156.15
4186.35
4216.5
4246.65
4276.8
4306.95
4337.1
4367.25
4397.4
4427.55
4457.7
4487.85
4518
4548.15
4578.3
4608.45
4638.6
4668.8
4698.95
4729.1
4759.25
4789.4
4819.55
4849.7
4879.85
4910
4940.15
4970.3
-1000
0.05
26
59.85
91.3
122.05
152.5
182.8
213
243.2
273.4
303.55
333.75
363.9
394.05
424.2
454.35
484.5
514.65
544.8
574.95
605.1
635.25
665.4
695.55
725.7
755.85
786
816.2
846.35
876.5
906.65
936.8
966.95
997.1
1027.25
1057.4
1087.55
1117.7
1147.85
1178
1208.15
1238.3
1268.45
1298.65
1328.8
1358.95
1389.1
1419.25
1449.4
1479.55
1509.7
1539.85
1570
1600.15
1630.3
1660.45
1690.6
1720.75
1750.9
1781.05
1811.25
1841.4
1871.55
1901.7
1931.85
1962
1992.15
2022.3
2052.45
2082.6
2112.75
2142.9
2173.05
2203.2
2233.35
2263.5
2293.65
2323.85
2354
2384.15
2414.3
2444.45
2474.6
2504.75
2534.9
2565.05
2595.2
2625.35
2655.5
2685.65
2715.8
2745.95
2776.1
2806.3
2836.45
2866.6
2896.75
2926.9
2957.05
2987.2
3017.35
3047.5
3077.65
3107.8
3137.95
3168.1
3198.25
3228.4
3258.55
3288.7
3318.9
3349.05
3379.2
3409.35
3439.5
3469.65
3499.8
3529.95
3560.1
3590.25
3620.4
3650.55
3680.7
3710.85
3741
3771.15
3801.35
3831.5
3861.65
3891.8
3921.95
3952.1
3982.25
4012.4
4042.55
4072.7
4102.85
4133
4163.15
4193.3
4223.45
4253.6
4283.75
4313.95
4344.1
4374.25
4404.4
4434.55
4464.7
4494.85
4525
4555.15
4585.3
4615.45
4645.6
4675.75
4705.9
4736.05
4766.2
4796.4
4826.55
4856.7
4886.85
4917
4947.15
4977.3
