0.05
17.4
38.9
60.35
81.85
103.35
124.8
146.3
167.75
189.25
210.7
232.2
253.65
275.15
296.65
318.1
339.6
361.05
382.55
404
425.5
447
468.45
489.95
511.4
532.9
554.35
575.85
597.3
618.8
640.3
661.75
683.25
704.7
726.2
747.65
769.15
790.6
812.1
833.6
855.05
876.55
898
919.5
940.95
962.45
983.9
1005.4
1026.9
1048.35
1069.85
1091.3
1112.8
1134.25
1155.75
1177.2
1198.7
1220.2
1241.65
1263.15
1284.6
1306.1
1327.55
1349.05
1370.5
1392
1413.5
1434.95
1456.45
1477.9
1499.4
1520.85
1542.35
1563.8
1585.3
1606.8
1628.25
1649.75
1671.2
1692.7
1714.15
1735.65
1757.1
1778.6
1800.1
1821.55
1843.05
1864.5
1886
1907.45
1928.95
1950.4
1971.9
1993.4
2014.85
2036.35
2057.8
2079.3
2100.75
2122.25
2143.75
2165.2
2186.7
2208.15
2229.65
2251.1
2272.6
2294.05
2315.55
2337.05
2358.5
2380
2401.45
2422.95
2444.4
2465.9
2487.35
2508.85
2530.35
2551.8
2573.3
2594.75
2616.25
2637.7
2659.2
2680.65
2702.15
2723.65
2745.1
2766.6
2788.05
2809.55
2831
2852.5
2873.95
2895.45
2916.95
2938.4
2959.9
2981.35
3002.85
3024.3
3045.8
3067.25
3088.75
3110.25
3131.7
3153.2
3174.65
3196.15
3217.6
3239.1
3260.55
3282.05
3303.55
3325
3346.5
3367.95
3389.45
3410.9
3432.4
3453.85
3475.35
3496.85
-1000
0.05
31.7
61.5
92.05
123.55
152.2
184.65
213.3
245.15
275.5
305.2
337.2
365.55
398
427.25
458.8
489.65
518.7
551
579.3
611.55
641.35
671.8
703.35
731.95
764.4
793.1
824.9
855.35
885
917
945.35
977.8
1007.1
1038.7
1069.55
1098.6
1130.9
1159.2
1191.45
1221.25
1251.65
1283.25
1311.85
1344.3
1373
1404.8
1435.25
1464.9
1496.9
1525.25
1557.7
1587
1618.6
1649.45
1678.5
1710.8
1739.1
1771.35
1801.15
1831.55
1863.15
1891.7
1924.2
1952.85
1984.7
2015.15
2044.6
2076.7
2105.05
2137.45
2166.8
2198.35
2229.25
2258.35
2290.7
2319
2351.3
2381.1
2411.5
2443.05
2471.65
2504.1
2532.8
2564.55
2595.05
2624.5
2656.6
2684.95
2717.35
2746.7
2778.25
2809.15
2838.25
2870.6
2898.9
2931.2
2961
2991.45
3023
3051.55
3084.05
3112.7
3144.5
3174.95
3204.45
3236.5
3264.85
3297.25
3326.6
3358.2
3389.1
3418.2
3450.5
3478.8
3511.15
3540.9
3571.4
3602.9
3631.5
3664
3692.65
3724.45
3754.9
3784.4
3816.45
3844.8
3877.2
3906.55
3938
3968.95
3998.05
4030.35
4058.65
4091
4120.75
4151.2
4182.75
4211.35
4243.9
4272.55
4304.35
4334.8
4364.3
4396.35
4424.7
4457.05
4486.45
4517.85
4548.8
4577.9
4610.25
4638.55
4670.85
4700.65
4731.05
4762.65
4791.2
4823.75
4852.4
4884.2
4914.65
4944.15
4976.2
