0.05
62.85
132.8
202.75
272.7
342.65
412.6
482.55
552.5
622.45
692.4
762.35
832.3
902.25
972.2
1042.15
1112.1
1182.1
1252.05
1322
1391.95
1461.9
1531.85
1601.8
1671.75
1741.7
1811.65
1881.6
1951.55
2021.5
2091.45
2161.4
2231.35
2301.3
2371.25
2441.2
2511.15
2581.1
2651.05
2721
2790.95
2860.9
2930.85
3000.85
3070.8
3140.75
3210.7
3280.65
3350.6
3420.55
3490.5
3560.45
3630.4
3700.35
3770.3
3840.25
3910.2
3980.15
4050.1
4120.05
4190
4259.95
4329.9
4399.85
4469.8
4539.75
4609.7
4679.65
4749.6
4819.55
4889.55
4959.5
-1000
0.05
26
57.05
90.1
120.45
156.6
186.6
223.35
252.8
286.6
314.4
345.3
373.7
404.25
438.65
468.9
505.45
535.3
571.75
600.95
632.5
659.4
690.2
721.25
751.7
787.2
817.3
854.1
883.75
919.35
948.05
979
1005.55
1036.25
1069.35
1099.7
1135.9
1165.85
1202.6
1232.05
1265.65
1293.35
1324.25
1352.85
1383.4
1417.9
1448.15
1484.7
1514.55
1550.95
1580.15
1611.55
1638.4
1669.2
1700.45
1730.9
1766.45
1796.55
1833.35
1863
1898.45
1927.1
1958.05
1984.65
2015.35
2048.6
2078.9
2115.15
2145.1
2181.8
2211.25
2244.75
