0.05
18
40.15
62.25
84.4
106.5
128.65
150.8
172.9
195.05
217.15
239.3
261.45
283.55
305.7
327.8
349.95
372.1
394.2
416.35
438.45
460.6
482.75
504.85
527
549.15
571.25
593.4
615.5
637.65
659.8
681.9
704.05
726.15
748.3
770.45
792.55
814.7
836.8
858.95
881.1
903.2
925.35
947.45
969.6
991.75
1013.85
1036
1058.1
1080.25
1102.4
1124.5
1146.65
1168.8
1190.9
1213.05
1235.15
1257.3
1279.45
1301.55
1323.7
1345.8
1367.95
1390.1
1412.2
1434.35
1456.45
1478.6
1500.75
1522.85
1545
1567.1
1589.25
1611.4
1633.5
1655.65
1677.75
1699.9
1722.05
1744.15
1766.3
1788.45
1810.55
1832.7
1854.8
1876.95
1899.1
1921.2
1943.35
1965.45
1987.6
2009.75
2031.85
2054
2076.1
2098.25
2120.4
2142.5
2164.65
2186.75
2208.9
2231.05
2253.15
2275.3
2297.4
2319.55
2341.7
2363.8
2385.95
2408.1
2430.2
2452.35
2474.45
2496.6
2518.75
2540.85
2563
2585.1
2607.25
2629.4
2651.5
2673.65
2695.75
2717.9
2740.05
2762.15
2784.3
2806.4
2828.55
2850.7
2872.8
2894.95
2917.05
2939.2
2961.35
2983.45
3005.6
3027.75
3049.85
3072
3094.1
3116.25
3138.4
3160.5
3182.65
3204.75
3226.9
3249.05
3271.15
3293.3
3315.4
3337.55
3359.7
3381.8
3403.95
3426.05
3448.2
3470.35
3492.45
3514.6
3536.7
3558.85
3581
3603.1
3625.25
-1000
0.05
26
54.25
86.6
116.7
145.2
177.9
206.7
237.7
269.4
297.2
329.35
359.75
388.1
420.7
449.85
480.2
512.2
540.1
572.1
602.8
630.9
663.55
692.95
722.45
754.8
782.95
814.4
845.6
873.5
906.05
935.85
964.7
997.25
1025.8
1056.9
1088.45
1116.25
1148.5
1178.8
1207.05
1239.7
1268.75
1299.4
1331.25
1359.15
1391.15
1421.8
1449.9
1482.55
1511.85
1541.55
1573.85
1601.9
1633.65
1664.65
1692.6
1725.15
1754.85
1783.85
1816.4
1844.85
1876
1907.45
1935.25
1967.55
1997.75
2026.25
2058.85
2087.75
2118.7
2150.45
2178.25
2210.4
2240.85
2269.05
2301.65
2330.85
2360.95
2393.05
2421
2452.75
2483.7
2511.65
2544.3
2573.85
2603.1
2635.55
2663.8
2695.1
2726.45
2754.35
2786.7
2816.75
2845.3
2878
2906.7
2937.8
2969.45
2997.25
3029.5
3059.85
3088.15
3120.75
3149.8
3180.35
3212.3
3240.15
3272.2
3302.85
3331
3363.6
3392.95
3422.7
3454.95
3483
3514.6
3545.7
3573.6
3606.1
3635.85
3664.8
3697.3
3725.85
3756.95
3788.5
3816.3
3848.6
3878.8
3907.15
3939.8
3968.75
3999.6
4031.35
4059.2
4091.35
4121.85
4150.05
4182.65
4211.9
4241.9
4274.05
4302
4333.75
4364.7
4392.7
4425.25
4454.85
4484
4516.5
4544.85
4576.1
4607.5
4635.3
4667.65
4697.7
4726.35
4758.95
4787.75
4818.75
4850.45
4878.25
4910.55
4940.85
4969.2
