0.05
49.8
106.2
162.55
218.95
275.35
331.75
388.15
444.55
500.95
557.35
613.7
670.1
726.5
782.9
839.3
895.7
952.1
1008.45
1064.85
1121.25
1177.65
1234.05
1290.45
1346.85
1403.2
1459.6
1516
1572.4
1628.8
1685.2
1741.6
1798
1854.35
1910.75
1967.15
2023.55
2079.95
2136.35
2192.75
2249.1
2305.5
2361.9
2418.3
2474.7
2531.1
2587.5
2643.9
2700.25
2756.65
2813.05
2869.45
2925.85
2982.25
3038.65
3095
3151.4
3207.8
3264.2
3320.6
3377
3433.4
3489.75
3546.15
3602.55
3658.95
3715.35
3771.75
3828.15
3884.55
3940.9
3997.3
4053.7
4110.1
4166.5
4222.9
4279.3
4335.65
4392.05
4448.45
4504.85
4561.25
4617.65
4674.05
4730.4
4786.8
4843.2
4899.6
4956
-1000
0.05
26
57.05
83.7
114.45
141.2
172.4
199.25
232.95
260.8
297.45
327.15
359.55
389.9
418.75
449.3
476.6
507.25
533.9
564.6
591.25
621.95
648.7
679.9
706.75
740.25
768.05
804.7
834.4
866.95
897.3
926.25
956.8
984.1
1014.75
1041.4
1072.1
1098.75
1129.45
1156.2
1187.35
1214.2
1247.6
1275.3
1311.95
1341.6
1374.35
1404.7
1433.7
1464.25
1491.6
1522.25
1548.9
1579.6
1606.2
1636.9
1663.65
1694.75
1721.55
1754.65
1782.25
1818.9
1848.4
1881.55
1911.85
1941.05
1971.6
1999.05
2029.7
2056.4
2087.05
2113.65
2144.35
2171.15
2202.15
2228.95
2261.9
2289.4
2326
2355.45
2388.85
2419.15
2448.5
2479.05
2506.55
2537.15
2563.9
2594.55
2621.15
