0.05
20.5
45.45
70.4
95.35
120.3
145.2
170.15
195.1
220.05
245
269.95
294.9
319.8
344.75
369.7
394.65
419.6
444.55
469.5
494.4
519.35
544.3
569.25
594.2
619.15
644.1
669
693.95
718.9
743.85
768.8
793.75
818.7
843.65
868.55
893.5
918.45
943.4
968.35
993.3
1018.25
1043.15
1068.1
1093.05
1118
1142.95
1167.9
1192.85
1217.75
1242.7
1267.65
1292.6
1317.55
1342.5
1367.45
1392.35
1417.3
1442.25
1467.2
1492.15
1517.1
1542.05
1566.95
1591.9
1616.85
1641.8
1666.75
1691.7
1716.65
1741.55
1766.5
1791.45
1816.4
1841.35
1866.3
1891.25
1916.15
1941.1
1966.05
1991
2015.95
2040.9
2065.85
2090.75
2115.7
2140.65
2165.6
2190.55
2215.5
2240.45
2265.4
2290.3
2315.25
2340.2
2365.15
2390.1
2415.05
2440
2464.9
2489.85
2514.8
2539.75
2564.7
2589.65
2614.6
2639.5
2664.45
2689.4
2714.35
2739.3
2764.25
2789.2
2814.1
2839.05
2864
2888.95
2913.9
2938.85
2963.8
2988.7
3013.65
3038.6
3063.55
3088.5
3113.45
3138.4
3163.3
3188.25
3213.2
3238.15
3263.1
3288.05
3313
3337.9
3362.85
3387.8
3412.75
3437.7
3462.65
3487.6
3512.55
3537.45
3562.4
3587.35
3612.3
3637.25
3662.2
3687.15
3712.05
3737
3761.95
3786.9
3811.85
3836.8
3861.75
3886.65
3911.6
3936.55
3961.5
3986.45
4011.4
4036.35
4061.25
4086.2
4111.15
4136.1
4161.05
4186
4210.95
4235.85
-1000
0.05
26
57.2
84.85
111.4
139
170.5
203.35
232.65
259.9
286.4
314.65
347.15
379.2
407.9
434.9
461.65
491
524.2
555.2
583.2
609.9
637.35
668.35
701.45
731.15
758.55
785.05
812.8
844.9
877.35
906.4
933.5
960.1
988.6
1021.5
1053.2
1081.65
1108.5
1135.5
1165.35
1198.7
1229.2
1256.95
1283.55
1311.05
1342.3
1375.3
1404.8
1432.1
1458.6
1486.55
1518.75
1551.15
1580
1607.05
1633.7
1662.5
1695.55
1727
1755.25
1782.05
1809.25
1839.5
1872.8
1903
1930.6
1957.1
1984.65
2016.1
2049
2078.4
2105.6
2132.15
2160.2
2192.6
2224.8
2253.6
2280.6
2307.35
2336.35
2369.55
2400.75
2428.9
2455.6
2482.95
2513.65
2546.85
2576.75
2604.25
2630.75
2658.4
2690.15
2722.85
2752.05
2779.25
2805.8
2834.05
2866.75
2898.65
2927.25
2954.2
2981.1
3010.55
3043.85
3074.65
3102.6
3129.25
3156.75
3187.9
3220.9
3250.5
3277.85
3304.35
3332.3
3364.5
3396.85
3425.8
3452.85
3479.5
3508.3
3541.35
3572.75
3601.05
3627.85
3655
3685.3
3718.65
3748.75
3776.4
3802.95
3830.45
3861.95
3894.85
3924.2
3951.45
3977.95
4006.05
4038.45
4070.65
4099.4
4126.4
4153.15
4182.2
4215.35
4246.55
4274.7
4301.4
4328.75
4359.45
4392.65
4422.5
4450
4476.5
4504.15
4535.9
4568.6
4597.8
4625
4651.5
4679.8
4712.45
4744.4
4773
4799.95
4826.8
4856.2
4889.5
4920.35
4948.35
4974.95
