0.05
23.55
51.85
80.15
108.45
136.75
165.05
193.35
221.65
249.95
278.3
306.6
334.9
363.2
391.5
419.8
448.1
476.4
504.7
533
561.35
589.65
617.95
646.25
674.55
702.85
731.15
759.45
787.75
816.05
844.4
872.7
901
929.3
957.6
985.9
1014.2
1042.5
1070.8
1099.1
1127.45
1155.75
1184.05
1212.35
1240.65
1268.95
1297.25
1325.55
1353.85
1382.15
1410.5
1438.8
1467.1
1495.4
1523.7
1552
1580.3
1608.6
1636.9
1665.2
1693.5
1721.85
1750.15
1778.45
1806.75
1835.05
1863.35
1891.65
1919.95
1948.25
1976.55
2004.9
2033.2
2061.5
2089.8
2118.1
2146.4
2174.7
2203
2231.3
2259.6
2287.95
2316.25
2344.55
2372.85
2401.15
2429.45
2457.75
2486.05
2514.35
2542.65
2571
2599.3
2627.6
2655.9
2684.2
2712.5
2740.8
2769.1
2797.4
2825.7
2854.05
2882.35
2910.65
2938.95
2967.25
2995.55
3023.85
3052.15
3080.45
3108.75
3137.1
3165.4
3193.7
3222
3250.3
3278.6
3306.9
3335.2
3363.5
3391.8
3420.15
3448.45
3476.75
3505.05
3533.35
3561.65
3589.95
3618.25
3646.55
3674.85
3703.15
3731.5
3759.8
3788.1
3816.4
3844.7
3873
3901.3
3929.6
3957.9
3986.2
4014.55
4042.85
4071.15
4099.45
4127.75
4156.05
4184.35
4212.65
4240.95
4269.25
4297.6
4325.9
4354.2
4382.5
4410.8
4439.1
4467.4
4495.7
4524
4552.3
4580.65
4608.95
4637.25
4665.55
4693.85
4722.15
4750.45
4778.75
4807.05
4835.35
4863.7
4892
4920.3
4948.6
4976.9
-1000
0.05
26
60
90.55
119.9
148.75
177.3
205.7
234.1
262.4
290.75
319.05
347.35
375.7
404
432.3
460.6
488.9
517.2
545.5
573.8
602.1
630.45
658.75
687.05
715.35
743.65
771.95
800.25
828.55
856.85
885.15
913.5
941.8
970.1
998.4
1026.7
1055
1083.3
1111.6
1139.9
1168.2
1196.5
1224.8
1253.15
1281.45
1309.75
1338.05
1366.35
1394.65
1422.95
1451.25
1479.55
1507.9
1536.2
1564.5
1592.8
1621.1
1649.4
1677.7
1706
1734.3
1762.6
1790.95
1819.25
1847.55
1875.85
1904.15
1932.45
1960.75
1989.05
2017.35
2045.65
2074
2102.3
2130.6
2158.9
2187.2
2215.5
2243.8
2272.1
2300.4
2328.7
2357.05
2385.35
2413.65
2441.95
2470.25
2498.55
2526.85
2555.15
2583.45
2611.75
2640.1
2668.4
2696.7
2725
2753.3
2781.6
2809.9
2838.2
2866.5
2894.8
2923.15
2951.45
2979.75
3008.05
3036.35
3064.65
3092.95
3121.25
3149.55
3177.85
3206.15
3234.45
3262.8
3291.1
3319.4
3347.7
3376
3404.3
3432.6
3460.9
3489.2
3517.55
3545.85
3574.15
3602.45
3630.75
3659.05
3687.35
3715.65
3743.95
3772.25
3800.6
3828.9
3857.2
3885.5
3913.8
3942.1
3970.4
3998.7
4027
4055.3
4083.65
4111.95
4140.25
4168.55
4196.85
4225.15
4253.45
4281.75
4310.05
4338.35
4366.7
4395
4423.3
4451.6
4479.9
4508.2
4536.5
4564.8
4593.1
4621.4
4649.75
4678.05
4706.35
4734.65
4762.95
4791.25
4819.55
4847.85
4876.15
4904.45
4932.75
4961.05
4989.4
