0.05
20.35
45.1
69.85
94.65
119.4
144.15
168.95
193.7
218.45
243.2
268
292.75
317.5
342.3
367.05
391.8
416.55
441.35
466.1
490.85
515.6
540.4
565.15
589.9
614.7
639.45
664.2
688.95
713.75
738.5
763.25
788.05
812.8
837.55
862.3
887.1
911.85
936.6
961.35
986.15
1010.9
1035.65
1060.45
1085.2
1109.95
1134.7
1159.5
1184.25
1209
1233.8
1258.55
1283.3
1308.05
1332.85
1357.6
1382.35
1407.1
1431.9
1456.65
1481.4
1506.2
1530.95
1555.7
1580.45
1605.25
1630
1654.75
1679.55
1704.3
1729.05
1753.8
1778.6
1803.35
1828.1
1852.9
1877.65
1902.4
1927.15
1951.95
1976.7
2001.45
2026.2
2051
2075.75
2100.5
2125.3
2150.05
2174.8
2199.55
2224.35
2249.1
2273.85
2298.65
2323.4
2348.15
2372.9
2397.7
2422.45
2447.2
2471.95
2496.75
2521.5
2546.25
2571.05
2595.8
2620.55
2645.3
2670.1
2694.85
2719.6
2744.4
2769.15
2793.9
2818.65
2843.45
2868.2
2892.95
2917.7
2942.5
2967.25
2992
3016.8
3041.55
3066.3
3091.05
3115.85
3140.6
3165.35
3190.15
3214.9
3239.65
3264.4
3289.2
3313.95
3338.7
3363.45
3388.25
3413
3437.75
3462.55
3487.3
3512.05
3536.8
3561.6
3586.35
3611.1
3635.9
3660.65
3685.4
3710.15
3734.95
3759.7
3784.45
3809.25
3834
3858.75
3883.5
3908.3
3933.05
3957.8
3982.55
4007.35
4032.1
4056.85
4081.65
4106.4
4131.15
4155.9
4180.7
4205.45
-1000
0.05
26
53.85
80.35
108.8
141.65
173.2
201.5
228.25
255.95
287.7
320.3
349.35
376.35
403.25
433.35
466.65
496.8
524.35
550.85
579.2
612
643.65
672
698.75
726.4
758.05
790.7
819.8
846.85
873.8
904.05
937.25
967.35
994.85
1021.4
1049.8
1082.7
1114.3
1142.6
1169.3
1197
1228.75
1261.35
1290.4
1317.45
1344.45
1374.7
1407.95
1437.95
1465.45
1491.95
1520.55
1553.45
1584.9
1613.15
1639.85
1667.55
1699.5
1732
1760.95
1787.95
1815
1845.35
1878.55
1908.55
1936
1962.5
1991
2023.95
2055.4
2083.65
2110.35
2138.1
2169.85
2202.4
2231.45
2258.45
2285.5
2315.95
2349.1
2379.05
2406.5
2433
2461.5
2494.45
2525.95
2554.2
2580.85
2608.45
2640.15
2672.8
2701.9
2728.95
2755.95
2786
2819.3
2849.4
2876.9
2903.4
2931.8
2964.55
2996.2
3024.55
3051.3
3078.95
3110.6
3143.25
3172.35
3199.45
3226.3
3256.3
3289.6
3319.8
3347.4
3373.9
3402.2
3434.9
3466.65
3495.05
3521.8
3549.45
3581.1
3613.75
3642.85
3669.9
3696.8
3726.7
3760
3790.25
3817.85
3844.35
3872.6
3905.25
3937.1
3965.55
3992.3
4019.9
4051.45
4084.15
4113.35
4140.45
4167.3
4197.25
4230.5
4260.75
4288.35
4314.85
4343.1
4375.85
4407.6
4436.05
4462.8
4490.45
4522.05
4554.75
4583.9
4610.95
4637.9
4667.9
4701.15
4731.35
4758.95
4785.45
4813.85
4846.6
4878.25
4906.65
4933.4
4961.05
4992.9
