0.05
18.25
40.65
63.05
85.45
107.85
130.25
152.65
175.1
197.5
219.9
242.3
264.7
287.1
309.5
331.9
354.3
376.7
399.15
421.55
443.95
466.35
488.75
511.15
533.55
555.95
578.35
600.75
623.2
645.6
668
690.4
712.8
735.2
757.6
780
802.4
824.8
847.25
869.65
892.05
914.45
936.85
959.25
981.65
1004.05
1026.45
1048.85
1071.3
1093.7
1116.1
1138.5
1160.9
1183.3
1205.7
1228.1
1250.5
1272.9
1295.35
1317.75
1340.15
1362.55
1384.95
1407.35
1429.75
1452.15
1474.55
1496.95
1519.4
1541.8
1564.2
1586.6
1609
1631.4
1653.8
1676.2
1698.6
1721
1743.45
1765.85
1788.25
1810.65
1833.05
1855.45
1877.85
1900.25
1922.65
1945.05
1967.5
1989.9
2012.3
2034.7
2057.1
2079.5
2101.9
2124.3
2146.7
2169.1
2191.55
2213.95
2236.35
2258.75
2281.15
2303.55
2325.95
2348.35
2370.75
2393.2
2415.6
2438
2460.4
2482.8
2505.2
2527.6
2550
2572.4
2594.8
2617.25
2639.65
2662.05
2684.45
2706.85
2729.25
2751.65
2774.05
2796.45
2818.85
2841.3
2863.7
2886.1
2908.5
2930.9
2953.3
2975.7
2998.1
3020.5
3042.9
3065.35
3087.75
3110.15
3132.55
3154.95
3177.35
3199.75
3222.15
3244.55
3266.95
3289.4
3311.8
3334.2
3356.6
3379
3401.4
3423.8
3446.2
3468.6
3491
3513.45
3535.85
3558.25
3580.65
3603.05
3625.45
3647.85
3670.25
3692.65
-1000
0.05
26
55.95
85.8
118.2
146.4
177.35
209.15
236.85
268.5
299.7
327.35
359.5
390.1
417.85
450.4
480.45
508.5
541.15
570.65
599.25
631.95
660.9
690.7
723.1
751.3
782.25
814.05
841.75
873.55
904.7
932.35
964.55
995.1
1022.85
1055.35
1085.35
1113.4
1146.05
1175.55
1204.15
1236.85
1265.8
1295.65
1328.1
1356.25
1387.15
1419
1446.7
1478.4
1509.55
1537.2
1569.45
1600
1627.75
1660.25
1690.3
1718.35
1751
1780.5
1809
1841.7
1870.7
1900.4
1932.85
1961.1
1992.1
2023.9
2051.65
2083.3
2114.5
2142.1
2174.3
2204.9
2232.55
2265
2295.1
2323.1
2355.75
2385.35
2413.8
2446.6
2475.6
2505.25
2537.7
2566
2596.9
2628.75
2656.5
2688.05
2719.35
2746.95
2779.05
2809.75
2837.45
2870
2900.1
2928.1
2960.75
2990.3
3018.8
3051.5
3080.55
3110.2
3142.65
3170.95
3201.8
3233.7
3261.45
3293.05
3324.35
3351.9
3384
3414.7
3442.4
3474.85
3505
3533
3565.7
3595.25
3623.75
3656.45
3685.5
3715.15
3747.55
3775.9
3806.65
3838.55
3866.3
3897.9
3929.2
3956.8
3989
4019.65
4047.4
4079.85
4109.95
4137.95
4170.6
4200.15
4228.65
4261.35
4290.4
4319.95
4352.45
4380.8
4411.65
4443.55
4471.25
4502.85
4534.15
4561.75
4593.9
4624.55
4652.3
4684.8
4714.9
4742.9
4775.55
4805.1
4833.6
4866.3
4895.35
4924.9
4957.35
4985.7
