0.05
29.55
64.45
99.35
134.25
169.15
204.1
239
273.9
308.8
343.7
378.6
413.5
448.4
483.3
518.2
553.1
588
622.9
657.8
692.7
727.65
762.55
797.45
832.35
867.25
902.15
937.05
971.95
1006.85
1041.75
1076.65
1111.55
1146.45
1181.35
1216.25
1251.15
1286.1
1321
1355.9
1390.8
1425.7
1460.6
1495.5
1530.4
1565.3
1600.2
1635.1
1670
1704.9
1739.8
1774.7
1809.6
1844.55
1879.45
1914.35
1949.25
1984.15
2019.05
2053.95
2088.85
2123.75
2158.65
2193.55
2228.45
2263.35
2298.25
2333.15
2368.1
2403
2437.9
2472.8
2507.7
2542.6
2577.5
2612.4
2647.3
2682.2
2717.1
2752
2786.9
2821.8
2856.7
2891.6
2926.55
2961.45
2996.35
3031.25
3066.15
3101.05
3135.95
3170.85
3205.75
3240.65
3275.55
3310.45
3345.35
3380.25
3415.15
3450.05
3485
3519.9
3554.8
3589.7
3624.6
3659.5
3694.4
3729.3
3764.2
3799.1
3834
3868.9
3903.8
3938.7
3973.6
4008.55
4043.45
4078.35
4113.25
4148.15
4183.05
4217.95
4252.85
4287.75
4322.65
4357.55
4392.45
4427.35
4462.25
4497.15
4532.05
4567
4601.9
4636.8
4671.7
4706.6
4741.5
4776.4
4811.3
4846.2
4881.1
4916
4950.9
4985.8
-1000
0.05
26
60
94.05
128.45
163.05
197.75
232.6
267.4
302.25
337.1
371.95
406.85
441.75
476.6
511.5
546.4
581.3
616.2
651.1
686
720.9
755.8
790.75
825.65
860.55
895.45
930.35
965.25
1000.15
1035.05
1069.95
1104.85
1139.75
1174.65
1209.55
1244.45
1279.35
1314.3
1349.2
1384.1
1419
1453.9
1488.8
1523.7
1558.6
1593.5
1628.4
1663.3
1698.2
1733.1
1768
1802.9
1837.8
1872.75
1907.65
1942.55
1977.45
2012.35
2047.25
2082.15
2117.05
2151.95
2186.85
2221.75
2256.65
2291.55
2326.45
2361.35
2396.25
2431.2
2466.1
2501
2535.9
2570.8
2605.7
2640.6
2675.5
2710.4
2745.3
2780.2
2815.1
2850
2884.9
2919.8
2954.75
2989.65
3024.55
3059.45
3094.35
3129.25
3164.15
3199.05
3233.95
3268.85
3303.75
3338.65
3373.55
3408.45
3443.35
3478.25
3513.2
3548.1
3583
3617.9
3652.8
3687.7
3722.6
3757.5
3792.4
3827.3
3862.2
3897.1
3932
3966.9
4001.8
4036.7
4071.65
4106.55
4141.45
4176.35
4211.25
4246.15
4281.05
4315.95
4350.85
4385.75
4420.65
4455.55
4490.45
4525.35
4560.25
4595.2
4630.1
4665
4699.9
4734.8
4769.7
4804.6
4839.5
4874.4
4909.3
4944.2
4979.1
