0.05
17.65
39.4
61.1
82.85
104.6
126.3
148.05
169.8
191.5
213.25
235
256.7
278.45
300.2
321.9
343.65
365.4
387.1
408.85
430.6
452.3
474.05
495.8
517.5
539.25
561
582.7
604.45
626.15
647.9
669.65
691.35
713.1
734.85
756.55
778.3
800.05
821.75
843.5
865.25
886.95
908.7
930.45
952.15
973.9
995.65
1017.35
1039.1
1060.85
1082.55
1104.3
1126.05
1147.75
1169.5
1191.25
1212.95
1234.7
1256.45
1278.15
1299.9
1321.65
1343.35
1365.1
1386.85
1408.55
1430.3
1452.05
1473.75
1495.5
1517.25
1538.95
1560.7
1582.45
1604.15
1625.9
1647.65
1669.35
1691.1
1712.85
1734.55
1756.3
1778.05
1799.75
1821.5
1843.25
1864.95
1886.7
1908.45
1930.15
1951.9
1973.65
1995.35
2017.1
2038.85
2060.55
2082.3
2104.05
2125.75
2147.5
2169.25
2190.95
2212.7
2234.45
2256.15
2277.9
2299.65
2321.35
2343.1
2364.85
2386.55
2408.3
2430.05
2451.75
2473.5
2495.25
2516.95
2538.7
2560.45
2582.15
2603.9
2625.65
2647.35
2669.1
2690.85
2712.55
2734.3
2756.05
2777.75
2799.5
2821.25
2842.95
2864.7
2886.45
2908.15
2929.9
2951.65
2973.35
2995.1
3016.85
3038.55
3060.3
3082.05
3103.75
3125.5
3147.25
3168.95
3190.7
3212.45
3234.15
3255.9
3277.65
3299.35
3321.1
3342.85
3364.55
3386.3
3408
3429.75
3451.5
3473.2
3494.95
3516.7
3538.4
3560.15
-1000
0.05
26
55.55
87.75
115.95
148.05
178.2
207.45
239.75
267.9
299.95
330.25
359.4
391.75
419.95
452.1
482.35
511.55
543.85
572.1
604.15
634.45
663.6
695.95
724.15
756.15
786.5
815.55
847.9
876.15
908.1
938.55
967.6
1000
1028.25
1060.2
1090.7
1119.65
1152.05
1180.35
1212.25
1242.75
1271.65
1304.05
1332.4
1364.25
1394.8
1423.75
1456.2
1484.55
1516.4
1546.95
1575.85
1608.3
1636.6
1668.45
1699.05
1727.9
1760.3
1788.7
1820.5
1851.1
1879.9
1912.35
1940.75
1972.5
2003.2
2032
2064.5
2092.9
2124.8
2155.4
2184.35
2216.75
2245.1
2276.9
2307.55
2336.35
2368.8
2397.15
2428.95
2459.6
2488.4
2520.95
2549.3
2581.25
2611.8
2640.75
2673.15
2701.55
2733.35
2763.95
2792.75
2825.2
2853.55
2885.35
2916
2944.85
2977.35
3005.7
3037.65
3068.2
3097.2
3129.6
3157.95
3189.75
3220.35
3249.15
3281.6
3310
3341.8
3372.4
3401.2
3433.65
3462.05
3493.85
3524.5
3553.35
3585.85
3614.25
3646.05
3676.7
3705.5
3737.95
3766.35
3798.15
3828.8
3857.55
3890.05
3918.45
3950.2
3980.9
4009.75
4042.2
4070.6
4102.4
4133.05
4161.9
4194.35
4222.75
4254.5
4285.15
4313.95
4346.4
4374.85
4406.6
4437.3
4466.1
4498.6
4527
4558.8
4589.45
4618.25
4650.8
4679.15
4711.05
4741.65
4770.6
4803
4831.4
4863.2
4893.8
4922.6
4955.05
4983.4
