0.05
18.5
41.2
63.85
86.55
109.25
131.95
154.6
177.3
200
222.7
245.35
268.05
290.75
313.45
336.15
358.8
381.5
404.2
426.9
449.55
472.25
494.95
517.65
540.3
563
585.7
608.4
631.05
653.75
676.45
699.15
721.85
744.5
767.2
789.9
812.6
835.25
857.95
880.65
903.35
926
948.7
971.4
994.1
1016.75
1039.45
1062.15
1084.85
1107.55
1130.2
1152.9
1175.6
1198.3
1220.95
1243.65
1266.35
1289.05
1311.7
1334.4
1357.1
1379.8
1402.45
1425.15
1447.85
1470.55
1493.2
1515.9
1538.6
1561.3
1584
1606.65
1629.35
1652.05
1674.75
1697.4
1720.1
1742.8
1765.5
1788.15
1810.85
1833.55
1856.25
1878.9
1901.6
1924.3
1947
1969.7
1992.35
2015.05
2037.75
2060.45
2083.1
2105.8
2128.5
2151.2
2173.85
2196.55
2219.25
2241.95
2264.6
2287.3
2310
2332.7
2355.35
2378.05
2400.75
2423.45
2446.15
2468.8
2491.5
2514.2
2536.9
2559.55
2582.25
2604.95
2627.65
2650.3
2673
2695.7
2718.4
2741.05
2763.75
2786.45
2809.15
2831.85
2854.5
2877.2
2899.9
2922.6
2945.25
2967.95
2990.65
3013.35
3036
3058.7
3081.4
3104.1
3126.75
3149.45
3172.15
3194.85
3217.55
3240.2
3262.9
3285.6
3308.3
3330.95
3353.65
3376.35
3399.05
3421.7
3444.4
3467.1
3489.8
3512.45
3535.15
3557.85
3580.55
3603.2
3625.9
3648.6
3671.3
3694
3716.65
3739.35
-1000
0.05
26
55
85.45
117.7
145.9
176.35
208.6
236.7
267.3
299.45
327.5
358.25
390.35
418.3
449.1
481.15
509.1
539.95
572
599.9
630.6
662.7
690.65
721.35
753.45
781.4
812.1
844.2
872.15
902.85
935
962.9
993.6
1025.7
1053.65
1084.35
1116.45
1144.4
1175.1
1207.2
1235.1
1265.8
1297.9
1325.85
1356.55
1388.65
1416.6
1447.25
1479.4
1507.4
1538.05
1570.2
1598.15
1628.8
1660.9
1688.9
1719.55
1751.65
1779.65
1810.25
1842.4
1870.4
1901.05
1933.2
1961.15
1991.95
2024
2051.95
2082.8
2114.8
2142.7
2173.6
2205.6
2233.5
2264.4
2296.4
2324.25
2355.05
2387.1
2415
2445.75
2477.85
2505.75
2536.5
2568.6
2596.45
2627.2
2659.35
2687.2
2717.95
2750.05
2777.95
2808.7
2840.8
2868.7
2899.4
2931.5
2959.45
2990.1
3022.25
3050.15
3080.85
3112.95
3140.95
3171.65
3203.75
3231.7
3262.45
3294.5
3322.45
3353.15
3385.25
3413.2
3443.85
3476
3503.95
3534.6
3566.7
3594.7
3625.4
3657.5
3685.45
3716.25
3748.3
3776.25
3807.1
3839.1
3867
3897.9
3929.9
3957.8
3988.55
4020.6
4048.5
4079.25
4111.35
4139.25
4170
4202.1
4230
4260.75
4292.85
4320.75
4351.5
4383.6
4411.5
4442.25
4474.35
4502.25
4533
4565.05
4593
4623.7
4655.8
4683.7
4714.4
4746.5
4774.45
4805.15
4837.25
4865.25
4895.95
4928.05
4956
4986.65
