0.05
31.15
67.75
104.4
141
177.6
214.25
250.85
287.5
324.1
360.7
397.35
433.95
470.55
507.2
543.8
580.45
617.05
653.65
690.3
726.9
763.5
800.15
836.75
873.4
910
946.6
983.25
1019.85
1056.45
1093.1
1129.7
1166.35
1202.95
1239.55
1276.2
1312.8
1349.4
1386.05
1422.65
1459.25
1495.9
1532.5
1569.15
1605.75
1642.35
1679
1715.6
1752.2
1788.85
1825.45
1862.1
1898.7
1935.3
1971.95
2008.55
2045.15
2081.8
2118.4
2155.05
2191.65
2228.25
2264.9
2301.5
2338.1
2374.75
2411.35
2448
2484.6
2521.2
2557.85
2594.45
2631.05
2667.7
2704.3
2740.95
2777.55
2814.15
2850.8
2887.4
2924
2960.65
2997.25
3033.85
3070.5
3107.1
3143.75
3180.35
3216.95
3253.6
3290.2
3326.8
3363.45
3400.05
3436.7
3473.3
3509.9
3546.55
3583.15
3619.75
3656.4
3693
3729.65
3766.25
3802.85
3839.5
3876.1
3912.7
3949.35
3985.95
4022.6
4059.2
4095.8
4132.45
4169.05
4205.65
4242.3
4278.9
4315.55
4352.15
4388.75
4425.4
4462
4498.6
4535.25
4571.85
4608.5
4645.1
4681.7
4718.35
4754.95
4791.55
4828.2
4864.8
4901.4
4938.05
4974.65
-1000
0.05
26
62.45
98
133.5
168.55
202.1
230.65
257.4
287.9
321.65
356.6
392
427.55
463.05
498.1
531.55
560.05
586.8
617.4
651.15
686.1
721.55
757.1
792.55
827.6
860.95
889.45
916.15
946.9
980.7
1015.65
1051.1
1086.65
1122.1
1157.1
1190.45
1218.9
1245.65
1276.4
1310.25
1345.2
1380.65
1416.2
1451.65
1486.7
1519.95
1548.4
1575.2
1606
1639.8
1674.75
1710.2
1745.75
1781.25
1816.25
1849.5
1877.95
1904.7
1935.5
1969.35
2004.35
2039.75
2075.3
2110.8
2145.8
2179.15
2207.55
2234.35
2265.1
2298.95
2333.9
2369.35
2404.9
2440.35
2475.5
2508.9
2537.35
2564.1
2594.8
2628.55
2663.5
2698.95
2734.5
2770
2805.05
2838.5
2867
2893.7
2924.35
2958.1
2993.1
3028.5
3064.05
3099.55
3134.55
3167.9
3196.35
3223.1
3253.85
3287.65
3322.6
3358.05
3393.6
3429.05
3464.05
3497.3
3525.75
3552.55
3583.35
3617.2
3652.15
3687.6
3723.15
3758.7
3793.75
3827.2
3855.7
3882.45
3913.05
3946.8
3981.8
4017.2
4052.85
4088.3
4123.4
4156.95
4185.5
4212.25
4242.75
4276.45
4311.4
4346.9
4382.4
4417.9
4453
4486.6
