0.05
27.2
59.5
91.85
124.15
156.45
188.8
221.1
253.45
285.75
318.05
350.4
382.7
415.05
447.35
479.65
512
544.3
576.65
608.95
641.25
673.6
705.9
738.25
770.55
802.85
835.2
867.5
899.85
932.15
964.45
996.8
1029.1
1061.45
1093.75
1126.05
1158.4
1190.7
1223.05
1255.35
1287.7
1320
1352.3
1384.65
1416.95
1449.3
1481.6
1513.9
1546.25
1578.55
1610.9
1643.2
1675.5
1707.85
1740.15
1772.5
1804.8
1837.1
1869.45
1901.75
1934.1
1966.4
1998.7
2031.05
2063.35
2095.7
2128
2160.3
2192.65
2224.95
2257.3
2289.6
2321.9
2354.25
2386.55
2418.9
2451.2
2483.5
2515.85
2548.15
2580.5
2612.8
2645.1
2677.45
2709.75
2742.1
2774.4
2806.7
2839.05
2871.35
2903.7
2936
2968.3
3000.65
3032.95
3065.3
3097.6
3129.9
3162.25
3194.55
3226.9
3259.2
3291.5
3323.85
3356.15
3388.5
3420.8
3453.1
3485.45
3517.75
3550.1
3582.4
3614.7
3647.05
3679.35
3711.7
3744
3776.3
3808.65
3840.95
3873.3
3905.6
3937.9
3970.25
4002.55
4034.9
4067.2
4099.55
4131.85
4164.15
4196.5
4228.8
4261.15
4293.45
4325.75
4358.1
4390.4
4422.75
4455.05
4487.35
4519.7
4552
4584.35
4616.65
4648.95
4681.3
4713.6
4745.95
4778.25
4810.55
4842.9
4875.2
4907.55
4939.85
4972.15
-1000
0.05
26
57.6
89.35
121.4
153.55
185.8
218.1
250.4
282.7
315
347.35
379.65
411.95
444.3
476.6
508.95
541.25
573.55
605.9
638.2
670.55
702.85
735.15
767.5
799.8
832.15
864.45
896.75
929.1
961.4
993.75
1026.05
1058.35
1090.7
1123
1155.35
1187.65
1219.95
1252.3
1284.6
1316.95
1349.25
1381.55
1413.9
1446.2
1478.55
1510.85
1543.2
1575.5
1607.8
1640.15
1672.45
1704.8
1737.1
1769.4
1801.75
1834.05
1866.4
1898.7
1931
1963.35
1995.65
2028
2060.3
2092.6
2124.95
2157.25
2189.6
2221.9
2254.2
2286.55
2318.85
2351.2
2383.5
2415.8
2448.15
2480.45
2512.8
2545.1
2577.4
2609.75
2642.05
2674.4
2706.7
2739
2771.35
2803.65
2836
2868.3
2900.6
2932.95
2965.25
2997.6
3029.9
3062.2
3094.55
3126.85
3159.2
3191.5
3223.8
3256.15
3288.45
3320.8
3353.1
3385.4
3417.75
3450.05
3482.4
3514.7
3547
3579.35
3611.65
3644
3676.3
3708.6
3740.95
3773.25
3805.6
3837.9
3870.2
3902.55
3934.85
3967.2
3999.5
4031.8
4064.15
4096.45
4128.8
4161.1
4193.4
4225.75
4258.05
4290.4
4322.7
4355.05
4387.35
4419.65
4452
4484.3
4516.65
4548.95
4581.25
4613.6
4645.9
4678.25
4710.55
4742.85
4775.2
4807.5
4839.85
4872.15
4904.45
4936.8
4969.1
