0.05
32.45
70.5
108.55
146.6
184.65
222.7
260.75
298.8
336.85
374.9
412.95
451
489
527.05
565.1
603.15
641.2
679.25
717.3
755.35
793.4
831.45
869.5
907.55
945.55
983.6
1021.65
1059.7
1097.75
1135.8
1173.85
1211.9
1249.95
1288
1326.05
1364.1
1402.15
1440.15
1478.2
1516.25
1554.3
1592.35
1630.4
1668.45
1706.5
1744.55
1782.6
1820.65
1858.7
1896.7
1934.75
1972.8
2010.85
2048.9
2086.95
2125
2163.05
2201.1
2239.15
2277.2
2315.25
2353.25
2391.3
2429.35
2467.4
2505.45
2543.5
2581.55
2619.6
2657.65
2695.7
2733.75
2771.8
2809.85
2847.85
2885.9
2923.95
2962
3000.05
3038.1
3076.15
3114.2
3152.25
3190.3
3228.35
3266.4
3304.4
3342.45
3380.5
3418.55
3456.6
3494.65
3532.7
3570.75
3608.8
3646.85
3684.9
3722.95
3760.95
3799
3837.05
3875.1
3913.15
3951.2
3989.25
4027.3
4065.35
4103.4
4141.45
4179.5
4217.55
4255.55
4293.6
4331.65
4369.7
4407.75
4445.8
4483.85
4521.9
4559.95
4598
4636.05
4674.1
4712.1
4750.15
4788.2
4826.25
4864.3
4902.35
4940.4
4978.45
-1000
0.05
26
56.05
90.25
125.8
161.45
195.3
223.9
250.5
282.55
317.5
353.2
388.5
420.1
447.7
476
509.5
544.85
580.55
615.2
644.25
671.05
702
736.55
772.2
807.7
840.75
869
895.95
928.7
963.85
999.6
1034.65
1065.05
1092.2
1121.7
1155.7
1191.25
1226.9
1261
1289.65
1316.55
1348.2
1383
1418.7
1454.1
1486.4
1514.3
1541.95
1575.1
1610.4
1646.1
1680.95
1710.55
1737.45
1767.8
1802.15
1837.75
1873.4
1907.15
1935.7
1962.25
1994.45
2029.45
2065.2
2100.4
2131.75
2159.25
2187.8
2221.45
2256.85
2292.55
2327.2
2356.25
2383.05
2414
2448.6
2484.25
2519.75
2552.75
2580.95
2607.95
2640.75
2675.9
2711.65
2746.7
2776.95
2804
2833.65
2867.7
2903.25
2938.9
2972.9
3001.55
3028.35
3060.15
3095
3130.7
3166.05
3198.1
3225.9
3253.75
3287.1
3322.4
3358.1
3392.9
3422.35
3449.2
3479.7
3514.1
3549.75
3585.3
3618.7
3647.1
3673.75
3706.3
3741.45
3777.15
3812.35
3843.4
3870.75
3899.6
3933.35
3968.8
4004.5
4038.9
4067.75
4094.5
4125.8
4160.5
4196.2
4231.75
