0.05
65.1
137.35
209.65
281.9
354.2
426.45
498.7
571
643.25
715.55
787.8
860.05
932.35
1004.6
1076.9
1149.15
1221.4
1293.7
1365.95
1438.2
1510.5
1582.75
1655.05
1727.3
1799.55
1871.85
1944.1
2016.4
2088.65
2160.9
2233.2
2305.45
2377.75
2450
2522.25
2594.55
2666.8
2739.1
2811.35
2883.6
2955.9
3028.15
3100.45
3172.7
3244.95
3317.25
3389.5
3461.8
3534.05
3606.3
3678.6
3750.85
3823.1
3895.4
3967.65
4039.95
4112.2
4184.45
4256.75
4329
4401.3
4473.55
4545.8
4618.1
4690.35
4762.65
4834.9
4907.15
4979.45
-1000
0.05
26
57.05
90.7
118.45
149.35
179.15
209.7
245.75
275.75
311.6
340.5
371.45
398.5
429.15
464.05
494.2
530.9
560.3
591.3
618.05
648.8
682.2
712.55
749.3
779
811.35
838.5
869.4
900.7
931.15
967.6
997.45
1032.4
1060.75
1091.7
1120
1150.6
1186.05
1216.15
1252.6
1281.8
1312.8
1339.4
1370.1
1404.25
1434.5
1471.3
1500.85
1532.25
1559.1
1589.95
1622.45
1652.8
1689.5
1719.3
1752.9
1780.6
1811.55
1841.35
1871.85
1907.9
1937.9
1973.8
2002.65
2033.6
2060.7
2091.35
2126.25
2156.4
