0.05
18.9
42
65.15
88.25
111.4
134.55
157.65
180.8
203.9
227.05
250.2
273.3
296.45
319.55
342.7
365.85
388.95
412.1
435.2
458.35
481.45
504.6
527.75
550.85
574
597.1
620.25
643.4
666.5
689.65
712.75
735.9
759.05
782.15
805.3
828.4
851.55
874.7
897.8
920.95
944.05
967.2
990.3
1013.45
1036.6
1059.7
1082.85
1105.95
1129.1
1152.25
1175.35
1198.5
1221.6
1244.75
1267.9
1291
1314.15
1337.25
1360.4
1383.5
1406.65
1429.8
1452.9
1476.05
1499.15
1522.3
1545.45
1568.55
1591.7
1614.8
1637.95
1661.1
1684.2
1707.35
1730.45
1753.6
1776.7
1799.85
1823
1846.1
1869.25
1892.35
1915.5
1938.65
1961.75
1984.9
2008
2031.15
2054.3
2077.4
2100.55
2123.65
2146.8
2169.9
2193.05
2216.2
2239.3
2262.45
2285.55
2308.7
2331.85
2354.95
2378.1
2401.2
2424.35
2447.5
2470.6
2493.75
2516.85
2540
2563.1
2586.25
2609.4
2632.5
2655.65
2678.75
2701.9
2725.05
2748.15
2771.3
2794.4
2817.55
2840.7
2863.8
2886.95
2910.05
2933.2
2956.35
2979.45
3002.6
3025.7
3048.85
3071.95
3095.1
3118.25
3141.35
3164.5
3187.6
3210.75
3233.9
3257
3280.15
3303.25
3326.4
3349.55
3372.65
3395.8
3418.9
3442.05
3465.15
3488.3
3511.45
3534.55
3557.7
3580.8
3603.95
3627.1
3650.2
3673.35
3696.45
3719.6
3742.75
3765.85
3789
3812.1
3835.25
-1000
0.05
31.1
62.65
90.35
120.45
153.1
181.75
209.8
242.6
272.7
299.8
331.4
363.15
390.9
420.85
453.55
482.35
510.15
542.95
573.2
600.35
631.8
663.65
691.5
721.55
754.2
783
810.75
843.45
873.8
900.95
932.25
964.2
992.1
1022.05
1054.8
1083.65
1111.4
1144.05
1174.45
1201.6
1232.95
1264.85
1292.8
1322.7
1355.4
1384.3
1411.95
1444.7
1475.1
1502.25
1533.55
1565.55
1593.45
1623.45
1656.15
1685
1712.65
1745.3
1775.75
1802.9
1834.3
1866.2
1894.15
1924.1
1956.85
1985.7
2013.4
2046.1
2076.5
2103.65
2134.95
2166.9
2194.85
2224.9
2257.55
2286.4
2314.15
2346.9
2377.2
2404.4
2435.75
2467.7
2495.55
2525.6
2558.3
2587.05
2614.9
2647.55
2677.9
2705.05
2736.5
2768.35
2796.25
2826.2
2858.95
2887.75
2915.55
2948.25
2978.55
3005.7
3037.05
3069
3096.9
3126.95
3159.65
3188.45
3216.2
3249
3279.3
3306.45
3337.85
3369.75
3397.65
3427.65
3460.35
3489.15
3516.95
3549.65
3579.95
3607.1
3638.6
3670.4
3698.3
3728.3
3761.05
3789.8
3817.6
3850.3
3880.6
3907.8
3939.1
3971.05
3998.95
4029
4061.7
4090.5
4118.25
4151.05
4181.35
4208.5
4239.9
4271.75
4299.65
4329.55
4362.25
4391.1
4418.85
4451.5
4481.9
4509.05
4540.45
4572.35
4600.3
4630.25
4662.95
4691.8
4719.5
4752.15
4782.55
4809.75
4841
4872.95
4900.95
4930.95
4963.65
4992.5
