0.05
32.95
71.5
110.05
148.6
187.15
225.7
264.25
302.8
341.35
379.9
418.45
457
495.55
534.1
572.65
611.2
649.75
688.3
726.9
765.45
804
842.55
881.1
919.65
958.2
996.75
1035.3
1073.85
1112.4
1150.95
1189.5
1228.05
1266.6
1305.15
1343.7
1382.25
1420.8
1459.35
1497.9
1536.45
1575
1613.55
1652.15
1690.7
1729.25
1767.8
1806.35
1844.9
1883.45
1922
1960.55
1999.1
2037.65
2076.2
2114.75
2153.3
2191.85
2230.4
2268.95
2307.5
2346.05
2384.6
2423.15
2461.7
2500.25
2538.8
2577.35
2615.95
2654.5
2693.05
2731.6
2770.15
2808.7
2847.25
2885.8
2924.35
2962.9
3001.45
3040
3078.55
3117.1
3155.65
3194.2
3232.75
3271.3
3309.85
3348.4
3386.95
3425.5
3464.05
3502.6
3541.2
3579.75
3618.3
3656.85
3695.4
3733.95
3772.5
3811.05
3849.6
3888.15
3926.7
3965.25
4003.8
4042.35
4080.9
4119.45
4158
4196.55
4235.1
4273.65
4312.2
4350.75
4389.3
4427.85
4466.45
4505
4543.55
4582.1
4620.65
4659.2
4697.75
4736.3
4774.85
4813.4
4851.95
4890.5
4929.05
4967.6
-1000
0.05
26
60.75
96.4
131.85
163.05
190.45
219.5
253.6
289.25
324.7
356.2
383.7
412.45
446.45
482.1
517.6
549.35
577
605.5
639.35
674.95
710.5
742.65
770.4
798.55
832.25
867.85
903.45
935.8
963.7
991.6
1025.2
1060.75
1096.35
1129.05
1157.05
1184.65
1218.1
1253.6
1289.25
1322.2
1350.35
1377.7
1410.95
1446.45
1482.15
1515.3
1543.55
1570.65
1603.85
1639.3
1675
1708.45
1736.75
1763.7
1796.75
1832.15
1867.9
1901.4
1929.8
1956.6
1989.55
2024.95
2060.7
2094.3
2122.75
2149.5
2182.4
2217.75
2253.5
2287.2
2315.65
2342.35
2375.2
2410.55
2446.3
2480.05
2508.55
2535.15
2567.95
2603.35
2639.15
2673.15
2701.7
2728.25
2760.9
2796.25
2831.95
2865.95
2894.55
2921.05
2953.7
2989
3024.75
3058.75
3087.35
3113.9
3146.45
3181.75
3217.5
3251.5
3280.15
3306.7
3339.25
3374.55
3410.3
3444.3
3472.95
3499.5
3532
3567.35
3603.2
3637.4
3666.1
3692.75
3725
3760.25
3796
3830.25
3859
3885.75
3917.9
3953.05
3988.85
4023.2
4052
4078.85
4110.8
4145.9
