0.05
55.45
117.7
179.95
242.25
304.5
366.75
429.05
491.3
553.55
615.85
678.1
740.4
802.65
864.9
927.2
989.45
1051.7
1114
1176.25
1238.55
1300.8
1363.05
1425.35
1487.6
1549.85
1612.15
1674.4
1736.65
1798.95
1861.2
1923.5
1985.75
2048
2110.3
2172.55
2234.8
2297.1
2359.35
2421.65
2483.9
2546.15
2608.45
2670.7
2732.95
2795.25
2857.5
2919.75
2982.05
3044.3
3106.6
3168.85
3231.1
3293.4
3355.65
3417.9
3480.2
3542.45
3604.75
3667
3729.25
3791.55
3853.8
3916.05
3978.35
4040.6
4102.85
4165.15
4227.4
4289.7
4351.95
4414.2
4476.5
4538.75
4601
4663.3
4725.55
4787.8
4850.1
4912.35
4974.65
-1000
0.05
26
57.05
87.1
117.6
148.6
179.05
210.5
240.9
272.6
303
334.8
365.2
397
427.4
459.25
489.65
521.5
551.9
583.75
614.15
646.05
676.45
708.3
738.7
770.6
801
832.85
863.25
895.1
925.5
957.4
987.8
1019.65
1050.05
1081.9
1112.3
1144.2
1174.6
1206.45
1236.85
1268.75
1299.15
1331
1361.4
1393.25
1423.65
1455.55
1485.95
1517.8
1548.2
1580.05
1610.45
1642.35
1672.75
1704.6
1735
1766.85
1797.25
1829.15
1859.55
1891.4
1921.8
1953.7
1984.1
2015.95
2046.35
2078.2
2108.6
2140.5
2170.9
2202.75
2233.15
2265
2295.4
2327.3
2357.7
2389.55
2419.95
2451.85
2482.25
