0.05
65.1
137.35
209.65
281.9
354.2
426.45
498.7
571
643.25
715.55
787.8
860.05
932.35
1004.6
1076.9
1149.15
1221.4
1293.7
1365.95
1438.2
1510.5
1582.75
1655.05
1727.3
1799.55
1871.85
1944.1
2016.4
2088.65
2160.9
2233.2
2305.45
2377.75
2450
2522.25
2594.55
2666.8
2739.1
2811.35
2883.6
2955.9
3028.15
3100.45
3172.7
3244.95
3317.25
3389.5
3461.8
3534.05
3606.3
3678.6
3750.85
3823.1
3895.4
3967.65
4039.95
4112.2
4184.45
4256.75
4329
4401.3
4473.55
4545.8
4618.1
4690.35
4762.65
4834.9
4907.15
4979.45
-1000
0.05
26
57.05
93.1
122
153
179.9
210.55
245.35
275.5
312.25
341.65
372.65
399.45
430.2
463.5
493.8
530.6
560.3
592.8
620
650.9
682.05
712.5
748.9
778.8
813.85
842.3
873.25
901.3
931.95
967.35
997.45
1033.95
1063.15
1094.15
1120.8
1151.55
1185.55
1215.8
1252.6
1282.2
1313.75
1340.6
1371.45
1403.8
1434.15
1470.8
1500.6
1534.45
1562.25
1593.2
1622.75
1653.3
1689.25
1719.25
1755.25
1784.2
1815.15
1842.05
1872.75
1907.55
1937.7
1974.4
2003.85
2034.85
2061.6
2092.4
2125.7
2156
