0.05
17.55
39.15
60.75
82.35
103.95
125.55
147.15
168.75
190.35
211.95
233.6
255.2
276.8
298.4
320
341.6
363.2
384.8
406.4
428
449.6
471.25
492.85
514.45
536.05
557.65
579.25
600.85
622.45
644.05
665.65
687.25
708.9
730.5
752.1
773.7
795.3
816.9
838.5
860.1
881.7
903.3
924.9
946.55
968.15
989.75
1011.35
1032.95
1054.55
1076.15
1097.75
1119.35
1140.95
1162.55
1184.2
1205.8
1227.4
1249
1270.6
1292.2
1313.8
1335.4
1357
1378.6
1400.2
1421.85
1443.45
1465.05
1486.65
1508.25
1529.85
1551.45
1573.05
1594.65
1616.25
1637.85
1659.5
1681.1
1702.7
1724.3
1745.9
1767.5
1789.1
1810.7
1832.3
1853.9
1875.55
1897.15
1918.75
1940.35
1961.95
1983.55
2005.15
2026.75
2048.35
2069.95
2091.55
2113.2
2134.8
2156.4
2178
2199.6
2221.2
2242.8
2264.4
2286
2307.6
2329.2
2350.85
2372.45
2394.05
2415.65
2437.25
2458.85
2480.45
2502.05
2523.65
2545.25
2566.85
2588.5
2610.1
2631.7
2653.3
2674.9
2696.5
2718.1
2739.7
2761.3
2782.9
2804.5
2826.15
2847.75
2869.35
2890.95
2912.55
2934.15
2955.75
2977.35
2998.95
3020.55
3042.15
3063.8
3085.4
3107
3128.6
3150.2
3171.8
3193.4
3215
3236.6
3258.2
3279.8
3301.45
3323.05
3344.65
3366.25
3387.85
3409.45
3431.05
3452.65
3474.25
3495.85
3517.45
3539.1
-1000
0.05
26
55.6
87.7
115.9
148.25
177.9
208.4
240
268.35
300.85
329.9
361.4
392.35
421.15
453.6
482
514
544.35
573.7
605.9
634.1
666.35
696.2
726.4
758.2
786.5
818.95
848.2
879.6
910.65
939.4
971.95
1000.4
1032.25
1062.75
1091.95
1124.2
1152.45
1184.65
1214.6
1244.4
1276.35
1304.6
1337
1366.45
1397.5
1428.8
1457.35
1489.85
1518.55
1550.2
1580.9
1609.95
1642.3
1670.6
1702.75
1732.9
1762.45
1794.55
1822.75
1855.1
1884.7
1915.4
1946.95
1975.35
2007.9
2036.8
2068.3
2099.15
2128.05
2160.55
2188.85
2220.85
2251.15
2280.55
2312.75
2340.95
2373.3
2403.05
2433.25
2465
2493.35
2525.8
2555
2586.45
2617.5
2646.2
2678.65
2707.15
2739
2769.45
2798.7
2830.95
2859.2
2891.35
2921.35
2951.15
2983.1
3011.35
3043.75
3073.2
3104.25
3135.55
3164.15
3196.65
3225.3
3257
3287.7
3316.75
3349.15
3377.45
3409.55
3439.65
3469.3
3501.35
3529.55
3562
3591.55
3622.25
3653.75
3682.2
3714.7
3743.6
3775.1
3806
3834.75
3867.2
3895.6
3927.55
3957.9
3987.25
4019.45
4047.65
4079.85
4109.75
4139.8
4171.6
4199.9
4232.35
4261.65
4293.05
4324.15
4352.85
4385.3
4413.85
4445.65
4476.15
4505.45
4537.75
4565.95
4598.15
4628.1
4658
4689.9
4718.15
4750.7
4780.05
4811.2
4842.4
4871.05
4903.55
4932.15
4964
4994.6
