0.05
24.45
53.8
83.1
112.45
141.75
171.1
200.4
229.75
259.05
288.4
317.75
347.05
376.4
405.7
435.05
464.35
493.7
523
552.35
581.65
611
640.3
669.65
698.95
728.3
757.6
786.95
816.3
845.6
874.95
904.25
933.6
962.9
992.25
1021.55
1050.9
1080.2
1109.55
1138.85
1168.2
1197.5
1226.85
1256.15
1285.5
1314.85
1344.15
1373.5
1402.8
1432.15
1461.45
1490.8
1520.1
1549.45
1578.75
1608.1
1637.4
1666.75
1696.05
1725.4
1754.7
1784.05
1813.4
1842.7
1872.05
1901.35
1930.7
1960
1989.35
2018.65
2048
2077.3
2106.65
2135.95
2165.3
2194.6
2223.95
2253.25
2282.6
2311.95
2341.25
2370.6
2399.9
2429.25
2458.55
2487.9
2517.2
2546.55
2575.85
2605.2
2634.5
2663.85
2693.15
2722.5
2751.8
2781.15
2810.5
2839.8
2869.15
2898.45
2927.8
2957.1
2986.45
3015.75
3045.1
3074.4
3103.75
3133.05
3162.4
3191.7
3221.05
3250.35
3279.7
3309.05
3338.35
3367.7
3397
3426.35
3455.65
3485
3514.3
3543.65
3572.95
3602.3
3631.6
3660.95
3690.25
3719.6
3748.9
3778.25
3807.6
3836.9
3866.25
3895.55
3924.9
3954.2
3983.55
4012.85
4042.2
4071.5
4100.85
4130.15
4159.5
4188.8
4218.15
4247.45
4276.8
4306.15
4335.45
4364.8
4394.1
4423.45
4452.75
4482.1
4511.4
4540.75
4570.05
4599.4
4628.7
4658.05
4687.35
4716.7
4746
4775.35
4804.7
4834
4863.35
4892.65
4922
4951.3
4980.65
-1000
0.05
26
58.3
88.7
118.5
148.05
177.5
206.9
236.25
265.6
294.9
324.25
353.55
382.9
412.2
441.55
470.9
500.2
529.55
558.85
588.2
617.5
646.85
676.15
705.5
734.8
764.15
793.45
822.8
852.1
881.45
910.75
940.1
969.45
998.75
1028.1
1057.4
1086.75
1116.05
1145.4
1174.7
1204.05
1233.35
1262.7
1292
1321.35
1350.65
1380
1409.3
1438.65
1468
1497.3
1526.65
1555.95
1585.3
1614.6
1643.95
1673.25
1702.6
1731.9
1761.25
1790.55
1819.9
1849.2
1878.55
1907.85
1937.2
1966.55
1995.85
2025.2
2054.5
2083.85
2113.15
2142.5
2171.8
2201.15
2230.45
2259.8
2289.1
2318.45
2347.75
2377.1
2406.4
2435.75
2465.1
2494.4
2523.75
2553.05
2582.4
2611.7
2641.05
2670.35
2699.7
2729
2758.35
2787.65
2817
2846.3
2875.65
2904.95
2934.3
2963.65
2992.95
3022.3
3051.6
3080.95
3110.25
3139.6
3168.9
3198.25
3227.55
3256.9
3286.2
3315.55
3344.85
3374.2
3403.5
3432.85
3462.2
3491.5
3520.85
3550.15
3579.5
3608.8
3638.15
3667.45
3696.8
3726.1
3755.45
3784.75
3814.1
3843.4
3872.75
3902.05
3931.4
3960.75
3990.05
4019.4
4048.7
4078.05
4107.35
4136.7
4166
4195.35
4224.65
4254
4283.3
4312.65
4341.95
4371.3
4400.6
4429.95
4459.3
4488.6
4517.95
4547.25
4576.6
4605.9
4635.25
4664.55
4693.9
4723.2
4752.55
4781.85
4811.2
4840.5
4869.85
4899.15
4928.5
4957.85
4987.15
