0.05
46.35
99.15
151.95
204.75
257.55
310.35
363.15
415.95
468.75
521.55
574.35
627.15
679.95
732.75
785.55
838.35
891.15
943.95
996.75
1049.55
1102.35
1155.15
1207.95
1260.75
1313.55
1366.35
1419.15
1471.95
1524.75
1577.55
1630.35
1683.15
1735.95
1788.7
1841.5
1894.3
1947.1
1999.9
2052.7
2105.5
2158.3
2211.1
2263.9
2316.7
2369.5
2422.3
2475.1
2527.9
2580.7
2633.5
2686.3
2739.1
2791.9
2844.7
2897.5
2950.3
3003.1
3055.9
3108.7
3161.5
3214.3
3267.1
3319.9
3372.7
3425.5
3478.3
3531.1
3583.9
3636.7
3689.5
3742.3
3795.1
3847.9
3900.7
3953.5
4006.3
4059.05
4111.85
4164.65
4217.45
4270.25
4323.05
4375.85
4428.65
4481.45
4534.25
4587.05
4639.85
4692.65
4745.45
4798.25
4851.05
4903.85
4956.65
-1000
0.05
26
57.05
85.4
116.1
142.9
179.1
208.3
240.6
270.95
297.95
330.1
357.3
393.8
423.6
453.6
484.1
510.8
545.6
574.05
608.4
638.6
666.55
697.5
724.3
760.75
790.1
821.85
852.25
879.05
911.65
939.05
975.3
1005.2
1034.75
1065.3
1092.15
1127.55
1156.3
1189.9
1220.15
1247.75
1279
1305.95
1342.55
1372.05
1403.15
1433.6
1460.2
1493.4
1521.1
1556.95
1586.95
1616
1646.55
1673.3
1709.1
1738
1771.1
1801.4
1828.75
1860.3
1887.35
1923.95
1953.6
1984.25
2014.7
2041.25
2075
2102.9
2138.35
2168.45
2197.05
2227.65
2254.45
2290.4
2319.45
2352.2
2382.55
2409.7
2441.55
2468.65
2505.2
2534.95
2565.25
2595.75
2622.35
2656.55
2684.7
2719.65
2749.8
2778.15
2808.85
2835.65
2871.85
