0.05
48.6
103.7
158.85
213.95
269.1
324.25
379.35
434.5
489.6
544.75
599.85
655
710.15
765.25
820.4
875.5
930.65
985.8
1040.9
1096.05
1151.15
1206.3
1261.4
1316.55
1371.7
1426.8
1481.95
1537.05
1592.2
1647.35
1702.45
1757.6
1812.7
1867.85
1922.95
1978.1
2033.25
2088.35
2143.5
2198.6
2253.75
2308.9
2364
2419.15
2474.25
2529.4
2584.55
2639.65
2694.8
2749.9
2805.05
2860.15
2915.3
2970.45
3025.55
3080.7
3135.8
3190.95
3246.1
3301.2
3356.35
3411.45
3466.6
3521.7
3576.85
3632
3687.1
3742.25
3797.35
3852.5
3907.65
3962.75
4017.9
4073
4128.15
4183.3
4238.4
4293.55
4348.65
4403.8
4458.9
4514.05
4569.2
4624.3
4679.45
4734.55
4789.7
4844.85
4899.95
4955.1
-1000
0.05
26
57.05
85.55
116.1
142.7
173.45
200.2
233.7
261.45
297.95
327.75
358.95
389.35
417.05
447.65
474.3
505.45
532.3
567.6
596.25
631.25
661.4
690.95
721.5
748.5
779.15
806
838.3
865.6
902.2
931.7
964.25
994.65
1022.9
1053.5
1080.05
1110.8
1137.6
1171.4
1199.3
1235.6
1265.5
1296.35
1326.85
1354.35
1385
1411.7
1443.05
1470
1505.7
1534.55
1569
1599.25
1628.45
1659
1685.9
1716.55
1743.3
1775.85
1803.15
1839.85
1869.4
1901.7
1932.05
1960.2
1990.8
2017.35
2048.15
2074.95
2108.9
2136.9
2173.1
2203.05
2233.7
2264.2
2291.65
2322.3
2349
2380.55
2407.5
2443.5
2472.5
2506.6
2536.85
2565.85
2596.4
2623.15
2653.8
2680.55
2713.2
