0.05
18
40.15
62.25
84.4
106.5
128.65
150.8
172.9
195.05
217.15
239.3
261.45
283.55
305.7
327.8
349.95
372.1
394.2
416.35
438.45
460.6
482.75
504.85
527
549.15
571.25
593.4
615.5
637.65
659.8
681.9
704.05
726.15
748.3
770.45
792.55
814.7
836.8
858.95
881.1
903.2
925.35
947.45
969.6
991.75
1013.85
1036
1058.1
1080.25
1102.4
1124.5
1146.65
1168.8
1190.9
1213.05
1235.15
1257.3
1279.45
1301.55
1323.7
1345.8
1367.95
1390.1
1412.2
1434.35
1456.45
1478.6
1500.75
1522.85
1545
1567.1
1589.25
1611.4
1633.5
1655.65
1677.75
1699.9
1722.05
1744.15
1766.3
1788.45
1810.55
1832.7
1854.8
1876.95
1899.1
1921.2
1943.35
1965.45
1987.6
2009.75
2031.85
2054
2076.1
2098.25
2120.4
2142.5
2164.65
2186.75
2208.9
2231.05
2253.15
2275.3
2297.4
2319.55
2341.7
2363.8
2385.95
2408.1
2430.2
2452.35
2474.45
2496.6
2518.75
2540.85
2563
2585.1
2607.25
2629.4
2651.5
2673.65
2695.75
2717.9
2740.05
2762.15
2784.3
2806.4
2828.55
2850.7
2872.8
2894.95
2917.05
2939.2
2961.35
2983.45
3005.6
3027.75
3049.85
3072
3094.1
3116.25
3138.4
3160.5
3182.65
3204.75
3226.9
3249.05
3271.15
3293.3
3315.4
3337.55
3359.7
3381.8
3403.95
3426.05
3448.2
3470.35
3492.45
3514.6
3536.7
3558.85
3581
3603.1
3625.25
-1000
0.05
26
55.8
86.75
118.5
146.3
178.55
208.9
237.25
269.9
298.95
329.35
361.35
389.25
421.15
451.9
479.95
512.55
541.95
571.5
603.85
632
663.5
694.75
722.6
755.05
784.95
813.6
846.2
874.85
906.05
937.55
965.4
997.7
1027.95
1056.3
1088.95
1117.9
1148.65
1180.5
1208.3
1240.35
1270.9
1299.15
1331.75
1361
1390.95
1423.2
1451.15
1482.9
1513.85
1541.75
1574.3
1603.95
1633.1
1665.55
1693.95
1725.15
1756.6
1784.4
1816.85
1846.9
1875.5
1908.1
1936.9
1967.9
1999.6
2027.45
2059.55
2090
2118.25
2150.95
2180.05
2210.45
2242.45
2270.3
2302.2
2332.95
2360.95
2393.55
2423.05
2452.4
2484.8
2513
2544.55
2575.75
2603.65
2636.1
2666
2694.7
2727.25
2755.9
2786.95
2818.55
2846.35
2878.7
2908.95
2937.35
2970
2999
3029.7
3061.6
3089.4
3121.45
3152.05
3180.15
3212.75
3242.05
3271.95
3304.15
3332.2
3363.9
3394.9
3422.85
3455.35
3485.05
3514
3546.55
3574.95
3606.1
3637.55
3665.45
3697.7
3727.9
3756.35
3789.05
3817.9
3848.8
3880.55
3908.35
3940.5
3970.95
3999.25
4031.85
4061
4091.2
4123.35
4151.25
4183.1
4213.95
4242
4274.6
4304.1
4333.4
4365.8
4394.05
4425.4
4456.7
4484.55
4517.05
4547
4575.7
4608.3
4636.95
4668
4699.6
4727.45
4759.65
4790
4818.3
4850.95
4880
4910.6
4942.5
4970.4
