0.05
19.6
43.5
67.4
91.3
115.25
139.15
163.05
187
210.9
234.8
258.7
282.65
306.55
330.45
354.35
378.3
402.2
426.1
450
473.95
497.85
521.75
545.65
569.6
593.5
617.4
641.3
665.25
689.15
713.05
737
760.9
784.8
808.7
832.65
856.55
880.45
904.35
928.3
952.2
976.1
1000
1023.95
1047.85
1071.75
1095.65
1119.6
1143.5
1167.4
1191.3
1215.25
1239.15
1263.05
1287
1310.9
1334.8
1358.7
1382.65
1406.55
1430.45
1454.35
1478.3
1502.2
1526.1
1550
1573.95
1597.85
1621.75
1645.65
1669.6
1693.5
1717.4
1741.35
1765.25
1789.15
1813.05
1837
1860.9
1884.8
1908.7
1932.65
1956.55
1980.45
2004.35
2028.3
2052.2
2076.1
2100
2123.95
2147.85
2171.75
2195.65
2219.6
2243.5
2267.4
2291.35
2315.25
2339.15
2363.05
2387
2410.9
2434.8
2458.7
2482.65
2506.55
2530.45
2554.35
2578.3
2602.2
2626.1
2650
2673.95
2697.85
2721.75
2745.65
2769.6
2793.5
2817.4
2841.35
2865.25
2889.15
2913.05
2937
2960.9
2984.8
3008.7
3032.65
3056.55
3080.45
3104.35
3128.3
3152.2
3176.1
3200
3223.95
3247.85
3271.75
3295.65
3319.6
3343.5
3367.4
3391.35
3415.25
3439.15
3463.05
3487
3510.9
3534.8
3558.7
3582.65
3606.55
3630.45
3654.35
3678.3
3702.2
3726.1
3750
3773.95
3797.85
3821.75
3845.7
3869.6
3893.5
3917.4
3941.35
3965.25
3989.15
-1000
0.05
26
56.7
83.65
113
146.1
176
203.05
231.95
265
295.2
322.4
351.3
384.35
414.65
441.95
470.85
503.95
534.25
561.5
590.35
623.35
653.7
681.05
709.85
742.85
773.3
800.6
829.45
862.55
892.9
920.2
949.1
982.15
1012.45
1039.75
1068.5
1101.5
1131.9
1159.25
1188.1
1221.1
1251.55
1278.85
1307.75
1340.75
1371.15
1398.45
1427.15
1460.15
1490.6
1517.9
1546.7
1579.7
1610.15
1637.5
1666.35
1699.35
1729.8
1757.1
1785.9
1818.85
1849.3
1876.65
1905.4
1938.4
1968.85
1996.2
2025.05
2058.15
2088.5
2115.8
2144.6
2177.6
2208.05
2235.35
2264.15
2297.2
2327.6
2354.95
2383.8
2416.9
2447.25
2474.55
2503.45
2536.45
2566.8
2594.1
2622.8
2655.8
2686.25
2713.6
2742.45
2775.45
2805.85
2833.2
2862.1
2895.1
2925.45
2952.8
2981.5
3014.5
3044.95
3072.25
3101.05
3134
3164.5
3191.85
3220.7
3253.7
3284.1
3311.45
3340.2
3373.2
3403.65
3431
3459.75
3492.75
3523.2
3550.55
3579.4
3612.5
3642.85
3670.15
3698.95
3731.95
3762.4
3789.7
3818.5
3851.5
3881.95
3909.3
3938.1
3971.2
4001.6
4028.9
4057.8
4090.8
4121.15
4148.45
4177.15
4210.15
4240.6
4267.95
4296.8
4329.8
4360.2
4387.55
4416.45
4449.45
4479.8
4507.15
4535.85
4568.85
4599.3
4626.6
4655.4
4688.35
4718.85
4746.2
4775.05
4808.05
4838.45
4865.8
4894.55
4927.55
4958
4985.35
