0.05
30.75
66.9
103.1
139.25
175.4
211.6
247.75
283.95
320.1
356.25
392.45
428.6
464.8
500.95
537.15
573.3
609.45
645.65
681.8
718
754.15
790.3
826.5
862.65
898.85
935
971.2
1007.35
1043.5
1079.7
1115.85
1152.05
1188.2
1224.35
1260.55
1296.7
1332.9
1369.05
1405.25
1441.4
1477.55
1513.75
1549.9
1586.1
1622.25
1658.45
1694.6
1730.75
1766.95
1803.1
1839.3
1875.45
1911.6
1947.8
1983.95
2020.15
2056.3
2092.5
2128.65
2164.8
2201
2237.15
2273.35
2309.5
2345.65
2381.85
2418
2454.2
2490.35
2526.55
2562.7
2598.85
2635.05
2671.2
2707.4
2743.55
2779.7
2815.9
2852.05
2888.25
2924.4
2960.6
2996.75
3032.9
3069.1
3105.25
3141.45
3177.6
3213.8
3249.95
3286.1
3322.3
3358.45
3394.65
3430.8
3466.95
3503.15
3539.3
3575.5
3611.65
3647.85
3684
3720.15
3756.35
3792.5
3828.7
3864.85
3901
3937.2
3973.35
4009.55
4045.7
4081.9
4118.05
4154.2
4190.4
4226.55
4262.75
4298.9
4335.05
4371.25
4407.4
4443.6
4479.75
4515.95
4552.1
4588.25
4624.45
4660.6
4696.8
4732.95
4769.15
4805.3
4841.45
4877.65
4913.8
4950
4986.15
-1000
0.05
26
61.55
96.75
132.2
167.7
203.2
238.6
273.75
308.15
339.8
367.55
394.55
426.4
460.4
495.3
530.55
566.05
601.55
637.05
672.4
707.4
741.4
771.35
798.4
827
859.7
894
929.05
964.4
999.95
1035.45
1070.9
1106.2
1141
1174.4
1202.95
1229.75
1259.8
1293.1
1327.7
1362.85
1398.25
1433.8
1469.3
1504.7
1539.9
1574.5
1606.95
1635
1661.55
1692.8
1726.65
1761.4
1796.65
1832.1
1867.6
1903.05
1938.45
1973.45
2007.6
2037.9
2065.1
2093.35
2125.85
2160.1
2195.1
2230.4
2265.9
2301.4
2336.85
2372.15
2406.95
2440.25
2468.8
2495.55
2525.7
2559.1
2593.7
2628.8
2664.2
2699.7
2735.2
2770.6
2805.75
2840.25
2872.2
2900.05
2926.85
2958.5
2992.5
3027.3
3062.55
3098
3133.5
3169
3204.35
3239.35
3273.3
3303.15
3330.2
3358.9
3391.6
3426
3461
3496.35
3531.8
3567.3
3602.75
3638
3672.9
3706.05
3734.45
3761.2
3791.55
3824.95
3859.6
3894.75
3930.15
3965.65
4001.15
4036.55
4071.7
4106.25
4138.1
4165.95
4192.8
4224.45
4258.4
4293.3
4328.55
4363.95
4399.5
4434.95
4470.3
4505.3
4539.3
4569.15
4596.2
