0.05
20.35
45.1
69.85
94.65
119.4
144.15
168.95
193.7
218.45
243.2
268
292.75
317.5
342.3
367.05
391.8
416.55
441.35
466.1
490.85
515.6
540.4
565.15
589.9
614.7
639.45
664.2
688.95
713.75
738.5
763.25
788.05
812.8
837.55
862.3
887.1
911.85
936.6
961.35
986.15
1010.9
1035.65
1060.45
1085.2
1109.95
1134.7
1159.5
1184.25
1209
1233.8
1258.55
1283.3
1308.05
1332.85
1357.6
1382.35
1407.1
1431.9
1456.65
1481.4
1506.2
1530.95
1555.7
1580.45
1605.25
1630
1654.75
1679.55
1704.3
1729.05
1753.8
1778.6
1803.35
1828.1
1852.9
1877.65
1902.4
1927.15
1951.95
1976.7
2001.45
2026.2
2051
2075.75
2100.5
2125.3
2150.05
2174.8
2199.55
2224.35
2249.1
2273.85
2298.65
2323.4
2348.15
2372.9
2397.7
2422.45
2447.2
2471.95
2496.75
2521.5
2546.25
2571.05
2595.8
2620.55
2645.3
2670.1
2694.85
2719.6
2744.4
2769.15
2793.9
2818.65
2843.45
2868.2
2892.95
2917.7
2942.5
2967.25
2992
3016.8
3041.55
3066.3
3091.05
3115.85
3140.6
3165.35
3190.15
3214.9
3239.65
3264.4
3289.2
3313.95
3338.7
3363.45
3388.25
3413
3437.75
3462.55
3487.3
3512.05
3536.8
3561.6
3586.35
3611.1
3635.9
3660.65
3685.4
3710.15
3734.95
3759.7
3784.45
3809.25
3834
3858.75
3883.5
3908.3
3933.05
3957.8
3982.55
4007.35
4032.1
4056.85
4081.65
4106.4
4131.15
4155.9
4180.7
4205.45
-1000
0.05
26
52.9
80.6
112.3
144.9
174
201
227.9
257.95
291.25
321.4
348.95
375.45
403.7
436.45
468.2
496.6
523.35
551
582.6
615.25
644.4
671.5
698.4
728.4
761.65
791.85
819.45
845.95
874.2
907
938.75
967.15
993.9
1021.55
1053.15
1085.85
1114.95
1142.05
1169
1199.05
1232.3
1262.45
1290
1316.55
1344.9
1377.65
1409.3
1437.65
1464.4
1492.1
1523.95
1556.5
1585.55
1612.55
1639.55
1669.7
1703.05
1733.1
1760.6
1787.1
1815.55
1848.4
1879.95
1908.25
1935
1962.7
1994.45
2027
2056.05
2083.1
2110.1
2140.45
2173.65
2203.65
2231.1
2257.65
2286.15
2319.15
2350.6
2378.85
2405.55
2433.15
2464.85
2497.45
2526.55
2553.6
2580.6
2610.7
2643.95
2674.05
2701.6
2728.1
2756.6
2789.4
2821
2849.3
2875.95
2903.65
2935.35
2968
2997.05
3024.1
3051.05
3081.15
3114.4
3144.55
3172.1
3198.6
3226.9
3259.65
3291.35
3319.75
3346.5
3374.15
3405.85
3438.5
3467.55
3494.6
3521.5
3551.5
3584.8
3615
3642.55
3669.05
3697.25
3729.95
3761.75
3790.2
3816.95
3844.55
3876.15
3908.8
3938
3965.1
3992
4021.9
4055.2
4085.45
4113
4139.5
4167.75
4200.45
4232.25
4260.65
4287.4
4315
4346.5
4379.3
4408.5
4435.6
4462.45
4492.35
4525.65
4555.9
4583.55
4610.05
4638.25
4670.9
4702.7
4731.15
4757.95
4785.6
4817.3
4849.95
4879.05
4906.15
4933
4963
4996.35
