0.05
19
42.3
65.6
88.85
112.15
135.45
158.7
182
205.25
228.55
251.85
275.1
298.4
321.7
344.95
368.25
391.5
414.8
438.1
461.35
484.65
507.95
531.2
554.5
577.75
601.05
624.35
647.6
670.9
694.2
717.45
740.75
764
787.3
810.6
833.85
857.15
880.4
903.7
927
950.25
973.55
996.85
1020.1
1043.4
1066.65
1089.95
1113.25
1136.5
1159.8
1183.1
1206.35
1229.65
1252.9
1276.2
1299.5
1322.75
1346.05
1369.35
1392.6
1415.9
1439.15
1462.45
1485.75
1509
1532.3
1555.6
1578.85
1602.15
1625.4
1648.7
1672
1695.25
1718.55
1741.85
1765.1
1788.4
1811.65
1834.95
1858.25
1881.5
1904.8
1928.1
1951.35
1974.65
1997.9
2021.2
2044.5
2067.75
2091.05
2114.35
2137.6
2160.9
2184.15
2207.45
2230.75
2254
2277.3
2300.6
2323.85
2347.15
2370.4
2393.7
2417
2440.25
2463.55
2486.85
2510.1
2533.4
2556.65
2579.95
2603.25
2626.5
2649.8
2673.1
2696.35
2719.65
2742.9
2766.2
2789.5
2812.75
2836.05
2859.35
2882.6
2905.9
2929.15
2952.45
2975.75
2999
3022.3
3045.6
3068.85
3092.15
3115.4
3138.7
3162
3185.25
3208.55
3231.85
3255.1
3278.4
3301.65
3324.95
3348.25
3371.5
3394.8
3418.1
3441.35
3464.65
3487.9
3511.2
3534.5
3557.75
3581.05
3604.35
3627.6
3650.9
3674.15
3697.45
3720.75
3744
3767.3
3790.55
3813.85
3837.15
3860.4
-1000
0.05
26
54.2
84.1
116.85
145.9
173.05
205.25
236.45
263.95
293.9
326.65
355.55
382.8
415.15
446.2
473.6
503.7
536.35
565.15
592.6
625.05
655.95
683.3
713.65
746.2
774.9
802.5
835.2
865.8
893.05
923.65
956.1
984.6
1012.6
1045.35
1075.65
1102.8
1133.65
1165.95
1194.3
1222.6
1255.5
1285.5
1312.55
1343.75
1375.85
1404
1432.9
1465.8
1495.45
1522.5
1554.1
1585.95
1613.85
1643.5
1676.35
1705.55
1732.7
1764.85
1796.15
1823.75
1853.6
1886.4
1915.3
1942.65
1974.9
2006
2033.45
2063.5
2096.2
2125
2152.35
2184.75
2215.7
2243.05
2273.35
2305.95
2334.65
2362.15
2394.7
2425.45
2452.75
2483.2
2515.8
2544.35
2572.15
2604.85
2635.35
2662.5
2693.35
2725.7
2754.1
2782.3
2815.25
2845.3
2872.4
2903.5
2935.65
2963.85
2992.75
3025.65
3055.3
3082.3
3113.8
3145.65
3173.6
3203.1
3236
3265.25
3292.35
3324.3
3355.8
3383.45
3413.2
3446
3475.05
3502.3
3534.5
3565.7
3593.2
3623.2
3655.95
3684.8
3712.15
3744.65
3775.55
3802.95
3833.25
3865.85
3894.5
3922.15
3954.7
3985.4
4012.65
4043.15
4075.65
4104.2
4131.95
4164.6
4195.1
4222.3
4253
4285.45
4313.85
4341.85
4374.65
4404.95
4432.05
4463.05
4495.35
4523.6
4552.15
4585.05
4614.95
4641.95
4673.45
4705.35
4733.4
4762.8
4795.7
4825.05
4852.15
4884
4915.55
4943.25
4973
