0.05
33.45
72.5
111.6
150.65
189.75
228.8
267.9
306.95
346.05
385.1
424.2
463.25
502.35
541.4
580.5
619.55
658.65
697.7
736.8
775.85
814.95
854
893.1
932.15
971.2
1010.3
1049.35
1088.45
1127.5
1166.6
1205.65
1244.75
1283.8
1322.9
1361.95
1401.05
1440.1
1479.2
1518.25
1557.35
1596.4
1635.5
1674.55
1713.65
1752.7
1791.8
1830.85
1869.95
1909
1948.1
1987.15
2026.25
2065.3
2104.4
2143.45
2182.55
2221.6
2260.7
2299.75
2338.85
2377.9
2417
2456.05
2495.15
2534.2
2573.3
2612.35
2651.45
2690.5
2729.6
2768.65
2807.75
2846.8
2885.9
2924.95
2964.05
3003.1
3042.2
3081.25
3120.35
3159.4
3198.5
3237.55
3276.65
3315.7
3354.8
3393.85
3432.95
3472
3511.1
3550.15
3589.25
3628.3
3667.4
3706.45
3745.55
3784.6
3823.7
3862.75
3901.85
3940.9
3980
4019.05
4058.15
4097.2
4136.3
4175.35
4214.45
4253.5
4292.6
4331.65
4370.75
4409.8
4448.9
4487.95
4527.05
4566.1
4605.2
4644.25
4683.35
4722.4
4761.5
4800.55
4839.65
4878.7
4917.8
4956.85
4995.95
-1000
0.05
26
61
96.8
131.65
160.6
187.4
219.5
254.85
290.7
323.15
351.05
379.15
413.15
449
484.15
513.4
540.15
571.7
606.9
642.65
675.8
704
731.5
765.15
800.85
836.15
865.75
892.6
923.7
958.75
994.6
1028.1
1056.45
1083.55
1117.05
1152.7
1188.1
1218.05
1245
1275.7
1310.65
1346.45
1380.3
1408.8
1435.65
1468.9
1504.55
1540
1570.3
1597.35
1627.65
1662.5
1698.35
1732.45
1761.05
1787.65
1820.75
1856.35
1891.85
1922.55
1949.7
1979.65
2014.35
2050.2
2084.55
2113.25
2139.8
2172.65
2208.2
2243.75
2274.9
2302.25
2331.7
2366.25
2402.1
2436.65
2465.5
2492.25
2524.7
2560.1
2595.8
2627.65
2655.3
2684.05
2718.25
2754.1
2788.95
2817.95
2844.7
2876.7
2912.05
2947.75
2980.25
3008.15
3036.25
3070.25
3106
3141.1
3170.3
3197.1
3228.7
3263.9
3299.7
3332.7
3360.8
3388.45
3422.15
3457.9
3493.15
3522.65
3549.5
3580.7
3615.8
3651.6
3685
3713.3
3740.55
3774.05
3809.75
3845.1
3874.95
3901.85
3932.7
3967.65
4003.5
4037.25
4065.7
4092.6
