0.05
44.35
95.05
145.75
196.45
247.15
297.85
348.55
399.25
449.95
500.6
551.3
602
652.7
703.4
754.1
804.8
855.5
906.2
956.9
1007.6
1058.3
1109
1159.65
1210.35
1261.05
1311.75
1362.45
1413.15
1463.85
1514.55
1565.25
1615.95
1666.65
1717.35
1768.05
1818.7
1869.4
1920.1
1970.8
2021.5
2072.2
2122.9
2173.6
2224.3
2275
2325.7
2376.4
2427.1
2477.75
2528.45
2579.15
2629.85
2680.55
2731.25
2781.95
2832.65
2883.35
2934.05
2984.75
3035.45
3086.15
3136.8
3187.5
3238.2
3288.9
3339.6
3390.3
3441
3491.7
3542.4
3593.1
3643.8
3694.5
3745.2
3795.85
3846.55
3897.25
3947.95
3998.65
4049.35
4100.05
4150.75
4201.45
4252.15
4302.85
4353.55
4404.25
4454.9
4505.6
4556.3
4607
4657.7
4708.4
4759.1
4809.8
4860.5
4911.2
4961.9
-1000
0.05
26
57.05
85.4
118.55
146.2
181.15
211.3
238.55
273.3
301.75
334.95
365.25
391.8
427.65
456.7
488.3
518.7
545.45
581.95
611.45
641.55
672.45
699.3
735.8
765.55
794.55
826.7
853.95
889.7
919.75
947.65
981.45
1009.45
1043.7
1073.95
1100.8
1136.05
1164.75
1197.3
1227.65
1254.35
1290.6
1319.85
1350.7
1381.25
1408
1444.55
1474.2
1503.8
1535.15
1562.15
1598.4
1628.3
1656.8
1689.65
1717.2
1752.4
1782.5
1809.95
1844.5
1872.85
1906.3
1936.6
1963.15
1998.9
2027.85
2059.7
2090.1
2116.9
2153.4
2182.8
2213.05
2243.9
2270.7
2307.25
2336.95
2366.05
2398.05
2425.25
2461.15
2491.15
2519.1
2552.8
2580.7
2615.1
2645.35
2672.3
2707.45
2736.1
2768.75
2799.1
2825.75
2861.9
2891.1
2922.15
2952.65
2979.4
3015.95
