0.05
26.6
58.25
89.9
121.6
153.25
184.9
216.55
248.25
279.9
311.55
343.2
374.9
406.55
438.2
469.9
501.55
533.2
564.85
596.55
628.2
659.85
691.5
723.2
754.85
786.5
818.2
849.85
881.5
913.15
944.85
976.5
1008.15
1039.8
1071.5
1103.15
1134.8
1166.45
1198.15
1229.8
1261.45
1293.15
1324.8
1356.45
1388.1
1419.8
1451.45
1483.1
1514.75
1546.45
1578.1
1609.75
1641.4
1673.1
1704.75
1736.4
1768.1
1799.75
1831.4
1863.05
1894.75
1926.4
1958.05
1989.7
2021.4
2053.05
2084.7
2116.4
2148.05
2179.7
2211.35
2243.05
2274.7
2306.35
2338
2369.7
2401.35
2433
2464.65
2496.35
2528
2559.65
2591.35
2623
2654.65
2686.3
2718
2749.65
2781.3
2812.95
2844.65
2876.3
2907.95
2939.65
2971.3
3002.95
3034.6
3066.3
3097.95
3129.6
3161.25
3192.95
3224.6
3256.25
3287.9
3319.6
3351.25
3382.9
3414.6
3446.25
3477.9
3509.55
3541.25
3572.9
3604.55
3636.2
3667.9
3699.55
3731.2
3762.85
3794.55
3826.2
3857.85
3889.55
3921.2
3952.85
3984.5
4016.2
4047.85
4079.5
4111.15
4142.85
4174.5
4206.15
4237.85
4269.5
4301.15
4332.8
4364.5
4396.15
4427.8
4459.45
4491.15
4522.8
4554.45
4586.1
4617.8
4649.45
4681.1
4712.8
4744.45
4776.1
4807.75
4839.45
4871.1
4902.75
4934.4
4966.1
4997.75
-1000
0.05
26
58.4
90.1
121.75
153.45
185.1
216.75
248.4
280.1
311.75
343.4
375.05
406.75
438.4
470.05
501.75
533.4
565.05
596.7
628.4
660.05
691.7
723.35
755.05
786.7
818.35
850
881.7
913.35
945
976.7
1008.35
1040
1071.65
1103.35
1135
1166.65
1198.3
1230
1261.65
1293.3
1325
1356.65
1388.3
1419.95
1451.65
1483.3
1514.95
1546.6
1578.3
1609.95
1641.6
1673.25
1704.95
1736.6
1768.25
1799.95
1831.6
1863.25
1894.9
1926.6
1958.25
1989.9
2021.55
2053.25
2084.9
2116.55
2148.25
2179.9
2211.55
2243.2
2274.9
2306.55
2338.2
2369.85
2401.55
2433.2
2464.85
2496.5
2528.2
2559.85
2591.5
2623.2
2654.85
2686.5
2718.15
2749.85
2781.5
2813.15
2844.8
2876.5
2908.15
2939.8
2971.45
3003.15
3034.8
3066.45
3098.15
3129.8
3161.45
3193.1
3224.8
3256.45
3288.1
3319.75
3351.45
3383.1
3414.75
3446.45
3478.1
3509.75
3541.4
3573.1
3604.75
3636.4
3668.05
3699.75
3731.4
3763.05
3794.7
3826.4
3858.05
3889.7
3921.4
3953.05
3984.7
4016.35
4048.05
4079.7
4111.35
4143
4174.7
4206.35
4238
4269.65
4301.35
4333
4364.65
4396.35
4428
4459.65
4491.3
4523
4554.65
4586.3
4617.95
4649.65
4681.3
4712.95
4744.65
4776.3
4807.95
4839.6
4871.3
4902.95
4934.6
4966.25
4997.95
