0.05
27.8
60.85
93.85
126.85
159.85
192.9
225.9
258.9
291.9
324.9
357.95
390.95
423.95
456.95
489.95
523
556
589
622
655
688.05
721.05
754.05
787.05
820.05
853.1
886.1
919.1
952.1
985.15
1018.15
1051.15
1084.15
1117.15
1150.2
1183.2
1216.2
1249.2
1282.2
1315.25
1348.25
1381.25
1414.25
1447.25
1480.3
1513.3
1546.3
1579.3
1612.35
1645.35
1678.35
1711.35
1744.35
1777.4
1810.4
1843.4
1876.4
1909.4
1942.45
1975.45
2008.45
2041.45
2074.45
2107.5
2140.5
2173.5
2206.5
2239.55
2272.55
2305.55
2338.55
2371.55
2404.6
2437.6
2470.6
2503.6
2536.6
2569.65
2602.65
2635.65
2668.65
2701.65
2734.7
2767.7
2800.7
2833.7
2866.7
2899.75
2932.75
2965.75
2998.75
3031.8
3064.8
3097.8
3130.8
3163.8
3196.85
3229.85
3262.85
3295.85
3328.85
3361.9
3394.9
3427.9
3460.9
3493.9
3526.95
3559.95
3592.95
3625.95
3659
3692
3725
3758
3791
3824.05
3857.05
3890.05
3923.05
3956.05
3989.1
4022.1
4055.1
4088.1
4121.1
4154.15
4187.15
4220.15
4253.15
4286.2
4319.2
4352.2
4385.2
4418.2
4451.25
4484.25
4517.25
4550.25
4583.25
4616.3
4649.3
4682.3
4715.3
4748.3
4781.35
4814.35
4847.35
4880.35
4913.35
4946.4
4979.4
-1000
0.05
26
61.15
94.75
128.1
161.3
194.4
227.45
260.5
293.5
326.5
359.55
392.55
425.55
458.6
491.6
524.6
557.6
590.6
623.65
656.65
689.65
722.65
755.65
788.7
821.7
854.7
887.7
920.7
953.75
986.75
1019.75
1052.75
1085.8
1118.8
1151.8
1184.8
1217.8
1250.85
1283.85
1316.85
1349.85
1382.85
1415.9
1448.9
1481.9
1514.9
1547.9
1580.95
1613.95
1646.95
1679.95
1713
1746
1779
1812
1845
1878.05
1911.05
1944.05
1977.05
2010.05
2043.1
2076.1
2109.1
2142.1
2175.1
2208.15
2241.15
2274.15
2307.15
2340.15
2373.2
2406.2
2439.2
2472.2
2505.25
2538.25
2571.25
2604.25
2637.25
2670.3
2703.3
2736.3
2769.3
2802.3
2835.35
2868.35
2901.35
2934.35
2967.35
3000.4
3033.4
3066.4
3099.4
3132.45
3165.45
3198.45
3231.45
3264.45
3297.5
3330.5
3363.5
3396.5
3429.5
3462.55
3495.55
3528.55
3561.55
3594.55
3627.6
3660.6
3693.6
3726.6
3759.65
3792.65
3825.65
3858.65
3891.65
3924.7
3957.7
3990.7
4023.7
4056.7
4089.75
4122.75
4155.75
4188.75
4221.75
4254.8
4287.8
4320.8
4353.8
4386.8
4419.85
4452.85
4485.85
4518.85
4551.9
4584.9
4617.9
4650.9
4683.9
4716.95
4749.95
4782.95
4815.95
4848.95
4882
4915
4948
4981
