0.05
31.15
67.75
104.4
141
177.6
214.25
250.85
287.5
324.1
360.7
397.35
433.95
470.55
507.2
543.8
580.45
617.05
653.65
690.3
726.9
763.5
800.15
836.75
873.4
910
946.6
983.25
1019.85
1056.45
1093.1
1129.7
1166.35
1202.95
1239.55
1276.2
1312.8
1349.4
1386.05
1422.65
1459.25
1495.9
1532.5
1569.15
1605.75
1642.35
1679
1715.6
1752.2
1788.85
1825.45
1862.1
1898.7
1935.3
1971.95
2008.55
2045.15
2081.8
2118.4
2155.05
2191.65
2228.25
2264.9
2301.5
2338.1
2374.75
2411.35
2448
2484.6
2521.2
2557.85
2594.45
2631.05
2667.7
2704.3
2740.95
2777.55
2814.15
2850.8
2887.4
2924
2960.65
2997.25
3033.85
3070.5
3107.1
3143.75
3180.35
3216.95
3253.6
3290.2
3326.8
3363.45
3400.05
3436.7
3473.3
3509.9
3546.55
3583.15
3619.75
3656.4
3693
3729.65
3766.25
3802.85
3839.5
3876.1
3912.7
3949.35
3985.95
4022.6
4059.2
4095.8
4132.45
4169.05
4205.65
4242.3
4278.9
4315.55
4352.15
4388.75
4425.4
4462
4498.6
4535.25
4571.85
4608.5
4645.1
4681.7
4718.35
4754.95
4791.55
4828.2
4864.8
4901.4
4938.05
4974.65
-1000
0.05
26
56.45
90.05
124.95
160.35
195.9
231.4
266.5
300.25
328.9
355.65
385.95
419.6
454.5
489.9
525.45
560.95
596.15
629.8
658.55
685.3
715.55
749.2
784.05
819.5
855.05
890.6
925.75
959.5
988.3
1015.1
1045.25
1078.8
1113.7
1149.05
1184.6
1220.1
1255.2
1288.85
1317.5
1344.25
1374.6
1408.25
1443.2
1478.6
1514.15
1549.65
1584.7
1618.2
1646.75
1673.5
1704.05
1737.75
1772.7
1808.1
1843.65
1879.25
1914.3
1947.95
1976.55
2003.3
2033.7
2067.35
2102.3
2137.7
2173.35
2208.85
2243.95
2277.6
2306.3
2333.1
2363.35
2397
2431.9
2467.35
2502.9
2538.4
2573.5
2607.2
2635.95
2662.7
2693
2726.6
2761.5
2796.9
2832.45
2867.95
2903.05
2936.7
2965.3
2992.1
3022.45
3056.1
3091
3126.4
3162
3197.45
3232.55
3266.05
3294.6
3321.35
3351.85
3385.6
3420.55
3455.95
3491.5
3527
3562.05
3595.45
3623.95
3650.65
3681.35
3715.1
3750.1
3785.55
3821.1
3856.55
3891.6
3925.05
3953.55
3980.3
4010.9
4044.7
4079.65
4115.05
4150.65
4186.1
4221.15
4254.55
4283
4309.75
4340.45
4374.25
4409.2
4444.6
4480.2
