0.05
32.45
70.5
108.55
146.6
184.65
222.7
260.75
298.8
336.85
374.9
412.95
451
489
527.05
565.1
603.15
641.2
679.25
717.3
755.35
793.4
831.45
869.5
907.55
945.55
983.6
1021.65
1059.7
1097.75
1135.8
1173.85
1211.9
1249.95
1288
1326.05
1364.1
1402.15
1440.15
1478.2
1516.25
1554.3
1592.35
1630.4
1668.45
1706.5
1744.55
1782.6
1820.65
1858.7
1896.7
1934.75
1972.8
2010.85
2048.9
2086.95
2125
2163.05
2201.1
2239.15
2277.2
2315.25
2353.25
2391.3
2429.35
2467.4
2505.45
2543.5
2581.55
2619.6
2657.65
2695.7
2733.75
2771.8
2809.85
2847.85
2885.9
2923.95
2962
3000.05
3038.1
3076.15
3114.2
3152.25
3190.3
3228.35
3266.4
3304.4
3342.45
3380.5
3418.55
3456.6
3494.65
3532.7
3570.75
3608.8
3646.85
3684.9
3722.95
3760.95
3799
3837.05
3875.1
3913.15
3951.2
3989.25
4027.3
4065.35
4103.4
4141.45
4179.5
4217.55
4255.55
4293.6
4331.65
4369.7
4407.75
4445.8
4483.85
4521.9
4559.95
4598
4636.05
4674.1
4712.1
4750.15
4788.2
4826.25
4864.3
4902.35
4940.4
4978.45
-1000
0.05
26
61.45
97.15
132.55
164.95
192.9
220.4
253.55
288.8
324.55
359.4
389.1
416
446.25
480.6
516.2
551.8
585.5
614
640.55
672.8
707.85
743.55
778.8
810.05
837.5
866.15
899.8
935.3
971
1005.6
1034.6
1061.4
1092.4
1127
1162.65
1198.15
1231.1
1259.3
1286.3
1319.15
1354.3
1390.05
1425.1
1455.45
1482.6
1512.1
1546.15
1581.7
1617.35
1651.4
1680.1
1706.95
1738.6
1773.45
1809.15
1844.5
1876.85
1904.7
1932.35
1965.55
2000.85
2036.55
2071.4
2100.95
2127.8
2158.2
2192.55
2228.2
2263.75
2297.25
2325.7
2352.25
2384.7
2419.8
2455.5
2490.65
2521.6
2548.9
2577.9
2611.7
2647.15
2682.85
2717.2
2746
2772.7
2804.15
2838.85
2874.55
2909.95
2942.55
2970.55
2997.95
3031
3066.25
3101.95
3136.85
3166.7
3193.65
3223.75
3258
3293.65
3329.25
3363.15
3391.75
3418.4
3450.4
3485.35
3521.05
3556.35
3588.1
3615.7
3643.9
3677.35
3712.75
3748.55
3783.3
3812.7
3839.5
3870.1
3904.55
3940.15
3975.7
4009.05
4037.45
4064.1
4096.7
4131.8
4167.55
4202.65
4233.45
