0.05
18.6
41.45
64.3
87.1
109.95
132.8
155.6
178.45
201.3
224.1
246.95
269.8
292.6
315.45
338.3
361.1
383.95
406.8
429.6
452.45
475.3
498.1
520.95
543.8
566.6
589.45
612.3
635.1
657.95
680.8
703.6
726.45
749.3
772.1
794.95
817.8
840.6
863.45
886.25
909.1
931.95
954.75
977.6
1000.45
1023.25
1046.1
1068.95
1091.75
1114.6
1137.45
1160.25
1183.1
1205.95
1228.75
1251.6
1274.45
1297.25
1320.1
1342.95
1365.75
1388.6
1411.45
1434.25
1457.1
1479.95
1502.75
1525.6
1548.45
1571.25
1594.1
1616.95
1639.75
1662.6
1685.45
1708.25
1731.1
1753.95
1776.75
1799.6
1822.45
1845.25
1868.1
1890.95
1913.75
1936.6
1959.45
1982.25
2005.1
2027.9
2050.75
2073.6
2096.4
2119.25
2142.1
2164.9
2187.75
2210.6
2233.4
2256.25
2279.1
2301.9
2324.75
2347.6
2370.4
2393.25
2416.1
2438.9
2461.75
2484.6
2507.4
2530.25
2553.1
2575.9
2598.75
2621.6
2644.4
2667.25
2690.1
2712.9
2735.75
2758.6
2781.4
2804.25
2827.1
2849.9
2872.75
2895.6
2918.4
2941.25
2964.1
2986.9
3009.75
3032.6
3055.4
3078.25
3101.05
3123.9
3146.75
3169.55
3192.4
3215.25
3238.05
3260.9
3283.75
3306.55
3329.4
3352.25
3375.05
3397.9
3420.75
3443.55
3466.4
3489.25
3512.05
3534.9
3557.75
3580.55
3603.4
3626.25
3649.05
3671.9
3694.75
3717.55
3740.4
3763.25
-1000
0.05
26
55.75
88.4
117.1
145.95
178.75
207.95
235.9
268.65
298.55
325.95
358.45
389
416.35
448.2
479.45
506.9
538.15
570
597.75
628.55
660.65
688.7
719
751.4
779.7
809.8
842.4
870.9
900.55
933.2
961.95
990.9
1023.7
1052.8
1080.8
1113.55
1143.4
1170.85
1203.3
1233.85
1261.15
1293.05
1324.3
1351.75
1383
1414.8
1442.55
1473.2
1505.45
1533.5
1564
1596.35
1624.6
1654.75
1687.3
1715.7
1745.45
1778.15
1806.8
1835.95
1868.65
1897.75
1925.85
1958.6
1988.3
2015.8
2048.25
2078.75
2106.1
2138.05
2169.25
2196.65
2228
2259.7
2287.45
2318.2
2350.35
2378.4
2408.75
2441.15
2469.4
2499.55
2532.05
2560.55
2590.25
2622.9
2651.6
2680.55
2713.4
2742.5
2770.6
2803.35
2833.1
2860.55
2893
2923.55
2950.85
2982.85
3014
3041.45
3072.75
3104.55
3132.25
3162.95
3195.1
3223.15
3253.55
3285.95
3314.25
3344.45
3376.95
3405.4
3435.15
3467.8
3496.45
3525.5
3558.3
3587.35
3615.5
3648.35
3678
3705.6
3738.05
3768.5
3795.75
3827.75
3858.9
3886.3
3917.8
3949.45
3977.15
4007.95
4040.05
4068.05
4098.4
4130.8
4159.1
4189.3
4221.8
4250.25
4280.15
4312.75
4341.35
4370.55
4403.3
4432.3
4460.6
4493.4
4523
4550.55
4583.15
4613.45
4640.75
4672.8
4703.85
4731.25
4762.75
4794.4
4822
4853.05
4885.05
4912.95
4943.35
4975.7
