0.05
26.9
58.85
90.85
122.85
154.85
186.85
218.8
250.8
282.8
314.8
346.75
378.75
410.75
442.75
474.7
506.7
538.7
570.7
602.65
634.65
666.65
698.65
730.6
762.6
794.6
826.6
858.55
890.55
922.55
954.55
986.5
1018.5
1050.5
1082.5
1114.45
1146.45
1178.45
1210.45
1242.4
1274.4
1306.4
1338.4
1370.35
1402.35
1434.35
1466.35
1498.3
1530.3
1562.3
1594.3
1626.25
1658.25
1690.25
1722.25
1754.2
1786.2
1818.2
1850.2
1882.2
1914.15
1946.15
1978.15
2010.15
2042.1
2074.1
2106.1
2138.1
2170.05
2202.05
2234.05
2266.05
2298
2330
2362
2394
2425.95
2457.95
2489.95
2521.95
2553.9
2585.9
2617.9
2649.9
2681.85
2713.85
2745.85
2777.85
2809.8
2841.8
2873.8
2905.8
2937.75
2969.75
3001.75
3033.75
3065.7
3097.7
3129.7
3161.7
3193.65
3225.65
3257.65
3289.65
3321.6
3353.6
3385.6
3417.6
3449.6
3481.55
3513.55
3545.55
3577.55
3609.5
3641.5
3673.5
3705.5
3737.45
3769.45
3801.45
3833.45
3865.4
3897.4
3929.4
3961.4
3993.35
4025.35
4057.35
4089.35
4121.3
4153.3
4185.3
4217.3
4249.25
4281.25
4313.25
4345.25
4377.2
4409.2
4441.2
4473.2
4505.15
4537.15
4569.15
4601.15
4633.1
4665.1
4697.1
4729.1
4761.05
4793.05
4825.05
4857.05
4889
4921
4953
4985
-1000
0.05
26
57.45
88.9
120.65
152.5
184.45
216.4
248.4
280.35
312.35
344.35
376.3
408.3
440.3
472.3
504.25
536.25
568.25
600.25
632.2
664.2
696.2
728.2
760.15
792.15
824.15
856.15
888.15
920.1
952.1
984.1
1016.1
1048.05
1080.05
1112.05
1144.05
1176
1208
1240
1272
1303.95
1335.95
1367.95
1399.95
1431.9
1463.9
1495.9
1527.9
1559.85
1591.85
1623.85
1655.85
1687.8
1719.8
1751.8
1783.8
1815.75
1847.75
1879.75
1911.75
1943.7
1975.7
2007.7
2039.7
2071.65
2103.65
2135.65
2167.65
2199.6
2231.6
2263.6
2295.6
2327.55
2359.55
2391.55
2423.55
2455.5
2487.5
2519.5
2551.5
2583.5
2615.45
2647.45
2679.45
2711.45
2743.4
2775.4
2807.4
2839.4
2871.35
2903.35
2935.35
2967.35
2999.3
3031.3
3063.3
3095.3
3127.25
3159.25
3191.25
3223.25
3255.2
3287.2
3319.2
3351.2
3383.15
3415.15
3447.15
3479.15
3511.1
3543.1
3575.1
3607.1
3639.05
3671.05
3703.05
3735.05
3767
3799
3831
3863
3894.95
3926.95
3958.95
3990.95
4022.9
4054.9
4086.9
4118.9
4150.85
4182.85
4214.85
4246.85
4278.85
4310.8
4342.8
4374.8
4406.8
4438.75
4470.75
4502.75
4534.75
4566.7
4598.7
4630.7
4662.7
4694.65
4726.65
4758.65
4790.65
4822.6
4854.6
4886.6
4918.6
4950.55
4982.55
