0.05
24.45
53.8
83.1
112.45
141.75
171.1
200.4
229.75
259.05
288.4
317.75
347.05
376.4
405.7
435.05
464.35
493.7
523
552.35
581.65
611
640.3
669.65
698.95
728.3
757.6
786.95
816.3
845.6
874.95
904.25
933.6
962.9
992.25
1021.55
1050.9
1080.2
1109.55
1138.85
1168.2
1197.5
1226.85
1256.15
1285.5
1314.85
1344.15
1373.5
1402.8
1432.15
1461.45
1490.8
1520.1
1549.45
1578.75
1608.1
1637.4
1666.75
1696.05
1725.4
1754.7
1784.05
1813.4
1842.7
1872.05
1901.35
1930.7
1960
1989.35
2018.65
2048
2077.3
2106.65
2135.95
2165.3
2194.6
2223.95
2253.25
2282.6
2311.95
2341.25
2370.6
2399.9
2429.25
2458.55
2487.9
2517.2
2546.55
2575.85
2605.2
2634.5
2663.85
2693.15
2722.5
2751.8
2781.15
2810.5
2839.8
2869.15
2898.45
2927.8
2957.1
2986.45
3015.75
3045.1
3074.4
3103.75
3133.05
3162.4
3191.7
3221.05
3250.35
3279.7
3309.05
3338.35
3367.7
3397
3426.35
3455.65
3485
3514.3
3543.65
3572.95
3602.3
3631.6
3660.95
3690.25
3719.6
3748.9
3778.25
3807.6
3836.9
3866.25
3895.55
3924.9
3954.2
3983.55
4012.85
4042.2
4071.5
4100.85
4130.15
4159.5
4188.8
4218.15
4247.45
4276.8
4306.15
4335.45
4364.8
4394.1
4423.45
4452.75
4482.1
4511.4
4540.75
4570.05
4599.4
4628.7
4658.05
4687.35
4716.7
4746
4775.35
4804.7
4834
4863.35
4892.65
4922
4951.3
4980.65
-1000
0.05
26
56.05
85.55
114.9
144.25
173.6
202.95
232.25
261.6
290.9
320.25
349.55
378.9
408.2
437.55
466.9
496.2
525.55
554.85
584.2
613.5
642.85
672.15
701.5
730.8
760.15
789.45
818.8
848.1
877.45
906.75
936.1
965.45
994.75
1024.1
1053.4
1082.75
1112.05
1141.4
1170.7
1200.05
1229.35
1258.7
1288
1317.35
1346.65
1376
1405.3
1434.65
1464
1493.3
1522.65
1551.95
1581.3
1610.6
1639.95
1669.25
1698.6
1727.9
1757.25
1786.55
1815.9
1845.2
1874.55
1903.85
1933.2
1962.55
1991.85
2021.2
2050.5
2079.85
2109.15
2138.5
2167.8
2197.15
2226.45
2255.8
2285.1
2314.45
2343.75
2373.1
2402.4
2431.75
2461.1
2490.4
2519.75
2549.05
2578.4
2607.7
2637.05
2666.35
2695.7
2725
2754.35
2783.65
2813
2842.3
2871.65
2900.95
2930.3
2959.65
2988.95
3018.3
3047.6
3076.95
3106.25
3135.6
3164.9
3194.25
3223.55
3252.9
3282.2
3311.55
3340.85
3370.2
3399.5
3428.85
3458.2
3487.5
3516.85
3546.15
3575.5
3604.8
3634.15
3663.45
3692.8
3722.1
3751.45
3780.75
3810.1
3839.4
3868.75
3898.05
3927.4
3956.75
3986.05
4015.4
4044.7
4074.05
4103.35
4132.7
4162
4191.35
4220.65
4250
4279.3
4308.65
4337.95
4367.3
4396.6
4425.95
4455.3
4484.6
4513.95
4543.25
4572.6
4601.9
4631.25
4660.55
4689.9
4719.2
4748.55
4777.85
4807.2
4836.5
4865.85
4895.15
4924.5
4953.85
4983.15
