0.05
36.15
78.1
120.05
162.05
204
246
287.95
329.9
371.9
413.85
455.85
497.8
539.8
581.75
623.7
665.7
707.65
749.65
791.6
833.55
875.55
917.5
959.5
1001.45
1043.4
1085.4
1127.35
1169.35
1211.3
1253.3
1295.25
1337.2
1379.2
1421.15
1463.15
1505.1
1547.05
1589.05
1631
1673
1714.95
1756.95
1798.9
1840.85
1882.85
1924.8
1966.8
2008.75
2050.7
2092.7
2134.65
2176.65
2218.6
2260.55
2302.55
2344.5
2386.5
2428.45
2470.45
2512.4
2554.35
2596.35
2638.3
2680.3
2722.25
2764.2
2806.2
2848.15
2890.15
2932.1
2974.1
3016.05
3058
3100
3141.95
3183.95
3225.9
3267.85
3309.85
3351.8
3393.8
3435.75
3477.7
3519.7
3561.65
3603.65
3645.6
3687.6
3729.55
3771.5
3813.5
3855.45
3897.45
3939.4
3981.35
4023.35
4065.3
4107.3
4149.25
4191.2
4233.2
4275.15
4317.15
4359.1
4401.1
4443.05
4485
4527
4568.95
4610.95
4652.9
4694.85
4736.85
4778.8
4820.8
4862.75
4904.75
4946.7
4988.65
-1000
0.05
26
59.25
95.35
125.05
151.85
185
221.05
250.65
277.45
310.75
346.8
376.3
403.1
436.55
472.55
502.05
528.75
562.4
598.35
627.8
654.55
688.2
724.2
753.65
780.4
814.1
850.05
879.5
906.3
939.95
975.9
1005.35
1032.15
1065.85
1101.8
1131.25
1158.05
1191.8
1227.75
1257.15
1283.95
1317.65
1353.6
1383.05
1409.9
1443.6
1479.55
1508.95
1535.8
1569.5
1605.45
1634.9
1661.7
1695.45
1731.4
1760.8
1787.6
1821.3
1857.25
1886.7
1913.55
1947.25
1983.2
2012.6
2039.45
2073.15
2109.1
2138.55
2165.35
2199.1
2235.05
2264.45
2291.25
2325
2360.95
2390.4
2417.2
2450.9
2486.95
2516.4
2543.15
2576.85
2612.8
2642.25
2669.05
2702.75
2738.7
2768.15
2794.95
2828.65
2864.6
2894.05
2920.85
2954.55
2990.5
3019.95
3046.75
3080.45
3116.4
3145.85
3172.65
3206.4
3242.35
3271.75
3298.55
3332.3
3368.25
3397.7
3424.5
3458.2
3494.15
3523.6
3550.4
3584.1
3620.05
3649.5
3676.3
3710.05
3746
