0.05
36.75
79.35
121.95
164.55
207.2
249.8
292.4
335.05
377.65
420.25
462.85
505.5
548.1
590.7
633.35
675.95
718.55
761.15
803.8
846.4
889
931.6
974.25
1016.85
1059.45
1102.1
1144.7
1187.3
1229.9
1272.55
1315.15
1357.75
1400.4
1443
1485.6
1528.2
1570.85
1613.45
1656.05
1698.7
1741.3
1783.9
1826.5
1869.15
1911.75
1954.35
1996.95
2039.6
2082.2
2124.8
2167.45
2210.05
2252.65
2295.25
2337.9
2380.5
2423.1
2465.75
2508.35
2550.95
2593.55
2636.2
2678.8
2721.4
2764.05
2806.65
2849.25
2891.85
2934.5
2977.1
3019.7
3062.3
3104.95
3147.55
3190.15
3232.8
3275.4
3318
3360.6
3403.25
3445.85
3488.45
3531.1
3573.7
3616.3
3658.9
3701.55
3744.15
3786.75
3829.35
3872
3914.6
3957.2
3999.85
4042.45
4085.05
4127.65
4170.3
4212.9
4255.5
4298.15
4340.75
4383.35
4425.95
4468.6
4511.2
4553.8
4596.45
4639.05
4681.65
4724.25
4766.9
4809.5
4852.1
4894.7
4937.35
4979.95
-1000
0.05
26
61.55
96.05
124.6
152.95
188.55
221.75
249.75
279.55
315.5
346.95
374.25
405.9
442.05
471.85
498.65
532.15
568.05
597.4
623.95
658.7
693.8
722.65
750.25
785.65
819.55
847.9
876.85
912.65
945.2
972.9
1003.45
1039.5
1070.25
1097.25
1129.7
1165.8
1195.35
1222.1
1256.1
1291.75
1320.95
1347.75
1382.75
1417.4
1446.1
1474.2
1509.75
1543.25
1571.4
1600.85
1636.75
1668.7
1696.15
1727.3
1763.45
1793.55
1820.4
1853.5
1889.5
1918.9
1945.55
1980
2015.35
2044.35
2071.65
2106.9
2141.15
2169.7
2198.25
2233.95
2266.95
2294.85
2324.85
2360.85
2392.1
2419.3
2451.15
2487.4
2517.1
2543.9
2577.5
2613.35
2642.65
2669.25
2704.05
2739.05
2767.9
2795.6
2831.05
2864.85
2893.15
2922.2
2958.05
2990.4
3018.05
3048.75
3084.85
3115.3
3142.25
3174.95
3211.05
3240.55
3267.4
3301.5
3337.1
3366.3
3393.15
3428.2
3462.85
3491.5
3519.65
3555.25
3588.75
3616.9
3646.35
3682.25
