0.05
40.15
86.35
132.6
178.8
225.05
271.3
317.5
363.75
409.95
456.2
502.45
548.65
594.9
641.1
687.35
733.55
779.8
826.05
872.25
918.5
964.7
1010.95
1057.2
1103.4
1149.65
1195.85
1242.1
1288.35
1334.55
1380.8
1427
1473.25
1519.5
1565.7
1611.95
1658.15
1704.4
1750.65
1796.85
1843.1
1889.3
1935.55
1981.75
2028
2074.25
2120.45
2166.7
2212.9
2259.15
2305.4
2351.6
2397.85
2444.05
2490.3
2536.55
2582.75
2629
2675.2
2721.45
2767.7
2813.9
2860.15
2906.35
2952.6
2998.8
3045.05
3091.3
3137.5
3183.75
3229.95
3276.2
3322.45
3368.65
3414.9
3461.1
3507.35
3553.6
3599.8
3646.05
3692.25
3738.5
3784.75
3830.95
3877.2
3923.4
3969.65
4015.9
4062.1
4108.35
4154.55
4200.8
4247
4293.25
4339.5
4385.7
4431.95
4478.15
4524.4
4570.65
4616.85
4663.1
4709.3
4755.55
4801.8
4848
4894.25
4940.45
4986.7
-1000
0.05
26
62
90.85
120.35
156.5
185.85
214
250.35
279.95
307.3
343.65
373.4
400.25
436.55
466.35
493.05
529.35
559.15
585.75
621.95
651.8
678.35
714.5
744.35
770.9
807.05
836.9
863.45
899.55
929.45
956
992.05
1022
1048.55
1084.6
1114.5
1141.1
1177.15
1207.05
1233.7
1269.7
1299.6
1326.3
1362.25
1392.2
1418.95
1454.8
1484.8
1511.6
1547.5
1577.45
1604.35
1640.05
1670.05
1696.85
1732.55
1762.55
1789.35
1825.05
1855.05
1881.85
1917.5
1947.5
1974.3
2009.95
2040
2066.75
2102.45
2132.45
2159.2
2194.9
2224.9
2251.65
2287.35
2317.35
2344.15
2379.8
2409.8
2436.6
2472.25
2502.3
2529.05
2564.75
2594.75
2621.5
2657.2
2687.2
2713.95
2749.65
2779.65
2806.4
2842.1
2872.1
2898.9
2934.55
2964.55
2991.35
3027
3057.05
3083.8
3119.5
3149.5
3176.25
3211.95
3241.95
3268.7
3304.4
3334.4
