0.05
27.2
59.5
91.85
124.15
156.45
188.8
221.1
253.45
285.75
318.05
350.4
382.7
415.05
447.35
479.65
512
544.3
576.65
608.95
641.25
673.6
705.9
738.25
770.55
802.85
835.2
867.5
899.85
932.15
964.45
996.8
1029.1
1061.45
1093.75
1126.05
1158.4
1190.7
1223.05
1255.35
1287.7
1320
1352.3
1384.65
1416.95
1449.3
1481.6
1513.9
1546.25
1578.55
1610.9
1643.2
1675.5
1707.85
1740.15
1772.5
1804.8
1837.1
1869.45
1901.75
1934.1
1966.4
1998.7
2031.05
2063.35
2095.7
2128
2160.3
2192.65
2224.95
2257.3
2289.6
2321.9
2354.25
2386.55
2418.9
2451.2
2483.5
2515.85
2548.15
2580.5
2612.8
2645.1
2677.45
2709.75
2742.1
2774.4
2806.7
2839.05
2871.35
2903.7
2936
2968.3
3000.65
3032.95
3065.3
3097.6
3129.9
3162.25
3194.55
3226.9
3259.2
3291.5
3323.85
3356.15
3388.5
3420.8
3453.1
3485.45
3517.75
3550.1
3582.4
3614.7
3647.05
3679.35
3711.7
3744
3776.3
3808.65
3840.95
3873.3
3905.6
3937.9
3970.25
4002.55
4034.9
4067.2
4099.55
4131.85
4164.15
4196.5
4228.8
4261.15
4293.45
4325.75
4358.1
4390.4
4422.75
4455.05
4487.35
4519.7
4552
4584.35
4616.65
4648.95
4681.3
4713.6
4745.95
4778.25
4810.55
4842.9
4875.2
4907.55
4939.85
4972.15
-1000
0.05
26
56.5
87.75
119.6
151.65
183.85
216.1
248.4
280.7
313.05
345.35
377.65
409.95
442.3
474.6
506.95
539.25
571.55
603.9
636.2
668.55
700.85
733.15
765.5
797.8
830.15
862.45
894.75
927.1
959.4
991.75
1024.05
1056.35
1088.7
1121
1153.35
1185.65
1217.95
1250.3
1282.6
1314.95
1347.25
1379.55
1411.9
1444.2
1476.55
1508.85
1541.2
1573.5
1605.8
1638.15
1670.45
1702.8
1735.1
1767.4
1799.75
1832.05
1864.4
1896.7
1929
1961.35
1993.65
2026
2058.3
2090.6
2122.95
2155.25
2187.6
2219.9
2252.2
2284.55
2316.85
2349.2
2381.5
2413.8
2446.15
2478.45
2510.8
2543.1
2575.4
2607.75
2640.05
2672.4
2704.7
2737
2769.35
2801.65
2834
2866.3
2898.6
2930.95
2963.25
2995.6
3027.9
3060.2
3092.55
3124.85
3157.2
3189.5
3221.8
3254.15
3286.45
3318.8
3351.1
3383.4
3415.75
3448.05
3480.4
3512.7
3545
3577.35
3609.65
3642
3674.3
3706.6
3738.95
3771.25
3803.6
3835.9
3868.2
3900.55
3932.85
3965.2
3997.5
4029.8
4062.15
4094.45
4126.8
4159.1
4191.4
4223.75
4256.05
4288.4
4320.7
4353.05
4385.35
4417.65
4450
4482.3
4514.65
4546.95
4579.25
4611.6
4643.9
4676.25
4708.55
4740.85
4773.2
4805.5
4837.85
4870.15
4902.45
4934.8
4967.1
