0.05
39.4
84.85
130.3
175.75
221.2
266.65
312.1
357.55
403
448.4
493.85
539.3
584.75
630.2
675.65
721.1
766.55
812
857.45
902.9
948.35
993.8
1039.25
1084.7
1130.15
1175.6
1221.05
1266.5
1311.95
1357.35
1402.8
1448.25
1493.7
1539.15
1584.6
1630.05
1675.5
1720.95
1766.4
1811.85
1857.3
1902.75
1948.2
1993.65
2039.1
2084.55
2130
2175.45
2220.9
2266.3
2311.75
2357.2
2402.65
2448.1
2493.55
2539
2584.45
2629.9
2675.35
2720.8
2766.25
2811.7
2857.15
2902.6
2948.05
2993.5
3038.95
3084.4
3129.85
3175.25
3220.7
3266.15
3311.6
3357.05
3402.5
3447.95
3493.4
3538.85
3584.3
3629.75
3675.2
3720.65
3766.1
3811.55
3857
3902.45
3947.9
3993.35
4038.8
4084.2
4129.65
4175.1
4220.55
4266
4311.45
4356.9
4402.35
4447.8
4493.25
4538.7
4584.15
4629.6
4675.05
4720.5
4765.95
4811.4
4856.85
4902.3
4947.75
4993.2
-1000
0.05
26
62.85
92.45
119.35
155.45
185.35
212.2
247.7
277.95
304.75
339.55
371
398.15
431.65
465.4
493.55
524.6
560.5
589.65
617.9
654.2
683.9
710.55
746.55
776.45
803.25
838.65
869.05
895.9
930.5
962.3
989.6
1022.8
1056.95
1085.3
1115.85
1151.9
1181.2
1209.05
1245.35
1275.1
1301.65
1337.65
1367.6
1394.35
1429.6
1460.2
1487.05
1521.5
1553.6
1581
1613.9
1648.45
1677
1707.05
1743.25
1772.65
1800.2
1836.45
1866.25
1892.8
1928.6
1958.6
1985.35
2020.55
2051.25
2078.15
2112.45
2144.8
2172.3
2204.95
2239.9
2268.55
2298.2
2334.45
2363.95
2391.25
2427.45
2457.3
2483.9
2519.6
2549.65
2576.45
2611.5
2642.4
2669.35
2703.5
2736.25
2763.9
2796.1
2831.3
2860.15
2889.4
2925.7
2955.25
2982.35
3018.5
3048.35
3075.1
3110.7
3140.85
3167.6
3202.55
3233.75
3260.8
3294.6
3327.85
3355.8
3387.4
3423
