0.05
22.9
50.5
78.1
105.65
133.25
160.85
188.45
216.05
243.65
271.25
298.8
326.4
354
381.6
409.2
436.8
464.4
491.95
519.55
547.15
574.75
602.35
629.95
657.55
685.1
712.7
740.3
767.9
795.5
823.1
850.7
878.25
905.85
933.45
961.05
988.65
1016.25
1043.85
1071.4
1099
1126.6
1154.2
1181.8
1209.4
1237
1264.55
1292.15
1319.75
1347.35
1374.95
1402.55
1430.15
1457.7
1485.3
1512.9
1540.5
1568.1
1595.7
1623.3
1650.85
1678.45
1706.05
1733.65
1761.25
1788.85
1816.45
1844
1871.6
1899.2
1926.8
1954.4
1982
2009.6
2037.15
2064.75
2092.35
2119.95
2147.55
2175.15
2202.75
2230.3
2257.9
2285.5
2313.1
2340.7
2368.3
2395.9
2423.45
2451.05
2478.65
2506.25
2533.85
2561.45
2589.05
2616.6
2644.2
2671.8
2699.4
2727
2754.6
2782.2
2809.75
2837.35
2864.95
2892.55
2920.15
2947.75
2975.35
3002.9
3030.5
3058.1
3085.7
3113.3
3140.9
3168.5
3196.05
3223.65
3251.25
3278.85
3306.45
3334.05
3361.65
3389.2
3416.8
3444.4
3472
3499.6
3527.2
3554.8
3582.35
3609.95
3637.55
3665.15
3692.75
3720.35
3747.95
3775.5
3803.1
3830.7
3858.3
3885.9
3913.5
3941.1
3968.65
3996.25
4023.85
4051.45
4079.05
4106.65
4134.25
4161.8
4189.4
4217
4244.6
4272.2
4299.8
4327.4
4354.95
4382.55
4410.15
4437.75
4465.35
4492.95
4520.55
4548.1
4575.7
4603.3
4630.9
4658.5
4686.1
4713.7
4741.25
4768.85
4796.45
4824.05
4851.65
4879.25
4906.85
4934.4
4962
4989.6
-1000
0.05
26.25
53.1
79.85
106.65
133.2
159.9
187
214.3
241.75
269.25
296.8
324.35
351.95
379.55
407.15
434.7
462.3
489.9
517.5
545.05
572.65
600.25
627.85
655.45
683.05
710.65
738.2
765.8
793.4
821
848.6
876.2
903.8
931.35
958.95
986.55
1014.15
1041.75
1069.35
1096.95
1124.5
1152.1
1179.7
1207.3
1234.9
1262.5
1290.1
1317.65
1345.25
1372.85
1400.45
1428.05
1455.65
1483.25
1510.8
1538.4
1566
1593.6
1621.2
1648.8
1676.4
1703.95
1731.55
1759.15
1786.75
1814.35
1841.95
1869.55
1897.1
1924.7
1952.3
1979.9
2007.5
2035.1
2062.7
2090.25
2117.85
2145.45
2173.05
2200.65
2228.25
2255.85
2283.4
2311
2338.6
2366.2
2393.8
2421.4
2449
2476.55
2504.15
2531.75
2559.35
2586.95
2614.55
2642.15
2669.7
2697.3
2724.9
2752.5
2780.1
2807.7
2835.3
2862.85
2890.45
2918.05
2945.65
2973.25
3000.85
3028.45
3056
3083.6
3111.2
3138.8
3166.4
3194
3221.6
3249.15
3276.75
3304.35
3331.95
3359.55
3387.15
3414.75
3442.3
3469.9
3497.5
3525.1
3552.7
3580.3
3607.9
3635.45
3663.05
3690.65
3718.25
3745.85
3773.45
3801.05
3828.6
3856.2
3883.8
3911.4
3939
3966.6
3994.2
4021.75
4049.35
4076.95
4104.55
4132.15
4159.75
4187.35
4214.9
4242.5
4270.1
4297.7
4325.3
4352.9
4380.5
4408.05
4435.65
4463.25
4490.85
4518.45
4546.05
4573.65
4601.2
4628.8
4656.4
4684
4711.6
4739.2
4766.8
4794.35
4821.95
4849.55
4877.15
4904.75
4932.35
4959.95
4987.5
