0.05
62.85
132.8
202.75
272.7
342.65
412.6
482.55
552.5
622.45
692.4
762.35
832.3
902.25
972.2
1042.15
1112.1
1182.1
1252.05
1322
1391.95
1461.9
1531.85
1601.8
1671.75
1741.7
1811.65
1881.6
1951.55
2021.5
2091.45
2161.4
2231.35
2301.3
2371.25
2441.2
2511.15
2581.1
2651.05
2721
2790.95
2860.9
2930.85
3000.85
3070.8
3140.75
3210.7
3280.65
3350.6
3420.55
3490.5
3560.45
3630.4
3700.35
3770.3
3840.25
3910.2
3980.15
4050.1
4120.05
4190
4259.95
4329.9
4399.85
4469.8
4539.75
4609.7
4679.65
4749.6
4819.55
4889.55
4959.5
-1000
0.05
26
57.05
85.65
116.25
150.75
180.95
217.55
247.4
283.8
312.95
344.35
371.2
402
433.25
463.7
499.3
529.4
566.15
595.8
631.25
659.9
690.85
717.45
748.15
781.45
811.75
848
877.95
914.65
944.1
977.55
1005.2
1036.1
1064.85
1095.4
1130
1160.2
1196.8
1226.65
1263
1292.15
1323.35
1350.2
1381
1412.45
1442.9
1478.55
1508.6
1545.4
1575.05
1610.4
1638.95
1669.9
1696.6
1727.3
1760.65
1791
1827.25
1857.2
1893.9
1923.3
1956.6
1984.15
2015.05
2044
2074.55
2109.25
2139.45
2176.05
2205.9
2242.2
