0.05
17.65
39.4
61.1
82.85
104.6
126.3
148.05
169.8
191.5
213.25
235
256.7
278.45
300.2
321.9
343.65
365.4
387.1
408.85
430.6
452.3
474.05
495.8
517.5
539.25
561
582.7
604.45
626.15
647.9
669.65
691.35
713.1
734.85
756.55
778.3
800.05
821.75
843.5
865.25
886.95
908.7
930.45
952.15
973.9
995.65
1017.35
1039.1
1060.85
1082.55
1104.3
1126.05
1147.75
1169.5
1191.25
1212.95
1234.7
1256.45
1278.15
1299.9
1321.65
1343.35
1365.1
1386.85
1408.55
1430.3
1452.05
1473.75
1495.5
1517.25
1538.95
1560.7
1582.45
1604.15
1625.9
1647.65
1669.35
1691.1
1712.85
1734.55
1756.3
1778.05
1799.75
1821.5
1843.25
1864.95
1886.7
1908.45
1930.15
1951.9
1973.65
1995.35
2017.1
2038.85
2060.55
2082.3
2104.05
2125.75
2147.5
2169.25
2190.95
2212.7
2234.45
2256.15
2277.9
2299.65
2321.35
2343.1
2364.85
2386.55
2408.3
2430.05
2451.75
2473.5
2495.25
2516.95
2538.7
2560.45
2582.15
2603.9
2625.65
2647.35
2669.1
2690.85
2712.55
2734.3
2756.05
2777.75
2799.5
2821.25
2842.95
2864.7
2886.45
2908.15
2929.9
2951.65
2973.35
2995.1
3016.85
3038.55
3060.3
3082.05
3103.75
3125.5
3147.25
3168.95
3190.7
3212.45
3234.15
3255.9
3277.65
3299.35
3321.1
3342.85
3364.55
3386.3
3408
3429.75
3451.5
3473.2
3494.95
3516.7
3538.4
3560.15
-1000
0.05
26
55.6
87.1
118.05
146.6
179.15
207.75
239.3
270.2
298.8
331.4
359.95
391.65
422.45
451.25
483.7
512.2
543.9
574.7
603.4
635.9
664.35
696.05
726.8
755.5
788
816.5
848.2
878.95
907.7
940.2
968.7
1000.4
1031.15
1059.9
1092.4
1120.8
1152.55
1183.25
1212
1244.45
1272.9
1304.65
1335.35
1364.15
1396.65
1425.1
1456.85
1487.55
1516.35
1548.8
1577.25
1609
1639.65
1668.4
1700.9
1729.35
1761.1
1791.8
1820.5
1853
1881.45
1913.15
1943.9
1972.65
2005.2
2033.6
2065.45
2096.1
2125
2157.45
2185.85
2217.6
2248.25
2277
2309.5
2337.9
2369.65
2400.35
2429.15
2461.65
2490.05
2521.95
2552.55
2581.5
2613.9
2642.3
2674.05
2704.7
2733.5
2765.95
2794.35
2826.1
2856.8
2885.6
2918.1
2946.5
2978.4
3009
3037.95
3070.35
3098.7
3130.5
3161.15
3189.9
3222.4
3250.75
3282.55
3313.2
3342
3374.45
3402.85
3434.65
3465.3
3494.15
3526.6
3555.05
3586.8
3617.45
3646.3
3678.75
3707.15
3738.9
3769.55
3798.35
3830.8
3859.25
3891
3921.7
3950.5
3983
4011.4
4043.2
4073.85
4102.65
4135.15
4163.55
4195.3
4225.95
4254.75
4287.2
4315.65
4347.4
4378.05
4406.9
4439.4
4467.8
4499.6
4530.25
4559.05
4591.55
4619.95
4651.85
4682.4
4711.35
4743.8
4772.15
4803.95
4834.55
4863.35
4895.8
4924.2
4956
4986.65
