0.05
23.75
52.3
80.85
109.4
137.95
166.5
195.05
223.6
252.15
280.7
309.3
337.85
366.4
394.95
423.5
452.05
480.6
509.15
537.7
566.25
594.8
623.35
651.9
680.45
709
737.55
766.1
794.65
823.2
851.75
880.3
908.85
937.45
966
994.55
1023.1
1051.65
1080.2
1108.75
1137.3
1165.85
1194.4
1222.95
1251.5
1280.05
1308.6
1337.15
1365.7
1394.25
1422.8
1451.35
1479.9
1508.45
1537
1565.55
1594.15
1622.7
1651.25
1679.8
1708.35
1736.9
1765.45
1794
1822.55
1851.1
1879.65
1908.2
1936.75
1965.3
1993.85
2022.4
2050.95
2079.5
2108.05
2136.6
2165.15
2193.7
2222.25
2250.85
2279.4
2307.95
2336.5
2365.05
2393.6
2422.15
2450.7
2479.25
2507.8
2536.35
2564.9
2593.45
2622
2650.55
2679.1
2707.65
2736.2
2764.75
2793.3
2821.85
2850.4
2879
2907.55
2936.1
2964.65
2993.2
3021.75
3050.3
3078.85
3107.4
3135.95
3164.5
3193.05
3221.6
3250.15
3278.7
3307.25
3335.8
3364.35
3392.9
3421.45
3450
3478.55
3507.1
3535.7
3564.25
3592.8
3621.35
3649.9
3678.45
3707
3735.55
3764.1
3792.65
3821.2
3849.75
3878.3
3906.85
3935.4
3963.95
3992.5
4021.05
4049.6
4078.15
4106.7
4135.25
4163.8
4192.4
4220.95
4249.5
4278.05
4306.6
4335.15
4363.7
4392.25
4420.8
4449.35
4477.9
4506.45
4535
4563.55
4592.1
4620.65
4649.2
4677.75
4706.3
4734.85
4763.4
4791.95
4820.55
4849.1
4877.65
4906.2
4934.75
4963.3
4991.85
-1000
0.05
26
54.6
83
111.5
140
168.55
197.05
225.6
254.15
282.7
311.25
339.8
368.35
396.9
425.5
454.05
482.6
511.15
539.7
568.25
596.8
625.35
653.9
682.45
711
739.55
768.1
796.65
825.2
853.75
882.3
910.85
939.4
967.95
996.5
1025.05
1053.65
1082.2
1110.75
1139.3
1167.85
1196.4
1224.95
1253.5
1282.05
1310.6
1339.15
1367.7
1396.25
1424.8
1453.35
1481.9
1510.45
1539
1567.55
1596.1
1624.65
1653.2
1681.75
1710.35
1738.9
1767.45
1796
1824.55
1853.1
1881.65
1910.2
1938.75
1967.3
1995.85
2024.4
2052.95
2081.5
2110.05
2138.6
2167.15
2195.7
2224.25
2252.8
2281.35
2309.9
2338.5
2367.05
2395.6
2424.15
2452.7
2481.25
2509.8
2538.35
2566.9
2595.45
2624
2652.55
2681.1
2709.65
2738.2
2766.75
2795.3
2823.85
2852.4
2880.95
2909.5
2938.05
2966.6
2995.2
3023.75
3052.3
3080.85
3109.4
3137.95
3166.5
3195.05
3223.6
3252.15
3280.7
3309.25
3337.8
3366.35
3394.9
3423.45
3452
3480.55
3509.1
3537.65
3566.2
3594.75
3623.3
3651.9
3680.45
3709
3737.55
3766.1
3794.65
3823.2
3851.75
3880.3
3908.85
3937.4
3965.95
3994.5
4023.05
4051.6
4080.15
4108.7
4137.25
4165.8
4194.35
4222.9
4251.45
4280.05
4308.6
4337.15
4365.7
4394.25
4422.8
4451.35
4479.9
4508.45
4537
4565.55
4594.1
4622.65
4651.2
4679.75
4708.3
4736.85
4765.4
4793.95
4822.5
4851.05
4879.6
4908.15
4936.75
4965.3
4993.85
