0.05
31.15
67.75
104.4
141
177.6
214.25
250.85
287.5
324.1
360.7
397.35
433.95
470.55
507.2
543.8
580.45
617.05
653.65
690.3
726.9
763.5
800.15
836.75
873.4
910
946.6
983.25
1019.85
1056.45
1093.1
1129.7
1166.35
1202.95
1239.55
1276.2
1312.8
1349.4
1386.05
1422.65
1459.25
1495.9
1532.5
1569.15
1605.75
1642.35
1679
1715.6
1752.2
1788.85
1825.45
1862.1
1898.7
1935.3
1971.95
2008.55
2045.15
2081.8
2118.4
2155.05
2191.65
2228.25
2264.9
2301.5
2338.1
2374.75
2411.35
2448
2484.6
2521.2
2557.85
2594.45
2631.05
2667.7
2704.3
2740.95
2777.55
2814.15
2850.8
2887.4
2924
2960.65
2997.25
3033.85
3070.5
3107.1
3143.75
3180.35
3216.95
3253.6
3290.2
3326.8
3363.45
3400.05
3436.7
3473.3
3509.9
3546.55
3583.15
3619.75
3656.4
3693
3729.65
3766.25
3802.85
3839.5
3876.1
3912.7
3949.35
3985.95
4022.6
4059.2
4095.8
4132.45
4169.05
4205.65
4242.3
4278.9
4315.55
4352.15
4388.75
4425.4
4462
4498.6
4535.25
4571.85
4608.5
4645.1
4681.7
4718.35
4754.95
4791.55
4828.2
4864.8
4901.4
4938.05
4974.65
-1000
0.05
26
54.3
86.95
121.5
156.75
192.3
227.85
263.15
297.65
328.5
355.85
383.9
416.55
451.1
486.35
521.9
557.4
592.85
627.35
658.45
685.9
713.75
746.25
780.75
815.95
851.5
887.15
922.45
957.05
988.45
1016.05
1043.6
1075.95
1110.4
1145.6
1181.1
1216.65
1252
1286.55
1317.8
1345.35
1373
1405.45
1439.9
1475.15
1510.65
1546.2
1581.55
1616.05
1647.2
1674.7
1702.5
1734.95
1769.45
1804.7
1840.2
1875.85
1911.15
1945.8
1977.2
2004.85
2032.35
2064.65
2099.1
2134.3
2169.9
2205.45
2240.8
2275.45
2307.15
2334.85
2362.15
2394.35
2428.75
2464
2499.45
2535
2570.4
2605.05
2636.9
2664.7
2691.85
2724
2758.35
2793.55
2829
2864.6
2899.95
2934.6
2966.35
2994.1
3021.35
3053.5
3087.9
3123.05
3158.55
3194.1
3229.5
3264.1
3295.7
3323.4
3350.75
3383
3417.4
3452.6
3488.1
3523.65
3559
3593.65
3625.15
3652.85
3680.25
3712.55
3747
3782.2
3817.7
3853.25
3888.6
3923.25
3954.8
3982.45
4009.85
4042.15
4076.55
4111.75
4147.25
4182.8
4218.15
4252.75
4284.25
4311.9
4339.3
4371.65
4406.05
4441.3
4476.8
