0.05
23.1
50.95
78.75
106.6
134.4
162.25
190.05
217.9
245.7
273.55
301.35
329.2
357
384.85
412.65
440.5
468.3
496.15
523.95
551.8
579.6
607.45
635.25
663.1
690.9
718.75
746.55
774.4
802.2
830.05
857.85
885.7
913.5
941.35
969.15
997
1024.8
1052.65
1080.45
1108.3
1136.1
1163.95
1191.75
1219.6
1247.4
1275.25
1303.05
1330.9
1358.7
1386.55
1414.35
1442.2
1470
1497.85
1525.65
1553.5
1581.3
1609.15
1636.95
1664.8
1692.6
1720.45
1748.25
1776.1
1803.95
1831.75
1859.6
1887.4
1915.25
1943.05
1970.9
1998.7
2026.55
2054.35
2082.2
2110
2137.85
2165.65
2193.5
2221.3
2249.15
2276.95
2304.8
2332.6
2360.45
2388.25
2416.1
2443.9
2471.75
2499.55
2527.4
2555.2
2583.05
2610.85
2638.7
2666.5
2694.35
2722.15
2750
2777.8
2805.65
2833.45
2861.3
2889.1
2916.95
2944.75
2972.6
3000.4
3028.25
3056.05
3083.9
3111.7
3139.55
3167.35
3195.2
3223
3250.85
3278.65
3306.5
3334.3
3362.15
3389.95
3417.8
3445.6
3473.45
3501.25
3529.1
3556.95
3584.75
3612.6
3640.4
3668.25
3696.05
3723.9
3751.7
3779.55
3807.35
3835.2
3863
3890.85
3918.65
3946.5
3974.3
4002.15
4029.95
4057.8
4085.6
4113.45
4141.25
4169.1
4196.9
4224.75
4252.55
4280.4
4308.2
4336.05
4363.85
4391.7
4419.5
4447.35
4475.15
4503
4530.8
4558.65
4586.45
4614.3
4642.1
4669.95
4697.75
4725.6
4753.4
4781.25
4809.05
4836.9
4864.7
4892.55
4920.35
4948.2
4976
-1000
0.05
28.55
61.35
95.1
126.45
155.95
184.6
212.9
240.9
268.85
296.7
324.6
352.4
380.25
408.05
435.9
463.7
491.55
519.4
547.25
575.05
602.9
630.7
658.55
686.35
714.2
742
769.85
797.65
825.5
853.3
881.15
908.95
936.8
964.6
992.45
1020.25
1048.1
1075.9
1103.75
1131.55
1159.4
1187.2
1215.05
1242.85
1270.7
1298.5
1326.35
1354.15
1382
1409.8
1437.65
1465.45
1493.3
1521.1
1548.95
1576.75
1604.6
1632.4
1660.25
1688.05
1715.9
1743.7
1771.55
1799.35
1827.2
1855
1882.85
1910.65
1938.5
1966.3
1994.15
2021.95
2049.8
2077.6
2105.4
2133.25
2161.05
2188.9
2216.7
2244.55
2272.4
2300.25
2328.05
2355.9
2383.7
2411.55
2439.35
2467.2
2495
2522.85
2550.65
2578.5
2606.3
2634.15
2661.95
2689.8
2717.6
2745.45
2773.25
2801.1
2828.9
2856.75
2884.55
2912.4
2940.2
2968.05
2995.85
3023.7
3051.5
3079.35
3107.15
3135
3162.8
3190.65
3218.45
3246.3
3274.1
3301.95
3329.75
3357.6
3385.4
3413.25
3441.05
3468.9
3496.7
3524.55
3552.35
3580.2
3608
3635.85
3663.65
3691.5
3719.3
3747.15
3774.95
3802.8
3830.6
3858.4
3886.25
3914.05
3941.9
3969.7
3997.55
4025.4
4053.2
4081.05
4108.9
4136.7
4164.55
4192.35
4220.2
4248
4275.85
4303.65
4331.5
4359.3
4387.15
4414.95
4442.8
4470.6
4498.45
4526.25
4554.1
4581.9
4609.75
4637.55
4665.4
4693.2
4721.05
4748.85
4776.7
4804.5
4832.35
4860.15
4888
4915.8
4943.65
4971.45
4999.3
