0.05
32.95
71.5
110.05
148.6
187.15
225.7
264.25
302.8
341.35
379.9
418.45
457
495.55
534.1
572.65
611.2
649.75
688.3
726.9
765.45
804
842.55
881.1
919.65
958.2
996.75
1035.3
1073.85
1112.4
1150.95
1189.5
1228.05
1266.6
1305.15
1343.7
1382.25
1420.8
1459.35
1497.9
1536.45
1575
1613.55
1652.15
1690.7
1729.25
1767.8
1806.35
1844.9
1883.45
1922
1960.55
1999.1
2037.65
2076.2
2114.75
2153.3
2191.85
2230.4
2268.95
2307.5
2346.05
2384.6
2423.15
2461.7
2500.25
2538.8
2577.35
2615.95
2654.5
2693.05
2731.6
2770.15
2808.7
2847.25
2885.8
2924.35
2962.9
3001.45
3040
3078.55
3117.1
3155.65
3194.2
3232.75
3271.3
3309.85
3348.4
3386.95
3425.5
3464.05
3502.6
3541.2
3579.75
3618.3
3656.85
3695.4
3733.95
3772.5
3811.05
3849.6
3888.15
3926.7
3965.25
4003.8
4042.35
4080.9
4119.45
4158
4196.55
4235.1
4273.65
4312.2
4350.75
4389.3
4427.85
4466.45
4505
4543.55
4582.1
4620.65
4659.2
4697.75
4736.3
4774.85
4813.4
4851.95
4890.5
4929.05
4967.6
-1000
0.05
26
57.5
92.35
128.15
163
192.15
218.95
250.2
285.1
320.85
355.7
384.85
411.65
442.9
477.8
513.6
548.45
577.55
604.3
635.65
670.55
706.35
741.25
770.35
797.1
828.45
863.35
899.15
933.95
963
989.8
1021.15
1056.1
1091.85
1126.65
1155.75
1182.5
1213.9
1248.8
1284.6
1319.4
1348.45
1375.2
1406.6
1441.55
1477.35
1512.15
1541.15
1567.95
1599.35
1634.3
1670.1
1704.95
1734
1760.8
1792.2
1827.1
1862.9
1897.7
1926.7
1953.5
1984.9
2019.85
2055.65
2090.4
2119.45
2146.2
2177.65
2212.6
2248.4
2283.15
2312.15
2338.95
2370.4
2405.35
2441.15
2475.9
2504.9
2531.65
2563.15
2598.1
2633.95
2668.85
2697.95
2724.75
2756.05
2790.95
2826.75
2861.6
2890.65
2917.45
2948.8
2983.7
3019.5
3054.3
3083.35
3110.15
3141.5
3176.45
3212.2
3247.05
3276.1
3302.85
3334.25
3369.2
3404.95
3439.75
3468.8
3495.6
3526.95
3561.95
3597.85
3632.7
3661.8
3688.6
3719.85
3754.75
3790.55
3825.4
3854.5
3881.3
3912.6
3947.5
3983.3
4018.1
4047.2
4073.95
4105.3
4140.25
