0.05
24.7
54.3
83.9
113.5
143.1
172.7
202.3
231.9
261.5
291.05
320.65
350.25
379.85
409.45
439.05
468.65
498.25
527.85
557.45
587.05
616.65
646.2
675.8
705.4
735
764.6
794.2
823.8
853.4
883
912.6
942.2
971.8
1001.35
1030.95
1060.55
1090.15
1119.75
1149.35
1178.95
1208.55
1238.15
1267.75
1297.35
1326.95
1356.55
1386.1
1415.7
1445.3
1474.9
1504.5
1534.1
1563.7
1593.3
1622.9
1652.5
1682.1
1711.7
1741.25
1770.85
1800.45
1830.05
1859.65
1889.25
1918.85
1948.45
1978.05
2007.65
2037.25
2066.85
2096.4
2126
2155.6
2185.2
2214.8
2244.4
2274
2303.6
2333.2
2362.8
2392.4
2422
2451.6
2481.15
2510.75
2540.35
2569.95
2599.55
2629.15
2658.75
2688.35
2717.95
2747.55
2777.15
2806.75
2836.3
2865.9
2895.5
2925.1
2954.7
2984.3
3013.9
3043.5
3073.1
3102.7
3132.3
3161.9
3191.45
3221.05
3250.65
3280.25
3309.85
3339.45
3369.05
3398.65
3428.25
3457.85
3487.45
3517.05
3546.65
3576.2
3605.8
3635.4
3665
3694.6
3724.2
3753.8
3783.4
3813
3842.6
3872.2
3901.8
3931.35
3960.95
3990.55
4020.15
4049.75
4079.35
4108.95
4138.55
4168.15
4197.75
4227.35
4256.95
4286.5
4316.1
4345.7
4375.3
4404.9
4434.5
4464.1
4493.7
4523.3
4552.9
4582.5
4612.1
4641.7
4671.25
4700.85
4730.45
4760.05
4789.65
4819.25
4848.85
4878.45
4908.05
4937.65
4967.25
-1000
0.05
26
58.45
89
119.1
148.9
178.6
208.25
237.9
267.5
297.05
326.65
356.25
385.85
415.45
445.05
474.65
504.25
533.85
563.45
593.05
622.65
652.25
681.8
711.4
741
770.6
800.2
829.8
859.4
889
918.6
948.2
977.8
1007.4
1036.95
1066.55
1096.15
1125.75
1155.35
1184.95
1214.55
1244.15
1273.75
1303.35
1332.95
1362.55
1392.1
1421.7
1451.3
1480.9
1510.5
1540.1
1569.7
1599.3
1628.9
1658.5
1688.1
1717.7
1747.3
1776.85
1806.45
1836.05
1865.65
1895.25
1924.85
1954.45
1984.05
2013.65
2043.25
2072.85
2102.45
2132
2161.6
2191.2
2220.8
2250.4
2280
2309.6
2339.2
2368.8
2398.4
2428
2457.6
2487.15
2516.75
2546.35
2575.95
2605.55
2635.15
2664.75
2694.35
2723.95
2753.55
2783.15
2812.75
2842.35
2871.9
2901.5
2931.1
2960.7
2990.3
3019.9
3049.5
3079.1
3108.7
3138.3
3167.9
3197.5
3227.05
3256.65
3286.25
3315.85
3345.45
3375.05
3404.65
3434.25
3463.85
3493.45
3523.05
3552.65
3582.25
3611.8
3641.4
3671
3700.6
3730.2
3759.8
3789.4
3819
3848.6
3878.2
3907.8
3937.4
3966.95
3996.55
4026.15
4055.75
4085.35
4114.95
4144.55
4174.15
4203.75
4233.35
4262.95
4292.55
4322.1
4351.7
4381.3
4410.9
4440.5
4470.1
4499.7
4529.3
4558.9
4588.5
4618.1
4647.7
4677.3
4706.85
4736.45
4766.05
4795.65
4825.25
4854.85
4884.45
4914.05
4943.65
4973.25
