0.05
29.95
65.25
100.55
135.9
171.2
206.5
241.85
277.15
312.45
347.75
383.1
418.4
453.7
489
524.35
559.65
594.95
630.3
665.6
700.9
736.2
771.55
806.85
842.15
877.45
912.8
948.1
983.4
1018.75
1054.05
1089.35
1124.65
1160
1195.3
1230.6
1265.95
1301.25
1336.55
1371.85
1407.2
1442.5
1477.8
1513.1
1548.45
1583.75
1619.05
1654.4
1689.7
1725
1760.3
1795.65
1830.95
1866.25
1901.55
1936.9
1972.2
2007.5
2042.85
2078.15
2113.45
2148.75
2184.1
2219.4
2254.7
2290.05
2325.35
2360.65
2395.95
2431.3
2466.6
2501.9
2537.2
2572.55
2607.85
2643.15
2678.5
2713.8
2749.1
2784.4
2819.75
2855.05
2890.35
2925.65
2961
2996.3
3031.6
3066.95
3102.25
3137.55
3172.85
3208.2
3243.5
3278.8
3314.15
3349.45
3384.75
3420.05
3455.4
3490.7
3526
3561.3
3596.65
3631.95
3667.25
3702.6
3737.9
3773.2
3808.5
3843.85
3879.15
3914.45
3949.75
3985.1
4020.4
4055.7
4091.05
4126.35
4161.65
4196.95
4232.3
4267.6
4302.9
4338.25
4373.55
4408.85
4444.15
4479.5
4514.8
4550.1
4585.4
4620.75
4656.05
4691.35
4726.7
4762
4797.3
4832.6
4867.95
4903.25
4938.55
4973.85
-1000
0.05
26
61.2
95.9
130.85
165.85
201
236.15
271.35
306.55
341.8
377.05
412.35
447.6
482.9
518.15
553.45
588.75
624.05
659.4
694.7
730
765.3
800.6
835.9
871.2
906.5
941.85
977.15
1012.45
1047.8
1083.1
1118.4
1153.7
1189.05
1224.35
1259.65
1294.95
1330.25
1365.55
1400.9
1436.2
1471.5
1506.8
1542.15
1577.45
1612.75
1648.05
1683.45
1718.75
1754.05
1789.35
1824.65
1860
1895.3
1930.6
1965.9
2001.2
2036.55
2071.9
2107.2
2142.5
2177.8
2213.15
2248.45
2283.75
2319.05
2354.35
2389.65
2425
2460.3
2495.6
2530.9
2566.25
2601.55
2636.85
2672.15
2707.55
2742.85
2778.15
2813.45
2848.75
2884.1
2919.4
2954.7
2990
3025.3
3060.65
3096
3131.3
3166.6
3201.9
3237.2
3272.55
3307.85
3343.15
3378.45
3413.75
3449.1
3484.4
3519.7
3555
3590.35
3625.65
3660.95
3696.25
3731.65
3766.95
3802.25
3837.55
3872.85
3908.2
3943.5
3978.8
4014.1
4049.4
4084.75
4120.1
4155.4
4190.7
4226
4261.3
4296.65
4331.95
4367.3
4402.6
4437.9
4473.2
4508.5
4543.8
4579.15
4614.45
4649.75
4685.05
4720.35
4755.75
4791.05
4826.35
4861.65
4896.95
4932.3
4967.6
