0.05
58.85
124.7
190.5
256.35
322.2
388
453.85
519.7
585.5
651.35
717.15
783
848.85
914.65
980.5
1046.35
1112.15
1178
1243.8
1309.65
1375.5
1441.3
1507.15
1572.95
1638.8
1704.65
1770.45
1836.3
1902.15
1967.95
2033.8
2099.6
2165.45
2231.3
2297.1
2362.95
2428.75
2494.6
2560.45
2626.25
2692.1
2757.95
2823.75
2889.6
2955.4
3021.25
3087.1
3152.9
3218.75
3284.55
3350.4
3416.25
3482.05
3547.9
3613.75
3679.55
3745.4
3811.2
3877.05
3942.9
4008.7
4074.55
4140.4
4206.2
4272.05
4337.85
4403.7
4469.55
4535.35
4601.2
4667
4732.85
4798.7
4864.5
4930.35
4996.2
-1000
0.05
26
57.05
90.1
120.45
154.8
185.05
220
250.15
285.45
315.55
351.05
381.15
416.75
446.8
482.5
512.55
548.25
578.3
614.05
644.1
679.85
709.9
745.65
775.7
811.5
841.55
877.3
907.35
943.15
973.15
1008.95
1039
1074.8
1104.8
1140.6
1170.65
1206.45
1236.5
1272.25
1302.3
1338.1
1368.15
1403.95
1434
1469.75
1499.8
1535.6
1565.65
1601.4
1631.45
1667.25
1697.3
1733.1
1763.15
1798.9
1828.95
1864.75
1894.8
1930.6
1960.65
1996.4
2026.45
2062.25
2092.3
2128.05
2158.1
2193.9
2223.95
2259.75
2289.8
2325.55
2355.6
2391.4
2421.45
2457.2
2487.25
