0.05
21.7
48
74.3
100.6
126.85
153.15
179.45
205.75
232.05
258.3
284.6
310.9
337.2
363.5
389.75
416.05
442.35
468.65
494.95
521.2
547.5
573.8
600.1
626.4
652.65
678.95
705.25
731.55
757.8
784.1
810.4
836.7
863
889.25
915.55
941.85
968.15
994.45
1020.7
1047
1073.3
1099.6
1125.9
1152.15
1178.45
1204.75
1231.05
1257.35
1283.6
1309.9
1336.2
1362.5
1388.8
1415.05
1441.35
1467.65
1493.95
1520.2
1546.5
1572.8
1599.1
1625.4
1651.65
1677.95
1704.25
1730.55
1756.85
1783.1
1809.4
1835.7
1862
1888.3
1914.55
1940.85
1967.15
1993.45
2019.75
2046
2072.3
2098.6
2124.9
2151.15
2177.45
2203.75
2230.05
2256.35
2282.6
2308.9
2335.2
2361.5
2387.8
2414.05
2440.35
2466.65
2492.95
2519.25
2545.5
2571.8
2598.1
2624.4
2650.7
2676.95
2703.25
2729.55
2755.85
2782.15
2808.4
2834.7
2861
2887.3
2913.55
2939.85
2966.15
2992.45
3018.75
3045
3071.3
3097.6
3123.9
3150.2
3176.45
3202.75
3229.05
3255.35
3281.65
3307.9
3334.2
3360.5
3386.8
3413.1
3439.35
3465.65
3491.95
3518.25
3544.5
3570.8
3597.1
3623.4
3649.7
3675.95
3702.25
3728.55
3754.85
3781.15
3807.4
3833.7
3860
3886.3
3912.6
3938.85
3965.15
3991.45
4017.75
4044.05
4070.3
4096.6
4122.9
4149.2
4175.45
4201.75
4228.05
4254.35
4280.65
4306.9
4333.2
4359.5
4385.8
4412.1
4438.35
4464.65
4490.95
4517.25
4543.55
4569.8
4596.1
4622.4
4648.7
4675
-1000
0.05
30.4
63.95
94.65
123.1
150.55
177.45
204.15
230.7
257.2
283.7
310.25
336.95
363.75
390.55
417.6
445.55
476.5
510.2
541.2
569.85
597.35
624.35
651
677.6
704.1
730.6
757.15
783.85
810.65
837.45
864.45
892.35
923.1
956.75
987.95
1016.65
1044.25
1071.2
1097.95
1124.5
1151
1177.5
1204.05
1230.7
1257.55
1284.25
1311.2
1338.85
1368.85
1402.4
1434.2
1463.25
1491
1518.05
1544.8
1571.4
1597.9
1624.4
1650.95
1677.55
1704.4
1731.15
1758.1
1785.6
1815.3
1848.75
1880.8
1910
1937.8
1964.9
1991.7
2018.3
2044.8
2071.3
2097.8
2124.45
2151.2
2177.95
2204.85
2232.2
2261.2
2294.1
2326.8
2356.5
2384.5
2411.7
2438.5
2465.15
2491.7
2518.2
2544.7
2571.3
2598.05
2624.8
2651.65
2678.85
2707.45
2739.7
2772.85
2803
2831.2
2858.5
2885.4
2912.05
2938.6
2965.1
2991.6
3018.2
3044.9
3071.7
3098.5
3125.7
3154.2
3186.25
3219.5
3249.8
3278.1
3305.4
3332.25
3358.95
3385.5
3412
3438.5
3465.05
3491.75
3518.6
3545.4
3572.55
3600.85
3632.65
3666.05
3696.5
3724.9
3752.3
3779.2
3805.8
3832.35
3858.9
3885.4
3911.95
3938.65
3965.45
3992.25
4019.3
4047.4
4078.6
4112.2
4143.05
4171.65
4199.1
4226.05
4252.7
4279.3
4305.8
4332.3
4358.9
4385.6
4412.4
4439.2
4466.3
4494.4
4525.75
4559.4
4590.1
4618.6
4646.05
4673
4699.65
4726.2
4752.7
4779.2
4805.75
4832.45
4859.25
4886.05
4913.1
4941
4971.9
