0.05
27.8
60.85
93.85
126.85
159.85
192.9
225.9
258.9
291.9
324.9
357.95
390.95
423.95
456.95
489.95
523
556
589
622
655
688.05
721.05
754.05
787.05
820.05
853.1
886.1
919.1
952.1
985.15
1018.15
1051.15
1084.15
1117.15
1150.2
1183.2
1216.2
1249.2
1282.2
1315.25
1348.25
1381.25
1414.25
1447.25
1480.3
1513.3
1546.3
1579.3
1612.35
1645.35
1678.35
1711.35
1744.35
1777.4
1810.4
1843.4
1876.4
1909.4
1942.45
1975.45
2008.45
2041.45
2074.45
2107.5
2140.5
2173.5
2206.5
2239.55
2272.55
2305.55
2338.55
2371.55
2404.6
2437.6
2470.6
2503.6
2536.6
2569.65
2602.65
2635.65
2668.65
2701.65
2734.7
2767.7
2800.7
2833.7
2866.7
2899.75
2932.75
2965.75
2998.75
3031.8
3064.8
3097.8
3130.8
3163.8
3196.85
3229.85
3262.85
3295.85
3328.85
3361.9
3394.9
3427.9
3460.9
3493.9
3526.95
3559.95
3592.95
3625.95
3659
3692
3725
3758
3791
3824.05
3857.05
3890.05
3923.05
3956.05
3989.1
4022.1
4055.1
4088.1
4121.1
4154.15
4187.15
4220.15
4253.15
4286.2
4319.2
4352.2
4385.2
4418.2
4451.25
4484.25
4517.25
4550.25
4583.25
4616.3
4649.3
4682.3
4715.3
4748.3
4781.35
4814.35
4847.35
4880.35
4913.35
4946.4
4979.4
-1000
0.05
26
56.85
88.65
121.05
153.8
186.65
219.55
252.55
285.55
318.55
351.55
384.55
417.6
450.6
483.6
516.6
549.6
582.6
615.65
648.65
681.65
714.65
747.65
780.7
813.7
846.7
879.7
912.7
945.75
978.75
1011.75
1044.75
1077.8
1110.8
1143.8
1176.8
1209.8
1242.85
1275.85
1308.85
1341.85
1374.85
1407.9
1440.9
1473.9
1506.9
1539.9
1572.95
1605.95
1638.95
1671.95
1705
1738
1771
1804
1837
1870.05
1903.05
1936.05
1969.05
2002.05
2035.1
2068.1
2101.1
2134.1
2167.1
2200.15
2233.15
2266.15
2299.15
2332.15
2365.2
2398.2
2431.2
2464.2
2497.25
2530.25
2563.25
2596.25
2629.25
2662.3
2695.3
2728.3
2761.3
2794.3
2827.35
2860.35
2893.35
2926.35
2959.35
2992.4
3025.4
3058.4
3091.4
3124.45
3157.45
3190.45
3223.45
3256.45
3289.5
3322.5
3355.5
3388.5
3421.5
3454.55
3487.55
3520.55
3553.55
3586.55
3619.6
3652.6
3685.6
3718.6
3751.65
3784.65
3817.65
3850.65
3883.65
3916.7
3949.7
3982.7
4015.7
4048.7
4081.75
4114.75
4147.75
4180.75
4213.75
4246.8
4279.8
4312.8
4345.8
4378.8
4411.85
4444.85
4477.85
4510.85
4543.9
4576.9
4609.9
4642.9
4675.9
4708.95
4741.95
4774.95
4807.95
4840.95
4874
4907
4940
4973
