0.05
32.45
70.5
108.55
146.6
184.65
222.7
260.75
298.8
336.85
374.9
412.95
451
489
527.05
565.1
603.15
641.2
679.25
717.3
755.35
793.4
831.45
869.5
907.55
945.55
983.6
1021.65
1059.7
1097.75
1135.8
1173.85
1211.9
1249.95
1288
1326.05
1364.1
1402.15
1440.15
1478.2
1516.25
1554.3
1592.35
1630.4
1668.45
1706.5
1744.55
1782.6
1820.65
1858.7
1896.7
1934.75
1972.8
2010.85
2048.9
2086.95
2125
2163.05
2201.1
2239.15
2277.2
2315.25
2353.25
2391.3
2429.35
2467.4
2505.45
2543.5
2581.55
2619.6
2657.65
2695.7
2733.75
2771.8
2809.85
2847.85
2885.9
2923.95
2962
3000.05
3038.1
3076.15
3114.2
3152.25
3190.3
3228.35
3266.4
3304.4
3342.45
3380.5
3418.55
3456.6
3494.65
3532.7
3570.75
3608.8
3646.85
3684.9
3722.95
3760.95
3799
3837.05
3875.1
3913.15
3951.2
3989.25
4027.3
4065.35
4103.4
4141.45
4179.5
4217.55
4255.55
4293.6
4331.65
4369.7
4407.75
4445.8
4483.85
4521.9
4559.95
4598
4636.05
4674.1
4712.1
4750.15
4788.2
4826.25
4864.3
4902.35
4940.4
4978.45
-1000
0.05
26
54.95
88.7
124.2
159.85
194.25
223.1
249.85
281.2
315.85
351.55
387
419.65
447.65
474.95
507.95
543.2
578.95
613.85
643.75
670.7
700.75
734.95
770.55
806.15
839.9
868.45
895
927.2
962.2
997.9
1033.15
1064.6
1092.15
1120.6
1154.2
1189.6
1225.3
1259.85
1288.85
1315.6
1346.7
1381.3
1416.95
1452.45
1485.45
1513.65
1540.65
1573.45
1608.6
1644.35
1679.4
1709.65
1736.7
1766.35
1800.45
1836
1871.75
1905.9
1934.6
1961.45
1993
2027.8
2063.5
2098.9
2131.2
2159.1
2186.7
2219.9
2255.2
2290.9
2325.9
2355.7
2382.65
2412.75
2447
2482.6
2518.2
2551.9
2580.4
2606.95
2639.25
2674.25
2709.95
2745.2
2776.45
2803.9
2832.5
2866.2
2901.6
2937.3
2971.8
3000.7
3027.5
3058.65
3093.3
3128.95
3164.45
3197.25
3225.35
3252.5
3285.45
3320.65
3356.35
3391.35
3421.5
3448.55
3478.3
3512.45
3548
3583.65
3617.55
3646.2
3672.9
3704.8
3739.75
3775.45
3810.8
3842.85
3870.65
3898.5
3931.8
3967.15
4002.85
4037.65
4067
4093.8
4124.4
4158.85
4194.5
4230.15
