0.05
17.9
39.85
61.85
83.85
105.85
127.85
149.85
171.85
193.85
215.85
237.85
259.85
281.85
303.85
325.8
347.8
369.8
391.8
413.8
435.8
457.8
479.8
501.8
523.8
545.8
567.8
589.8
611.75
633.75
655.75
677.75
699.75
721.75
743.75
765.75
787.75
809.75
831.75
853.75
875.7
897.7
919.7
941.7
963.7
985.7
1007.7
1029.7
1051.7
1073.7
1095.7
1117.7
1139.7
1161.65
1183.65
1205.65
1227.65
1249.65
1271.65
1293.65
1315.65
1337.65
1359.65
1381.65
1403.65
1425.65
1447.6
1469.6
1491.6
1513.6
1535.6
1557.6
1579.6
1601.6
1623.6
1645.6
1667.6
1689.6
1711.55
1733.55
1755.55
1777.55
1799.55
1821.55
1843.55
1865.55
1887.55
1909.55
1931.55
1953.55
1975.55
1997.5
2019.5
2041.5
2063.5
2085.5
2107.5
2129.5
2151.5
2173.5
2195.5
2217.5
2239.5
2261.5
2283.45
2305.45
2327.45
2349.45
2371.45
2393.45
2415.45
2437.45
2459.45
2481.45
2503.45
2525.45
2547.4
2569.4
2591.4
2613.4
2635.4
2657.4
2679.4
2701.4
2723.4
2745.4
2767.4
2789.4
2811.4
2833.35
2855.35
2877.35
2899.35
2921.35
2943.35
2965.35
2987.35
3009.35
3031.35
3053.35
3075.35
3097.35
3119.3
3141.3
3163.3
3185.3
3207.3
3229.3
3251.3
3273.3
3295.3
3317.3
3339.3
3361.3
3383.25
3405.25
3427.25
3449.25
3471.25
3493.25
3515.25
3537.25
3559.25
3581.25
3603.25
-1000
0.05
26
55.75
86.95
118.35
146.3
178.75
208.55
237.75
270.15
298.35
330
361
389.1
421.7
451.05
481.2
513.2
541.15
573.35
603.75
632.25
664.85
693.6
724.8
756.25
784.2
816.65
846.45
875.7
908.05
936.25
967.9
998.9
1027
1059.6
1088.95
1119.05
1151.15
1179.05
1211.15
1241.55
1270.05
1302.65
1331.45
1362.65
1394.1
1422.05
1454.45
1484.25
1513.4
1545.85
1574.1
1605.65
1636.7
1664.8
1697.45
1726.8
1756.95
1789
1816.9
1849
1879.45
1907.95
1940.55
1969.35
2000.6
2032
2059.95
2092.4
2122.2
2151.35
2183.75
2212
2243.75
2274.7
2302.8
2335.4
2364.7
2394.95
2426.95
2454.85
2486.95
2517.4
2545.9
2578.45
2607.25
2638.45
2669.9
2697.85
2730.3
2760.1
2789.25
2821.7
2849.9
2881.55
2912.5
2940.65
2973.25
3002.55
3032.7
3064.75
3092.65
3124.8
3155.2
3183.7
3216.3
3245.1
3276.3
3307.75
3335.7
3368.25
3398
3427.25
3459.65
3487.85
3519.45
3550.45
3578.6
3611.15
3640.5
3670.8
3702.75
3730.65
3762.8
3793.2
3821.7
3854.3
3883.05
3914.4
3945.8
3973.75
4006.2
4035.95
4065.2
4097.6
4125.75
4157.45
4188.4
4216.55
4249.1
4278.4
4308.65
4340.65
4368.55
4400.7
4431.05
4459.6
4492.25
4520.95
4552.15
4583.6
4611.55
4644
4673.75
4702.95
4735.35
4763.6
4795.3
4826.25
4854.4
4886.95
4916.25
4946.5
4978.5
