0.05
21.7
48
74.3
100.6
126.85
153.15
179.45
205.75
232.05
258.3
284.6
310.9
337.2
363.5
389.75
416.05
442.35
468.65
494.95
521.2
547.5
573.8
600.1
626.4
652.65
678.95
705.25
731.55
757.8
784.1
810.4
836.7
863
889.25
915.55
941.85
968.15
994.45
1020.7
1047
1073.3
1099.6
1125.9
1152.15
1178.45
1204.75
1231.05
1257.35
1283.6
1309.9
1336.2
1362.5
1388.8
1415.05
1441.35
1467.65
1493.95
1520.2
1546.5
1572.8
1599.1
1625.4
1651.65
1677.95
1704.25
1730.55
1756.85
1783.1
1809.4
1835.7
1862
1888.3
1914.55
1940.85
1967.15
1993.45
2019.75
2046
2072.3
2098.6
2124.9
2151.15
2177.45
2203.75
2230.05
2256.35
2282.6
2308.9
2335.2
2361.5
2387.8
2414.05
2440.35
2466.65
2492.95
2519.25
2545.5
2571.8
2598.1
2624.4
2650.7
2676.95
2703.25
2729.55
2755.85
2782.15
2808.4
2834.7
2861
2887.3
2913.55
2939.85
2966.15
2992.45
3018.75
3045
3071.3
3097.6
3123.9
3150.2
3176.45
3202.75
3229.05
3255.35
3281.65
3307.9
3334.2
3360.5
3386.8
3413.1
3439.35
3465.65
3491.95
3518.25
3544.5
3570.8
3597.1
3623.4
3649.7
3675.95
3702.25
3728.55
3754.85
3781.15
3807.4
3833.7
3860
3886.3
3912.6
3938.85
3965.15
3991.45
4017.75
4044.05
4070.3
4096.6
4122.9
4149.2
4175.45
4201.75
4228.05
4254.35
4280.65
4306.9
4333.2
4359.5
4385.8
4412.1
4438.35
4464.65
4490.95
4517.25
4543.55
4569.8
4596.1
4622.4
4648.7
4675
4701.25
-1000
0.05
26
52.85
80
108.15
139.65
173.15
203.8
232.3
259.7
286.6
313.3
339.85
366.35
392.85
419.4
446.1
472.95
499.7
526.75
554.75
585.8
619.4
650.4
679.05
706.55
733.5
760.2
786.75
813.3
839.8
866.35
893
919.85
946.6
973.7
1001.75
1032.8
1066.4
1097.35
1126
1153.45
1180.4
1207.1
1233.7
1260.2
1286.7
1313.25
1339.9
1366.75
1393.5
1420.55
1448.45
1479.25
1512.95
1544.05
1572.8
1600.35
1627.3
1654
1680.55
1707.1
1733.6
1760.15
1786.8
1813.6
1840.35
1867.35
1895.05
1925.25
1958.85
1990.5
2019.45
2047.1
2074.15
2100.9
2127.5
2154
2180.5
2207.05
2233.7
2260.55
2287.3
2314.3
2342.05
2372.45
2406.15
2437.55
2466.45
2494.1
2521.1
2547.8
2574.4
2600.9
2627.4
2653.95
2680.6
2707.4
2734.15
2761.1
2788.65
2818.45
2851.95
2883.9
2913.1
2940.85
2967.95
2994.7
3021.3
3047.8
3074.3
3100.85
3127.45
3154.25
3180.95
3207.8
3235.15
3264.1
3297
3329.7
3359.45
3387.5
3414.7
3441.5
3468.15
3494.7
3521.2
3547.7
3574.3
3601.05
3627.85
3654.65
3681.95
3710.7
3743.25
3776.2
3806.15
3834.3
3861.55
3888.4
3915.05
3941.55
3968.1
3994.6
4021.15
4047.9
4074.65
4101.45
4128.6
4156.75
4188.25
4221.75
4252.4
4280.9
4308.3
4335.25
4361.9
4388.45
4415
4441.45
4468.05
4494.7
4521.55
4548.35
4575.4
4603.5
4634.7
4668.3
4699.15
4727.7
4755.15
4782.1
4808.8
4835.35
4861.85
4888.35
4914.9
4941.6
4968.4
4995.2
