0.05
38
82
125.95
169.95
213.9
257.9
301.85
345.85
389.8
433.8
477.75
521.75
565.7
609.7
653.65
697.65
741.6
785.6
829.55
873.55
917.5
961.5
1005.45
1049.45
1093.4
1137.4
1181.35
1225.35
1269.3
1313.3
1357.25
1401.25
1445.2
1489.2
1533.15
1577.15
1621.1
1665.1
1709.05
1753.05
1797
1841
1885
1928.95
1972.95
2016.9
2060.9
2104.85
2148.85
2192.8
2236.8
2280.75
2324.75
2368.7
2412.7
2456.65
2500.65
2544.6
2588.6
2632.55
2676.55
2720.5
2764.5
2808.45
2852.45
2896.4
2940.4
2984.35
3028.35
3072.3
3116.3
3160.25
3204.25
3248.2
3292.2
3336.15
3380.15
3424.1
3468.1
3512.05
3556.05
3600
3644
3687.95
3731.95
3775.9
3819.9
3863.85
3907.85
3951.8
3995.8
4039.75
4083.75
4127.7
4171.7
4215.65
4259.65
4303.6
4347.6
4391.55
4435.55
4479.5
4523.5
4567.45
4611.45
4655.45
4699.4
4743.4
4787.35
4831.35
4875.3
4919.3
4963.25
-1000
0.05
26
62.05
93.25
120.4
153.25
188.9
218.05
245.65
281.5
312.1
339
372.55
407.8
436.7
464.95
500.95
531.05
557.9
591.9
626.65
655.3
684.2
720.35
750.15
776.95
811.4
845.65
874.05
903.55
939.75
969.5
996.3
1030.95
1064.7
1092.95
1122.95
1159.2
1188.9
1215.7
1250.6
1284.05
1312.1
1342.55
1378.8
1408.4
1435.05
1470.15
1502.95
1530.7
1561.85
1598.05
1627.55
1654.15
1689.6
1721.6
1749
1781.05
1817.05
1846.4
1873.4
1909.05
1940.3
1967.4
2000.25
2035.95
2065.1
2092.65
2128.5
2159.1
2186
2219.5
2254.75
2283.65
2311.9
2347.9
2378
2404.85
2438.9
2473.65
2502.35
2531.2
2567.35
2597.2
2623.95
2658.35
2692.6
2721
2750.5
2786.75
2816.45
2843.25
2877.9
2911.7
2939.95
2969.95
3006.2
3035.9
3062.75
3097.6
3131
3159.05
3189.5
3225.75
3255.35
3282
3317.1
3349.95
3377.75
3408.85
3445.05
3474.6
3501.15
3536.55
