0.05
24
52.8
81.6
110.4
139.2
168
196.8
225.6
254.45
283.25
312.05
340.85
369.65
398.45
427.25
456.05
484.85
513.65
542.45
571.3
600.1
628.9
657.7
686.5
715.3
744.1
772.9
801.7
830.5
859.35
888.15
916.95
945.75
974.55
1003.35
1032.15
1060.95
1089.75
1118.55
1147.4
1176.2
1205
1233.8
1262.6
1291.4
1320.2
1349
1377.8
1406.6
1435.4
1464.25
1493.05
1521.85
1550.65
1579.45
1608.25
1637.05
1665.85
1694.65
1723.45
1752.3
1781.1
1809.9
1838.7
1867.5
1896.3
1925.1
1953.9
1982.7
2011.5
2040.3
2069.15
2097.95
2126.75
2155.55
2184.35
2213.15
2241.95
2270.75
2299.55
2328.35
2357.2
2386
2414.8
2443.6
2472.4
2501.2
2530
2558.8
2587.6
2616.4
2645.25
2674.05
2702.85
2731.65
2760.45
2789.25
2818.05
2846.85
2875.65
2904.45
2933.25
2962.1
2990.9
3019.7
3048.5
3077.3
3106.1
3134.9
3163.7
3192.5
3221.3
3250.15
3278.95
3307.75
3336.55
3365.35
3394.15
3422.95
3451.75
3480.55
3509.35
3538.15
3567
3595.8
3624.6
3653.4
3682.2
3711
3739.8
3768.6
3797.4
3826.2
3855.05
3883.85
3912.65
3941.45
3970.25
3999.05
4027.85
4056.65
4085.45
4114.25
4143.1
4171.9
4200.7
4229.5
4258.3
4287.1
4315.9
4344.7
4373.5
4402.3
4431.1
4459.95
4488.75
4517.55
4546.35
4575.15
4603.95
4632.75
4661.55
4690.35
4719.15
4748
4776.8
4805.6
4834.4
4863.2
4892
4920.8
4949.6
4978.4
-1000
0.05
26
58.05
88.05
117.4
146.45
175.4
204.25
233.1
261.9
290.7
319.5
348.35
377.15
405.95
434.8
463.6
492.4
521.2
550
578.8
607.6
636.4
665.2
694
722.85
751.65
780.45
809.25
838.05
866.85
895.65
924.45
953.25
982.05
1010.9
1039.7
1068.5
1097.3
1126.1
1154.9
1183.7
1212.5
1241.3
1270.1
1298.9
1327.75
1356.55
1385.35
1414.15
1442.95
1471.75
1500.55
1529.35
1558.15
1586.95
1615.8
1644.6
1673.4
1702.2
1731
1759.8
1788.6
1817.4
1846.2
1875
1903.8
1932.65
1961.45
1990.25
2019.05
2047.85
2076.65
2105.45
2134.25
2163.05
2191.85
2220.7
2249.5
2278.3
2307.1
2335.9
2364.7
2393.5
2422.3
2451.1
2479.9
2508.75
2537.55
2566.35
2595.15
2623.95
2652.75
2681.55
2710.35
2739.15
2767.95
2796.75
2825.6
2854.4
2883.2
2912
2940.8
2969.6
2998.4
3027.2
3056
3084.8
3113.65
3142.45
3171.25
3200.05
3228.85
3257.65
3286.45
3315.25
3344.05
3372.85
3401.7
3430.5
3459.3
3488.1
3516.9
3545.7
3574.5
3603.3
3632.1
3660.9
3689.7
3718.55
3747.35
3776.15
3804.95
3833.75
3862.55
3891.35
3920.15
3948.95
3977.75
4006.6
4035.4
4064.2
4093
4121.8
4150.6
4179.4
4208.2
4237
4265.8
4294.6
4323.45
4352.25
4381.05
4409.85
4438.65
4467.45
4496.25
4525.05
4553.85
4582.65
4611.5
4640.3
4669.1
4697.9
4726.7
4755.5
4784.3
4813.1
4841.9
4870.7
4899.55
4928.35
4957.15
4985.95
