28.45
62.55
96.65
130.8
164.9
199
233.15
267.25
301.35
335.45
369.6
403.7
437.8
471.95
506.05
538.55
570.9
603.25
635.6
667.95
700.3
732.65
765
797.4
829.75
862.1
894.45
926.8
959.15
991.5
1023.85
1056.25
1088.6
1120.95
1153.3
1185.65
1218
1250.35
1282.7
1315.1
1347.45
1379.8
1412.15
1444.5
1476.85
1509.2
1541.6
1573.95
1606.3
1638.65
1671
1703.35
1735.7
1768.1
1800.45
1832.8
1865.15
1897.5
1929.85
1962.2
1994.6
2026.95
2059.3
2091.55
2123.8
2156
2188.25
2220.5
2252.7
2284.95
2317.2
2349.4
2381.65
2413.9
2446.15
2478.35
2510.6
2542.85
2575.05
2607.3
2639.55
2671.75
2704
2736.25
2768.5
2800.7
2832.95
2865.2
2897.4
2929.65
2961.9
2994.1
3026.35
3058.6
3090.85
3123.05
3155.3
3187.55
3219.75
3252
3284.25
3316.5
3348.7
3380.95
3413.2
3445.4
3477.65
3509.9
3542.1
3574.35
3606.6
3638.85
3671.05
3703.3
3735.55
3767.75
3800
3832.25
3864.45
3896.7
3928.95
3961.2
3993.4
4025.65
4057.9
4090.1
4122.35
4154.6
4186.8
4219.05
4251.3
4283.55
4315.75
4348
4380.25
4412.45
4444.7
4476.95
4509.2
4541.4
4573.65
4605.9
4638.1
4670.35
4702.6
4734.8
4767.05
4799.3
4831.55
4863.75
4896
4928.25
4960.45
4992.7
5024.95
5057.15
5089.4
5121.65
5153.9
5186.1
5218.35
5250.6
5282.8
5315.05
5347.3
5379.55
5411.75
5444
5476.25
5508.45
5540.7
5572.95
5605.15
5637.4
5669.65
5701.9
5734.1
5766.35
5798.6
5830.8
5863.05
5895.3
5927.5
5959.75
5992
6024.25
6056.45
6088.7
6120.95
6153.15
6185.4
6217.65
6249.85
6282.1
6314.35
6346.6
6378.8
6411.05
6443.3
6475.5
6507.75
6540
6572.25
6604.45
6636.7
6668.95
6701.15
6733.4
6765.65
6797.85
6830.1
6862.35
6894.6
6926.8
6959.05
6991.3
-1000
25.6
58.45
91.6
125
158.6
192.3
226.2
260.1
294.1
328.1
362.15
396.2
430.3
464.4
498.45
532.5
566.2
599.5
632.55
665.45
698.2
730.9
763.5
796.05
828.6
861.1
893.55
926
958.45
990.9
1023.3
1055.75
1088.15
1120.5
1152.85
1185.25
1217.6
1249.95
1282.35
1314.7
1347.05
1379.4
1411.75
1444.1
1476.45
1508.85
1541.2
1573.55
1605.9
1638.25
1670.6
1702.95
1735.35
1767.7
1800.05
1832.4
1864.75
1897.1
1929.45
1961.85
1994.2
2026.55
2058.9
2091.25
2123.5
2155.75
2188
2220.25
2252.45
2284.7
2316.95
2349.15
2381.4
2413.65
2445.85
2478.1
2510.35
2542.6
2574.8
2607.05
2639.3
2671.5
2703.75
2736
2768.25
2800.45
2832.7
2864.95
2897.15
2929.4
2961.65
2993.85
3026.1
3058.35
3090.6
3122.8
3155.05
3187.3
3219.5
3251.75
3284
3316.2
3348.45
3380.7
3412.95
3445.15
3477.4
3509.65
3541.85
3574.1
3606.35
3638.55
3670.8
3703.05
3735.3
3767.5
3799.75
3832
3864.2
3896.45
3928.7
3960.95
3993.15
4025.4
4057.65
4089.85
4122.1
4154.35
4186.55
4218.8
4251.05
4283.3
4315.5
4347.75
4380
4412.2
4444.45
4476.7
4508.9
4541.15
4573.4
4605.65
4637.85
4670.1
4702.35
4734.55
4766.8
4799.05
4831.25
4863.5
4895.75
4928
4960.2
4992.45
5024.7
5056.9
5089.15
5121.4
5153.65
5185.85
5218.1
5250.35
5282.55
5314.8
5347.05
5379.25
5411.5
5443.75
5476
5508.2
5540.45
5572.7
5604.9
5637.15
5669.4
5701.6
5733.85
5766.1
5798.35
5830.55
5862.8
5895.05
5927.25
5959.5
5991.75
6023.95
6056.2
6088.45
6120.7
6152.9
6185.15
6217.4
6249.6
6281.85
6314.1
6346.35
6378.55
6410.8
6443.05
6475.25
6507.5
6539.75
6571.95
6604.2
6636.45
6668.7
6700.9
6733.15
6765.4
6797.6
6829.85
6862.1
6894.3
6926.55
6958.8
6991.05
