34.6
75.35
116.1
156.85
197.6
238.35
279.1
319.85
360.6
401.35
442.1
482.85
523.6
555.45
586.65
617.8
648.95
680.1
711.25
742.4
773.6
804.75
835.95
867.15
898.3
929.5
960.7
991.9
1023.1
1054.3
1085.5
1116.7
1147.9
1179.1
1210.3
1241.5
1272.75
1303.95
1335.15
1366.35
1397.55
1428.8
1460
1491.2
1522.4
1553.65
1584.85
1616.05
1647.25
1678.5
1709.7
1740.9
1772.1
1803.35
1834.55
1865.75
1896.95
1928.2
1959.4
1990.6
2021.85
2053.05
2084.15
2115.25
2146.35
2177.4
2208.5
2239.6
2270.7
2301.8
2332.85
2363.95
2395.05
2426.15
2457.2
2488.3
2519.4
2550.5
2581.6
2612.65
2643.75
2674.85
2705.95
2737.05
2768.1
2799.2
2830.3
2861.4
2892.5
2923.55
2954.65
2985.75
3016.85
3047.95
3079
3110.1
3141.2
3172.3
3203.4
3234.45
3265.55
3296.65
3327.75
3358.85
3389.9
3421
3452.1
3483.2
3514.3
3545.35
3576.45
3607.55
3638.65
3669.75
3700.8
3731.9
3763
3794.1
3825.2
3856.25
3887.35
3918.45
3949.55
3980.65
4011.7
4042.8
4073.9
4105
4136.1
4167.15
4198.25
4229.35
4260.45
4291.55
4322.6
4353.7
4384.8
4415.9
4447
4478.05
4509.15
4540.25
4571.35
4602.45
4633.5
4664.6
4695.7
4726.8
4757.9
4788.95
4820.05
4851.15
4882.25
4913.35
4944.4
4975.5
5006.6
5037.7
5068.8
5099.85
5130.95
5162.05
5193.15
5224.25
5255.3
5286.4
5317.5
5348.6
5379.7
5410.75
5441.85
5472.95
5504.05
5535.15
5566.2
5597.3
5628.4
5659.5
5690.6
5721.65
5752.75
5783.85
5814.95
5846.05
5877.1
5908.2
5939.3
5970.4
6001.5
6032.55
6063.65
6094.75
6125.85
6156.95
6188
6219.1
6250.2
6281.3
6312.4
6343.45
6374.55
6405.65
6436.75
6467.85
6498.9
6530
6561.1
6592.2
6623.3
6654.35
6685.45
6716.55
6747.65
6778.75
6809.8
6840.9
6872
6903.1
6934.2
6965.25
6996.35
-1000
25.6
57.4
89.6
121.15
152.15
183.65
215.75
247.7
278.75
310.05
341.9
374.05
405.45
436.45
468.05
500.15
532.1
564
596
628
660.1
692.2
724.4
756.55
788.75
820.9
853
885.1
917.15
949.15
981.1
1013
1044.9
1076.7
1108.5
1140.25
1171.95
1203.65
1235.35
1266.95
1298.6
1330.15
1361.7
1393.25
1424.8
1456.3
1487.75
1519.25
1550.7
1582.15
1613.55
1645
1676.4
1707.8
1739.15
1770.55
1801.9
1833.3
1864.65
1896
1927.35
1958.7
1990.05
2021.4
2052.7
2084
2115.3
2146.5
2177.7
2208.9
2240.1
2271.25
2302.45
2333.6
2364.75
2395.9
2427
2458.15
2489.3
2520.4
2551.55
2582.65
2613.8
2644.9
2676.05
2707.15
2738.25
2769.4
2800.5
2831.6
2862.75
2893.85
2924.95
2956.1
2987.2
3018.3
3049.45
3080.55
3111.65
3142.75
3173.9
3205
3236.1
3267.25
3298.35
3329.45
3360.6
3391.7
3422.85
3453.95
3485.05
3516.2
3547.3
3578.45
3609.6
3640.7
3671.85
3703
3734.15
3765.25
3796.4
3827.6
3858.75
3889.9
3921.1
3952.25
3983.45
4014.65
4045.9
4077.1
4108.4
4139.7
4171
4202.35
4233.7
4265.15
4296.65
4328.2
4359.85
4391.55
4423.35
4455.2
4487.15
4519.2
4551.25
4583.4
4615.55
4647.75
4679.9
4712.05
4744.15
4776.25
4808.25
4840.25
4872.15
4904.05
4935.85
4967.65
4999.4
5031.1
5062.75
5094.35
5125.95
5157.55
5189.05
5220.55
5252.05
5283.5
5314.95
5346.35
5377.75
5409.15
5440.55
5471.9
5503.25
5534.6
5565.95
5597.25
5628.5
5659.7
5690.9
5722.1
5753.3
5784.45
5815.6
5846.75
5877.9
5909.05
5940.2
5971.35
6002.45
6033.6
6064.7
6095.85
6126.95
6158.1
6189.2
6220.3
6251.45
6282.55
6313.7
6344.8
6375.9
6407
6438.15
6469.25
6500.35
6531.5
6562.6
6593.7
6624.85
6655.95
6687.05
6718.15
6749.3
6780.4
6811.5
6842.65
6873.75
6904.9
6936
