28.8
63.3
97.8
132.3
166.8
201.3
235.8
270.3
304.8
339.3
373.85
408.35
442.85
477.35
511.85
545.15
578.35
611.55
644.8
678
711.2
744.4
777.65
810.85
844.05
877.3
910.5
943.7
976.9
1010.15
1043.35
1076.55
1109.75
1143
1176.2
1209.4
1242.65
1275.85
1309.05
1342.25
1375.5
1408.7
1441.9
1475.15
1508.35
1541.55
1574.75
1608
1641.2
1674.4
1707.65
1740.85
1774.05
1807.25
1840.5
1873.7
1906.9
1940.1
1973.35
2006.55
2039.75
2073
2106.2
2139.4
2172.6
2205.85
2239.05
2272.25
2305.5
2338.7
2371.9
2405.1
2438.35
2471.55
2504.75
2538
2571.2
2604.4
2637.6
2670.85
2704.05
2737.25
2770.5
2803.7
2836.9
2870.1
2903.35
2936.55
2969.75
3003
3036.2
3069.4
3102.6
3135.85
3169.05
3202.25
3235.45
3268.7
3301.9
3335.1
3368.35
3401.55
3434.75
3467.95
3501.2
3534.4
3567.6
3600.85
3634.05
3667.25
3700.45
3733.7
3766.9
3800.1
3833.35
3866.55
3899.75
3932.95
3966.2
3999.4
4032.6
4065.85
4099.05
4132.25
4165.45
4198.7
4231.9
4265.1
4298.35
4331.55
4364.75
4397.95
4431.2
4464.4
4497.6
4530.8
4564.05
4597.25
4630.45
4663.7
4696.9
4730.1
4763.3
4796.55
4829.75
4862.95
4896.2
4929.4
4962.6
4995.8
5029.05
5062.25
5095.45
5128.7
5161.9
5195.1
5228.3
5261.55
5294.75
5327.95
5361.2
5394.4
5427.6
5460.8
5494.05
5527.25
5560.45
5593.7
5626.9
5660.1
5693.3
5726.55
5759.75
5792.95
5826.15
5859.4
5892.6
5925.8
5959.05
5992.25
6025.45
6058.65
6091.9
6125.1
6158.3
6191.55
6224.75
6257.95
6291.15
6324.4
6357.6
6390.8
6424.05
6457.25
6490.45
6523.65
6556.9
6590.1
6623.3
6656.55
6689.75
6722.95
6756.15
6789.4
6822.6
6855.8
6889.05
6922.25
6955.45
6988.65
-1000
25.6
59.75
94
128.35
162.85
197.3
231.8
266.3
300.8
335.3
369.8
404.3
438.8
473.3
507.8
542.25
576.25
610
643.6
677.05
710.45
743.8
777.15
810.45
843.65
876.9
910.1
943.3
976.55
1009.75
1042.95
1076.15
1109.4
1142.6
1175.8
1209
1242.25
1275.45
1308.65
1341.9
1375.1
1408.3
1441.5
1474.75
1507.95
1541.15
1574.4
1607.6
1640.8
1674
1707.25
1740.45
1773.65
1806.9
1840.1
1873.3
1906.5
1939.75
1972.95
2006.15
2039.35
2072.6
2105.8
2139
2172.25
2205.45
2238.65
2271.85
2305.1
2338.3
2371.5
2404.75
2437.95
2471.15
2504.35
2537.6
2570.8
2604
2637.25
2670.45
2703.65
2736.85
2770.1
2803.3
2836.5
2869.75
2902.95
2936.15
2969.35
3002.6
3035.8
3069
3102.25
3135.45
3168.65
3201.85
3235.1
3268.3
3301.5
3334.75
3367.95
3401.15
3434.35
3467.6
3500.8
3534
3567.2
3600.45
3633.65
3666.85
3700.1
3733.3
3766.5
3799.7
3832.95
3866.15
3899.35
3932.6
3965.8
3999
4032.2
4065.45
4098.65
4131.85
4165.1
4198.3
4231.5
4264.7
4297.95
4331.15
4364.35
4397.6
4430.8
4464
4497.2
4530.45
4563.65
4596.85
4630.1
4663.3
4696.5
4729.7
4762.95
4796.15
4829.35
4862.55
4895.8
4929
4962.2
4995.45
5028.65
5061.85
5095.05
5128.3
5161.5
5194.7
5227.95
5261.15
5294.35
5327.55
5360.8
5394
5427.2
5460.45
5493.65
5526.85
5560.05
5593.3
5626.5
5659.7
5692.95
5726.15
5759.35
5792.55
5825.8
5859
5892.2
5925.45
5958.65
5991.85
6025.05
6058.3
6091.5
6124.7
6157.9
6191.15
6224.35
6257.55
6290.8
6324
6357.2
6390.4
6423.65
6456.85
6490.05
6523.3
6556.5
6589.7
6622.9
6656.15
6689.35
6722.55
6755.8
6789
6822.2
6855.4
6888.65
6921.85
6955.05
6988.3
