28.45
62.55
96.65
130.8
164.9
199
233.15
267.25
301.35
335.45
369.6
403.7
437.8
471.95
506.05
540.15
574.3
608.4
642.5
676.65
710.75
744.85
778.95
813.1
847.2
881.3
915.45
949.55
983.65
1017.8
1051.9
1086
1120.15
1154.25
1188.35
1222.5
1256.6
1290.7
1324.8
1358.95
1393.05
1427.15
1461.3
1495.4
1529.5
1563.65
1597.75
1631.85
1666
1700.1
1734.2
1768.3
1802.45
1836.55
1870.65
1904.8
1938.9
1973
2007.15
2041.25
2075.35
2109.5
2143.6
2177.7
2211.85
2245.95
2280.05
2314.15
2348.3
2382.4
2416.5
2450.65
2484.75
2518.85
2553
2587.1
2621.2
2655.35
2689.45
2723.55
2757.65
2791.8
2825.9
2860
2894.15
2928.25
2962.35
2996.5
3030.6
3064.7
3098.85
3132.95
3167.05
3201.15
3235.3
3269.4
3303.5
3337.65
3371.75
3405.85
3440
3474.1
3508.2
3542.35
3576.45
3610.55
3644.7
3678.8
3712.9
3747
3781.15
3815.25
3849.35
3883.5
3917.6
3951.7
3985.85
4019.95
4054.05
4088.2
4122.3
4156.4
4190.5
4224.65
4258.75
4292.85
4327
4361.1
4395.2
4429.35
4463.45
4497.55
4531.7
4565.8
4599.9
4634.05
4668.15
4702.25
4736.35
4770.5
4804.6
4838.7
4872.85
4906.95
4941.05
4975.2
5009.3
5043.4
5077.55
5111.65
5145.75
5179.85
5214
5248.1
5282.2
5316.35
5350.45
5384.55
5418.7
5452.8
5486.9
5521.05
5555.15
5589.25
5623.35
5657.5
5691.6
5725.7
5759.85
5793.95
5828.05
5862.2
5896.3
5930.4
5964.55
5998.65
6032.75
6066.9
6101
6135.1
6169.2
6203.35
6237.45
6271.55
6305.7
6339.8
6373.9
6408.05
6442.15
6476.25
6510.4
6544.5
6578.6
6612.7
6646.85
6680.95
6715.05
6749.2
6783.3
6817.4
6851.55
6885.65
6919.75
6953.9
6988
-1000
25.6
61.05
95.8
130.35
164.7
198.65
232.95
266.85
301.15
335.2
369.35
403.4
437.6
471.6
505.8
539.85
574.05
608.05
642.3
676.35
710.5
744.6
778.75
812.8
846.95
881.1
915.15
949.3
983.4
1017.55
1051.6
1085.75
1119.85
1153.95
1188.1
1222.25
1256.3
1290.45
1324.6
1358.65
1392.8
1426.95
1461
1495.15
1529.25
1563.4
1597.45
1631.6
1665.7
1699.8
1733.95
1768.1
1802.15
1836.3
1870.45
1904.5
1938.65
1972.75
2006.9
2040.95
2075.15
2109.2
2143.35
2177.45
2211.6
2245.65
2279.8
2313.95
2348
2382.15
2416.3
2450.35
2484.5
2518.6
2552.75
2586.8
2620.95
2655.05
2689.15
2723.25
2757.45
2791.45
2825.65
2859.75
2893.85
2927.95
2962.1
2996.25
3030.3
3064.45
3098.55
3132.65
3166.8
3200.9
3235
3269.1
3303.3
3337.35
3371.5
3405.55
3439.75
3473.75
3508
3542.05
3576.2
3610.3
3644.45
3678.5
3712.65
3746.8
3780.85
3815
3849.15
3883.2
3917.35
3951.45
3985.6
4019.65
4053.8
4087.9
4122
4156.15
4190.3
4224.35
4258.5
4292.65
4326.7
4360.85
4394.95
4429.1
4463.15
4497.35
4531.4
4565.5
4599.65
4633.8
4667.85
4702
4736.15
4770.2
4804.35
4838.5
4872.55
4906.7
4940.8
4974.95
5009
5043.15
5077.25
5111.35
5145.5
5179.65
5213.7
5247.85
5282
5316.05
5350.2
5384.3
5418.45
5452.5
5486.7
5520.75
5554.9
5589
5623.15
5657.2
5691.35
5725.5
5759.55
5793.7
5827.8
5861.95
5896
5930.15
5964.25
5998.35
6032.5
6066.65
6100.7
6134.85
6169
6203.05
6237.2
6271.35
6305.4
6339.55
6373.65
6407.8
6441.85
6476
6510.1
6544.2
6578.35
6612.5
6646.55
6680.7
6714.85
6748.9
6783.05
6817.15
6851.3
6885.35
6919.55
6953.6
6987.75
