43.05
92.75
142.45
192.2
241.9
291.6
341.35
391.05
440.8
490.5
536.8
569.8
602.15
634.45
666.7
699.05
731.35
763.7
796.05
828.45
860.8
893.2
925.6
958
990.45
1022.85
1055.25
1087.7
1120.15
1152.55
1185
1217.45
1249.9
1282.35
1314.8
1347.25
1379.7
1412.15
1444.6
1477.05
1509.5
1541.95
1574.4
1606.85
1639.3
1671.8
1704.25
1736.7
1769.15
1801.6
1834.05
1866.5
1899
1931.45
1963.9
1996.35
2028.8
2061.25
2093.75
2126.2
2158.65
2191.1
2223.55
2256.05
2288.5
2320.95
2353.4
2385.85
2418.3
2450.8
2483.25
2515.7
2548.15
2580.6
2613.1
2645.55
2678
2710.45
2742.9
2775.35
2807.85
2840.3
2872.75
2905.2
2937.65
2970.15
3002.6
3035.05
3067.5
3099.95
3132.45
3164.9
3197.35
3229.8
3262.25
3294.7
3327.2
3359.65
3392.1
3424.55
3457
3489.5
3521.95
3554.4
3586.85
3619.3
3651.8
3684.25
3716.7
3749.15
3781.6
3814.05
3846.55
3879
3911.45
3943.9
3976.35
4008.85
4041.3
4073.75
4106.2
4138.65
4171.1
4203.6
4236.05
4268.5
4300.95
4333.4
4365.9
4398.35
4430.8
4463.25
4495.7
4528.2
4560.65
4593.1
4625.55
4658
4690.45
4722.95
4755.4
4787.85
4820.3
4852.75
4885.25
4917.7
4950.15
4982.6
5015.05
5047.5
5080
5112.45
5144.9
5177.35
5209.8
5242.3
5274.75
5307.2
5339.65
5372.1
5404.55
5437.05
5469.5
5501.95
5534.4
5566.85
5599.35
5631.8
5664.25
5696.7
5729.15
5761.65
5794.1
5826.55
5859
5891.45
5923.9
5956.4
5988.85
6021.3
6053.75
6086.2
6118.7
6151.15
6183.6
6216.05
6248.5
6281
6313.45
6345.9
6378.35
6410.8
6443.25
6475.75
6508.2
6540.65
6573.1
6605.55
6638.05
6670.5
6702.95
6735.4
6767.85
6800.3
6832.8
6865.25
6897.7
6930.15
6962.6
6995.1
-1000
25.6
62.15
93.2
124.9
161.45
192.5
224.25
260.85
291.9
323.7
360.25
391.3
423.15
459.7
490.75
522.55
558.45
593.6
628
661.8
695.15
728.25
761.2
793.95
826.65
859.25
891.8
924.35
956.85
989.35
1021.85
1054.3
1086.75
1119.2
1151.7
1184.15
1216.6
1249.05
1281.5
1313.95
1346.4
1378.85
1411.35
1443.8
1476.25
1508.65
1541.1
1573.55
1606.05
1638.5
1670.95
1703.4
1735.85
1768.35
1800.75
1833.25
1865.7
1898.15
1930.6
1963.05
1995.5
2027.95
2060.45
2092.9
2125.35
2157.8
2190.25
2222.7
2255.2
2287.65
2320.1
2352.55
2385
2417.45
2449.95
2482.4
2514.85
2547.3
2579.75
2612.2
2644.7
2677.15
2709.6
2742.05
2774.5
2807
2839.45
2871.9
2904.35
2936.8
2969.25
3001.75
3034.2
3066.65
3099.1
3131.55
3164.05
3196.5
3228.95
3261.4
3293.85
3326.3
3358.8
3391.25
3423.65
3456.15
3488.6
3521.05
3553.55
3585.95
3618.45
3650.9
3683.35
3715.85
3748.25
3780.7
3813.2
3845.65
3878.1
3910.55
3943
3975.5
4007.95
4040.4
4072.9
4105.3
4137.8
4170.25
4202.7
4235.2
4267.6
4300.05
4332.55
4365
4397.45
4429.9
4462.35
4494.85
4527.3
4559.75
4592.2
4624.65
4657.1
4689.55
4722.05
4754.5
4786.95
4819.4
4851.9
4884.35
4916.8
4949.25
4981.7
5014.2
5046.65
5079.1
5111.6
5144.05
5176.5
5208.95
5241.4
5273.85
5306.35
5338.75
5371.25
5403.7
5436.15
5468.65
5501.05
5533.55
5566
5598.45
5630.95
5663.4
5695.85
5728.3
5760.75
5793.2
5825.7
5858.1
5890.6
5923.05
5955.5
5988
6020.4
6052.85
6085.35
6117.8
6150.25
6182.75
6215.15
6247.65
6280.1
6312.55
6345.05
6377.45
6409.9
6442.4
6474.85
6507.3
6539.75
6572.2
6604.7
6637.15
6669.6
6702.05
6734.5
6767
6799.45
6831.9
