29.15
64.05
98.95
133.85
168.75
203.65
238.6
273.5
308.4
343.3
378.2
413.1
448
482.9
517.8
549.45
580.8
612.15
643.5
674.85
706.2
737.55
768.9
800.3
831.65
863
894.35
925.7
957.05
988.45
1019.8
1051.15
1082.5
1113.9
1145.25
1176.6
1207.95
1239.35
1270.7
1302.05
1333.4
1364.8
1396.15
1427.5
1458.85
1490.25
1521.6
1552.95
1584.3
1615.7
1647.05
1678.4
1709.8
1741.15
1772.5
1803.85
1835.25
1866.6
1897.95
1929.3
1960.7
1992.05
2023.4
2054.8
2086.05
2117.3
2148.55
2179.8
2211
2242.25
2273.5
2304.75
2336
2367.25
2398.5
2429.75
2461
2492.2
2523.45
2554.7
2585.95
2617.2
2648.45
2679.7
2710.95
2742.2
2773.45
2804.65
2835.9
2867.15
2898.4
2929.65
2960.9
2992.15
3023.4
3054.65
3085.9
3117.1
3148.35
3179.6
3210.85
3242.1
3273.35
3304.6
3335.85
3367.1
3398.35
3429.6
3460.8
3492.05
3523.3
3554.55
3585.8
3617.05
3648.3
3679.55
3710.8
3742.05
3773.25
3804.5
3835.75
3867
3898.25
3929.5
3960.75
3992
4023.25
4054.5
4085.7
4116.95
4148.2
4179.45
4210.7
4241.95
4273.2
4304.45
4335.7
4366.95
4398.15
4429.4
4460.65
4491.9
4523.15
4554.4
4585.65
4616.9
4648.15
4679.4
4710.65
4741.85
4773.1
4804.35
4835.6
4866.85
4898.1
4929.35
4960.6
4991.85
5023.1
5054.3
5085.55
5116.8
5148.05
5179.3
5210.55
5241.8
5273.05
5304.3
5335.55
5366.75
5398
5429.25
5460.5
5491.75
5523
5554.25
5585.5
5616.75
5648
5679.2
5710.45
5741.7
5772.95
5804.2
5835.45
5866.7
5897.95
5929.2
5960.45
5991.65
6022.9
6054.15
6085.4
6116.65
6147.9
6179.15
6210.4
6241.65
6272.9
6304.15
6335.35
6366.6
6397.85
6429.1
6460.35
6491.6
6522.85
6554.1
6585.35
6616.6
6647.8
6679.05
6710.3
6741.55
6772.8
6804.05
6835.3
6866.55
6897.8
6929.05
6960.25
6991.5
-1000
25.6
57.1
88.8
120.65
152.7
184.85
217.05
249.1
280.95
312.3
343.3
374.5
406
437.7
469.55
501.6
533.75
565.9
598
630.1
662.15
694.2
726.2
758.15
790.05
821.95
853.8
885.6
917.4
949.2
980.95
1012.65
1044.35
1076
1107.65
1139.3
1170.9
1202.5
1234.1
1265.7
1297.25
1328.8
1360.35
1391.85
1423.4
1454.9
1486.4
1517.9
1549.35
1580.85
1612.3
1643.8
1675.25
1706.7
1738.15
1769.6
1801.05
1832.45
1863.9
1895.35
1926.75
1958.2
1989.6
2021
2052.45
2083.85
2115.25
2146.65
2178
2209.4
2240.8
2272.15
2303.5
2334.85
2366.2
2397.55
2428.9
2460.25
2491.6
2522.95
2554.3
2585.6
2616.95
2648.25
2679.5
2710.8
2742.05
2773.3
2804.6
2835.85
2867.1
2898.35
2929.6
2960.85
2992.1
3023.35
3054.6
3085.85
3117.1
3148.35
3179.6
3210.8
3242.05
3273.3
3304.55
3335.8
3367.05
3398.3
3429.55
3460.8
3492.05
3523.3
3554.5
3585.75
3617
3648.25
3679.5
3710.75
3742
3773.25
3804.5
3835.75
3867
3898.2
3929.45
3960.7
3991.95
4023.2
4054.45
4085.7
4116.95
4148.2
4179.45
4210.65
4241.9
4273.15
4304.4
4335.65
4366.9
4398.15
4429.4
4460.65
4491.9
4523.1
4554.35
4585.6
4616.85
4648.1
4679.35
4710.6
4741.85
4773.1
4804.35
4835.55
4866.8
4898.05
4929.3
4960.55
4991.8
5023.05
5054.3
5085.55
5116.8
5148.05
5179.25
5210.5
5241.75
5273
5304.25
5335.5
5366.75
5398
5429.25
5460.5
5491.7
5522.95
5554.2
5585.45
5616.7
5647.95
5679.2
5710.45
5741.7
5772.95
5804.15
5835.4
5866.65
5897.9
5929.15
5960.4
5991.65
6022.9
6054.15
6085.4
6116.6
6147.85
6179.1
6210.35
6241.6
6272.85
6304.1
6335.35
6366.6
6397.85
6429.05
6460.3
6491.55
6522.8
6554.05
6585.3
6616.55
6647.8
6679.05
6710.3
6741.55
6772.75
6804
6835.25
6866.5
6897.75
6929
6960.25
