29.95
65.65
101.4
137.15
172.85
208.6
244.35
280.1
315.8
351.55
387.3
423.05
458.75
494.5
526.6
558.55
590.45
622.35
654.25
686.15
718.05
749.95
781.85
813.75
845.65
877.55
909.5
941.4
973.3
1005.2
1037.1
1069.05
1100.95
1132.85
1164.75
1196.7
1228.6
1260.5
1292.4
1324.35
1356.25
1388.15
1420.05
1452
1483.9
1515.8
1547.7
1579.65
1611.55
1643.45
1675.35
1707.3
1739.2
1771.1
1803.05
1834.95
1866.85
1898.75
1930.7
1962.6
1994.5
2026.4
2058.35
2090.25
2122.15
2154.1
2186
2217.9
2249.8
2281.75
2313.65
2345.55
2377.45
2409.4
2441.3
2473.2
2505.1
2537.05
2568.95
2600.85
2632.8
2664.7
2696.6
2728.5
2760.45
2792.35
2824.25
2856.15
2888.1
2920
2951.9
2983.85
3015.75
3047.65
3079.55
3111.5
3143.4
3175.3
3207.2
3239.15
3271.05
3302.95
3334.9
3366.8
3398.7
3430.6
3462.55
3494.45
3526.35
3558.25
3590.2
3622.1
3654
3685.95
3717.85
3749.75
3781.65
3813.6
3845.5
3877.4
3909.3
3941.25
3973.15
4005.05
4037
4068.9
4100.8
4132.7
4164.65
4196.55
4228.45
4260.35
4292.3
4324.2
4356.1
4388.05
4419.95
4451.85
4483.75
4515.7
4547.6
4579.5
4611.4
4643.35
4675.25
4707.15
4739.1
4771
4802.9
4834.8
4866.75
4898.65
4930.55
4962.45
4994.4
5026.3
5058.2
5090.15
5122.05
5153.95
5185.85
5217.8
5249.7
5281.6
5313.5
5345.45
5377.35
5409.25
5441.2
5473.1
5505
5536.9
5568.85
5600.75
5632.65
5664.6
5696.5
5728.4
5760.3
5792.25
5824.15
5856.05
5887.95
5919.9
5951.8
5983.7
6015.6
6047.55
6079.45
6111.35
6143.3
6175.2
6207.1
6239
6270.95
6302.85
6334.75
6366.65
6398.6
6430.5
6462.4
6494.35
6526.25
6558.15
6590.05
6622
6653.9
6685.8
6717.7
6749.65
6781.55
6813.45
6845.4
6877.3
6909.2
6941.1
6973.05
-1000
25.6
58.05
91
124.45
158.3
192.45
226.8
261.15
295.65
330.1
364.35
398.5
432.15
464.85
495.9
527
558.45
590.1
621.95
653.8
685.65
717.55
749.45
781.3
813.2
845.1
877
908.9
940.8
972.7
1004.6
1036.5
1068.45
1100.35
1132.25
1164.15
1196.05
1228
1259.9
1291.8
1323.7
1355.6
1387.55
1419.45
1451.35
1483.25
1515.15
1547.1
1579
1610.9
1642.8
1674.75
1706.65
1738.55
1770.45
1802.35
1834.3
1866.2
1898.1
1930.05
1961.95
1993.85
2025.75
2057.7
2089.6
2121.5
2153.4
2185.35
2217.25
2249.15
2281.1
2313
2344.9
2376.8
2408.75
2440.65
2472.55
2504.45
2536.4
2568.3
2600.2
2632.15
2664.05
2695.95
2727.85
2759.8
2791.7
2823.6
2855.5
2887.45
2919.35
2951.25
2983.2
3015.1
3047
3078.9
3110.85
3142.75
3174.65
3206.55
3238.5
3270.4
3302.3
3334.25
3366.15
3398.05
3429.95
3461.9
3493.8
3525.7
3557.6
3589.55
3621.45
3653.35
3685.3
3717.2
3749.1
3781
3812.95
3844.85
3876.75
3908.65
3940.6
3972.5
4004.4
4036.35
4068.25
4100.15
4132.05
4164
4195.9
4227.8
4259.7
4291.65
4323.55
4355.45
4387.4
4419.3
4451.2
4483.1
4515.05
4546.95
4578.85
4610.75
4642.7
4674.6
4706.5
4738.45
4770.35
4802.25
4834.15
4866.1
4898
4929.9
4961.8
4993.75
5025.65
5057.55
5089.5
5121.4
5153.3
5185.2
5217.15
5249.05
5280.95
5312.85
5344.8
5376.7
5408.6
5440.55
5472.45
5504.35
5536.25
5568.2
5600.1
5632
5663.9
5695.85
5727.75
5759.65
5791.55
5823.5
5855.4
5887.3
5919.2
5951.15
5983.05
6014.95
6046.85
6078.8
6110.7
6142.6
6174.55
6206.45
6238.35
6270.25
6302.2
6334.1
6366
6397.9
6429.85
6461.75
6493.65
6525.6
6557.5
6589.4
6621.3
6653.25
6685.15
6717.05
6748.95
6780.9
6812.8
6844.7
6876.65
6908.55
6940.45
