47.05
100.95
154.9
208.85
262.75
316.7
370.65
424.55
478.5
532.45
566.05
598.7
631.25
663.85
696.45
729.05
761.7
794.35
827.05
859.75
892.45
925.15
957.85
990.6
1023.35
1056.1
1088.85
1121.6
1154.35
1187.1
1219.85
1252.6
1285.4
1318.15
1350.9
1383.7
1416.45
1449.25
1482
1514.8
1547.55
1580.35
1613.1
1645.9
1678.7
1711.45
1744.25
1777
1809.8
1842.6
1875.35
1908.15
1940.9
1973.7
2006.5
2039.25
2072.05
2104.85
2137.6
2170.4
2203.2
2235.95
2268.75
2301.5
2334.3
2367.1
2399.85
2432.65
2465.45
2498.2
2531
2563.8
2596.55
2629.35
2662.15
2694.9
2727.7
2760.5
2793.25
2826.05
2858.8
2891.6
2924.4
2957.15
2989.95
3022.75
3055.5
3088.3
3121.1
3153.85
3186.65
3219.45
3252.2
3285
3317.8
3350.55
3383.35
3416.1
3448.9
3481.7
3514.45
3547.25
3580.05
3612.8
3645.6
3678.4
3711.15
3743.95
3776.75
3809.5
3842.3
3875.1
3907.85
3940.65
3973.4
4006.2
4039
4071.75
4104.55
4137.35
4170.1
4202.9
4235.7
4268.45
4301.25
4334.05
4366.8
4399.6
4432.4
4465.15
4497.95
4530.7
4563.5
4596.3
4629.05
4661.85
4694.65
4727.4
4760.2
4793
4825.75
4858.55
4891.35
4924.1
4956.9
4989.7
5022.45
5055.25
5088
5120.8
5153.6
5186.35
5219.15
5251.95
5284.7
5317.5
5350.3
5383.05
5415.85
5448.65
5481.4
5514.2
5547
5579.75
5612.55
5645.3
5678.1
5710.9
5743.65
5776.45
5809.25
5842
5874.8
5907.6
5940.35
5973.15
6005.95
6038.7
6071.5
6104.3
6137.05
6169.85
6202.6
6235.4
6268.2
6300.95
6333.75
6366.55
6399.3
6432.1
6464.9
6497.65
6530.45
6563.25
6596
6628.8
6661.6
6694.35
6727.15
6759.9
6792.7
6825.5
6858.25
6891.05
6923.85
6956.6
6989.4
-1000
25.6
64.65
95.7
130
168
199
234.95
269.9
300.7
338.7
369.7
402.65
441.7
472.75
507.15
545.1
584.15
621.75
657.55
692.15
726.05
759.6
792.85
825.9
858.85
891.85
924.75
957.55
990.3
1023
1055.75
1088.5
1121.25
1154
1186.75
1219.5
1252.3
1285.05
1317.8
1350.6
1383.35
1416.1
1448.9
1481.65
1514.45
1547.2
1580
1612.75
1645.55
1678.3
1711.1
1743.9
1776.65
1809.45
1842.2
1875
1907.8
1940.55
1973.35
2006.1
2038.9
2071.7
2104.45
2137.25
2170.05
2202.8
2235.6
2268.4
2301.15
2333.95
2366.7
2399.5
2432.3
2465.05
2497.85
2530.65
2563.4
2596.2
2629
2661.75
2694.55
2727.35
2760.1
2792.9
2825.7
2858.45
2891.25
2924
2956.8
2989.6
3022.35
3055.15
3087.95
3120.7
3153.5
3186.3
3219.05
3251.85
3284.65
3317.4
3350.2
3383
3415.75
3448.55
3481.3
3514.1
3546.9
3579.65
3612.45
3645.25
3678
3710.8
3743.6
3776.35
3809.15
3841.95
3874.7
3907.5
3940.3
3973.05
4005.85
4038.6
4071.4
4104.2
4136.95
4169.75
4202.55
4235.3
4268.1
4300.9
4333.65
4366.45
4399.25
4432
4464.8
4497.6
4530.35
4563.15
4595.9
4628.7
4661.5
4694.25
4727.05
4759.85
4792.6
4825.4
4858.2
4890.95
4923.75
4956.55
4989.3
5022.1
5054.9
5087.65
5120.45
5153.2
5186
5218.8
5251.55
5284.35
5317.15
5349.9
5382.7
5415.5
5448.25
5481.05
5513.85
5546.6
5579.4
5612.2
5644.95
5677.75
5710.5
5743.3
5776.1
5808.85
5841.65
5874.45
5907.2
5940
5972.8
6005.55
6038.35
6071.15
6103.9
6136.7
6169.5
6202.25
6235.05
6267.8
6300.6
6333.4
6366.15
6398.95
6431.75
6464.5
6497.3
6530.1
6562.85
6595.65
6628.45
6661.2
6694
6726.8
6759.55
6792.35
6825.1
