33
72.1
111.15
150.25
189.3
228.4
267.45
306.55
345.6
384.7
423.75
462.85
501.9
536.4
570.8
605.15
639.5
673.85
708.25
742.6
776.95
811.35
845.7
880.1
914.45
948.85
983.2
1017.6
1051.95
1086.35
1120.7
1155.1
1189.45
1223.85
1258.2
1292.6
1327
1361.35
1395.75
1430.1
1464.5
1498.85
1533.25
1567.65
1602
1636.4
1670.75
1705.15
1739.5
1773.9
1808.3
1842.65
1877.05
1911.4
1945.8
1980.15
2014.55
2048.95
2083.2
2117.4
2151.65
2185.9
2220.15
2254.35
2288.6
2322.85
2357.1
2391.3
2425.55
2459.8
2494.05
2528.25
2562.5
2596.75
2630.95
2665.2
2699.45
2733.7
2767.9
2802.15
2836.4
2870.65
2904.85
2939.1
2973.35
3007.6
3041.8
3076.05
3110.3
3144.55
3178.75
3213
3247.25
3281.5
3315.7
3349.95
3384.2
3418.45
3452.65
3486.9
3521.15
3555.4
3589.6
3623.85
3658.1
3692.35
3726.55
3760.8
3795.05
3829.3
3863.5
3897.75
3932
3966.25
4000.45
4034.7
4068.95
4103.2
4137.4
4171.65
4205.9
4240.15
4274.35
4308.6
4342.85
4377.1
4411.3
4445.55
4479.8
4514.05
4548.25
4582.5
4616.75
4651
4685.2
4719.45
4753.7
4787.95
4822.15
4856.4
4890.65
4924.9
4959.1
4993.35
5027.6
5061.85
5096.05
5130.3
5164.55
5198.8
5233
5267.25
5301.5
5335.75
5369.95
5404.2
5438.45
5472.65
5506.9
5541.15
5575.4
5609.6
5643.85
5678.1
5712.35
5746.55
5780.8
5815.05
5849.3
5883.5
5917.75
5952
5986.25
6020.45
6054.7
6088.95
6123.2
6157.4
6191.65
6225.9
6260.15
6294.35
6328.6
6362.85
6397.1
6431.3
6465.55
6499.8
6534.05
6568.25
6602.5
6636.75
6671
6705.2
6739.45
6773.7
6807.95
6842.15
6876.4
6910.65
6944.9
6979.1
-1000
25.6
63.7
102.25
141.25
180.2
219.3
258.3
297.45
336.45
375.6
414.6
453.75
492.75
531.9
568.25
603.55
638.35
672.95
707.55
742.05
776.45
810.9
845.25
879.65
914
948.4
982.75
1017.15
1051.5
1085.9
1120.25
1154.65
1189
1223.4
1257.75
1292.15
1326.5
1360.9
1395.3
1429.65
1464.05
1498.4
1532.8
1567.15
1601.55
1635.95
1670.3
1704.7
1739.05
1773.45
1807.8
1842.2
1876.6
1910.95
1945.35
1979.7
2014.1
2048.45
2082.85
2117.05
2151.35
2185.55
2219.75
2254.05
2288.25
2322.5
2356.75
2391
2425.25
2459.4
2493.7
2527.95
2562.2
2596.35
2630.65
2664.9
2699.15
2733.3
2767.6
2801.85
2836.1
2870.25
2904.55
2938.8
2973.05
3007.2
3041.5
3075.75
3110
3144.15
3178.45
3212.7
3246.95
3281.1
3315.4
3349.65
3383.9
3418.05
3452.35
3486.6
3520.85
3555
3589.3
3623.55
3657.8
3691.95
3726.25
3760.45
3794.75
3828.9
3863.2
3897.4
3931.7
3965.85
4000.15
4034.35
4068.6
4102.85
4137.1
4171.35
4205.5
4239.8
4274.05
4308.3
4342.45
4376.75
4411
4445.25
4479.4
4513.7
4547.95
4582.2
4616.35
4650.65
4684.9
4719.15
4753.3
4787.6
4821.85
4856.1
4890.25
4924.55
4958.8
4993.05
5027.2
5061.5
5095.75
5130
5164.15
5198.45
5232.7
5266.95
5301.1
5335.4
5369.65
5403.9
5438.05
5472.35
5506.6
5540.85
5575
5609.3
5643.55
5677.8
5711.95
5746.25
5780.5
5814.75
5848.9
5883.2
5917.45
5951.7
5985.85
6020.15
6054.4
6088.65
6122.8
6157.1
6191.35
6225.6
6259.75
6294.05
6328.3
6362.55
6396.7
6431
6465.25
6499.5
6533.65
6567.95
6602.15
6636.45
6670.6
6704.9
6739.1
6773.4
6807.55
6841.85
6876.05
6910.35
6944.5
6978.8
