27.75
61.1
94.5
127.85
161.2
194.6
227.95
261.35
294.7
328.05
361.45
394.8
428.2
461.55
494.9
528.3
561.65
595
628.4
661.75
695.15
728.5
761.85
795.25
828.6
862
895.35
928.7
962.1
995.45
1028.8
1062.2
1095.55
1128.95
1162.3
1195.65
1229.05
1262.4
1295.8
1329.15
1362.5
1395.9
1429.25
1462.6
1496
1529.35
1562.75
1596.1
1629.45
1662.85
1696.2
1729.6
1762.95
1796.3
1829.7
1863.05
1896.4
1929.8
1963.15
1996.55
2029.9
2063.25
2096.65
2130
2163.35
2196.75
2230.1
2263.5
2296.85
2330.2
2363.6
2396.95
2430.35
2463.7
2497.05
2530.45
2563.8
2597.15
2630.55
2663.9
2697.3
2730.65
2764
2797.4
2830.75
2864.15
2897.5
2930.85
2964.25
2997.6
3030.95
3064.35
3097.7
3131.1
3164.45
3197.8
3231.2
3264.55
3297.95
3331.3
3364.65
3398.05
3431.4
3464.75
3498.15
3531.5
3564.9
3598.25
3631.6
3665
3698.35
3731.75
3765.1
3798.45
3831.85
3865.2
3898.55
3931.95
3965.3
3998.7
4032.05
4065.4
4098.8
4132.15
4165.55
4198.9
4232.25
4265.65
4299
4332.35
4365.75
4399.1
4432.5
4465.85
4499.2
4532.6
4565.95
4599.3
4632.7
4666.05
4699.45
4732.8
4766.15
4799.55
4832.9
4866.3
4899.65
4933
4966.4
4999.75
5033.1
5066.5
5099.85
5133.25
5166.6
5199.95
5233.35
5266.7
5300.1
5333.45
5366.8
5400.2
5433.55
5466.9
5500.3
5533.65
5567.05
5600.4
5633.75
5667.15
5700.5
5733.9
5767.25
5800.6
5834
5867.35
5900.7
5934.1
5967.45
6000.85
6034.2
6067.55
6100.95
6134.3
6167.7
6201.05
6234.4
6267.8
6301.15
6334.5
6367.9
6401.25
6434.65
6468
6501.35
6534.75
6568.1
6601.5
6634.85
6668.2
6701.6
6734.95
6768.3
6801.7
6835.05
6868.45
6901.8
6935.15
6968.55
-1000
25.6
60.45
94.8
127.7
161.5
194.45
228.15
261.25
294.8
328.05
361.5
394.75
428.3
461.5
495
528.3
561.65
595.1
628.4
661.8
695.15
728.5
761.9
795.25
828.6
862.05
895.3
928.75
962.1
995.45
1028.9
1062.2
1095.55
1129
1162.3
1195.7
1229.05
1262.4
1295.85
1329.15
1362.55
1395.9
1429.25
1462.7
1496
1529.35
1562.8
1596.1
1629.5
1662.85
1696.2
1729.65
1762.9
1796.35
1829.7
1863.05
1896.45
1929.8
1963.15
1996.6
2029.85
2063.3
2096.65
2130
2163.45
2196.75
2230.15
2263.5
2296.85
2330.25
2363.6
2396.95
2430.4
2463.65
2497.1
2530.45
2563.8
2597.25
2630.55
2663.95
2697.3
2730.65
2764.05
2797.4
2830.75
2864.2
2897.45
2930.9
2964.25
2997.6
3031.05
3064.35
3097.75
3131.1
3164.45
3197.85
3231.2
3264.55
3298
3331.25
3364.7
3398.05
3431.4
3464.85
3498.15
3531.5
3564.95
3598.25
3631.65
3665
3698.35
3731.8
3765.1
3798.5
3831.85
3865.2
3898.65
3931.95
3965.3
3998.75
4032.05
4065.45
4098.8
4132.15
4165.6
4198.85
4232.3
4265.65
4299
4332.4
4365.75
4399.1
4432.55
4465.8
4499.25
4532.6
4565.95
4599.4
4632.7
4666.1
4699.45
4732.8
4766.2
4799.55
4832.9
4866.35
4899.6
4933.05
4966.4
4999.75
5033.2
5066.5
5099.9
5133.25
5166.6
5200
5233.35
5266.7
5300.15
5333.4
5366.85
5400.2
5433.55
5467
5500.3
5533.7
5567.05
5600.4
5633.8
5667.15
5700.5
5733.95
5767.2
5800.65
5834
5867.35
5900.8
5934.1
5967.45
6000.9
6034.2
6067.6
6100.95
6134.3
6167.75
6201.05
6234.45
6267.8
6301.15
6334.6
6367.9
6401.25
6434.7
6468
6501.4
6534.75
6568.1
6601.55
6634.8
6668.25
6701.6
6734.95
6768.35
6801.7
6835.05
6868.5
6901.75
6935.2
6968.55
