26.5
58.45
90.45
122.45
154.45
186.4
218.4
250.4
282.4
314.35
346.35
378.35
410.35
442.3
474.3
506.3
538.3
570.25
602.25
634.25
666.25
698.2
730.2
762.2
794.2
826.15
858.15
890.15
922.15
954.15
986.1
1018.1
1050.1
1082.1
1114.05
1146.05
1178.05
1210.05
1242
1274
1306
1338
1369.95
1401.95
1433.95
1465.95
1497.9
1529.9
1561.9
1593.9
1625.85
1657.85
1689.85
1721.85
1753.8
1785.8
1817.8
1849.8
1881.75
1913.75
1945.75
1977.75
2009.7
2041.7
2073.7
2105.7
2137.65
2169.65
2201.65
2233.65
2265.6
2297.6
2329.6
2361.6
2393.55
2425.55
2457.55
2489.55
2521.55
2553.5
2585.5
2617.5
2649.5
2681.45
2713.45
2745.45
2777.45
2809.4
2841.4
2873.4
2905.4
2937.35
2969.35
3001.35
3033.35
3065.3
3097.3
3129.3
3161.3
3193.25
3225.25
3257.25
3289.25
3321.2
3353.2
3385.2
3417.2
3449.15
3481.15
3513.15
3545.15
3577.1
3609.1
3641.1
3673.1
3705.05
3737.05
3769.05
3801.05
3833
3865
3897
3929
3960.95
3992.95
4024.95
4056.95
4088.9
4120.9
4152.9
4184.9
4216.9
4248.85
4280.85
4312.85
4344.85
4376.8
4408.8
4440.8
4472.8
4504.75
4536.75
4568.75
4600.75
4632.7
4664.7
4696.7
4728.7
4760.65
4792.65
4824.65
4856.65
4888.6
4920.6
4952.6
4984.6
5016.55
5048.55
5080.55
5112.55
5144.5
5176.5
5208.5
5240.5
5272.45
5304.45
5336.45
5368.45
5400.4
5432.4
5464.4
5496.4
5528.35
5560.35
5592.35
5624.35
5656.3
5688.3
5720.3
5752.3
5784.25
5816.25
5848.25
5880.25
5912.25
5944.2
5976.2
6008.2
6040.2
6072.15
6104.15
6136.15
6168.15
6200.1
6232.1
6264.1
6296.1
6328.05
6360.05
6392.05
6424.05
6456
6488
6520
6552
6583.95
6615.95
6647.95
6679.95
6711.9
6743.9
6775.9
6807.9
6839.85
-1000
25.6
65.15
110.6
150.85
186.5
223.4
265.9
309
345.6
385.35
431
471.05
506.55
542.3
581.1
626.5
664.35
699.75
731.2
763.75
795.25
827.55
859.25
891.55
923.25
955.4
987.25
1019.4
1051.3
1083.3
1115.3
1147.25
1179.3
1211.15
1243.3
1275.15
1307.45
1339
1371.45
1403
1435.6
1466.85
1499.5
1530.9
1563.45
1594.95
1627.25
1658.95
1691.25
1722.95
1755.15
1786.95
1819.15
1850.95
1883
1914.95
1947
1979
2010.85
2043
2074.85
2107.05
2138.75
2171.05
2202.75
2235.05
2266.65
2299.05
2330.65
2363.1
2394.55
2427.1
2458.55
2491.1
2522.5
2555.05
2586.5
2619.05
2650.45
2683.05
2714.45
2747.05
2778.35
2811
2842.4
2875
2906.3
2938.95
2970.35
3003.05
3034.25
3066.95
3098.25
3131.05
3162.2
3194.9
3226.2
3258.85
3290.25
3322.65
3354.25
3386.65
3418.3
3450.5
3482.3
3514.5
3546.3
3578.35
3610.3
3642.35
3674.35
3706.25
3738.35
3770.2
3802.35
3834.1
3866.4
3898.1
3930.4
3962
3994.4
4026
4058.45
4089.9
4122.45
4153.9
4186.45
4217.85
4250.4
4281.85
4314.4
4345.8
4378.4
4409.8
4442.4
4473.7
4506.35
4537.75
4570.35
4601.65
4634.3
4665.7
4698.4
4729.6
4762.3
4793.6
4826.4
4857.55
4890.25
4921.55
4954.2
4985.6
5018
5049.6
5082
5113.65
5145.85
5177.65
5209.85
5241.65
5273.7
5305.65
5337.7
5369.7
5401.6
5433.7
5465.55
5497.7
5529.45
5561.75
5593.45
5625.75
5657.35
5689.75
5721.35
5753.8
5785.25
5817.8
5849.25
5881.8
5913.2
5945.75
5977.2
6009.75
6041.15
6073.75
6105.15
6137.75
6169.05
6201.7
6233.1
6265.7
6297
6329.65
6361.05
6393.75
6424.95
6457.65
6488.95
6521.75
6552.9
6585.6
6616.9
6649.55
6681
6713.35
6744.95
6777.35
6809
6841.2
6873
6905.2
6937
6969.05
