26.5
58.45
90.45
122.45
154.45
186.4
218.4
250.4
282.4
314.35
346.35
378.35
410.35
442.3
474.3
506.3
538.3
570.25
602.25
634.25
666.25
698.2
730.2
762.2
794.2
826.15
858.15
890.15
922.15
954.15
986.1
1018.1
1050.1
1082.1
1114.05
1146.05
1178.05
1210.05
1242
1274
1306
1338
1369.95
1401.95
1433.95
1465.95
1497.9
1529.9
1561.9
1593.9
1625.85
1657.85
1689.85
1721.85
1753.8
1785.8
1817.8
1849.8
1881.75
1913.75
1945.75
1977.75
2009.7
2041.7
2073.7
2105.7
2137.65
2169.65
2201.65
2233.65
2265.6
2297.6
2329.6
2361.6
2393.55
2425.55
2457.55
2489.55
2521.55
2553.5
2585.5
2617.5
2649.5
2681.45
2713.45
2745.45
2777.45
2809.4
2841.4
2873.4
2905.4
2937.35
2969.35
3001.35
3033.35
3065.3
3097.3
3129.3
3161.3
3193.25
3225.25
3257.25
3289.25
3321.2
3353.2
3385.2
3417.2
3449.15
3481.15
3513.15
3545.15
3577.1
3609.1
3641.1
3673.1
3705.05
3737.05
3769.05
3801.05
3833
3865
3897
3929
3960.95
3992.95
4024.95
4056.95
4088.9
4120.9
4152.9
4184.9
4216.9
4248.85
4280.85
4312.85
4344.85
4376.8
4408.8
4440.8
4472.8
4504.75
4536.75
4568.75
4600.75
4632.7
4664.7
4696.7
4728.7
4760.65
4792.65
4824.65
4856.65
4888.6
4920.6
4952.6
4984.6
5016.55
5048.55
5080.55
5112.55
5144.5
5176.5
5208.5
5240.5
5272.45
5304.45
5336.45
5368.45
5400.4
5432.4
5464.4
5496.4
5528.35
5560.35
5592.35
5624.35
5656.3
5688.3
5720.3
5752.3
5784.25
5816.25
5848.25
5880.25
5912.25
5944.2
5976.2
6008.2
6040.2
6072.15
6104.15
6136.15
6168.15
6200.1
6232.1
6264.1
6296.1
6328.05
6360.05
6392.05
6424.05
6456
6488
6520
6552
6583.95
6615.95
6647.95
6679.95
6711.9
6743.9
6775.9
6807.9
6839.85
6871.85
6903.85
6935.85
6967.8
6999.8
-1000
25.6
57.8
90
122.15
154.2
186.2
218.2
250.2
282.15
314.15
346.15
378.15
410.1
442.1
474.1
506.1
538.05
570.05
602.05
634.05
666
698
730
762
793.95
825.95
857.95
889.95
921.9
953.9
985.9
1017.9
1049.85
1081.85
1113.85
1145.85
1177.8
1209.8
1241.8
1273.8
1305.8
1337.75
1369.75
1401.75
1433.75
1465.7
1497.7
1529.7
1561.7
1593.65
1625.65
1657.65
1689.65
1721.6
1753.6
1785.6
1817.6
1849.55
1881.55
1913.55
1945.55
1977.5
2009.5
2041.5
2073.5
2105.45
2137.45
2169.45
2201.45
2233.4
2265.4
2297.4
2329.4
2361.35
2393.35
2425.35
2457.35
2489.3
2521.3
2553.3
2585.3
2617.25
2649.25
2681.25
2713.25
2745.2
2777.2
2809.2
2841.2
2873.15
2905.15
2937.15
2969.15
3001.15
3033.1
3065.1
3097.1
3129.1
3161.05
3193.05
3225.05
3257.05
3289
3321
3353
3385
3416.95
3448.95
3480.95
3512.95
3544.9
3576.9
3608.9
3640.9
3672.85
3704.85
3736.85
3768.85
3800.8
3832.8
3864.8
3896.8
3928.75
3960.75
3992.75
4024.75
4056.7
4088.7
4120.7
4152.7
4184.65
4216.65
4248.65
4280.65
4312.6
4344.6
4376.6
4408.6
4440.55
4472.55
4504.55
4536.55
4568.5
4600.5
4632.5
4664.5
4696.5
4728.45
4760.45
4792.45
4824.45
4856.4
4888.4
4920.4
4952.4
4984.35
5016.35
5048.35
5080.35
5112.3
5144.3
5176.3
5208.3
5240.25
5272.25
5304.25
5336.25
5368.2
5400.2
5432.2
5464.2
5496.15
5528.15
5560.15
5592.15
5624.1
5656.1
5688.1
5720.1
5752.05
5784.05
5816.05
5848.05
5880
5912
5944
5976
6007.95
6039.95
6071.95
6103.95
6135.9
6167.9
6199.9
6231.9
6263.85
6295.85
6327.85
6359.85
6391.85
6423.8
6455.8
6487.8
6519.8
6551.75
6583.75
6615.75
6647.75
6679.7
6711.7
6743.7
6775.7
6807.65
6839.65
6871.65
6903.65
6935.6
6967.6
6999.6
