28.1
61.8
95.55
129.3
163.05
196.75
230.5
264.25
298
331.7
365.45
399.2
432.95
466.65
500.4
533.2
565.95
598.7
631.4
664.15
696.9
729.65
762.35
795.1
827.85
860.6
893.3
926.05
958.8
991.55
1024.25
1057
1089.75
1122.5
1155.2
1187.95
1220.7
1253.45
1286.15
1318.9
1351.65
1384.4
1417.1
1449.85
1482.6
1515.35
1548.1
1580.8
1613.55
1646.3
1679.05
1711.75
1744.5
1777.25
1810
1842.7
1875.45
1908.2
1940.95
1973.65
2006.4
2039.15
2071.9
2104.6
2137.35
2170.1
2202.85
2235.55
2268.3
2301.05
2333.8
2366.5
2399.25
2432
2464.75
2497.45
2530.2
2562.95
2595.7
2628.4
2661.15
2693.9
2726.65
2759.4
2792.1
2824.85
2857.6
2890.35
2923.05
2955.8
2988.55
3021.3
3054
3086.75
3119.5
3152.25
3184.95
3217.7
3250.45
3283.2
3315.9
3348.65
3381.4
3414.15
3446.85
3479.6
3512.35
3545.1
3577.8
3610.55
3643.3
3676.05
3708.75
3741.5
3774.25
3807
3839.7
3872.45
3905.2
3937.95
3970.7
4003.4
4036.15
4068.9
4101.65
4134.35
4167.1
4199.85
4232.6
4265.3
4298.05
4330.8
4363.55
4396.25
4429
4461.75
4494.5
4527.2
4559.95
4592.7
4625.45
4658.15
4690.9
4723.65
4756.4
4789.1
4821.85
4854.6
4887.35
4920.05
4952.8
4985.55
5018.3
5051
5083.75
5116.5
5149.25
5182
5214.7
5247.45
5280.2
5312.95
5345.65
5378.4
5411.15
5443.9
5476.6
5509.35
5542.1
5574.85
5607.55
5640.3
5673.05
5705.8
5738.5
5771.25
5804
5836.75
5869.45
5902.2
5934.95
5967.7
6000.4
6033.15
6065.9
6098.65
6131.35
6164.1
6196.85
6229.6
6262.3
6295.05
6327.8
6360.55
6393.25
6426
6458.75
6491.5
6524.25
6556.95
6589.7
6622.45
6655.2
6687.9
6720.65
6753.4
6786.15
6818.85
6851.6
6884.35
6917.1
6949.8
6982.55
-1000
25.6
58.95
92.45
126
159.55
193.25
226.95
260.65
294.3
328.05
361.8
395.55
429.2
462.95
496.7
530.45
563.9
597.1
630.2
663.2
696.15
729.05
761.95
794.8
827.55
860.25
893
925.75
958.5
991.2
1023.95
1056.7
1089.45
1122.15
1154.9
1187.65
1220.4
1253.1
1285.85
1318.6
1351.35
1384.05
1416.8
1449.55
1482.3
1515
1547.75
1580.5
1613.25
1645.95
1678.7
1711.45
1744.2
1776.9
1809.65
1842.4
1875.15
1907.9
1940.6
1973.35
2006.1
2038.85
2071.55
2104.3
2137.05
2169.8
2202.5
2235.25
2268
2300.75
2333.45
2366.2
2398.95
2431.7
2464.4
2497.15
2529.9
2562.65
2595.35
2628.1
2660.85
2693.6
2726.3
2759.05
2791.8
2824.55
2857.25
2890
2922.75
2955.5
2988.2
3020.95
3053.7
3086.45
3119.2
3151.9
3184.65
3217.4
3250.15
3282.85
3315.6
3348.35
3381.1
3413.8
3446.55
3479.3
3512.05
3544.75
3577.5
3610.25
3643
3675.7
3708.45
3741.2
3773.95
3806.65
3839.4
3872.15
3904.9
3937.6
3970.35
4003.1
4035.85
4068.55
4101.3
4134.05
4166.8
4199.5
4232.25
4265
4297.75
4330.5
4363.2
4395.95
4428.7
4461.45
4494.15
4526.9
4559.65
4592.4
4625.1
4657.85
4690.6
4723.35
4756.05
4788.8
4821.55
4854.3
4887
4919.75
4952.5
4985.25
5017.95
5050.7
5083.45
5116.2
5148.9
5181.65
5214.4
5247.15
5279.85
5312.6
5345.35
5378.1
5410.8
5443.55
5476.3
5509.05
5541.75
5574.5
5607.25
5640
5672.75
5705.45
5738.2
5770.95
5803.7
5836.4
5869.15
5901.9
5934.65
5967.35
6000.1
6032.85
6065.6
6098.3
6131.05
6163.8
6196.55
6229.25
6262
6294.75
6327.5
6360.2
6392.95
6425.7
6458.45
6491.15
6523.9
6556.65
6589.4
6622.1
6654.85
6687.6
6720.35
6753.05
6785.8
6818.55
6851.3
6884.05
6916.75
6949.5
6982.25
