26.5
58.45
90.45
122.45
154.45
186.4
218.4
250.4
282.4
314.35
346.35
378.35
410.35
442.3
474.3
506.3
538.3
570.25
602.25
634.25
666.25
698.2
730.2
762.2
794.2
826.15
858.15
890.15
922.15
954.15
986.1
1018.1
1050.1
1082.1
1114.05
1146.05
1178.05
1210.05
1242
1274
1306
1338
1369.95
1401.95
1433.95
1465.95
1497.9
1529.9
1561.9
1593.9
1625.85
1657.85
1689.85
1721.85
1753.8
1785.8
1817.8
1849.8
1881.75
1913.75
1945.75
1977.75
2009.7
2041.7
2073.7
2105.7
2137.65
2169.65
2201.65
2233.65
2265.6
2297.6
2329.6
2361.6
2393.55
2425.55
2457.55
2489.55
2521.55
2553.5
2585.5
2617.5
2649.5
2681.45
2713.45
2745.45
2777.45
2809.4
2841.4
2873.4
2905.4
2937.35
2969.35
3001.35
3033.35
3065.3
3097.3
3129.3
3161.3
3193.25
3225.25
3257.25
3289.25
3321.2
3353.2
3385.2
3417.2
3449.15
3481.15
3513.15
3545.15
3577.1
3609.1
3641.1
3673.1
3705.05
3737.05
3769.05
3801.05
3833
3865
3897
3929
3960.95
3992.95
4024.95
4056.95
4088.9
4120.9
4152.9
4184.9
4216.9
4248.85
4280.85
4312.85
4344.85
4376.8
4408.8
4440.8
4472.8
4504.75
4536.75
4568.75
4600.75
4632.7
4664.7
4696.7
4728.7
4760.65
4792.65
4824.65
4856.65
4888.6
4920.6
4952.6
4984.6
5016.55
5048.55
5080.55
5112.55
5144.5
5176.5
5208.5
5240.5
5272.45
5304.45
5336.45
5368.45
5400.4
5432.4
5464.4
5496.4
5528.35
5560.35
5592.35
5624.35
5656.3
5688.3
5720.3
5752.3
5784.25
5816.25
5848.25
5880.25
5912.25
5944.2
5976.2
6008.2
6040.2
6072.15
6104.15
6136.15
6168.15
6200.1
6232.1
6264.1
6296.1
6328.05
6360.05
6392.05
6424.05
6456
6488
6520
6552
6583.95
6615.95
6647.95
6679.95
6711.9
6743.9
6775.9
6807.9
6839.85
6871.85
6903.85
6935.85
6967.8
-1000
25.6
59.1
91.15
123.15
155.15
187.1
219.1
251.1
283.1
315.05
347.05
379.05
411.05
443
475
507
539
570.95
602.95
634.95
666.95
698.9
730.9
762.9
794.9
826.85
858.85
890.85
922.85
954.8
986.8
1018.8
1050.8
1082.75
1114.75
1146.75
1178.75
1210.7
1242.7
1274.7
1306.7
1338.65
1370.65
1402.65
1434.65
1466.6
1498.6
1530.6
1562.6
1594.6
1626.55
1658.55
1690.55
1722.55
1754.5
1786.5
1818.5
1850.5
1882.45
1914.45
1946.45
1978.45
2010.4
2042.4
2074.4
2106.4
2138.35
2170.35
2202.35
2234.35
2266.3
2298.3
2330.3
2362.3
2394.25
2426.25
2458.25
2490.25
2522.2
2554.2
2586.2
2618.2
2650.15
2682.15
2714.15
2746.15
2778.1
2810.1
2842.1
2874.1
2906.05
2938.05
2970.05
3002.05
3034
3066
3098
3130
3161.95
3193.95
3225.95
3257.95
3289.95
3321.9
3353.9
3385.9
3417.9
3449.85
3481.85
3513.85
3545.85
3577.8
3609.8
3641.8
3673.8
3705.75
3737.75
3769.75
3801.75
3833.7
3865.7
3897.7
3929.7
3961.65
3993.65
4025.65
4057.65
4089.6
4121.6
4153.6
4185.6
4217.55
4249.55
4281.55
4313.55
4345.5
4377.5
4409.5
4441.5
4473.45
4505.45
4537.45
4569.45
4601.4
4633.4
4665.4
4697.4
4729.35
4761.35
4793.35
4825.35
4857.3
4889.3
4921.3
4953.3
4985.3
5017.25
5049.25
5081.25
5113.25
5145.2
5177.2
5209.2
5241.2
5273.15
5305.15
5337.15
5369.15
5401.1
5433.1
5465.1
5497.1
5529.05
5561.05
5593.05
5625.05
5657
5689
5721
5753
5784.95
5816.95
5848.95
5880.95
5912.9
5944.9
5976.9
6008.9
6040.85
6072.85
6104.85
6136.85
6168.8
6200.8
6232.8
6264.8
6296.75
6328.75
6360.75
6392.75
6424.7
6456.7
6488.7
6520.7
6552.65
6584.65
6616.65
6648.65
6680.65
6712.6
6744.6
6776.6
6808.6
6840.55
6872.55
6904.55
6936.55
6968.5
