43.95
94.65
145.35
196.05
246.75
297.45
348.15
398.85
449.55
500.2
534.95
569
603
637.05
671.05
705.1
739.15
773.25
807.35
841.4
875.5
909.6
943.75
977.85
1011.95
1046.1
1080.2
1114.35
1148.5
1182.65
1216.75
1250.9
1285.05
1319.2
1353.35
1387.5
1421.65
1455.75
1489.9
1524.05
1558.2
1592.35
1626.5
1660.65
1694.8
1728.95
1763.1
1797.25
1831.4
1865.55
1899.7
1933.85
1968
2002.15
2036.3
2070.45
2104.6
2138.75
2172.9
2207.05
2241.2
2275.35
2309.5
2343.65
2377.8
2411.95
2446.1
2480.25
2514.4
2548.55
2582.7
2616.85
2651
2685.15
2719.3
2753.45
2787.6
2821.75
2855.9
2890.05
2924.2
2958.35
2992.5
3026.65
3060.8
3094.95
3129.1
3163.25
3197.4
3231.55
3265.7
3299.85
3334
3368.15
3402.3
3436.5
3470.65
3504.8
3538.95
3573.1
3607.25
3641.4
3675.55
3709.7
3743.85
3778
3812.15
3846.3
3880.45
3914.6
3948.75
3982.9
4017.05
4051.2
4085.35
4119.5
4153.65
4187.8
4221.95
4256.1
4290.25
4324.4
4358.55
4392.7
4426.85
4461
4495.15
4529.3
4563.45
4597.6
4631.75
4665.9
4700.05
4734.2
4768.35
4802.5
4836.65
4870.8
4904.95
4939.1
4973.25
5007.4
5041.55
5075.7
5109.85
5144
5178.15
5212.3
5246.45
5280.65
5314.8
5348.95
5383.1
5417.25
5451.4
5485.55
5519.7
5553.85
5588
5622.15
5656.3
5690.45
5724.6
5758.75
5792.9
5827.05
5861.2
5895.35
5929.5
5963.65
5997.8
6031.95
6066.1
6100.25
6134.4
6168.55
6202.7
6236.85
6271
6305.15
6339.3
6373.45
6407.6
6441.75
6475.9
6510.05
6544.2
6578.35
6612.5
6646.65
6680.8
6714.95
6749.1
6783.25
6817.4
6851.55
6885.7
6919.85
6954
6988.15
-1000
25.6
69.55
115.55
148.6
178.65
222.25
268.55
309.05
340
378.15
423.4
469.35
500.4
533.55
568.1
602.5
636.8
670.7
704.85
738.85
772.9
806.95
841.1
875.15
909.25
943.35
977.45
1011.6
1045.75
1079.85
1114
1148.15
1182.2
1216.4
1250.55
1284.65
1318.8
1352.95
1387.1
1421.25
1455.4
1489.55
1523.7
1557.85
1592
1626.15
1660.3
1694.45
1728.6
1762.75
1796.9
1831
1865.15
1899.3
1933.45
1967.65
2001.8
2035.95
2070.1
2104.25
2138.4
2172.55
2206.7
2240.85
2275
2309.15
2343.3
2377.45
2411.6
2445.75
2479.9
2514.05
2548.2
2582.35
2616.5
2650.65
2684.8
2718.95
2753.1
2787.25
2821.4
2855.55
2889.7
2923.85
2958
2992.15
3026.3
3060.45
3094.6
3128.75
3162.9
3197.05
3231.2
3265.35
3299.5
3333.65
3367.8
3401.95
3436.1
3470.25
3504.4
3538.55
3572.7
3606.85
3641
3675.15
3709.3
3743.45
3777.6
3811.75
3845.9
3880.05
3914.2
3948.35
3982.5
4016.65
4050.85
4085
4119.15
4153.3
4187.45
4221.6
4255.75
4289.9
4324.05
4358.2
4392.35
4426.5
4460.65
4494.8
4528.95
4563.1
4597.25
4631.4
4665.55
4699.7
4733.85
4768
4802.15
4836.3
4870.45
4904.6
4938.75
4972.9
5007.05
5041.2
5075.35
5109.5
5143.65
5177.8
5211.95
5246.1
5280.25
5314.4
5348.55
5382.7
5416.85
5451
5485.15
5519.3
5553.45
5587.6
5621.75
5655.9
5690.05
5724.2
5758.35
5792.5
5826.65
5860.8
5895
5929.15
5963.3
5997.45
6031.6
6065.75
6099.9
6134.05
6168.2
6202.35
6236.5
6270.65
6304.8
6338.95
6373.1
6407.25
6441.4
6475.55
6509.7
6543.85
6578
6612.15
6646.3
6680.45
6714.6
6748.75
6782.9
6817.05
6851.2
6885.35
