33
72.1
111.15
150.25
189.3
228.4
267.45
306.55
345.6
384.7
423.75
462.85
501.9
535.8
569.45
603.1
636.75
670.4
704.1
737.75
771.4
805.1
838.75
872.45
906.1
939.75
973.45
1007.1
1040.8
1074.5
1108.15
1141.85
1175.5
1209.2
1242.85
1276.55
1310.25
1343.9
1377.6
1411.25
1444.95
1478.65
1512.3
1546
1579.65
1613.35
1647.05
1680.7
1714.4
1748.1
1781.75
1815.45
1849.1
1882.8
1916.5
1950.15
1983.85
2017.55
2051.2
2084.75
2118.3
2151.85
2185.4
2218.95
2252.45
2286
2319.55
2353.1
2386.65
2420.2
2453.75
2487.25
2520.8
2554.35
2587.9
2621.45
2655
2688.55
2722.05
2755.6
2789.15
2822.7
2856.25
2889.8
2923.35
2956.85
2990.4
3023.95
3057.5
3091.05
3124.6
3158.15
3191.65
3225.2
3258.75
3292.3
3325.85
3359.4
3392.95
3426.45
3460
3493.55
3527.1
3560.65
3594.2
3627.75
3661.25
3694.8
3728.35
3761.9
3795.45
3829
3862.55
3896.1
3929.6
3963.15
3996.7
4030.25
4063.8
4097.35
4130.9
4164.4
4197.95
4231.5
4265.05
4298.6
4332.15
4365.7
4399.2
4432.75
4466.3
4499.85
4533.4
4566.95
4600.5
4634
4667.55
4701.1
4734.65
4768.2
4801.75
4835.3
4868.8
4902.35
4935.9
4969.45
5003
5036.55
5070.1
5103.6
5137.15
5170.7
5204.25
5237.8
5271.35
5304.9
5338.4
5371.95
5405.5
5439.05
5472.6
5506.15
5539.7
5573.25
5606.75
5640.3
5673.85
5707.4
5740.95
5774.5
5808.05
5841.55
5875.1
5908.65
5942.2
5975.75
6009.3
6042.85
6076.35
6109.9
6143.45
6177
6210.55
6244.1
6277.65
6311.15
6344.7
6378.25
6411.8
6445.35
6478.9
6512.45
6545.95
6579.5
6613.05
6646.6
6680.15
6713.7
6747.25
6780.75
6814.3
6847.85
6881.4
6914.95
6948.5
6982.05
-1000
25.6
62.3
100.15
138.7
177.4
216.4
255.35
294.45
333.45
372.6
411.6
450.75
489.75
528.9
565.35
600.4
634.85
669
702.95
736.85
770.6
804.45
838.2
871.95
905.65
939.3
973
1006.65
1040.35
1074
1107.7
1141.4
1175.05
1208.75
1242.4
1276.1
1309.75
1343.45
1377.15
1410.8
1444.5
1478.15
1511.85
1545.55
1579.2
1612.9
1646.55
1680.25
1713.95
1747.6
1781.3
1815
1848.65
1882.35
1916
1949.7
1983.4
2017.05
2050.75
2084.45
2118
2151.5
2185.05
2218.6
2252.15
2285.7
2319.25
2352.8
2386.3
2419.85
2453.4
2486.95
2520.5
2554.05
2587.6
2621.1
2654.65
2688.2
2721.75
2755.3
2788.85
2822.4
2855.9
2889.45
2923
2956.55
2990.1
3023.65
3057.2
3090.7
3124.25
3157.8
3191.35
3224.9
3258.45
3292
3325.5
3359.05
3392.6
3426.15
3459.7
3493.25
3526.8
3560.3
3593.85
3627.4
3660.95
3694.5
3728.05
3761.6
3795.1
3828.65
3862.2
3895.75
3929.3
3962.85
3996.4
4029.9
4063.45
4097
4130.55
4164.1
4197.65
4231.2
4264.75
4298.25
4331.8
4365.35
4398.9
4432.45
4466
4499.55
4533.05
4566.6
4600.15
4633.7
4667.25
4700.8
4734.35
4767.85
4801.4
4834.95
4868.5
4902.05
4935.6
4969.15
5002.65
5036.2
5069.75
5103.3
5136.85
5170.4
5203.95
5237.45
5271
5304.55
5338.1
5371.65
5405.2
5438.75
5472.25
5505.8
5539.35
5572.9
5606.45
5640
5673.55
5707.05
5740.6
5774.15
5807.7
5841.25
5874.8
5908.35
5941.85
5975.4
6008.95
6042.5
6076.05
6109.6
6143.15
6176.7
6210.2
6243.75
6277.3
6310.85
6344.4
6377.95
6411.5
6445
6478.55
6512.1
6545.65
6579.2
6612.75
6646.3
6679.8
6713.35
6746.9
6780.45
6814
6847.55
6881.1
6914.6
6948.15
6981.7
