33.55
73.15
112.75
152.35
192
231.6
271.2
310.85
350.45
390.05
429.7
469.3
508.9
543.05
577.2
611.35
645.55
679.75
714
748.2
782.45
816.7
851
885.25
919.5
953.8
988.1
1022.35
1056.65
1090.95
1125.25
1159.55
1193.85
1228.15
1262.45
1296.75
1331.05
1365.35
1399.65
1433.95
1468.25
1502.55
1536.9
1571.2
1605.5
1639.8
1674.1
1708.45
1742.75
1777.05
1811.35
1845.65
1879.95
1914.3
1948.6
1982.9
2017.2
2051.55
2085.7
2119.9
2154.1
2188.25
2222.45
2256.65
2290.85
2325
2359.2
2393.4
2427.6
2461.75
2495.95
2530.15
2564.35
2598.5
2632.7
2666.9
2701.1
2735.25
2769.45
2803.65
2837.85
2872.05
2906.2
2940.4
2974.6
3008.8
3042.95
3077.15
3111.35
3145.55
3179.75
3213.9
3248.1
3282.3
3316.5
3350.7
3384.85
3419.05
3453.25
3487.45
3521.6
3555.8
3590
3624.2
3658.4
3692.55
3726.75
3760.95
3795.15
3829.3
3863.5
3897.7
3931.9
3966.1
4000.25
4034.45
4068.65
4102.85
4137.05
4171.2
4205.4
4239.6
4273.8
4308
4342.15
4376.35
4410.55
4444.75
4478.9
4513.1
4547.3
4581.5
4615.7
4649.85
4684.05
4718.25
4752.45
4786.6
4820.8
4855
4889.2
4923.4
4957.55
4991.75
5025.95
5060.15
5094.35
5128.5
5162.7
5196.9
5231.1
5265.3
5299.45
5333.65
5367.85
5402.05
5436.2
5470.4
5504.6
5538.8
5573
5607.15
5641.35
5675.55
5709.75
5743.95
5778.1
5812.3
5846.5
5880.7
5914.85
5949.05
5983.25
6017.45
6051.65
6085.8
6120
6154.2
6188.4
6222.55
6256.75
6290.95
6325.15
6359.35
6393.5
6427.7
6461.9
6496.1
6530.3
6564.45
6598.65
6632.85
6667.05
6701.2
6735.4
6769.6
6803.8
6838
6872.15
6906.35
6940.55
6974.75
-1000
25.6
64
103.1
142.55
182.1
221.65
261.15
300.85
340.5
380
419.7
459.3
498.95
538.55
574.85
610
644.7
679.3
713.7
747.8
782.15
816.35
850.65
884.85
919.15
953.45
987.7
1022
1056.3
1090.55
1124.85
1159.15
1193.45
1227.75
1262.05
1296.35
1330.65
1364.95
1399.25
1433.55
1467.9
1502.2
1536.5
1570.8
1605.1
1639.4
1673.75
1708.05
1742.35
1776.65
1810.95
1845.3
1879.6
1913.9
1948.2
1982.5
2016.85
2051.15
2085.45
2119.6
2153.8
2187.95
2222.15
2256.3
2290.5
2324.7
2358.9
2393.05
2427.25
2461.45
2495.65
2529.8
2564
2598.2
2632.4
2666.6
2700.75
2734.95
2769.15
2803.35
2837.5
2871.7
2905.9
2940.1
2974.3
3008.45
3042.65
3076.85
3111.05
3145.2
3179.4
3213.6
3247.8
3282
3316.15
3350.35
3384.55
3418.75
3452.95
3487.05
3521.35
3555.5
3589.7
3623.85
3658.05
3692.25
3726.45
3760.65
3794.8
3829
3863.2
3897.4
3931.6
3965.75
3999.95
4034.15
4068.35
4102.5
4136.7
4170.9
4205.1
4239.3
4273.45
4307.65
4341.85
4376.05
4410.25
4444.35
4478.65
4512.8
4547
4581.15
4615.35
4649.55
4683.75
4717.95
4752.1
4786.3
4820.5
4854.7
4888.9
4923.05
4957.25
4991.45
5025.65
5059.8
5094
5128.2
5162.4
5196.6
5230.75
5264.95
5299.15
5333.35
5367.55
5401.7
5435.9
5470.1
5504.3
5538.45
5572.65
5606.85
5641.05
5675.25
5709.4
5743.6
5777.8
5812
5846.15
5880.35
5914.55
5948.75
5982.95
6017.1
6051.3
6085.5
6119.7
6153.9
6188.05
6222.25
6256.45
6290.65
6324.8
6359
6393.2
6427.4
6461.6
6495.75
6529.95
6564.15
6598.35
6632.55
6666.7
6700.9
6735.1
6769.3
6803.45
6837.65
6871.85
6906.05
6940.25
6974.4
