26.8
59.1
91.45
123.75
156.05
188.4
220.7
253.05
285.35
317.65
350
382.3
414.65
446.95
479.25
511.6
543.9
576.25
608.55
640.85
673.2
705.5
737.85
770.15
802.45
834.8
867.1
899.45
931.75
964.05
996.4
1028.7
1061.05
1093.35
1125.65
1158
1190.3
1222.65
1254.95
1287.25
1319.6
1351.9
1384.25
1416.55
1448.85
1481.2
1513.5
1545.85
1578.15
1610.45
1642.8
1675.1
1707.45
1739.75
1772.05
1804.4
1836.7
1869.05
1901.35
1933.65
1966
1998.3
2030.65
2062.95
2095.25
2127.6
2159.9
2192.25
2224.55
2256.85
2289.2
2321.5
2353.85
2386.15
2418.45
2450.8
2483.1
2515.45
2547.75
2580.05
2612.4
2644.7
2677.05
2709.35
2741.7
2774
2806.3
2838.65
2870.95
2903.3
2935.6
2967.9
3000.25
3032.55
3064.9
3097.2
3129.5
3161.85
3194.15
3226.5
3258.8
3291.1
3323.45
3355.75
3388.1
3420.4
3452.7
3485.05
3517.35
3549.7
3582
3614.3
3646.65
3678.95
3711.3
3743.6
3775.9
3808.25
3840.55
3872.9
3905.2
3937.5
3969.85
4002.15
4034.5
4066.8
4099.1
4131.45
4163.75
4196.1
4228.4
4260.7
4293.05
4325.35
4357.7
4390
4422.3
4454.65
4486.95
4519.3
4551.6
4583.9
4616.25
4648.55
4680.9
4713.2
4745.5
4777.85
4810.15
4842.5
4874.8
4907.1
4939.45
4971.75
5004.1
5036.4
5068.7
5101.05
5133.35
5165.7
5198
5230.3
5262.65
5294.95
5327.3
5359.6
5391.9
5424.25
5456.55
5488.9
5521.2
5553.55
5585.85
5618.15
5650.5
5682.8
5715.15
5747.45
5779.75
5812.1
5844.4
5876.75
5909.05
5941.35
5973.7
6006
6038.35
6070.65
6102.95
6135.3
6167.6
6199.95
6232.25
6264.55
6296.9
6329.2
6361.55
6393.85
6426.15
6458.5
6490.8
6523.15
6555.45
6587.75
6620.1
6652.4
6684.75
6717.05
6749.35
6781.7
6814
6846.35
6878.65
6910.95
6943.3
6975.6
-1000
25.6
58.6
91.5
123.75
156.05
188.4
220.7
253.05
285.35
317.65
350
382.3
414.65
446.95
479.25
511.6
543.9
576.25
608.55
640.85
673.2
705.5
737.85
770.15
802.45
834.8
867.1
899.45
931.75
964.05
996.4
1028.7
1061.05
1093.35
1125.65
1158
1190.3
1222.65
1254.95
1287.25
1319.6
1351.9
1384.25
1416.55
1448.85
1481.2
1513.5
1545.85
1578.15
1610.45
1642.8
1675.1
1707.45
1739.75
1772.05
1804.4
1836.7
1869.05
1901.35
1933.65
1966
1998.3
2030.65
2062.95
2095.3
2127.6
2159.9
2192.25
2224.55
2256.9
2289.2
2321.5
2353.85
2386.15
2418.5
2450.8
2483.1
2515.45
2547.75
2580.1
2612.4
2644.7
2677.05
2709.35
2741.7
2774
2806.3
2838.65
2870.95
2903.3
2935.6
2967.9
3000.25
3032.55
3064.9
3097.2
3129.5
3161.85
3194.15
3226.5
3258.8
3291.1
3323.45
3355.75
3388.1
3420.4
3452.7
3485.05
3517.35
3549.7
3582
3614.3
3646.65
3678.95
3711.3
3743.6
3775.9
3808.25
3840.55
3872.9
3905.2
3937.5
3969.85
4002.15
4034.5
4066.8
4099.1
4131.45
4163.75
4196.1
4228.4
4260.7
4293.05
4325.35
4357.7
4390
4422.3
4454.65
4486.95
4519.3
4551.6
4583.9
4616.25
4648.55
4680.9
4713.2
4745.5
4777.85
4810.15
4842.5
4874.8
4907.15
4939.45
4971.75
5004.1
5036.4
5068.75
5101.05
5133.35
5165.7
5198
5230.35
5262.65
5294.95
5327.3
5359.6
5391.95
5424.25
5456.55
5488.9
5521.2
5553.55
5585.85
5618.15
5650.5
5682.8
5715.15
5747.45
5779.75
5812.1
5844.4
5876.75
5909.05
5941.35
5973.7
6006
6038.35
6070.65
6102.95
6135.3
6167.6
6199.95
6232.25
6264.55
6296.9
6329.2
6361.55
6393.85
6426.15
6458.5
6490.8
6523.15
6555.45
6587.75
6620.1
6652.4
6684.75
6717.05
6749.35
6781.7
6814
6846.35
6878.65
6910.95
6943.3
6975.6
