48.2
103.3
158.45
213.55
268.7
323.8
378.95
434.1
489.2
540.8
573.25
605.95
638.85
672
705.25
738.7
772.2
805.9
839.65
873.45
907.35
941.3
975.3
1009.35
1043.4
1077.5
1111.65
1145.8
1180
1214.2
1248.4
1282.6
1316.8
1351
1385.25
1419.5
1453.75
1488
1522.25
1556.5
1590.75
1625
1659.3
1693.55
1727.8
1762.05
1796.35
1830.6
1864.9
1899.15
1933.4
1967.65
2001.95
2036.2
2070.5
2104.75
2139.05
2173.3
2207.6
2241.85
2276.1
2310.4
2344.65
2378.95
2413.2
2447.45
2481.75
2516
2550.3
2584.55
2618.85
2653.1
2687.35
2721.65
2755.9
2790.2
2824.45
2858.75
2893
2927.25
2961.55
2995.8
3030.1
3064.35
3098.6
3132.9
3167.15
3201.45
3235.7
3270
3304.25
3338.55
3372.8
3407.1
3441.35
3475.6
3509.9
3544.15
3578.45
3612.7
3647
3681.25
3715.55
3749.8
3784.1
3818.4
3852.65
3886.9
3921.2
3955.45
3989.7
4024
4058.25
4092.55
4126.8
4161.05
4195.35
4229.6
4263.9
4298.15
4332.45
4366.7
4401
4435.25
4469.5
4503.8
4538.05
4572.35
4606.6
4640.9
4675.15
4709.45
4743.7
4777.95
4812.25
4846.5
4880.8
4915.05
4949.3
4983.6
5017.85
5052.15
5086.4
5120.65
5154.95
5189.25
5223.5
5257.75
5292.05
5326.3
5360.55
5394.85
5429.1
5463.4
5497.65
5531.95
5566.2
5600.45
5634.75
5669
5703.25
5737.55
5771.8
5806.1
5840.35
5874.6
5908.9
5943.15
5977.45
6011.75
6046
6080.25
6114.55
6148.8
6183.05
6217.35
6251.6
6285.9
6320.15
6354.45
6388.7
6423
6457.25
6491.5
6525.8
6560.05
6594.3
6628.6
6662.85
6697.15
6731.4
6765.65
6799.95
6834.2
6868.5
6902.75
6937.05
6971.3
-1000
25.6
72.35
103.4
136.8
183.2
214.45
246.6
293.15
324.2
357.1
403.35
434.4
467.4
513.85
560.3
601.8
638
672.7
705.05
739.05
772
806.05
839.3
873.5
906.9
941.25
974.85
1009.2
1043
1077.35
1111.25
1145.6
1179.6
1213.9
1248
1282.3
1316.45
1350.65
1384.95
1419.2
1453.4
1487.65
1521.85
1556.15
1590.4
1624.7
1658.9
1693.2
1727.45
1761.7
1796
1830.2
1864.55
1898.75
1933.05
1967.3
2001.6
2035.85
2070.15
2104.4
2138.7
2172.9
2207.25
2241.45
2275.75
2310.05
2344.25
2378.6
2412.8
2447.1
2481.4
2515.65
2549.95
2584.15
2618.5
2652.7
2687
2721.3
2755.5
2789.85
2824.05
2858.4
2892.6
2926.9
2961.2
2995.4
3029.75
3063.95
3098.25
3132.55
3166.8
3201.1
3235.35
3269.65
3303.9
3338.2
3372.4
3406.75
3440.95
3475.25
3509.55
3543.8
3578.1
3612.35
3646.65
3680.9
3715.2
3749.45
3783.75
3818
3852.3
3886.5
3920.85
3955.05
3989.35
4023.65
4057.85
4092.2
4126.4
4160.7
4195
4229.25
4263.55
4297.8
4332.1
4366.3
4400.65
4434.85
4469.15
4503.45
4537.7
4572
4606.2
4640.55
4674.75
4709.1
4743.3
4777.6
4811.9
4846.1
4880.45
4914.65
4948.95
4983.25
5017.45
5051.8
5086
5120.3
5154.6
5188.85
5223.15
5257.35
5291.7
5325.9
5360.2
5394.5
5428.7
5463.05
5497.25
5531.55
5565.85
5600.05
5634.4
5668.6
5702.9
5737.2
5771.4
5805.75
5839.95
5874.25
5908.55
5942.8
5977.1
6011.35
6045.65
6079.85
6114.2
6148.4
6182.7
6217
6251.25
6285.55
6319.75
6354.1
6388.3
6422.6
6456.9
6491.1
6525.45
6559.65
6593.95
6628.25
6662.45
6696.8
6731
6765.3
6799.6
6833.85
