60.4
128.2
196
263.8
331.65
399.45
467.25
535.05
568.6
600.95
633.15
665.35
697.6
729.9
762.2
794.6
827
859.4
891.85
924.3
956.8
989.25
1021.75
1054.3
1086.8
1119.35
1151.9
1184.45
1217
1249.55
1282.1
1314.65
1347.25
1379.8
1412.4
1444.95
1477.55
1510.15
1542.7
1575.3
1607.9
1640.45
1673.05
1705.65
1738.25
1770.8
1803.4
1836
1868.6
1901.15
1933.75
1966.35
1998.95
2031.55
2064.15
2096.7
2129.3
2161.9
2194.5
2227.1
2259.7
2292.25
2324.85
2357.45
2390.05
2422.65
2455.25
2487.8
2520.4
2553
2585.6
2618.2
2650.8
2683.35
2715.95
2748.55
2781.15
2813.75
2846.35
2878.95
2911.5
2944.1
2976.7
3009.3
3041.9
3074.5
3107.05
3139.65
3172.25
3204.85
3237.45
3270.05
3302.65
3335.2
3367.8
3400.4
3433
3465.6
3498.2
3530.75
3563.35
3595.95
3628.55
3661.15
3693.75
3726.35
3758.9
3791.5
3824.1
3856.7
3889.3
3921.9
3954.45
3987.05
4019.65
4052.25
4084.85
4117.45
4150.05
4182.6
4215.2
4247.8
4280.4
4313
4345.6
4378.15
4410.75
4443.35
4475.95
4508.55
4541.15
4573.7
4606.3
4638.9
4671.5
4704.1
4736.7
4769.3
4801.85
4834.45
4867.05
4899.65
4932.25
4964.85
4997.4
5030
5062.6
5095.2
5127.8
5160.4
5193
5225.55
5258.15
5290.75
5323.35
5355.95
5388.55
5421.1
5453.7
5486.3
5518.9
5551.5
5584.1
5616.7
5649.25
5681.85
5714.45
5747.05
5779.65
5812.25
5844.8
5877.4
5910
5942.6
5975.2
6007.8
6040.4
6072.95
6105.55
6138.15
6170.75
6203.35
6235.95
6268.5
6301.1
6333.7
6366.3
6398.9
6431.5
6464.1
6496.65
6529.25
6561.85
6594.45
6627.05
6659.65
6692.2
6724.8
6757.4
6790
6822.6
6855.2
6887.75
6920.35
6952.95
6985.55
-1000
25.6
56.65
90.05
121.1
155.55
186.6
221.8
252.85
288.55
319.6
355.65
386.7
423
454
490.45
521.5
558.05
593.6
628.15
661.95
695.25
728.3
761.1
793.85
826.55
859.15
891.6
924
956.5
988.95
1021.45
1053.95
1086.45
1119
1151.5
1184.05
1216.6
1249.15
1281.75
1314.3
1346.85
1379.4
1412
1444.55
1477.15
1509.7
1542.3
1574.9
1607.45
1640.05
1672.65
1705.2
1737.8
1770.4
1803
1835.55
1868.15
1900.75
1933.35
1965.95
1998.5
2031.1
2063.7
2096.3
2128.9
2161.5
2194.05
2226.65
2259.25
2291.85
2324.45
2357.05
2389.6
2422.2
2454.8
2487.4
2520
2552.6
2585.15
2617.75
2650.35
2682.95
2715.55
2748.15
2780.7
2813.3
2845.9
2878.5
2911.1
2943.7
2976.3
3008.85
3041.45
3074.05
3106.65
3139.25
3171.85
3204.4
3237
3269.6
3302.2
3334.8
3367.4
3400
3432.55
3465.15
3497.75
3530.35
3562.95
3595.55
3628.1
3660.7
3693.3
3725.9
3758.5
3791.1
3823.7
3856.25
3888.85
3921.45
3954.05
3986.65
4019.25
4051.8
4084.4
4117
4149.6
4182.2
4214.8
4247.4
4279.95
4312.55
4345.15
4377.75
4410.35
4442.95
4475.5
4508.1
4540.7
4573.3
4605.9
4638.5
4671.05
4703.65
4736.25
4768.85
4801.45
4834.05
4866.65
4899.2
4931.8
4964.4
4997
5029.6
5062.2
5094.75
5127.35
5159.95
5192.55
5225.15
5257.75
5290.35
5322.9
5355.5
5388.1
5420.7
5453.3
5485.9
5518.45
5551.05
5583.65
5616.25
5648.85
5681.45
5714.05
5746.6
5779.2
5811.8
5844.4
5877
5909.6
5942.15
5974.75
6007.35
6039.95
6072.55
6105.15
6137.75
6170.3
6202.9
6235.5
6268.1
6300.7
6333.3
6365.85
6398.45
6431.05
6463.65
6496.25
6528.85
6561.45
6594
6626.6
6659.2
6691.8
6724.4
