40.5
87.55
134.6
181.65
228.7
275.75
322.75
369.8
416.85
463.9
510.95
543.65
575.6
607.5
639.35
671.25
703.2
735.1
767.05
799
830.95
862.9
894.9
926.85
958.85
990.85
1022.85
1054.85
1086.85
1118.85
1150.85
1182.85
1214.85
1246.85
1278.85
1310.9
1342.9
1374.9
1406.95
1438.95
1470.95
1503
1535
1567
1599.05
1631.05
1663.1
1695.1
1727.1
1759.15
1791.15
1823.2
1855.2
1887.2
1919.25
1951.25
1983.3
2015.3
2047.35
2079.35
2111.35
2143.4
2175.4
2207.45
2239.45
2271.5
2303.5
2335.5
2367.55
2399.55
2431.6
2463.6
2495.65
2527.65
2559.65
2591.7
2623.7
2655.75
2687.75
2719.8
2751.8
2783.8
2815.85
2847.85
2879.9
2911.9
2943.95
2975.95
3007.95
3040
3072
3104.05
3136.05
3168.1
3200.1
3232.15
3264.15
3296.15
3328.2
3360.2
3392.25
3424.25
3456.3
3488.3
3520.3
3552.35
3584.35
3616.4
3648.4
3680.45
3712.45
3744.45
3776.5
3808.5
3840.55
3872.55
3904.6
3936.6
3968.6
4000.65
4032.65
4064.7
4096.7
4128.75
4160.75
4192.8
4224.8
4256.8
4288.85
4320.85
4352.9
4384.9
4416.95
4448.95
4480.95
4513
4545
4577.05
4609.05
4641.1
4673.1
4705.1
4737.15
4769.15
4801.2
4833.2
4865.25
4897.25
4929.3
4961.3
4993.3
5025.35
5057.35
5089.4
5121.4
5153.45
5185.45
5217.45
5249.5
5281.5
5313.55
5345.55
5377.6
5409.6
5441.6
5473.65
5505.65
5537.7
5569.7
5601.75
5633.75
5665.75
5697.8
5729.8
5761.85
5793.85
5825.9
5857.9
5889.95
5921.95
5953.95
5986
6018
6050.05
6082.05
6114.1
6146.1
6178.1
6210.15
6242.15
6274.2
6306.2
6338.25
6370.25
6402.25
6434.3
6466.3
6498.35
6530.35
6562.4
6594.4
6626.45
6658.45
6690.45
6722.5
6754.5
6786.55
6818.55
6850.6
6882.6
6914.6
6946.65
6978.65
-1000
25.6
60.7
94.15
125
159.05
194.4
225.4
258.05
293.55
325.15
356
390.95
425
455.95
489.6
525.1
560.7
595.85
630.3
664.2
697.65
730.75
763.6
796.25
828.75
861.1
893.45
925.7
957.95
990.15
1022.3
1054.45
1086.55
1118.6
1150.6
1182.6
1214.6
1246.65
1278.65
1310.65
1342.65
1374.65
1406.7
1438.7
1470.7
1502.75
1534.75
1566.75
1598.8
1630.8
1662.8
1694.85
1726.85
1758.9
1790.9
1822.9
1854.95
1886.95
1919
1951
1983
2015.05
2047.05
2079.1
2111.1
2143.15
2175.15
2207.15
2239.2
2271.2
2303.25
2335.25
2367.3
2399.3
2431.3
2463.35
2495.35
2527.4
2559.4
2591.45
2623.45
2655.45
2687.5
2719.5
2751.55
2783.55
2815.6
2847.6
2879.6
2911.65
2943.65
2975.7
3007.7
3039.75
3071.75
3103.8
3135.8
3167.8
3199.85
3231.85
3263.9
3295.9
3327.95
3359.95
3391.95
3424
3456
3488.05
3520.05
3552.1
3584.1
3616.1
3648.15
3680.15
3712.2
3744.2
3776.25
3808.25
3840.25
3872.3
3904.3
3936.35
3968.35
4000.4
4032.4
4064.45
4096.45
4128.45
4160.5
4192.5
4224.55
4256.55
4288.6
4320.6
4352.6
4384.65
4416.65
4448.7
4480.7
4512.75
4544.75
4576.75
4608.8
4640.8
4672.85
4704.85
4736.9
4768.9
4800.9
4832.95
4864.95
4897
4929
4961.05
4993.05
5025.1
5057.1
5089.1
5121.15
5153.15
5185.2
5217.2
5249.25
5281.25
5313.25
5345.3
5377.3
5409.35
5441.35
5473.4
5505.4
5537.4
5569.45
5601.45
5633.5
5665.5
5697.55
5729.55
5761.6
5793.6
5825.6
5857.65
5889.65
5921.7
5953.7
5985.75
6017.75
6049.75
6081.8
6113.8
6145.85
6177.85
6209.9
6241.9
6273.9
6305.95
6337.95
6370
6402
6434.05
6466.05
6498.05
6530.1
6562.1
6594.15
6626.15
6658.2
6690.2
6722.25
6754.25
6786.25
6818.3
6850.3
