42.15
90.95
139.7
188.5
237.3
286.1
334.85
383.65
432.45
481.25
530
564.25
597.85
631.35
664.9
698.45
732
765.55
799.15
832.75
866.35
899.95
933.55
967.2
1000.8
1034.45
1068.05
1101.7
1135.35
1169
1202.65
1236.3
1269.95
1303.6
1337.25
1370.9
1404.55
1438.2
1471.85
1505.5
1539.15
1572.8
1606.45
1640.1
1673.75
1707.4
1741.05
1774.7
1808.4
1842.05
1875.7
1909.35
1943
1976.65
2010.3
2043.95
2077.65
2111.3
2144.95
2178.6
2212.25
2245.9
2279.55
2313.25
2346.9
2380.55
2414.2
2447.85
2481.5
2515.15
2548.85
2582.5
2616.15
2649.8
2683.45
2717.1
2750.75
2784.45
2818.1
2851.75
2885.4
2919.05
2952.7
2986.35
3020.05
3053.7
3087.35
3121
3154.65
3188.3
3222
3255.65
3289.3
3322.95
3356.6
3390.25
3423.9
3457.6
3491.25
3524.9
3558.55
3592.2
3625.85
3659.5
3693.2
3726.85
3760.5
3794.15
3827.8
3861.45
3895.1
3928.8
3962.45
3996.1
4029.75
4063.4
4097.05
4130.7
4164.4
4198.05
4231.7
4265.35
4299
4332.65
4366.3
4400
4433.65
4467.3
4500.95
4534.6
4568.25
4601.9
4635.6
4669.25
4702.9
4736.55
4770.2
4803.85
4837.5
4871.2
4904.85
4938.5
4972.15
5005.8
5039.45
5073.1
5106.8
5140.45
5174.1
5207.75
5241.4
5275.05
5308.75
5342.4
5376.05
5409.7
5443.35
5477
5510.65
5544.35
5578
5611.65
5645.3
5678.95
5712.6
5746.25
5779.95
5813.6
5847.25
5880.9
5914.55
5948.2
5981.85
6015.55
6049.2
6082.85
6116.5
6150.15
6183.8
6217.45
6251.15
6284.8
6318.45
6352.1
6385.75
6419.4
6453.05
6486.75
6520.4
6554.05
6587.7
6621.35
6655
6688.65
6722.35
6756
6789.65
6823.3
6856.95
6890.6
6924.25
6957.95
6991.6
-1000
25.6
66.8
110.05
142.8
173.1
213.9
257
292.55
323.15
362.05
405.2
446
477
512.2
554.05
592.2
628.05
662.75
697
730.95
764.8
798.6
832.3
865.95
899.55
933.15
966.8
1000.4
1034.05
1067.65
1101.3
1134.95
1168.55
1202.2
1235.85
1269.5
1303.15
1336.8
1370.45
1404.1
1437.75
1471.4
1505.05
1538.7
1572.35
1606
1639.65
1673.35
1707
1740.65
1774.3
1807.95
1841.6
1875.25
1908.9
1942.55
1976.25
2009.9
2043.55
2077.2
2110.85
2144.5
2178.15
2211.85
2245.5
2279.15
2312.8
2346.45
2380.1
2413.75
2447.45
2481.1
2514.75
2548.4
2582.05
2615.7
2649.35
2683.05
2716.7
2750.35
2784
2817.65
2851.3
2884.95
2918.65
2952.3
2985.95
3019.6
3053.25
3086.9
3120.55
3154.25
3187.9
3221.55
3255.2
3288.85
3322.5
3356.15
3389.85
3423.5
3457.15
3490.8
3524.45
3558.1
3591.75
3625.45
3659.1
3692.75
3726.4
3760.05
3793.7
3827.35
3861.05
3894.7
3928.35
3962
3995.65
4029.3
4062.95
4096.65
4130.3
4163.95
4197.6
4231.25
4264.9
4298.6
4332.25
4365.9
4399.55
4433.2
4466.85
4500.5
4534.2
4567.85
4601.5
4635.15
4668.8
4702.45
4736.1
4769.8
4803.45
4837.1
4870.75
4904.4
4938.05
4971.7
5005.4
5039.05
5072.7
5106.35
5140
5173.65
5207.3
5241
5274.65
5308.3
5341.95
5375.6
5409.25
5442.9
5476.6
5510.25
5543.9
5577.55
5611.2
5644.85
5678.5
5712.2
5745.85
5779.5
5813.15
5846.8
5880.45
5914.1
5947.8
5981.45
6015.1
6048.75
6082.4
6116.05
6149.7
6183.4
6217.05
6250.7
6284.35
6318
6351.65
6385.35
6419
6452.65
6486.3
6519.95
6553.6
6587.25
6620.95
6654.6
6688.25
6721.9
6755.55
6789.2
6822.85
6856.55
6890.2
