31.6
69.15
106.7
144.3
181.85
219.4
256.95
294.5
332.05
369.6
407.15
444.7
482.25
519.85
552.8
585.4
618
650.65
683.25
715.85
748.5
781.1
813.75
846.35
879
911.6
944.25
976.85
1009.5
1042.1
1074.75
1107.4
1140
1172.65
1205.25
1237.9
1270.55
1303.15
1335.8
1368.45
1401.05
1433.7
1466.35
1498.95
1531.6
1564.25
1596.85
1629.5
1662.15
1694.75
1727.4
1760.05
1792.65
1825.3
1857.95
1890.55
1923.2
1955.85
1988.45
2021.1
2053.75
2086.25
2118.75
2151.25
2183.75
2216.25
2248.75
2281.25
2313.75
2346.25
2378.75
2411.25
2443.8
2476.3
2508.8
2541.3
2573.8
2606.3
2638.8
2671.3
2703.8
2736.3
2768.8
2801.3
2833.8
2866.3
2898.8
2931.35
2963.85
2996.35
3028.85
3061.35
3093.85
3126.35
3158.85
3191.35
3223.85
3256.35
3288.85
3321.35
3353.85
3386.35
3418.9
3451.4
3483.9
3516.4
3548.9
3581.4
3613.9
3646.4
3678.9
3711.4
3743.9
3776.4
3808.9
3841.4
3873.95
3906.45
3938.95
3971.45
4003.95
4036.45
4068.95
4101.45
4133.95
4166.45
4198.95
4231.45
4263.95
4296.45
4328.95
4361.5
4394
4426.5
4459
4491.5
4524
4556.5
4589
4621.5
4654
4686.5
4719
4751.5
4784
4816.55
4849.05
4881.55
4914.05
4946.55
4979.05
5011.55
5044.05
5076.55
5109.05
5141.55
5174.05
5206.55
5239.05
5271.55
5304.1
5336.6
5369.1
5401.6
5434.1
5466.6
5499.1
5531.6
5564.1
5596.6
5629.1
5661.6
5694.1
5726.6
5759.15
5791.65
5824.15
5856.65
5889.15
5921.65
5954.15
5986.65
6019.15
6051.65
6084.15
6116.65
6149.15
6181.65
6214.15
6246.7
6279.2
6311.7
6344.2
6376.7
6409.2
6441.7
6474.2
6506.7
6539.2
6571.7
6604.2
6636.7
6669.2
6701.75
6734.25
6766.75
6799.25
6831.75
6864.25
6896.75
6929.25
6961.75
6994.25
-1000
25.6
60.15
95.8
132.1
168.9
205.95
243.2
280.45
317.8
355.35
392.85
430.4
467.95
505.5
543.05
578.95
613.65
647.6
681.15
714.35
747.45
780.4
813.35
846.15
878.75
911.35
944.05
976.6
1009.3
1041.85
1074.55
1107.15
1139.75
1172.45
1205
1237.7
1270.3
1302.9
1335.6
1368.2
1400.8
1433.5
1466.1
1498.7
1531.4
1564
1596.6
1629.3
1661.9
1694.5
1727.2
1759.8
1792.4
1825.1
1857.7
1890.3
1923
1955.6
1988.2
2020.9
2053.5
2086.1
2118.6
2151.15
2183.65
2216.15
2248.65
2281.15
2313.65
2346.15
2378.65
2411.15
2443.65
2476.15
2508.65
2541.15
2573.65
2606.15
2638.65
2671.15
2703.7
2736.2
2768.7
2801.2
2833.7
2866.2
2898.7
2931.2
2963.7
2996.2
3028.7
3061.2
3093.7
3126.2
3158.75
3191.25
3223.75
3256.25
3288.75
3321.25
3353.75
3386.25
3418.75
3451.25
3483.75
3516.25
3548.75
3581.25
3613.75
3646.3
3678.8
3711.3
3743.8
3776.3
3808.8
3841.3
3873.8
3906.3
3938.8
3971.3
4003.8
4036.3
4068.8
4101.3
4133.85
4166.35
4198.85
4231.35
4263.85
4296.35
4328.85
4361.35
4393.85
4426.35
4458.85
4491.35
4523.85
4556.35
4588.9
4621.4
4653.9
4686.4
4718.9
4751.4
4783.9
4816.4
4848.9
4881.4
4913.9
4946.4
4978.9
5011.4
5043.9
5076.45
5108.95
5141.45
5173.95
5206.45
5238.95
5271.45
5303.95
5336.45
5368.95
5401.45
5433.95
5466.45
5498.95
5531.5
5564
5596.5
5629
5661.5
5694
5726.5
5759
5791.5
5824
5856.5
5889
5921.5
5954
5986.5
6019.05
6051.55
6084.05
6116.55
6149.05
6181.55
6214.05
6246.55
6279.05
6311.55
6344.05
6376.55
6409.05
6441.55
6474.1
6506.6
6539.1
6571.6
6604.1
6636.6
6669.1
6701.6
6734.1
6766.6
6799.1
6831.6
6864.1
6896.6
6929.1
6961.65
6994.15
