29.95
65.65
101.4
137.15
172.85
208.6
244.35
280.1
315.8
351.55
387.3
423.05
458.75
494.5
528.45
562.4
596.4
630.35
664.3
698.3
732.25
766.25
800.2
834.15
868.15
902.1
936.1
970.05
1004
1038
1071.95
1105.95
1139.9
1173.85
1207.85
1241.8
1275.8
1309.75
1343.75
1377.7
1411.65
1445.65
1479.6
1513.6
1547.55
1581.5
1615.5
1649.45
1683.45
1717.4
1751.4
1785.35
1819.3
1853.3
1887.25
1921.25
1955.2
1989.2
2023.15
2057.1
2090.95
2124.8
2158.65
2192.5
2226.3
2260.15
2294
2327.85
2361.7
2395.5
2429.35
2463.2
2497.05
2530.85
2564.7
2598.55
2632.4
2666.2
2700.05
2733.9
2767.75
2801.6
2835.4
2869.25
2903.1
2936.95
2970.75
3004.6
3038.45
3072.3
3106.15
3139.95
3173.8
3207.65
3241.5
3275.3
3309.15
3343
3376.85
3410.7
3444.5
3478.35
3512.2
3546.05
3579.85
3613.7
3647.55
3681.4
3715.25
3749.05
3782.9
3816.75
3850.6
3884.4
3918.25
3952.1
3985.95
4019.75
4053.6
4087.45
4121.3
4155.15
4188.95
4222.8
4256.65
4290.5
4324.3
4358.15
4392
4425.85
4459.7
4493.5
4527.35
4561.2
4595.05
4628.85
4662.7
4696.55
4730.4
4764.25
4798.05
4831.9
4865.75
4899.6
4933.4
4967.25
5001.1
5034.95
5068.8
5102.6
5136.45
5170.3
5204.15
5237.95
5271.8
5305.65
5339.5
5373.3
5407.15
5441
5474.85
5508.7
5542.5
5576.35
5610.2
5644.05
5677.85
5711.7
5745.55
5779.4
5813.25
5847.05
5880.9
5914.75
5948.6
5982.4
6016.25
6050.1
6083.95
6117.8
6151.6
6185.45
6219.3
6253.15
6286.95
6320.8
6354.65
6388.5
6422.35
6456.15
6490
6523.85
6557.7
6591.5
6625.35
6659.2
6693.05
6726.85
6760.7
6794.55
6828.4
6862.25
6896.05
6929.9
6963.75
6997.6
-1000
25.6
61.35
97.15
132.8
168.55
204.3
240.1
275.75
311.5
347.25
382.95
418.7
454.45
490.25
525.9
560.75
595.2
629.5
663.65
697.8
731.85
765.85
799.8
833.75
867.75
901.7
935.7
969.65
1003.6
1037.6
1071.55
1105.55
1139.5
1173.45
1207.45
1241.4
1275.4
1309.35
1343.35
1377.3
1411.25
1445.25
1479.2
1513.2
1547.15
1581.1
1615.1
1649.05
1683.05
1717
1751
1784.95
1818.9
1852.9
1886.85
1920.85
1954.8
1988.8
2022.75
2056.7
2090.7
2124.5
2158.4
2192.15
2226.05
2259.85
2293.75
2327.5
2361.35
2395.2
2429.05
2462.85
2496.7
2530.55
2564.4
2598.25
2632.05
2665.9
2699.75
2733.6
2767.4
2801.25
2835.1
2868.95
2902.8
2936.6
2970.45
3004.3
3038.15
3071.95
3105.8
3139.65
3173.5
3207.35
3241.15
3275
3308.85
3342.7
3376.5
3410.35
3444.2
3478.05
3511.9
3545.7
3579.6
3613.4
3647.25
3681.05
3714.9
3748.75
3782.6
3816.4
3850.25
3884.1
3917.95
3951.8
3985.6
4019.45
4053.3
4087.15
4120.95
4154.8
4188.65
4222.5
4256.35
4290.15
4324
4357.85
4391.7
4425.5
4459.35
4493.2
4527.05
4560.9
4594.7
4628.55
4662.4
4696.25
4730.05
4763.9
4797.75
4831.6
4865.45
4899.25
4933.15
4966.95
5000.85
5034.6
5068.45
5102.3
5136.15
5169.95
5203.8
5237.65
5271.5
5305.35
5339.15
5373
5406.85
5440.7
5474.5
5508.35
5542.2
5576.05
5609.9
5643.7
5677.55
5711.4
5745.25
5779.05
5812.9
5846.75
5880.6
5914.45
5948.25
5982.1
6015.95
6049.8
6083.6
6117.45
6151.3
6185.15
6219
6252.8
6286.7
6320.5
6354.4
6388.15
6422.05
6455.85
6489.7
6523.5
6557.35
6591.2
6625.05
6658.9
6692.7
6726.55
6760.4
6794.25
6828.05
6861.9
6895.75
6929.6
6963.45
6997.25
