26.8
59.1
91.45
123.75
156.05
188.4
220.7
253.05
285.35
317.65
350
382.3
414.65
446.95
479.25
511.6
543.9
576.25
608.55
640.85
673.2
705.5
737.85
770.15
802.45
834.8
867.1
899.45
931.75
964.05
996.4
1028.7
1061.05
1093.35
1125.65
1158
1190.3
1222.65
1254.95
1287.25
1319.6
1351.9
1384.25
1416.55
1448.85
1481.2
1513.5
1545.85
1578.15
1610.45
1642.8
1675.1
1707.45
1739.75
1772.05
1804.4
1836.7
1869.05
1901.35
1933.65
1966
1998.3
2030.65
2062.95
2095.25
2127.6
2159.9
2192.25
2224.55
2256.85
2289.2
2321.5
2353.85
2386.15
2418.45
2450.8
2483.1
2515.45
2547.75
2580.05
2612.4
2644.7
2677.05
2709.35
2741.7
2774
2806.3
2838.65
2870.95
2903.3
2935.6
2967.9
3000.25
3032.55
3064.9
3097.2
3129.5
3161.85
3194.15
3226.5
3258.8
3291.1
3323.45
3355.75
3388.1
3420.4
3452.7
3485.05
3517.35
3549.7
3582
3614.3
3646.65
3678.95
3711.3
3743.6
3775.9
3808.25
3840.55
3872.9
3905.2
3937.5
3969.85
4002.15
4034.5
4066.8
4099.1
4131.45
4163.75
4196.1
4228.4
4260.7
4293.05
4325.35
4357.7
4390
4422.3
4454.65
4486.95
4519.3
4551.6
4583.9
4616.25
4648.55
4680.9
4713.2
4745.5
4777.85
4810.15
4842.5
4874.8
4907.1
4939.45
4971.75
5004.1
5036.4
5068.7
5101.05
5133.35
5165.7
5198
5230.3
5262.65
5294.95
5327.3
5359.6
5391.9
5424.25
5456.55
5488.9
5521.2
5553.55
5585.85
5618.15
5650.5
5682.8
5715.15
5747.45
5779.75
5812.1
5844.4
5876.75
5909.05
5941.35
5973.7
6006
6038.35
6070.65
6102.95
6135.3
6167.6
6199.95
6232.25
6264.55
6296.9
6329.2
6361.55
6393.85
6426.15
6458.5
6490.8
6523.15
6555.45
6587.75
6620.1
6652.4
6684.75
6717.05
6749.35
6781.7
6814
6846.35
6878.65
6910.95
6943.3
6975.6
-1000
25.6
60.9
91.85
125.05
156.6
189.65
221.2
254.35
285.8
318.9
350.55
383.4
415.3
447.9
480
512.6
544.55
577.35
609.15
641.95
673.85
706.5
738.6
771
803.25
835.7
867.8
900.45
932.4
965.1
997.05
1029.65
1061.85
1094.2
1126.5
1158.85
1191.05
1223.6
1255.6
1288.25
1320.3
1352.8
1385.05
1417.35
1449.75
1482
1514.3
1546.8
1578.85
1611.45
1643.5
1676
1708.25
1740.55
1772.95
1805.2
1837.5
1869.95
1902.05
1934.6
1966.7
1999.3
2031.4
2063.85
2096.15
2128.4
2160.8
2193.05
2225.35
2257.8
2289.9
2322.45
2354.6
2387
2419.35
2451.55
2484
2516.25
2548.55
2581
2613.1
2645.65
2677.8
2710.2
2742.55
2774.75
2807.2
2839.45
2871.75
2904.2
2936.35
2968.85
3001
3033.4
3065.75
3097.95
3130.45
3162.65
3194.95
3227.4
3259.55
3292.05
3324.2
3356.6
3388.95
3421.15
3453.65
3485.8
3518.2
3550.6
3582.75
3615.25
3647.4
3679.8
3712.15
3744.35
3776.85
3809
3841.4
3873.75
3905.95
3938.45
3970.6
4003
4035.35
4067.55
4100.05
4132.2
4164.6
4196.95
4229.15
4261.65
4293.8
4326.2
4358.55
4390.75
4423.25
4455.4
4487.8
4520.15
4552.35
4584.85
4617
4649.4
4681.75
4713.95
4746.45
4778.6
4811.1
4843.25
4875.65
4908
4940.2
4972.7
5004.9
5037.2
5069.65
5101.8
5134.3
5166.45
5198.85
5231.2
5263.4
5295.9
5328.05
5360.45
5392.85
5425
5457.5
5489.65
5522.05
5554.4
5586.6
5619.1
5651.25
5683.65
5716
5748.2
5780.7
5812.85
5845.25
5877.6
5909.8
5942.3
5974.45
6006.85
6039.2
6071.4
6103.9
6136.05
6168.45
6200.8
6233
6265.5
6297.65
6330.05
6362.4
6394.6
6427.1
6459.25
6491.65
6524
6556.2
6588.7
6620.85
6653.25
6685.6
6717.8
6750.3
6782.45
6814.85
6847.2
6879.4
6911.9
6944.05
6976.45
