32.55
71.1
109.65
148.2
186.75
225.3
263.85
302.4
340.95
379.5
418.05
456.6
495.15
527.3
559.1
590.85
622.6
654.35
686.1
717.85
749.65
781.4
813.2
844.95
876.75
908.5
940.3
972.1
1003.85
1035.65
1067.45
1099.25
1131
1162.8
1194.6
1226.4
1258.15
1289.95
1321.75
1353.55
1385.35
1417.15
1448.9
1480.7
1512.5
1544.3
1576.1
1607.9
1639.65
1671.45
1703.25
1735.05
1766.85
1798.65
1830.45
1862.2
1894
1925.8
1957.6
1989.4
2021.2
2053
2084.8
2116.55
2148.35
2180.15
2211.95
2243.75
2275.55
2307.35
2339.1
2370.9
2402.7
2434.5
2466.3
2498.1
2529.9
2561.7
2593.45
2625.25
2657.05
2688.85
2720.65
2752.45
2784.25
2816
2847.8
2879.6
2911.4
2943.2
2975
3006.8
3038.6
3070.35
3102.15
3133.95
3165.75
3197.55
3229.35
3261.15
3292.9
3324.7
3356.5
3388.3
3420.1
3451.9
3483.7
3515.5
3547.25
3579.05
3610.85
3642.65
3674.45
3706.25
3738.05
3769.8
3801.6
3833.4
3865.2
3897
3928.8
3960.6
3992.4
4024.15
4055.95
4087.75
4119.55
4151.35
4183.15
4214.95
4246.7
4278.5
4310.3
4342.1
4373.9
4405.7
4437.5
4469.3
4501.05
4532.85
4564.65
4596.45
4628.25
4660.05
4691.85
4723.6
4755.4
4787.2
4819
4850.8
4882.6
4914.4
4946.2
4977.95
5009.75
5041.55
5073.35
5105.15
5136.95
5168.75
5200.5
5232.3
5264.1
5295.9
5327.7
5359.5
5391.3
5423.1
5454.85
5486.65
5518.45
5550.25
5582.05
5613.85
5645.65
5677.4
5709.2
5741
5772.8
5804.6
5836.4
5868.2
5900
5931.75
5963.55
5995.35
6027.15
6058.95
6090.75
6122.55
6154.3
6186.1
6217.9
6249.7
6281.5
6313.3
6345.1
6376.85
6408.65
6440.45
6472.25
6504.05
6535.85
6567.65
6599.45
6631.2
6663
6694.8
6726.6
6758.4
6790.2
6822
6853.8
6885.55
6917.35
6949.15
6980.95
-1000
25.6
58.5
92.35
126.75
161.05
194.2
225.15
256.85
289.7
323.55
358
392.35
425.55
456.5
488.2
521.05
553.8
586.4
618.85
651.15
683.4
715.55
747.65
779.7
811.7
843.7
875.65
907.6
939.55
971.45
1003.35
1035.25
1067.1
1098.9
1130.75
1162.55
1194.3
1226.1
1257.9
1289.7
1321.5
1353.25
1385.05
1416.85
1448.65
1480.45
1512.25
1544
1575.8
1607.6
1639.4
1671.2
1703
1734.8
1766.55
1798.35
1830.15
1861.95
1893.75
1925.55
1957.35
1989.1
2020.9
2052.7
2084.5
2116.3
2148.1
2179.9
2211.7
2243.45
2275.25
2307.05
2338.85
2370.65
2402.45
2434.25
2466
2497.8
2529.6
2561.4
2593.2
2625
2656.8
2688.6
2720.35
2752.15
2783.95
2815.75
2847.55
2879.35
2911.15
2942.9
2974.7
3006.5
3038.3
3070.1
3101.9
3133.7
3165.5
3197.25
3229.05
3260.85
3292.65
3324.45
3356.25
3388.05
3419.8
3451.6
3483.4
3515.2
3547
3578.8
3610.6
3642.4
3674.15
3705.95
3737.75
3769.55
3801.35
3833.15
3864.95
3896.7
3928.5
3960.3
3992.1
4023.9
4055.7
4087.5
4119.3
4151.05
4182.85
4214.65
4246.45
4278.25
4310.05
4341.85
4373.6
4405.4
4437.2
4469
4500.8
4532.6
4564.4
4596.2
4627.95
4659.75
4691.55
4723.35
4755.15
4786.95
4818.75
4850.5
4882.3
4914.1
4945.9
4977.7
5009.5
5041.3
5073.1
5104.85
5136.65
5168.45
5200.25
5232.05
5263.85
5295.65
5327.4
5359.2
5391
5422.8
5454.6
5486.4
5518.2
5550
5581.75
5613.55
5645.35
5677.15
5708.95
5740.75
5772.55
5804.3
5836.1
5867.9
5899.7
5931.5
5963.3
5995.1
6026.85
6058.65
6090.45
6122.25
6154.05
6185.85
6217.65
6249.45
6281.2
6313
6344.8
6376.6
6408.4
6440.2
6472
6503.8
6535.55
6567.35
6599.15
6630.95
6662.75
6694.55
6726.35
6758.1
6789.9
6821.7
6853.5
6885.3
6917.1
