64.7
136.95
209.25
281.5
353.8
426.05
498.3
532.1
564.65
597
629.35
661.75
694.2
726.65
759.15
791.7
824.25
856.85
889.45
922.1
954.75
987.4
1020.05
1052.75
1085.4
1118.1
1150.8
1183.5
1216.2
1248.95
1281.65
1314.4
1347.1
1379.85
1412.55
1445.3
1478.05
1510.8
1543.5
1576.25
1609
1641.75
1674.5
1707.25
1739.95
1772.7
1805.45
1838.2
1870.95
1903.7
1936.45
1969.2
2001.95
2034.7
2067.45
2100.2
2132.95
2165.7
2198.45
2231.2
2263.95
2296.7
2329.45
2362.2
2394.95
2427.7
2460.45
2493.2
2525.95
2558.7
2591.45
2624.2
2656.95
2689.7
2722.45
2755.2
2787.95
2820.7
2853.45
2886.2
2918.95
2951.7
2984.45
3017.2
3049.95
3082.7
3115.45
3148.2
3180.95
3213.7
3246.45
3279.2
3311.95
3344.7
3377.45
3410.2
3442.95
3475.7
3508.45
3541.2
3573.95
3606.7
3639.45
3672.2
3704.95
3737.7
3770.45
3803.2
3835.95
3868.7
3901.45
3934.2
3966.95
3999.7
4032.45
4065.2
4097.95
4130.7
4163.45
4196.2
4228.95
4261.7
4294.45
4327.2
4359.95
4392.7
4425.45
4458.2
4490.95
4523.7
4556.45
4589.2
4621.95
4654.7
4687.45
4720.2
4752.95
4785.7
4818.45
4851.2
4883.95
4916.7
4949.45
4982.2
5014.95
5047.7
5080.45
5113.2
5145.95
5178.7
5211.45
5244.2
5276.95
5309.7
5342.45
5375.2
5407.95
5440.7
5473.45
5506.2
5538.95
5571.7
5604.45
5637.2
5669.95
5702.7
5735.45
5768.2
5800.95
5833.7
5866.45
5899.2
5931.95
5964.7
5997.45
6030.2
6062.95
6095.7
6128.45
6161.2
6193.95
6226.7
6259.45
6292.2
6324.95
6357.7
6390.45
6423.2
6455.95
6488.7
6521.45
6554.2
6586.95
6619.7
6652.45
6685.2
6717.95
6750.7
6783.45
6816.2
6848.95
6881.7
6914.45
6947.2
6979.95
-1000
25.6
56.65
91.85
122.9
160.35
191.4
230
261
300.05
331.1
370.05
401.05
439.05
470.05
504.25
538.25
574.65
613.55
651.55
687.6
722.35
756.3
789.8
822.95
855.95
888.9
921.8
954.5
987.1
1019.8
1052.5
1085.1
1117.85
1150.55
1183.25
1215.95
1248.65
1281.35
1314.1
1346.8
1379.55
1412.25
1445
1477.7
1510.45
1543.2
1575.95
1608.65
1641.4
1674.15
1706.9
1739.65
1772.4
1805.15
1837.85
1870.6
1903.35
1936.1
1968.85
2001.6
2034.35
2067.1
2099.85
2132.6
2165.35
2198.1
2230.85
2263.6
2296.35
2329.1
2361.85
2394.6
2427.35
2460.1
2492.85
2525.6
2558.35
2591.1
2623.85
2656.6
2689.35
2722.1
2754.85
2787.6
2820.35
2853.1
2885.85
2918.6
2951.35
2984.1
3016.85
3049.6
3082.35
3115.1
3147.85
3180.6
3213.35
3246.1
3278.85
3311.6
3344.35
3377.1
3409.85
3442.6
3475.35
3508.1
3540.85
3573.6
3606.35
3639.1
3671.85
3704.6
3737.35
3770.1
3802.85
3835.6
3868.35
3901.1
3933.85
3966.6
3999.35
4032.1
4064.85
4097.6
4130.35
4163.1
4195.85
4228.6
4261.35
4294.1
4326.85
4359.6
4392.35
4425.1
4457.85
4490.6
4523.35
4556.1
4588.85
4621.6
4654.35
4687.1
4719.85
4752.6
4785.35
4818.1
4850.85
4883.6
4916.35
4949.1
4981.85
5014.6
5047.35
5080.1
5112.85
5145.6
5178.35
5211.1
5243.85
5276.6
5309.35
5342.1
5374.85
5407.6
5440.35
5473.1
5505.85
5538.6
5571.35
5604.1
5636.85
5669.6
5702.35
5735.1
5767.85
5800.6
5833.35
5866.1
5898.85
5931.6
5964.35
5997.1
6029.85
6062.6
6095.35
6128.1
6160.85
6193.6
6226.35
6259.1
6291.85
6324.6
6357.35
6390.1
6422.85
6455.6
6488.35
6521.1
6553.85
6586.6
6619.35
6652.1
6684.85
6717.6
6750.35
