39.75
85.95
132.2
178.4
224.65
270.85
317.1
363.35
409.55
455.8
502
535.6
568.55
601.5
634.45
667.4
700.35
733.35
766.3
799.3
832.3
865.3
898.3
931.35
964.35
997.4
1030.4
1063.45
1096.45
1129.5
1162.55
1195.55
1228.6
1261.65
1294.7
1327.75
1360.75
1393.8
1426.85
1459.9
1492.95
1526
1559.05
1592.1
1625.1
1658.15
1691.2
1724.25
1757.3
1790.35
1823.4
1856.45
1889.5
1922.55
1955.6
1988.65
2021.7
2054.75
2087.8
2120.85
2153.9
2186.9
2219.95
2253
2286.05
2319.1
2352.15
2385.2
2418.25
2451.3
2484.35
2517.4
2550.45
2583.5
2616.55
2649.6
2682.65
2715.7
2748.75
2781.8
2814.85
2847.9
2880.95
2913.95
2947
2980.05
3013.1
3046.15
3079.2
3112.25
3145.3
3178.35
3211.4
3244.45
3277.5
3310.55
3343.6
3376.65
3409.7
3442.75
3475.8
3508.85
3541.9
3574.95
3608
3641
3674.05
3707.1
3740.15
3773.2
3806.25
3839.3
3872.35
3905.4
3938.45
3971.5
4004.55
4037.6
4070.65
4103.7
4136.75
4169.8
4202.85
4235.9
4268.95
4302
4335.05
4368.1
4401.1
4434.15
4467.2
4500.25
4533.3
4566.35
4599.4
4632.45
4665.5
4698.55
4731.6
4764.65
4797.7
4830.75
4863.8
4896.85
4929.9
4962.95
4996
5029.05
5062.1
5095.15
5128.15
5161.2
5194.25
5227.3
5260.35
5293.4
5326.45
5359.5
5392.55
5425.6
5458.65
5491.7
5524.75
5557.8
5590.85
5623.9
5656.95
5690
5723.05
5756.1
5789.15
5822.2
5855.2
5888.25
5921.3
5954.35
5987.4
6020.45
6053.5
6086.55
6119.6
6152.65
6185.7
6218.75
6251.8
6284.85
6317.9
6350.95
6384
6417.05
6450.1
6483.15
6516.2
6549.25
6582.25
6615.3
6648.35
6681.4
6714.45
6747.5
6780.55
6813.6
6846.65
6879.7
6912.75
6945.8
6978.85
-1000
25.6
63.8
104
139.25
170.05
205.95
245.5
284.65
315.7
349
387.3
427.45
462.4
493.1
529.2
564.25
598.55
632.3
665.8
699.1
732.35
765.55
798.75
831.85
864.95
897.95
930.95
963.95
997
1030
1063
1096.05
1129.1
1162.1
1195.15
1228.2
1261.2
1294.25
1327.3
1360.35
1393.4
1426.45
1459.45
1492.5
1525.55
1558.6
1591.65
1624.7
1657.75
1690.8
1723.85
1756.9
1789.95
1822.95
1856
1889.05
1922.1
1955.15
1988.2
2021.25
2054.3
2087.35
2120.4
2153.45
2186.5
2219.55
2252.6
2285.65
2318.7
2351.75
2384.8
2417.85
2450.9
2483.9
2516.95
2550
2583.05
2616.1
2649.15
2682.2
2715.25
2748.3
2781.35
2814.4
2847.45
2880.5
2913.55
2946.6
2979.65
3012.7
3045.75
3078.8
3111.85
3144.9
3177.95
3210.95
3244
3277.05
3310.1
3343.15
3376.2
3409.25
3442.3
3475.35
3508.4
3541.45
3574.5
3607.55
3640.6
3673.65
3706.7
3739.75
3772.8
3805.85
3838.9
3871.95
3905
3938
3971.05
4004.1
4037.15
4070.2
4103.25
4136.3
4169.35
4202.4
4235.45
4268.5
4301.55
4334.6
4367.65
4400.7
4433.75
4466.8
4499.85
4532.9
4565.95
4599
4632.05
4665.05
4698.1
4731.15
4764.2
4797.25
4830.3
4863.35
4896.4
4929.45
4962.5
4995.55
5028.6
5061.65
5094.7
5127.75
5160.8
5193.85
5226.9
5259.95
5293
5326.05
5359.1
5392.1
5425.15
5458.2
5491.25
5524.3
5557.35
5590.4
5623.45
5656.5
5689.55
5722.6
5755.65
5788.7
5821.75
5854.8
5887.85
5920.9
5953.95
5987
6020.05
6053.1
6086.15
6119.2
6152.2
6185.25
6218.3
6251.35
6284.4
6317.45
6350.5
6383.55
6416.6
6449.65
6482.7
6515.75
6548.8
6581.85
6614.9
6647.95
6681
6714.05
6747.1
6780.15
6813.2
6846.25
6879.25
