25.9
57.25
88.6
119.95
151.3
182.65
214
245.35
276.65
308
339.35
370.7
402.05
433.4
464.75
496.1
527.45
558.8
590.15
621.5
652.85
684.2
715.55
746.9
778.25
809.55
840.9
872.25
903.6
934.95
966.3
997.65
1029
1060.35
1091.7
1123.05
1154.4
1185.75
1217.1
1248.45
1279.8
1311.1
1342.45
1373.8
1405.15
1436.5
1467.85
1499.2
1530.55
1561.9
1593.25
1624.6
1655.95
1687.3
1718.65
1750
1781.35
1812.7
1844
1875.35
1906.7
1938.05
1969.4
2000.75
2032.1
2063.45
2094.8
2126.15
2157.5
2188.85
2220.2
2251.55
2282.9
2314.25
2345.55
2376.9
2408.25
2439.6
2470.95
2502.3
2533.65
2565
2596.35
2627.7
2659.05
2690.4
2721.75
2753.1
2784.45
2815.8
2847.15
2878.45
2909.8
2941.15
2972.5
3003.85
3035.2
3066.55
3097.9
3129.25
3160.6
3191.95
3223.3
3254.65
3286
3317.35
3348.7
3380
3411.35
3442.7
3474.05
3505.4
3536.75
3568.1
3599.45
3630.8
3662.15
3693.5
3724.85
3756.2
3787.55
3818.9
3850.25
3881.6
3912.9
3944.25
3975.6
4006.95
4038.3
4069.65
4101
4132.35
4163.7
4195.05
4226.4
4257.75
4289.1
4320.45
4351.8
4383.15
4414.45
4445.8
4477.15
4508.5
4539.85
4571.2
4602.55
4633.9
4665.25
4696.6
4727.95
4759.3
4790.65
4822
4853.35
4884.7
4916.05
4947.35
4978.7
5010.05
5041.4
5072.75
5104.1
5135.45
5166.8
5198.15
5229.5
5260.85
5292.2
5323.55
5354.9
5386.25
5417.6
5448.9
5480.25
5511.6
5542.95
5574.3
5605.65
5637
5668.35
5699.7
5731.05
5762.4
5793.75
5825.1
5856.45
5887.8
5919.15
5950.5
5981.8
6013.15
6044.5
6075.85
6107.2
6138.55
6169.9
6201.25
6232.6
6263.95
6295.3
6326.65
6358
6389.35
6420.7
6452.05
6483.35
6514.7
6546.05
6577.4
6608.75
6640.1
6671.45
6702.8
6734.15
6765.5
6796.85
-1000
25.6
57.9
89.6
121.1
152.55
184
215.4
246.8
278.2
309.6
340.95
372.35
403.75
435.15
466.5
497.9
529.3
560.7
592.1
623.55
655.05
686.55
718.1
749.85
781.9
814.65
849
885.25
921.9
957.5
991.95
1025.5
1058.5
1091.1
1123.5
1155.25
1186.8
1218.3
1249.75
1281.15
1312.55
1343.95
1375.35
1406.75
1438.15
1469.5
1500.9
1532.3
1563.65
1595.05
1626.5
1657.9
1689.35
1720.8
1752.25
1783.8
1815.5
1847.4
1879.8
1913.4
1949
1985.75
2021.85
2056.65
2090.5
2123.65
2156.4
2188.9
2220.9
2252.5
2284.05
2315.5
2346.9
2378.35
2409.75
2441.15
2472.55
2503.9
2535.3
2566.7
2598.05
2629.45
2660.85
2692.25
2723.65
2755.1
2786.55
2818
2849.55
2881.15
2912.95
2945.15
2978.3
3013.2
3049.8
3086.15
3121.35
3155.5
3188.85
3221.8
3254.35
3286.65
3318.3
3349.8
3381.3
3412.7
3444.15
3475.55
3506.95
3538.3
3569.7
3601.1
3632.45
3663.85
3695.25
3726.65
3758.05
3789.45
3820.9
3852.35
3883.8
3915.35
3946.95
3978.75
4010.95
4044.05
4078.95
4115.4
4151.75
4187
4221.2
4254.65
4287.55
4320.1
4352.45
4384.1
4415.6
4447.1
4478.5
4509.95
4541.35
4572.75
4604.1
4635.5
4666.9
4698.25
4729.65
4761.05
4792.45
4823.85
4855.25
4886.7
4918.15
4949.6
4981.15
5012.75
5044.55
5076.8
5109.95
5144.8
5181.25
5217.6
5252.85
5287.05
5320.5
5353.4
5385.95
5418.25
5449.9
5481.4
5512.9
5544.3
5575.75
5607.15
5638.55
5669.9
5701.3
5732.65
5764.1
5795.5
5826.85
5858.25
5889.65
5921.1
5952.5
5983.95
6015.45
6046.95
6078.6
6110.4
6142.7
6175.9
6210.85
6247.35
6283.65
6318.9
6353.05
6386.4
6419.3
6451.8
6484.05
6515.7
6547.2
6578.7
6610.1
6641.55
6672.95
6704.35
6735.7
6767.1
6798.5
6829.9
6861.3
6892.65
6924.05
6955.45
6986.9
