31.15
68.25
105.35
142.4
179.5
216.55
253.65
290.75
327.8
364.9
401.95
439.05
476.15
513.2
547
580.55
614.1
647.65
681.2
714.75
748.3
781.85
815.4
848.95
882.5
916.05
949.6
983.15
1016.75
1050.3
1083.85
1117.4
1150.95
1184.5
1218.05
1251.65
1285.2
1318.75
1352.3
1385.85
1419.4
1453
1486.55
1520.1
1553.65
1587.2
1620.75
1654.35
1687.9
1721.45
1755
1788.55
1822.1
1855.7
1889.25
1922.8
1956.35
1989.9
2023.5
2057.05
2090.45
2123.9
2157.3
2190.75
2224.15
2257.6
2291
2324.45
2357.85
2391.3
2424.7
2458.15
2491.55
2525
2558.4
2591.85
2625.25
2658.7
2692.1
2725.55
2758.95
2792.4
2825.8
2859.25
2892.65
2926.1
2959.5
2992.95
3026.35
3059.8
3093.2
3126.65
3160.05
3193.5
3226.9
3260.35
3293.75
3327.2
3360.6
3394.05
3427.45
3460.9
3494.3
3527.75
3561.15
3594.6
3628
3661.45
3694.85
3728.3
3761.7
3795.15
3828.55
3862
3895.45
3928.85
3962.3
3995.7
4029.15
4062.55
4096
4129.4
4162.85
4196.25
4229.7
4263.1
4296.55
4329.95
4363.4
4396.8
4430.25
4463.65
4497.1
4530.5
4563.95
4597.35
4630.8
4664.2
4697.65
4731.05
4764.5
4797.9
4831.35
4864.75
4898.2
4931.6
4965.05
4998.45
5031.9
5065.3
5098.75
5132.15
5165.6
5199
5232.45
5265.85
5299.3
5332.7
5366.15
5399.55
5433
5466.4
5499.85
5533.25
5566.7
5600.1
5633.55
5666.95
5700.4
5733.8
5767.25
5800.65
5834.1
5867.5
5900.95
5934.35
5967.8
6001.2
6034.65
6068.05
6101.5
6134.9
6168.35
6201.75
6235.2
6268.6
6302.05
6335.45
6368.9
6402.3
6435.75
6469.15
6502.6
6536
6569.45
6602.85
6636.3
6669.7
6703.15
6736.55
6770
6803.4
6836.85
6870.25
6903.7
6937.1
6970.55
-1000
25.6
61.4
97.75
134.55
171.5
208.5
245.55
282.5
319.6
356.75
393.8
430.9
467.9
505
542.1
577.6
612.15
646.3
680.25
714.1
747.85
781.5
815.05
848.6
882.15
915.75
949.3
982.85
1016.4
1049.95
1083.5
1117.05
1150.6
1184.2
1217.75
1251.3
1284.85
1318.4
1351.95
1385.55
1419.1
1452.65
1486.2
1519.75
1553.3
1586.9
1620.45
1654
1687.55
1721.1
1754.65
1788.25
1821.8
1855.35
1888.9
1922.45
1956
1989.6
2023.15
2056.7
2090.25
2123.65
2157.05
2190.5
2223.9
2257.35
2290.75
2324.2
2357.6
2391.05
2424.45
2457.9
2491.3
2524.75
2558.15
2591.6
2625
2658.45
2691.85
2725.3
2758.7
2792.15
2825.55
2859
2892.4
2925.85
2959.25
2992.7
3026.1
3059.55
3092.95
3126.4
3159.8
3193.25
3226.65
3260.1
3293.5
3326.95
3360.35
3393.8
3427.2
3460.65
3494.05
3527.5
3560.9
3594.35
3627.75
3661.2
3694.6
3728.05
3761.45
3794.9
3828.3
3861.75
3895.15
3928.6
3962
3995.45
4028.85
4062.3
4095.7
4129.15
4162.6
4195.95
4229.45
4262.8
4296.35
4329.65
4363.2
4396.5
4430.05
4463.35
4496.9
4530.2
4563.75
4597.05
4630.6
4663.9
4697.45
4730.75
4764.3
4797.6
4831.15
4864.45
4898
4931.3
4964.85
4998.15
5031.7
5065
5098.55
5131.85
5165.4
5198.7
5232.25
5265.55
5299.1
5332.4
5365.95
5399.25
5432.8
5466.1
5499.65
5532.95
5566.5
5599.8
5633.35
5666.65
5700.2
5733.5
5767.05
5800.35
5833.9
5867.2
5900.75
5934.05
5967.6
6000.9
6034.45
6067.75
6101.3
6134.6
6168.15
6201.45
6235
6268.3
6301.85
6335.15
6368.7
6402
6435.55
6468.9
6502.35
6535.75
6569.2
6602.6
6636.05
6669.45
6702.9
6736.3
6769.75
6803.15
6836.6
6870
6903.45
6936.85
6970.3
