27.1
59.75
92.4
125.1
157.75
190.4
223.05
255.7
288.4
321.05
353.7
386.35
419.05
451.7
484.35
517
549.65
582.35
615
647.65
680.3
713
745.65
778.3
810.95
843.6
876.3
908.95
941.6
974.25
1006.9
1039.6
1072.25
1104.9
1137.55
1170.25
1202.9
1235.55
1268.2
1300.85
1333.55
1366.2
1398.85
1431.5
1464.2
1496.85
1529.5
1562.15
1594.8
1627.5
1660.15
1692.8
1725.45
1758.15
1790.8
1823.45
1856.1
1888.75
1921.45
1954.1
1986.75
2019.4
2052.05
2084.75
2117.4
2150.05
2182.7
2215.4
2248.05
2280.7
2313.35
2346
2378.7
2411.35
2444
2476.65
2509.35
2542
2574.65
2607.3
2639.95
2672.65
2705.3
2737.95
2770.6
2803.25
2835.95
2868.6
2901.25
2933.9
2966.6
2999.25
3031.9
3064.55
3097.2
3129.9
3162.55
3195.2
3227.85
3260.55
3293.2
3325.85
3358.5
3391.15
3423.85
3456.5
3489.15
3521.8
3554.5
3587.15
3619.8
3652.45
3685.1
3717.8
3750.45
3783.1
3815.75
3848.4
3881.1
3913.75
3946.4
3979.05
4011.75
4044.4
4077.05
4109.7
4142.35
4175.05
4207.7
4240.35
4273
4305.7
4338.35
4371
4403.65
4436.3
4469
4501.65
4534.3
4566.95
4599.6
4632.3
4664.95
4697.6
4730.25
4762.95
4795.6
4828.25
4860.9
4893.55
4926.25
4958.9
4991.55
5024.2
5056.9
5089.55
5122.2
5154.85
5187.5
5220.2
5252.85
5285.5
5318.15
5350.85
5383.5
5416.15
5448.8
5481.45
5514.15
5546.8
5579.45
5612.1
5644.75
5677.45
5710.1
5742.75
5775.4
5808.1
5840.75
5873.4
5906.05
5938.7
5971.4
6004.05
6036.7
6069.35
6102.05
6134.7
6167.35
6200
6232.65
6265.35
6298
6330.65
6363.3
6395.95
6428.65
6461.3
6493.95
6526.6
6559.3
6591.95
6624.6
6657.25
6689.9
6722.6
6755.25
6787.9
6820.55
6853.25
6885.9
6918.55
6951.2
6983.85
-1000
25.6
59.1
92.5
125.05
157.75
190.4
223.05
255.75
288.4
321.05
353.7
386.4
419.05
451.7
484.35
517
549.7
582.35
615
647.65
680.35
713
745.65
778.3
810.95
843.65
876.3
908.95
941.6
974.3
1006.9
1039.6
1072.25
1104.9
1137.6
1170.25
1202.9
1235.55
1268.2
1300.9
1333.55
1366.2
1398.85
1431.55
1464.2
1496.85
1529.5
1562.15
1594.85
1627.5
1660.15
1692.8
1725.5
1758.15
1790.8
1823.45
1856.1
1888.8
1921.45
1954.1
1986.75
2019.4
2052.1
2084.75
2117.4
2150.05
2182.75
2215.4
2248.05
2280.7
2313.35
2346.05
2378.7
2411.35
2444
2476.7
2509.35
2542
2574.65
2607.3
2640
2672.65
2705.3
2737.95
2770.65
2803.3
2835.95
2868.6
2901.25
2933.95
2966.6
2999.25
3031.9
3064.55
3097.25
3129.9
3162.55
3195.2
3227.9
3260.55
3293.2
3325.85
3358.5
3391.2
3423.85
3456.5
3489.15
3521.85
3554.5
3587.15
3619.8
3652.45
3685.15
3717.8
3750.45
3783.1
3815.75
3848.45
3881.1
3913.75
3946.4
3979.1
4011.75
4044.4
4077.05
4109.7
4142.4
4175.05
4207.7
4240.35
4273.05
4305.7
4338.35
4371
4403.65
4436.35
4469
4501.65
4534.3
4567
4599.65
4632.3
4664.95
4697.6
4730.3
4762.95
4795.6
4828.25
4860.9
4893.6
4926.25
4958.9
4991.55
5024.25
5056.9
5089.55
5122.2
5154.85
5187.55
5220.2
5252.85
5285.5
5318.2
5350.85
5383.5
5416.15
5448.8
5481.5
5514.15
5546.8
5579.45
5612.15
5644.8
5677.45
5710.1
5742.75
5775.45
5808.1
5840.75
5873.4
5906.05
5938.75
5971.4
6004.05
6036.7
6069.4
6102.05
6134.7
6167.35
6200
6232.7
6265.35
6298
6330.65
6363.35
6396
6428.65
6461.3
6493.95
6526.65
6559.3
6591.95
6624.6
6657.25
6689.95
6722.6
6755.25
6787.9
6820.6
6853.25
6885.9
6918.55
6951.2
6983.9
