28.8
63.3
97.8
132.3
166.8
201.3
235.8
270.3
304.8
339.3
373.85
408.35
442.85
477.35
511.85
544.8
577.65
610.45
643.3
676.15
708.95
741.8
774.65
807.5
840.3
873.15
906
938.8
971.65
1004.5
1037.35
1070.15
1103
1135.85
1168.7
1201.5
1234.35
1267.2
1300.05
1332.85
1365.7
1398.55
1431.4
1464.2
1497.05
1529.9
1562.7
1595.55
1628.4
1661.25
1694.05
1726.9
1759.75
1792.6
1825.4
1858.25
1891.1
1923.95
1956.75
1989.6
2022.45
2055.3
2088
2120.7
2153.4
2186.15
2218.85
2251.55
2284.25
2317
2349.7
2382.4
2415.1
2447.85
2480.55
2513.25
2545.95
2578.7
2611.4
2644.1
2676.8
2709.55
2742.25
2774.95
2807.65
2840.35
2873.1
2905.8
2938.5
2971.2
3003.95
3036.65
3069.35
3102.05
3134.8
3167.5
3200.2
3232.9
3265.65
3298.35
3331.05
3363.75
3396.5
3429.2
3461.9
3494.6
3527.35
3560.05
3592.75
3625.45
3658.15
3690.9
3723.6
3756.3
3789
3821.75
3854.45
3887.15
3919.85
3952.6
3985.3
4018
4050.7
4083.45
4116.15
4148.85
4181.55
4214.3
4247
4279.7
4312.4
4345.15
4377.85
4410.55
4443.25
4475.95
4508.7
4541.4
4574.1
4606.8
4639.55
4672.25
4704.95
4737.65
4770.4
4803.1
4835.8
4868.5
4901.25
4933.95
4966.65
4999.35
5032.1
5064.8
5097.5
5130.2
5162.95
5195.65
5228.35
5261.05
5293.75
5326.5
5359.2
5391.9
5424.6
5457.35
5490.05
5522.75
5555.45
5588.2
5620.9
5653.6
5686.3
5719.05
5751.75
5784.45
5817.15
5849.9
5882.6
5915.3
5948
5980.75
6013.45
6046.15
6078.85
6111.55
6144.3
6177
6209.7
6242.4
6275.15
6307.85
6340.55
6373.25
6406
6438.7
6471.4
6504.1
6536.85
6569.55
6602.25
6634.95
6667.7
6700.4
6733.1
6765.8
6798.55
6831.25
6863.95
6896.65
6929.35
6962.1
6994.8
-1000
25.6
59.2
93
127.1
161.35
195.7
230.1
264.55
299
333.45
367.95
402.45
436.95
471.4
505.9
540.35
574.3
607.95
641.3
674.5
707.6
740.65
773.65
806.6
839.55
872.5
905.4
938.3
971.2
1004.05
1036.9
1069.7
1102.55
1135.4
1168.25
1201.05
1233.9
1266.75
1299.6
1332.4
1365.25
1398.1
1430.9
1463.75
1496.6
1529.45
1562.25
1595.1
1627.95
1660.8
1693.6
1726.45
1759.3
1792.15
1824.95
1857.8
1890.65
1923.5
1956.3
1989.15
2022
2054.85
2087.65
2120.4
2153.15
2185.85
2218.55
2251.25
2284
2316.7
2349.4
2382.1
2414.85
2447.55
2480.25
2512.95
2545.7
2578.4
2611.1
2643.8
2676.55
2709.25
2741.95
2774.65
2807.35
2840.1
2872.8
2905.5
2938.2
2970.95
3003.65
3036.35
3069.05
3101.8
3134.5
3167.2
3199.9
3232.65
3265.35
3298.05
3330.75
3363.5
3396.2
3428.9
3461.6
3494.35
3527.05
3559.75
3592.45
3625.15
3657.9
3690.6
3723.3
3756
3788.75
3821.45
3854.15
3886.85
3919.6
3952.3
3985
4017.7
4050.45
4083.15
4115.85
4148.55
4181.3
4214
4246.7
4279.4
4312.15
4344.85
4377.55
4410.25
4442.95
4475.7
4508.4
4541.1
4573.8
4606.55
4639.25
4671.95
4704.65
4737.4
4770.1
4802.8
4835.5
4868.25
4900.95
4933.65
4966.35
4999.1
5031.8
5064.5
5097.2
5129.95
5162.65
5195.35
5228.05
5260.75
5293.5
5326.2
5358.9
5391.6
5424.35
5457.05
5489.75
5522.45
5555.2
5587.9
5620.6
5653.3
5686.05
5718.75
5751.45
5784.15
5816.9
5849.6
5882.3
5915
5947.75
5980.45
6013.15
6045.85
6078.55
6111.3
6144
6176.7
6209.4
6242.15
6274.85
6307.55
6340.25
6373
6405.7
6438.4
6471.1
6503.85
6536.55
6569.25
6601.95
6634.7
6667.4
6700.1
6732.8
6765.55
6798.25
6830.95
6863.65
6896.35
6929.1
6961.8
6994.5
