48.2
103.3
158.45
213.55
268.7
323.8
378.95
434.1
489.2
541.35
575.2
608.25
641.25
674.25
707.25
740.3
773.4
806.5
839.6
872.7
905.85
939
972.15
1005.3
1038.45
1071.65
1104.8
1138
1171.2
1204.4
1237.6
1270.8
1304
1337.2
1370.4
1403.6
1436.8
1470
1503.25
1536.45
1569.65
1602.85
1636.05
1669.3
1702.5
1735.7
1768.95
1802.15
1835.35
1868.6
1901.8
1935
1968.25
2001.45
2034.65
2067.9
2101.1
2134.3
2167.55
2200.75
2233.95
2267.2
2300.4
2333.6
2366.85
2400.05
2433.25
2466.5
2499.7
2532.9
2566.15
2599.35
2632.55
2665.8
2699
2732.2
2765.45
2798.65
2831.85
2865.1
2898.3
2931.5
2964.75
2997.95
3031.15
3064.4
3097.6
3130.85
3164.05
3197.25
3230.5
3263.7
3296.9
3330.15
3363.35
3396.55
3429.8
3463
3496.2
3529.45
3562.65
3595.85
3629.1
3662.3
3695.5
3728.75
3761.95
3795.2
3828.4
3861.6
3894.85
3928.05
3961.25
3994.5
4027.7
4060.9
4094.15
4127.35
4160.55
4193.8
4227
4260.2
4293.45
4326.65
4359.85
4393.1
4426.3
4459.5
4492.75
4525.95
4559.2
4592.4
4625.6
4658.85
4692.05
4725.25
4758.5
4791.7
4824.9
4858.15
4891.35
4924.55
4957.8
4991
5024.2
5057.45
5090.65
5123.85
5157.1
5190.3
5223.5
5256.75
5289.95
5323.2
5356.4
5389.6
5422.85
5456.05
5489.25
5522.5
5555.7
5588.9
5622.15
5655.35
5688.55
5721.8
5755
5788.2
5821.45
5854.65
5887.85
5921.1
5954.3
5987.5
6020.75
6053.95
6087.2
6120.4
6153.6
6186.85
6220.05
6253.25
6286.5
6319.7
6352.9
6386.15
6419.35
6452.55
6485.8
6519
6552.2
6585.45
6618.65
6651.85
6685.1
6718.3
6751.5
6784.75
6817.95
6851.2
6884.4
6917.6
6950.85
6984.05
-1000
25.6
66.85
97.9
132.95
173.35
204.35
241.1
278.8
309.75
348.6
379.8
411.55
452.8
483.85
518.9
559.95
599.3
635.9
670.9
705.05
738.85
772.4
805.8
839.2
872.4
905.55
938.65
971.8
1004.95
1038.1
1071.3
1104.45
1137.65
1170.85
1204
1237.2
1270.4
1303.6
1336.8
1370
1403.2
1436.4
1469.65
1502.85
1536.05
1569.25
1602.45
1635.7
1668.9
1702.1
1735.35
1768.55
1801.75
1834.95
1868.2
1901.4
1934.6
1967.85
2001.05
2034.25
2067.5
2100.7
2133.9
2167.15
2200.35
2233.55
2266.8
2300
2333.2
2366.45
2399.65
2432.85
2466.1
2499.3
2532.5
2565.75
2598.95
2632.15
2665.4
2698.6
2731.8
2765.05
2798.25
2831.5
2864.7
2897.9
2931.15
2964.35
2997.55
3030.8
3064
3097.2
3130.45
3163.65
3196.85
3230.1
3263.3
3296.5
3329.75
3362.95
3396.15
3429.4
3462.6
3495.8
3529.05
3562.25
3595.5
3628.7
3661.9
3695.15
3728.35
3761.55
3794.8
3828
3861.2
3894.45
3927.65
3960.85
3994.1
4027.3
4060.5
4093.75
4126.95
4160.15
4193.4
4226.6
4259.8
4293.05
4326.25
4359.5
4392.7
4425.9
4459.15
4492.35
4525.55
4558.8
4592
4625.2
4658.45
4691.65
4724.85
4758.1
4791.3
4824.5
4857.75
4890.95
4924.15
4957.4
4990.6
5023.8
5057.05
5090.25
5123.5
5156.7
5189.9
5223.15
5256.35
5289.55
5322.8
5356
5389.2
5422.45
5455.65
5488.85
5522.1
5555.3
5588.5
5621.75
5654.95
5688.15
5721.4
5754.6
5787.8
5821.05
5854.25
5887.5
5920.7
5953.9
5987.15
6020.35
6053.55
6086.8
6120
6153.2
6186.45
6219.65
6252.85
6286.1
6319.3
6352.5
6385.75
6418.95
6452.15
6485.4
6518.6
6551.8
6585.05
6618.25
6651.5
6684.7
6717.9
6751.15
6784.35
6817.55
