43.95
94.65
145.35
196.05
246.75
297.45
348.15
398.85
449.55
500.2
534.25
567.45
600.6
633.7
666.85
700
733.2
766.4
799.6
832.8
866.05
899.25
932.5
965.75
999
1032.25
1065.5
1098.75
1132
1165.3
1198.55
1231.8
1265.1
1298.35
1331.65
1364.9
1398.2
1431.45
1464.75
1498
1531.3
1564.6
1597.85
1631.15
1664.4
1697.7
1731
1764.25
1797.55
1830.85
1864.1
1897.4
1930.65
1963.95
1997.25
2030.5
2063.8
2097.1
2130.35
2163.65
2196.95
2230.2
2263.5
2296.8
2330.05
2363.35
2396.65
2429.9
2463.2
2496.5
2529.75
2563.05
2596.35
2629.6
2662.9
2696.2
2729.45
2762.75
2796.05
2829.3
2862.6
2895.9
2929.15
2962.45
2995.75
3029
3062.3
3095.6
3128.85
3162.15
3195.45
3228.7
3262
3295.3
3328.55
3361.85
3395.15
3428.4
3461.7
3495
3528.25
3561.55
3594.85
3628.1
3661.4
3694.7
3727.95
3761.25
3794.55
3827.8
3861.1
3894.4
3927.65
3960.95
3994.25
4027.5
4060.8
4094.1
4127.35
4160.65
4193.95
4227.2
4260.5
4293.8
4327.05
4360.35
4393.65
4426.9
4460.2
4493.5
4526.75
4560.05
4593.35
4626.6
4659.9
4693.2
4726.45
4759.75
4793.05
4826.3
4859.6
4892.9
4926.15
4959.45
4992.75
5026
5059.3
5092.6
5125.85
5159.15
5192.45
5225.7
5259
5292.3
5325.55
5358.85
5392.15
5425.4
5458.7
5492
5525.25
5558.55
5591.85
5625.1
5658.4
5691.7
5724.95
5758.25
5791.55
5824.8
5858.1
5891.4
5924.65
5957.95
5991.25
6024.5
6057.8
6091.1
6124.35
6157.65
6190.95
6224.2
6257.5
6290.8
6324.05
6357.35
6390.65
6423.9
6457.2
6490.5
6523.75
6557.05
6590.35
6623.6
6656.9
6690.2
6723.45
6756.75
6790.05
6823.3
6856.6
6889.9
6923.15
6956.45
6989.75
-1000
25.6
65.95
100.75
131.35
170.1
210.05
241.1
276.25
317.4
348.45
380.75
421.15
457.05
487.85
526
562.2
597.15
631.4
665.25
698.85
732.3
765.65
799
832.35
865.65
898.85
932.1
965.3
998.55
1031.8
1065.05
1098.35
1131.6
1164.85
1198.1
1231.4
1264.65
1297.9
1331.2
1364.45
1397.75
1431
1464.3
1497.55
1530.85
1564.1
1597.4
1630.7
1663.95
1697.25
1730.5
1763.8
1797.1
1830.35
1863.65
1896.95
1930.2
1963.5
1996.75
2030.05
2063.35
2096.6
2129.9
2163.2
2196.45
2229.75
2263.05
2296.3
2329.6
2362.9
2396.15
2429.45
2462.75
2496
2529.3
2562.6
2595.85
2629.15
2662.45
2695.7
2729
2762.3
2795.55
2828.85
2862.15
2895.4
2928.7
2962
2995.25
3028.55
3061.85
3095.1
3128.4
3161.7
3194.95
3228.25
3261.55
3294.8
3328.1
3361.4
3394.65
3427.95
3461.25
3494.5
3527.8
3561.1
3594.35
3627.65
3660.95
3694.2
3727.5
3760.8
3794.05
3827.35
3860.65
3893.9
3927.2
3960.5
3993.75
4027.05
4060.35
4093.6
4126.9
4160.2
4193.45
4226.75
4260.05
4293.3
4326.6
4359.9
4393.15
4426.45
4459.75
4493
4526.3
4559.6
4592.85
4626.15
4659.45
4692.7
4726
4759.3
4792.55
4825.85
4859.15
4892.4
4925.7
4959
4992.25
5025.55
5058.85
5092.1
5125.4
5158.7
5191.95
5225.25
5258.55
5291.8
5325.1
5358.4
5391.65
5424.95
5458.25
5491.5
5524.8
5558.1
5591.35
5624.65
5657.95
5691.2
5724.5
5757.8
5791.05
5824.35
5857.65
5890.9
5924.2
5957.5
5990.75
6024.05
6057.35
6090.6
6123.9
6157.2
6190.45
6223.75
6257.05
6290.3
6323.6
6356.9
6390.15
6423.45
6456.75
6490
6523.3
6556.6
6589.85
6623.15
6656.45
6689.7
6723
6756.3
6789.55
6822.85
6856.15
