33
72.1
111.15
150.25
189.3
228.4
267.45
306.55
345.6
384.7
423.75
462.85
501.9
536.4
570.6
604.85
639.05
673.3
707.55
741.75
776
810.2
844.45
878.7
912.95
947.15
981.4
1015.65
1049.9
1084.1
1118.35
1152.6
1186.85
1221.1
1255.35
1289.55
1323.8
1358.05
1392.3
1426.55
1460.8
1495
1529.25
1563.5
1597.75
1632
1666.25
1700.5
1734.7
1768.95
1803.2
1837.45
1871.7
1905.95
1940.15
1974.4
2008.65
2042.9
2077.15
2111.4
2145.65
2179.85
2214.1
2248.35
2282.6
2316.85
2351.1
2385.35
2419.55
2453.8
2488.05
2522.3
2556.55
2590.8
2625.05
2659.25
2693.5
2727.75
2762
2796.25
2830.5
2864.75
2899
2933.2
2967.45
3001.7
3035.95
3070.2
3104.45
3138.65
3172.9
3207.15
3241.4
3275.65
3309.9
3344.15
3378.35
3412.6
3446.85
3481.1
3515.35
3549.6
3583.85
3618.1
3652.3
3686.55
3720.8
3755.05
3789.3
3823.55
3857.75
3892
3926.25
3960.5
3994.75
4029
4063.25
4097.45
4131.7
4165.95
4200.2
4234.45
4268.7
4302.95
4337.2
4371.4
4405.65
4439.9
4474.15
4508.4
4542.65
4576.85
4611.1
4645.35
4679.6
4713.85
4748.1
4782.35
4816.55
4850.8
4885.05
4919.3
4953.55
4987.8
5022.05
5056.25
5090.5
5124.75
5159
5193.25
5227.5
5261.75
5296
5330.2
5364.45
5398.7
5432.95
5467.2
5501.45
5535.65
5569.9
5604.15
5638.4
5672.65
5706.9
5741.15
5775.35
5809.6
5843.85
5878.1
5912.35
5946.6
5980.85
6015.1
6049.3
6083.55
6117.8
6152.05
6186.3
6220.55
6254.75
6289
6323.25
6357.5
6391.75
6426
6460.25
6494.45
6528.7
6562.95
6597.2
6631.45
6665.7
6699.95
6734.2
6768.4
6802.65
6836.9
6871.15
6905.4
6939.65
6973.85
-1000
25.6
63.35
101.8
140.7
179.6
218.7
257.7
296.85
335.85
375
414
453.15
492.15
531.3
567.7
603
637.7
672.25
706.65
741.05
775.4
809.7
844
878.25
912.45
946.7
980.95
1015.2
1049.4
1083.65
1117.9
1152.15
1186.4
1220.6
1254.85
1289.1
1323.35
1357.6
1391.8
1426
1460.3
1494.55
1528.8
1563.05
1597.3
1631.5
1665.75
1700
1734.25
1768.5
1802.75
1836.95
1871.15
1905.45
1939.7
1973.95
2008.2
2042.45
2076.65
2110.85
2145.15
2179.4
2213.65
2247.9
2282.15
2316.35
2350.55
2384.85
2419.1
2453.35
2487.6
2521.85
2556.05
2590.25
2624.55
2658.8
2693.05
2727.3
2761.55
2795.75
2829.95
2864.25
2898.5
2932.75
2967
3001.25
3035.45
3069.65
3103.95
3138.2
3172.45
3206.7
3240.95
3275.15
3309.35
3343.65
3377.9
3412.15
3446.4
3480.65
3514.85
3549.05
3583.35
3617.6
3651.85
3686.1
3720.35
3754.55
3788.75
3823.05
3857.3
3891.55
3925.8
3960.05
3994.25
4028.45
4062.75
4097
4131.25
4165.5
4199.75
4233.95
4268.15
4302.45
4336.7
4370.95
4405.2
4439.45
4473.65
4507.85
4542.15
4576.4
4610.65
4644.9
4679.15
4713.35
4747.55
4781.85
4816.1
4850.35
4884.6
4918.85
4953.05
4987.25
5021.55
5055.8
5090.05
5124.3
5158.55
5192.75
5226.95
5261.25
5295.5
5329.75
5364
5398.25
5432.45
5466.65
5500.95
5535.2
5569.45
5603.7
5637.95
5672.15
5706.35
5740.65
5774.9
5809.15
5843.4
5877.65
5911.85
5946.05
5980.35
6014.6
6048.85
6083.1
6117.35
6151.55
6185.75
6220.05
6254.3
6288.55
6322.8
6357.05
6391.25
6425.45
6459.75
6494
6528.25
6562.5
6596.75
6630.95
6665.15
6699.45
6733.7
6767.95
6802.2
6836.45
6870.65
6904.85
6939.15
6973.4
