34.6
75.35
116.1
156.85
197.6
238.35
279.1
319.85
360.6
401.35
442.1
482.85
523.6
558.2
592.4
626.65
660.85
695.05
729.3
763.5
797.75
832
866.2
900.45
934.7
968.95
1003.15
1037.4
1071.65
1105.9
1140.15
1174.4
1208.6
1242.85
1277.1
1311.35
1345.6
1379.85
1414.1
1448.35
1482.6
1516.85
1551.05
1585.3
1619.55
1653.8
1688.05
1722.3
1756.55
1790.8
1825.05
1859.3
1893.55
1927.8
1962.05
1996.3
2030.5
2064.75
2098.9
2133
2167.1
2201.2
2235.3
2269.4
2303.5
2337.6
2371.7
2405.8
2439.9
2474
2508.1
2542.2
2576.3
2610.4
2644.5
2678.6
2712.7
2746.8
2780.9
2815
2849.1
2883.2
2917.3
2951.45
2985.55
3019.65
3053.75
3087.85
3121.95
3156.05
3190.15
3224.25
3258.35
3292.45
3326.55
3360.65
3394.75
3428.85
3462.95
3497.05
3531.15
3565.25
3599.35
3633.45
3667.55
3701.65
3735.8
3769.9
3804
3838.1
3872.2
3906.3
3940.4
3974.5
4008.6
4042.7
4076.8
4110.9
4145
4179.1
4213.2
4247.3
4281.4
4315.5
4349.6
4383.7
4417.8
4451.9
4486
4520.15
4554.25
4588.35
4622.45
4656.55
4690.65
4724.75
4758.85
4792.95
4827.05
4861.15
4895.25
4929.35
4963.45
4997.55
5031.65
5065.75
5099.85
5133.95
5168.05
5202.15
5236.25
5270.35
5304.45
5338.6
5372.7
5406.8
5440.9
5475
5509.1
5543.2
5577.3
5611.4
5645.5
5679.6
5713.7
5747.8
5781.9
5816
5850.1
5884.2
5918.3
5952.4
5986.5
6020.6
6054.7
6088.8
6122.95
6157.05
6191.15
6225.25
6259.35
6293.45
6327.55
6361.65
6395.75
6429.85
6463.95
6498.05
6532.15
6566.25
6600.35
6634.45
6668.55
6702.65
6736.75
6770.85
6804.95
6839.05
6873.15
6907.3
6941.4
6975.5
-1000
25.6
64.25
104.15
144.6
185.2
225.8
266.45
307.2
347.95
388.7
429.55
470.35
511.15
551.9
589
624.55
659.4
694
728.45
762.75
797.15
831.4
865.7
900
934.2
968.45
1002.7
1036.95
1071.2
1105.4
1139.65
1173.9
1208.15
1242.4
1276.65
1310.9
1345.1
1379.3
1413.6
1447.85
1482.1
1516.35
1550.6
1584.85
1619.1
1653.35
1687.6
1721.8
1756
1790.25
1824.55
1858.8
1893.05
1927.3
1961.55
1995.8
2030.05
2064.3
2098.55
2132.6
2166.7
2200.8
2234.9
2269.05
2303.15
2337.25
2371.35
2405.45
2439.55
2473.7
2507.75
2541.85
2575.95
2610.05
2644.15
2678.25
2712.35
2746.45
2780.55
2814.65
2848.75
2882.85
2916.95
2951.05
2985.15
3019.25
3053.35
3087.45
3121.55
3155.7
3189.8
3223.9
3258
3292.1
3326.25
3360.3
3394.4
3428.5
3462.6
3496.7
3530.8
3564.9
3599
3633.1
3667.2
3701.3
3735.4
3769.5
3803.6
3837.7
3871.8
3905.9
3940
3974.15
4008.25
4042.35
4076.45
4110.6
4144.65
4178.75
4212.85
4246.95
4281.05
4315.15
4349.25
4383.35
4417.45
4451.55
4485.65
4519.75
4553.85
4587.95
4622.05
4656.15
4690.25
4724.35
4758.5
4792.6
4826.7
4860.8
4894.95
4929
4963.1
4997.2
5031.3
5065.4
5099.5
5133.6
5167.7
5201.8
5235.9
5270
5304.1
5338.2
5372.3
5406.4
5440.5
5474.6
5508.7
5542.85
5576.95
5611.05
5645.15
5679.3
5713.35
5747.45
5781.55
5815.65
5849.75
5883.85
5917.95
5952.05
5986.15
6020.25
6054.35
6088.45
6122.55
6156.65
6190.75
6224.85
6258.95
6293.05
6327.2
6361.3
6395.4
6429.5
6463.6
6497.75
6531.8
6565.9
6600
6634.1
6668.2
6702.3
6736.4
6770.5
6804.6
6838.7
6872.8
6906.9
6941
6975.1
