35.15
76.5
117.85
159.2
200.55
241.9
283.25
324.6
365.95
407.3
448.65
490
524.6
559
593.35
627.7
662.05
696.45
730.8
765.2
799.55
833.95
868.35
902.7
937.1
971.5
1005.9
1040.25
1074.65
1109.05
1143.45
1177.85
1212.25
1246.65
1281
1315.4
1349.8
1384.2
1418.6
1453
1487.4
1521.8
1556.2
1590.6
1624.95
1659.35
1693.75
1728.15
1762.55
1796.95
1831.35
1865.75
1900.15
1934.55
1968.95
2003.35
2037.75
2072.1
2106.4
2140.65
2174.9
2209.15
2243.4
2277.65
2311.9
2346.15
2380.4
2414.65
2448.9
2483.15
2517.4
2551.65
2585.9
2620.15
2654.4
2688.65
2722.9
2757.15
2791.4
2825.65
2859.9
2894.15
2928.4
2962.65
2996.9
3031.15
3065.4
3099.65
3133.9
3168.15
3202.4
3236.65
3270.9
3305.15
3339.4
3373.65
3407.9
3442.15
3476.4
3510.65
3544.9
3579.15
3613.4
3647.65
3681.9
3716.15
3750.4
3784.65
3818.9
3853.15
3887.4
3921.65
3955.9
3990.15
4024.4
4058.65
4092.9
4127.15
4161.4
4195.65
4229.9
4264.15
4298.4
4332.65
4366.9
4401.15
4435.4
4469.65
4503.9
4538.15
4572.4
4606.65
4640.9
4675.15
4709.4
4743.65
4777.9
4812.15
4846.4
4880.65
4914.9
4949.15
4983.4
5017.65
5051.9
5086.15
5120.4
5154.65
5188.9
5223.15
5257.4
5291.65
5325.9
5360.15
5394.4
5428.65
5462.9
5497.15
5531.4
5565.65
5599.9
5634.15
5668.4
5702.65
5736.9
5771.15
5805.4
5839.65
5873.9
5908.15
5942.4
5976.65
6010.9
6045.15
6079.4
6113.65
6147.9
6182.15
6216.4
6250.65
6284.9
6319.15
6353.4
6387.65
6421.9
6456.15
6490.4
6524.65
6558.9
6593.15
6627.4
6661.65
6695.9
6730.15
6764.4
6798.65
6832.9
6867.15
6901.4
6935.65
6969.9
-1000
25.6
64.85
105.4
146.45
187.7
229
270.3
311.65
353
394.35
435.7
477.05
518.4
555.75
591.4
626.4
661.05
695.65
730.2
764.7
799.1
833.5
867.85
902.25
936.65
971
1005.4
1039.8
1074.2
1108.6
1142.95
1177.35
1211.75
1246.15
1280.55
1314.95
1349.35
1383.75
1418.1
1452.5
1486.9
1521.3
1555.7
1590.1
1624.5
1658.9
1693.3
1727.7
1762.1
1796.45
1830.85
1865.25
1899.65
1934.05
1968.45
2002.85
2037.25
2071.65
2106.05
2140.25
2174.55
2208.75
2243.05
2277.3
2311.55
2345.8
2380.05
2414.3
2448.55
2482.8
2517.05
2551.3
2585.55
2619.8
2654.05
2688.3
2722.55
2756.8
2791.05
2825.3
2859.55
2893.8
2928.05
2962.3
2996.55
3030.8
3065.05
3099.3
3133.55
3167.8
3202.05
3236.3
3270.55
3304.8
3339.05
3373.3
3407.55
3441.8
3476.05
3510.3
3544.55
3578.8
3613.05
3647.3
3681.55
3715.8
3750.05
3784.3
3818.55
3852.8
3887.05
3921.3
3955.55
3989.8
4024.05
4058.3
4092.55
4126.8
4161.05
4195.3
4229.55
4263.8
4298.05
4332.3
4366.55
4400.8
4435.05
4469.3
4503.55
4537.8
4572.05
4606.3
4640.55
4674.8
4709.05
4743.3
4777.55
4811.8
4846.05
4880.3
4914.55
4948.8
4983.05
5017.3
5051.55
5085.8
5120.05
5154.3
5188.55
5222.8
5257.05
5291.3
5325.55
5359.8
5394.05
5428.3
5462.55
5496.8
5531.05
5565.3
5599.55
5633.8
5668.05
5702.3
5736.55
5770.8
5805.05
5839.3
5873.55
5907.8
5942.05
5976.3
6010.55
6044.8
6079.05
6113.3
6147.55
6181.8
6216.05
6250.3
6284.55
6318.8
6353.05
6387.3
6421.55
6455.8
6490.05
6524.3
6558.55
6592.8
6627.05
6661.3
6695.55
6729.8
6764.05
6798.3
6832.55
6866.8
6901.05
6935.3
6969.55
