29.15
64.05
98.95
133.85
168.75
203.65
238.6
273.5
308.4
343.3
378.2
413.1
448
482.9
517.8
552.1
586.35
620.55
654.8
689.05
723.3
757.55
791.75
826
860.25
894.5
928.75
962.95
997.2
1031.45
1065.7
1099.95
1134.15
1168.4
1202.65
1236.9
1271.15
1305.4
1339.6
1373.85
1408.1
1442.35
1476.6
1510.8
1545.05
1579.3
1613.55
1647.8
1682
1716.25
1750.5
1784.75
1819
1853.25
1887.45
1921.7
1955.95
1990.2
2024.45
2058.65
2092.8
2126.9
2161
2195.1
2229.2
2263.35
2297.45
2331.55
2365.65
2399.75
2433.9
2468
2502.1
2536.2
2570.3
2604.45
2638.55
2672.65
2706.75
2740.85
2774.95
2809.1
2843.2
2877.3
2911.4
2945.5
2979.65
3013.75
3047.85
3081.95
3116.05
3150.2
3184.3
3218.4
3252.5
3286.6
3320.7
3354.85
3388.95
3423.05
3457.15
3491.25
3525.4
3559.5
3593.6
3627.7
3661.8
3695.95
3730.05
3764.15
3798.25
3832.35
3866.45
3900.6
3934.7
3968.8
4002.9
4037
4071.15
4105.25
4139.35
4173.45
4207.55
4241.7
4275.8
4309.9
4344
4378.1
4412.2
4446.35
4480.45
4514.55
4548.65
4582.75
4616.9
4651
4685.1
4719.2
4753.3
4787.45
4821.55
4855.65
4889.75
4923.85
4957.95
4992.1
5026.2
5060.3
5094.4
5128.5
5162.65
5196.75
5230.85
5264.95
5299.05
5333.2
5367.3
5401.4
5435.5
5469.6
5503.7
5537.85
5571.95
5606.05
5640.15
5674.25
5708.4
5742.5
5776.6
5810.7
5844.8
5878.95
5913.05
5947.15
5981.25
6015.35
6049.45
6083.6
6117.7
6151.8
6185.9
6220
6254.15
6288.25
6322.35
6356.45
6390.55
6424.7
6458.8
6492.9
6527
6561.1
6595.25
6629.35
6663.45
6697.55
6731.65
6765.75
6799.9
6834
6868.1
6902.2
6936.3
6970.45
-1000
25.6
61
96.15
131.15
166.1
201.05
235.95
270.85
305.75
340.65
375.55
410.45
445.35
480.2
515.1
550.05
584.7
619.15
653.5
687.85
722.1
756.4
790.65
824.9
859.2
893.4
927.65
961.9
996.15
1030.4
1064.6
1098.85
1133.1
1167.35
1201.6
1235.85
1270.05
1304.3
1338.55
1372.8
1407.05
1441.25
1475.5
1509.75
1544
1578.25
1612.45
1646.7
1680.95
1715.2
1749.45
1783.7
1817.9
1852.15
1886.4
1920.65
1954.9
1989.1
2023.35
2057.6
2091.85
2126.1
2160.25
2194.45
2228.6
2262.75
2296.85
2330.95
2365.1
2399.25
2433.35
2467.45
2501.55
2535.65
2569.75
2603.9
2638
2672.1
2706.15
2740.3
2774.45
2808.55
2842.65
2876.7
2910.85
2945
2979.1
3013.2
3047.3
3081.4
3115.5
3149.65
3183.75
3217.85
3251.9
3286.05
3320.2
3354.3
3388.4
3422.45
3456.6
3490.75
3524.85
3558.95
3593.05
3627.15
3661.25
3695.4
3729.5
3763.6
3797.65
3831.8
3865.95
3900.05
3934.15
3968.2
4002.35
4036.5
4070.6
4104.7
4138.8
4172.9
4207
4241.15
4275.25
4309.35
4343.4
4377.55
4411.7
4445.8
4479.9
4513.95
4548.1
4582.25
4616.35
4650.45
4684.55
4718.65
4752.75
4786.9
4821
4855.1
4889.15
4923.3
4957.45
4991.55
5025.65
5059.7
5093.85
5128
5162.1
5196.2
5230.3
5264.4
5298.5
5332.65
5366.75
5400.85
5434.9
5469.05
5503.2
5537.3
5571.4
5605.45
5639.6
5673.75
5707.85
5741.95
5776.05
5810.15
5844.25
5878.4
5912.5
5946.6
5980.65
6014.8
6048.95
6083.05
6117.15
6151.2
6185.35
6219.5
6253.6
6287.7
6321.8
6355.9
6390
6424.15
6458.25
6492.35
6526.4
6560.55
6594.7
6628.8
6662.9
6696.95
6731.1
6765.25
6799.35
6833.45
6867.55
6901.65
6935.75
6969.9
