31.15
68.25
105.35
142.4
179.5
216.55
253.65
290.75
327.8
364.9
401.95
439.05
476.15
513.2
547
580.55
614.1
647.65
681.2
714.75
748.3
781.85
815.4
848.95
882.5
916.05
949.6
983.15
1016.75
1050.3
1083.85
1117.4
1150.95
1184.5
1218.05
1251.65
1285.2
1318.75
1352.3
1385.85
1419.4
1453
1486.55
1520.1
1553.65
1587.2
1620.75
1654.35
1687.9
1721.45
1755
1788.55
1822.1
1855.7
1889.25
1922.8
1956.35
1989.9
2023.5
2057.05
2090.45
2123.9
2157.3
2190.75
2224.15
2257.6
2291
2324.45
2357.85
2391.3
2424.7
2458.15
2491.55
2525
2558.4
2591.85
2625.25
2658.7
2692.1
2725.55
2758.95
2792.4
2825.8
2859.25
2892.65
2926.1
2959.5
2992.95
3026.35
3059.8
3093.2
3126.65
3160.05
3193.5
3226.9
3260.35
3293.75
3327.2
3360.6
3394.05
3427.45
3460.9
3494.3
3527.75
3561.15
3594.6
3628
3661.45
3694.85
3728.3
3761.7
3795.15
3828.55
3862
3895.45
3928.85
3962.3
3995.7
4029.15
4062.55
4096
4129.4
4162.85
4196.25
4229.7
4263.1
4296.55
4329.95
4363.4
4396.8
4430.25
4463.65
4497.1
4530.5
4563.95
4597.35
4630.8
4664.2
4697.65
4731.05
4764.5
4797.9
4831.35
4864.75
4898.2
4931.6
4965.05
4998.45
5031.9
5065.3
5098.75
5132.15
5165.6
5199
5232.45
5265.85
5299.3
5332.7
5366.15
5399.55
5433
5466.4
5499.85
5533.25
5566.7
5600.1
5633.55
5666.95
5700.4
5733.8
5767.25
5800.65
5834.1
5867.5
5900.95
5934.35
5967.8
6001.2
6034.65
6068.05
6101.5
6134.9
6168.35
6201.75
6235.2
6268.6
6302.05
6335.45
6368.9
6402.3
6435.75
6469.15
6502.6
6536
6569.45
6602.85
6636.3
6669.7
6703.15
6736.55
6770
6803.4
6836.85
6870.25
6903.7
6937.1
6970.55
-1000
25.6
61.1
97.2
133.85
170.75
207.7
244.7
281.65
318.75
355.9
392.95
430.05
467.05
504.15
541.25
576.8
611.45
645.65
679.6
713.4
747.1
780.8
814.45
848.05
881.6
915.25
948.85
982.45
1016.05
1049.65
1083.2
1116.75
1150.3
1183.9
1217.45
1251
1284.6
1318.15
1351.65
1385.25
1418.8
1452.35
1485.95
1519.5
1553
1586.6
1620.15
1653.75
1687.3
1720.85
1754.35
1787.95
1821.5
1855.1
1888.65
1922.15
1955.7
1989.3
2022.85
2056.4
2090
2123.5
2156.9
2190.35
2223.75
2257.2
2290.6
2324.05
2357.45
2390.9
2424.3
2457.75
2491.15
2524.6
2558
2591.45
2624.85
2658.3
2691.7
2725.15
2758.55
2792
2825.4
2858.85
2892.25
2925.7
2959.1
2992.55
3025.95
3059.4
3092.8
3126.25
3159.65
3193.1
3226.5
3259.95
3293.35
3326.8
3360.2
3393.65
3427.05
3460.5
3493.9
3527.35
3560.75
3594.2
3627.6
3661.05
3694.45
3727.9
3761.3
3794.75
3828.15
3861.6
3895
3928.45
3961.85
3995.3
4028.7
4062.15
4095.55
4129
4162.45
4195.85
4229.3
4262.7
4296.15
4329.55
4363
4396.4
4429.85
4463.25
4496.7
4530.1
4563.55
4596.95
4630.4
4663.8
4697.25
4730.65
4764.1
4797.5
4830.95
4864.35
4897.8
4931.2
4964.65
4998.05
5031.5
5064.9
5098.35
5131.75
5165.2
5198.6
5232.05
5265.45
5298.9
5332.3
5365.75
5399.15
5432.6
5466
5499.45
5532.85
5566.3
5599.7
5633.15
5666.55
5700
5733.4
5766.85
5800.25
5833.7
5867.1
5900.55
5933.95
5967.4
6000.8
6034.25
6067.65
6101.1
6134.5
6167.95
6201.35
6234.8
6268.2
6301.65
6335.05
6368.5
6401.9
6435.35
6468.75
6502.2
6535.6
6569.05
6602.45
6635.9
6669.3
6702.75
6736.15
6769.6
6803
6836.45
6869.85
6903.3
6936.7
6970.15
