36.35
78.95
121.55
164.15
206.8
249.4
292
334.65
377.25
419.85
462.45
505.1
538.15
570.55
602.95
635.35
667.75
700.15
732.55
764.95
797.4
829.8
862.25
894.65
927.1
959.55
992
1024.45
1056.9
1089.3
1121.75
1154.2
1186.65
1219.1
1251.55
1284
1316.45
1348.9
1381.35
1413.8
1446.3
1478.75
1511.2
1543.65
1576.1
1608.55
1641
1673.45
1705.95
1738.4
1770.85
1803.3
1835.75
1868.2
1900.65
1933.15
1965.6
1998.05
2030.5
2062.95
2095.3
2127.6
2159.95
2192.25
2224.6
2256.9
2289.25
2321.55
2353.85
2386.2
2418.5
2450.85
2483.15
2515.5
2547.8
2580.15
2612.45
2644.75
2677.1
2709.4
2741.75
2774.05
2806.4
2838.7
2871.05
2903.35
2935.7
2968
3000.3
3032.65
3064.95
3097.3
3129.6
3161.95
3194.25
3226.6
3258.9
3291.25
3323.55
3355.9
3388.2
3420.5
3452.85
3485.15
3517.5
3549.8
3582.15
3614.45
3646.8
3679.1
3711.45
3743.75
3776.05
3808.4
3840.7
3873.05
3905.35
3937.7
3970
4002.35
4034.65
4067
4099.3
4131.65
4163.95
4196.25
4228.6
4260.9
4293.25
4325.55
4357.9
4390.2
4422.55
4454.85
4487.2
4519.5
4551.8
4584.15
4616.45
4648.8
4681.1
4713.45
4745.75
4778.1
4810.4
4842.75
4875.05
4907.4
4939.7
4972
5004.35
5036.65
5069
5101.3
5133.65
5165.95
5198.3
5230.6
5262.95
5295.25
5327.55
5359.9
5392.2
5424.55
5456.85
5489.2
5521.5
5553.85
5586.15
5618.5
5650.8
5683.15
5715.45
5747.75
5780.1
5812.4
5844.75
5877.05
5909.4
5941.7
5974.05
6006.35
6038.7
6071
6103.3
6135.65
6167.95
6200.3
6232.6
6264.95
6297.25
6329.6
6361.9
6394.25
6426.55
6458.9
6491.2
6523.5
6555.85
6588.15
6620.5
6652.8
6685.15
6717.45
6749.8
6782.1
6814.45
6846.75
6879.05
6911.4
6943.7
6976.05
-1000
25.6
60.6
97.25
133.3
164.3
196.2
231.15
267.7
303.7
334.7
366.65
401.6
438.25
474.3
505.35
537.15
569.6
602.1
634.5
667
699.45
731.9
764.3
796.75
829.2
861.6
894.05
926.5
958.9
991.35
1023.75
1056.2
1088.65
1121.1
1153.55
1186
1218.45
1250.9
1283.3
1315.75
1348.2
1380.65
1413.1
1445.55
1478
1510.45
1542.9
1575.3
1607.75
1640.25
1672.7
1705.15
1737.6
1770.05
1802.5
1834.95
1867.4
1899.85
1932.35
1964.8
1997.25
2029.65
2062.15
2094.6
2127
2159.45
2191.85
2224.2
2256.55
2288.9
2321.2
2353.55
2385.85
2418.15
2450.5
2482.8
2515.15
2547.45
2579.8
2612.1
2644.45
2676.75
2709.05
2741.4
2773.7
2806.05
2838.35
2870.7
2903
2935.35
2967.65
3000
3032.3
3064.6
3096.95
3129.25
3161.6
3193.9
3226.25
3258.55
3290.9
3323.2
3355.55
3387.85
3420.15
3452.5
3484.8
3517.15
3549.45
3581.8
3614.1
3646.45
3678.75
3711.1
3743.4
3775.75
3808.05
3840.35
3872.7
3905
3937.35
3969.65
4002
4034.3
4066.65
4098.95
4131.3
4163.6
4195.9
4228.25
4260.55
4292.9
4325.2
4357.55
4389.85
4422.2
4454.5
4486.85
4519.15
4551.5
4583.8
4616.1
4648.45
4680.75
4713.1
4745.4
4777.75
4810.05
4842.4
4874.7
4907.05
4939.35
4971.65
5004
5036.3
5068.65
5100.95
5133.3
5165.6
5197.95
5230.25
5262.6
5294.9
5327.25
5359.55
5391.85
5424.2
5456.5
5488.85
5521.15
5553.5
5585.8
5618.15
5650.45
5682.8
5715.1
5747.4
5779.75
5812.05
5844.4
5876.7
5909.05
5941.35
5973.7
6006
6038.35
6070.65
6103
6135.3
6167.6
6199.95
6232.25
6264.6
6296.9
6329.25
6361.55
6393.9
6426.2
6458.55
6490.85
6523.15
6555.5
6587.8
6620.15
6652.45
6684.8
6717.1
6749.45
6781.75
6814.1
6846.4
6878.75
