25.9
57.25
88.6
119.95
151.3
182.65
214
245.35
276.65
308
339.35
370.7
402.05
433.4
464.75
496.1
527.45
558.8
590.15
621.5
652.85
684.2
715.55
746.9
778.25
809.55
840.9
872.25
903.6
934.95
966.3
997.65
1029
1060.35
1091.7
1123.05
1154.4
1185.75
1217.1
1248.45
1279.8
1311.1
1342.45
1373.8
1405.15
1436.5
1467.85
1499.2
1530.55
1561.9
1593.25
1624.6
1655.95
1687.3
1718.65
1750
1781.35
1812.7
1844
1875.35
1906.7
1938.05
1969.4
2000.75
2032.1
2063.45
2094.8
2126.15
2157.5
2188.85
2220.2
2251.55
2282.9
2314.25
2345.55
2376.9
2408.25
2439.6
2470.95
2502.3
2533.65
2565
2596.35
2627.7
2659.05
2690.4
2721.75
2753.1
2784.45
2815.8
2847.15
2878.45
2909.8
2941.15
2972.5
3003.85
3035.2
3066.55
3097.9
3129.25
3160.6
3191.95
3223.3
3254.65
3286
3317.35
3348.7
3380
3411.35
3442.7
3474.05
3505.4
3536.75
3568.1
3599.45
3630.8
3662.15
3693.5
3724.85
3756.2
3787.55
3818.9
3850.25
3881.6
3912.9
3944.25
3975.6
4006.95
4038.3
4069.65
4101
4132.35
4163.7
4195.05
4226.4
4257.75
4289.1
4320.45
4351.8
4383.15
4414.45
4445.8
4477.15
4508.5
4539.85
4571.2
4602.55
4633.9
4665.25
4696.6
4727.95
4759.3
4790.65
4822
4853.35
4884.7
4916.05
4947.35
4978.7
5010.05
5041.4
5072.75
5104.1
5135.45
5166.8
5198.15
5229.5
-1000
25.6
69.4
113.95
150.9
195.65
239.75
276.45
320.35
364.8
401.7
446.4
490.5
527.15
570.95
615.5
652.45
697.2
741.3
778
821.9
866.35
903.25
947.95
992.05
1028.7
1072.55
1116.9
1153.9
1198.75
1242.85
1279.55
1323.45
1367.9
1404.8
1449.5
1493.65
1530.35
1573.65
1618.2
1655.35
1700.15
1744.35
1781.1
1825.2
1869.55
1906.4
1950.95
1995.1
2031.85
2075.35
2119.8
2156.9
2201.6
2245.85
2282.6
2326.85
2371.15
2407.95
2452.4
2496.65
2533.4
2577.25
2621.55
2658.5
2703.35
2747.5
2784.2
2828.15
2872.6
2909.45
2954.1
2998.25
3035
3078.65
3123.05
3160
3204.7
3248.95
3285.7
3329.95
3374.25
3411.05
3455.5
3499.75
3536.5
3580.75
3624.9
3661.7
3706.5
3750.6
3787.3
3831.2
3875.65
3912.55
3957.25
4001.35
4038.1
4082.1
4126.3
4163.2
4207.4
4251.85
4288.7
4333.35
4377.5
4414.25
4458.25
4502.65
4539.55
4584.15
4628.3
4664.95
4708.8
4753.3
4790.25
4835
4879.1
4915.8
4959.75
5004.15
5041.05
5085.75
5129.85
5166.5
5210.35
5254.7
5291.7
5336.55
5380.65
5417.35
5461.25
5505.7
5542.6
5587.3
5631.45
5668.15
5711.45
5756
5793.15
5837.95
5882.15
5918.9
5963
6007.35
6044.2
6088.75
6132.9
6169.65
6213.15
6257.6
6294.7
6339.4
6383.65
6420.4
6464.65
6508.95
6545.75
6590.2
6634.45
6671.2
6715.05
6759.35
6796.3
6841.15
6885.3
6922
6965.95
