39.75
85.95
132.2
178.4
224.65
270.85
317.1
363.35
409.55
455.8
502
535.35
568
600.55
633.1
665.7
698.25
730.85
763.45
796.1
828.7
861.35
893.95
926.6
959.25
991.9
1024.55
1057.2
1089.85
1122.5
1155.15
1187.85
1220.5
1253.15
1285.8
1318.5
1351.15
1383.8
1416.5
1449.15
1481.85
1514.5
1547.15
1579.85
1612.5
1645.2
1677.85
1710.55
1743.2
1775.85
1808.55
1841.2
1873.9
1906.55
1939.25
1971.9
2004.6
2037.25
2069.95
2102.6
2135.25
2167.95
2200.6
2233.3
2265.95
2298.65
2331.3
2364
2396.65
2429.35
2462
2494.7
2527.35
2560
2592.7
2625.35
2658.05
2690.7
2723.4
2756.05
2788.75
2821.4
2854.1
2886.75
2919.45
2952.1
2984.8
3017.45
3050.1
3082.8
3115.45
3148.15
3180.8
3213.5
3246.15
3278.85
3311.5
3344.2
3376.85
3409.55
3442.2
3474.85
3507.55
3540.2
3572.9
3605.55
3638.25
3670.9
3703.6
3736.25
3768.95
3801.6
3834.3
3866.95
3899.65
3932.3
3964.95
3997.65
4030.3
4063
4095.65
4128.35
4161
4193.7
4226.35
4259.05
4291.7
4324.4
4357.05
4389.75
4422.4
4455.05
4487.75
4520.4
4553.1
4585.75
4618.45
4651.1
4683.8
4716.45
4749.15
4781.8
4814.5
4847.15
4879.8
4912.5
4945.15
4977.85
5010.5
5043.2
5075.85
5108.55
5141.2
5173.9
5206.55
5239.25
5271.9
5304.6
5337.25
5369.9
5402.6
5435.25
5467.95
5500.6
5533.3
5565.95
5598.65
5631.3
5664
5696.65
5729.35
5762
5794.7
5827.35
5860
5892.7
5925.35
5958.05
5990.7
6023.4
6056.05
6088.75
6121.4
6154.1
6186.75
6219.45
6252.1
6284.75
6317.45
6350.1
6382.8
6415.45
6448.15
6480.8
6513.5
6546.15
6578.85
6611.5
6644.2
6676.85
6709.55
6742.2
6774.85
6807.55
6840.2
6872.9
6905.55
6938.25
6970.9
-1000
25.6
62.3
99.8
130.85
163.65
200.5
237.7
268.7
301.7
338.75
375.9
406.9
440.05
477.2
514.15
552.05
589.25
625
659.8
693.85
727.5
760.8
793.95
826.9
859.8
892.6
925.4
958.15
990.9
1023.6
1056.3
1088.95
1121.7
1154.4
1187.1
1219.8
1252.45
1285.15
1317.85
1350.55
1383.2
1415.9
1448.55
1481.25
1513.9
1546.55
1579.25
1611.9
1644.6
1677.25
1709.95
1742.6
1775.25
1807.95
1840.6
1873.3
1905.95
1938.65
1971.3
2004
2036.65
2069.35
2102
2134.65
2167.35
2200
2232.7
2265.35
2298.05
2330.7
2363.4
2396.05
2428.75
2461.4
2494.1
2526.75
2559.4
2592.1
2624.75
2657.4
2690.1
2722.8
2755.45
2788.15
2820.8
2853.5
2886.15
2918.85
2951.5
2984.2
3016.85
3049.5
3082.2
3114.85
3147.55
3180.2
3212.9
3245.55
3278.25
3310.9
3343.6
3376.25
3408.95
3441.6
3474.3
3506.95
3539.6
3572.3
3604.95
3637.65
3670.3
3703
3735.65
3768.35
3801
3833.7
3866.35
3899.05
3931.7
3964.35
3997.05
4029.7
4062.4
4095.05
4127.75
4160.4
4193.1
4225.75
4258.45
4291.1
4323.8
4356.45
4389.15
4421.8
4454.45
4487.15
4519.8
4552.5
4585.15
4617.85
4650.5
4683.2
4715.85
4748.55
4781.2
4813.9
4846.55
4879.25
4911.9
4944.55
4977.25
5009.9
5042.6
5075.25
5107.95
5140.6
5173.3
5205.95
5238.65
5271.3
5304
5336.65
5369.3
5402
5434.65
5467.35
5500
5532.7
5565.35
5598.05
5630.7
5663.4
5696.05
5728.75
5761.4
5794.1
5826.75
5859.4
5892.1
5924.75
5957.45
5990.1
6022.8
6055.45
6088.15
6120.8
6153.5
6186.15
6218.85
6251.5
6284.2
6316.85
6349.5
6382.2
6414.85
6447.55
6480.2
6512.9
6545.55
6578.25
6610.9
6643.6
6676.25
6708.95
6741.6
6774.25
6806.95
6839.6
6872.3
