29.55
64.85
100.15
135.5
170.8
206.1
241.4
276.75
312.05
347.35
382.7
418
453.3
488.6
523.95
556.7
589.25
621.8
654.35
686.9
719.45
752
784.6
817.15
849.7
882.25
914.8
947.35
979.95
1012.5
1045.05
1077.6
1110.15
1142.75
1175.3
1207.85
1240.4
1273
1305.55
1338.1
1370.65
1403.2
1435.8
1468.35
1500.9
1533.45
1566.05
1598.6
1631.15
1663.7
1696.3
1728.85
1761.4
1793.95
1826.5
1859.1
1891.65
1924.2
1956.75
1989.35
2021.9
2054.45
2086.9
2119.35
2151.8
2184.2
2216.65
2249.1
2281.5
2313.95
2346.4
2378.85
2411.25
2443.7
2476.15
2508.55
2541
2573.45
2605.9
2638.3
2670.75
2703.2
2735.65
2768.05
2800.5
2832.95
2865.35
2897.8
2930.25
2962.7
2995.1
3027.55
3060
3092.45
3124.85
3157.3
3189.75
3222.15
3254.6
3287.05
3319.5
3351.9
3384.35
3416.8
3449.25
3481.65
3514.1
3546.55
3578.95
3611.4
3643.85
3676.3
3708.7
3741.15
3773.6
3806.05
3838.45
3870.9
3903.35
3935.75
3968.2
4000.65
4033.1
4065.5
4097.95
4130.4
4162.85
4195.25
4227.7
4260.15
4292.55
4325
4357.45
4389.9
4422.3
4454.75
4487.2
4519.65
4552.05
4584.5
4616.95
4649.35
4681.8
4714.25
4746.7
4779.1
4811.55
4844
4876.4
4908.85
4941.3
4973.75
5006.15
5038.6
5071.05
5103.5
5135.9
5168.35
5200.8
5233.2
5265.65
5298.1
5330.55
5362.95
5395.4
5427.85
5460.3
5492.7
5525.15
5557.6
5590
5622.45
5654.9
5687.35
5719.75
5752.2
5784.65
5817.1
5849.5
5881.95
5914.4
5946.8
5979.25
6011.7
6044.15
6076.55
6109
6141.45
6173.9
6206.3
6238.75
6271.2
6303.6
6336.05
6368.5
6400.95
6433.35
6465.8
6498.25
6530.7
6563.1
6595.55
6628
6660.4
6692.85
6725.3
6757.75
6790.15
6822.6
6855.05
6887.5
6919.9
6952.35
6984.8
-1000
25.6
59.1
93.1
127.55
162.25
197.15
232.2
267.35
302.55
337.7
373
408.3
443.6
478.9
514.2
549.55
584
617.85
651.3
684.55
717.55
750.5
783.3
816.1
848.8
881.5
914.2
946.9
979.5
1012.1
1044.65
1077.25
1109.8
1142.35
1174.9
1207.5
1240.05
1272.6
1305.15
1337.7
1370.3
1402.85
1435.4
1467.95
1500.55
1533.1
1565.65
1598.2
1630.8
1663.35
1695.9
1728.45
1761
1793.6
1826.15
1858.7
1891.25
1923.85
1956.4
1988.95
2021.5
2054.1
2086.65
2119.1
2151.5
2183.95
2216.4
2248.85
2281.25
2313.7
2346.15
2378.55
2411
2443.45
2475.9
2508.3
2540.75
2573.2
2605.65
2638.05
2670.5
2702.95
2735.35
2767.8
2800.25
2832.7
2865.1
2897.55
2930
2962.45
2994.85
3027.3
3059.75
3092.15
3124.6
3157.05
3189.5
3221.9
3254.35
3286.8
3319.25
3351.65
3384.1
3416.55
3448.95
3481.4
3513.85
3546.3
3578.7
3611.15
3643.6
3676.05
3708.45
3740.9
3773.35
3805.75
3838.2
3870.65
3903.1
3935.5
3967.95
4000.4
4032.85
4065.25
4097.7
4130.15
4162.55
4195
4227.45
4259.9
4292.3
4324.75
4357.2
4389.6
4422.05
4454.5
4486.95
4519.35
4551.8
4584.25
4616.7
4649.1
4681.55
4714
4746.4
4778.85
4811.3
4843.75
4876.15
4908.6
4941.05
4973.5
5005.9
5038.35
5070.8
5103.2
5135.65
5168.1
5200.55
5232.95
5265.4
5297.85
5330.3
5362.7
5395.15
5427.6
5460
5492.45
5524.9
5557.35
5589.75
5622.2
5654.65
5687.1
5719.5
5751.95
5784.4
5816.8
5849.25
5881.7
5914.15
5946.55
5979
6011.45
6043.9
6076.3
6108.75
6141.2
6173.6
6206.05
6238.5
6270.95
6303.35
6335.8
6368.25
6400.7
6433.1
6465.55
6498
6530.4
6562.85
6595.3
6627.75
6660.15
6692.6
6725.05
6757.5
6789.9
6822.35
6854.8
6887.2
6919.65
6952.1
6984.55
