58.45
124.3
190.1
255.95
321.8
387.6
453.45
519.3
552.7
585
617.2
649.4
681.65
713.95
746.3
778.65
811.05
843.45
875.9
908.35
940.8
973.3
1005.8
1038.3
1070.85
1103.35
1135.9
1168.45
1201
1233.55
1266.1
1298.65
1331.2
1363.75
1396.35
1428.9
1461.45
1494.05
1526.6
1559.2
1591.75
1624.35
1656.95
1689.5
1722.1
1754.65
1787.25
1819.85
1852.4
1885
1917.55
1950.15
1982.75
2015.3
2047.9
2080.5
2113.05
2145.65
2178.25
2210.8
2243.4
2276
2308.6
2341.15
2373.75
2406.35
2438.9
2471.5
2504.1
2536.65
2569.25
2601.85
2634.4
2667
2699.6
2732.15
2764.75
2797.35
2829.9
2862.5
2895.1
2927.65
2960.25
2992.85
3025.4
3058
3090.6
3123.15
3155.75
3188.35
3220.9
3253.5
3286.1
3318.65
3351.25
3383.85
3416.45
3449
3481.6
3514.2
3546.75
3579.35
3611.95
3644.5
3677.1
3709.7
3742.25
3774.85
3807.45
3840
3872.6
3905.2
3937.75
3970.35
4002.95
4035.5
4068.1
4100.7
4133.25
4165.85
4198.45
4231
4263.6
4296.2
4328.75
4361.35
4393.95
4426.55
4459.1
4491.7
4524.3
4556.85
4589.45
4622.05
4654.6
4687.2
4719.8
4752.35
4784.95
4817.55
4850.1
4882.7
4915.3
4947.85
4980.45
5013.05
5045.6
5078.2
5110.8
5143.35
5175.95
5208.55
5241.1
5273.7
5306.3
5338.9
5371.45
5404.05
5436.65
5469.2
5501.8
5534.4
5566.95
5599.55
5632.15
5664.7
5697.3
5729.9
5762.45
5795.05
5827.65
5860.2
5892.8
5925.4
5957.95
5990.55
6023.15
6055.75
6088.3
6120.9
6153.5
6186.05
6218.65
6251.25
6283.8
6316.4
6349
6381.55
6414.15
6446.75
6479.3
6511.9
6544.5
6577.05
6609.65
6642.25
6674.8
6707.4
6740
6772.55
6805.15
6837.75
6870.3
6902.9
6935.5
6968.05
-1000
25.6
56.65
89.55
120.6
154
185.05
218.85
249.9
284
315
349.35
380.4
414.9
445.95
480.5
511.5
546.2
580.4
614.1
647.3
680.25
713.05
745.8
778.45
810.85
843.2
875.65
908.05
940.55
973
1005.5
1038
1070.5
1103
1135.55
1168.05
1200.6
1233.15
1265.7
1298.25
1330.8
1363.4
1395.95
1428.5
1461.1
1493.65
1526.2
1558.8
1591.35
1623.95
1656.5
1689.1
1721.7
1754.25
1786.85
1819.4
1852
1884.6
1917.15
1949.75
1982.3
2014.9
2047.5
2080.05
2112.65
2145.25
2177.8
2210.4
2243
2275.6
2308.15
2340.75
2373.35
2405.9
2438.5
2471.1
2503.65
2536.25
2568.85
2601.4
2634
2666.6
2699.15
2731.75
2764.35
2796.9
2829.5
2862.1
2894.65
2927.25
2959.85
2992.4
3025
3057.6
3090.15
3122.75
3155.35
3187.9
3220.5
3253.1
3285.65
3318.25
3350.85
3383.4
3416
3448.6
3481.2
3513.75
3546.35
3578.95
3611.5
3644.1
3676.7
3709.25
3741.85
3774.45
3807
3839.6
3872.2
3904.75
3937.35
3969.95
4002.5
4035.1
4067.7
4100.25
4132.85
4165.45
4198
4230.6
4263.2
4295.75
4328.35
4360.95
4393.55
4426.1
4458.7
4491.3
4523.85
4556.45
4589.05
4621.6
4654.2
4686.8
4719.35
4751.95
4784.55
4817.1
4849.7
4882.3
4914.85
4947.45
4980.05
5012.6
5045.2
5077.8
5110.35
5142.95
5175.55
5208.1
5240.7
5273.3
5305.9
5338.45
5371.05
5403.65
5436.2
5468.8
5501.4
5533.95
5566.55
5599.15
5631.7
5664.3
5696.9
5729.45
5762.05
5794.65
5827.2
5859.8
5892.4
5924.95
5957.55
5990.15
6022.7
6055.3
6087.9
6120.5
6153.05
6185.65
6218.25
6250.8
6283.4
6316
6348.55
6381.15
6413.75
6446.3
6478.9
6511.5
6544.05
6576.65
6609.25
6641.8
6674.4
6707
