30.35
66.5
102.65
138.85
175
211.2
247.35
283.55
319.7
355.85
392.05
428.2
464.4
500.55
533.8
566.8
599.85
632.9
665.9
698.95
732
765
798.05
831.1
864.15
897.15
930.2
963.25
996.3
1029.35
1062.35
1095.4
1128.45
1161.5
1194.55
1227.55
1260.6
1293.65
1326.7
1359.75
1392.8
1425.8
1458.85
1491.9
1524.95
1558
1591.05
1624.05
1657.1
1690.15
1723.2
1756.25
1789.3
1822.3
1855.35
1888.4
1921.45
1954.5
1987.55
2020.55
2053.6
2086.65
2119.7
2152.75
2185.8
2218.8
2251.85
2284.9
2317.95
2351
2384.05
2417.05
2450.1
2483.15
2516.2
2549.25
2582.3
2615.3
2648.35
2681.4
2714.45
2747.5
2780.55
2813.55
2846.6
2879.65
2912.7
2945.75
2978.75
3011.8
3044.85
3077.9
3110.95
3144
3177
3210.05
3243.1
3276.15
3309.2
3342.25
3375.25
3408.3
3441.35
3474.4
3507.45
3540.5
3573.5
3606.55
3639.6
3672.65
3705.7
3738.75
3771.75
3804.8
3837.85
3870.9
3903.95
3937
3970
4003.05
4036.1
4069.15
4102.2
4135.25
4168.25
4201.3
4234.35
4267.4
4300.45
4333.5
4366.5
4399.55
4432.6
4465.65
4498.7
4531.75
4564.75
4597.8
4630.85
4663.9
4696.95
4730
4763
4796.05
4829.1
4862.15
4895.2
4928.25
4961.25
4994.3
5027.35
5060.4
5093.45
5126.5
5159.5
5192.55
5225.6
5258.65
5291.7
5324.75
5357.75
5390.8
5423.85
5456.9
5489.95
5523
5556
5589.05
5622.1
5655.15
5688.2
5721.25
5754.25
5787.3
5820.35
5853.4
5886.45
5919.5
5952.5
5985.55
6018.6
6051.65
6084.7
6117.75
6150.75
6183.8
6216.85
6249.9
6282.95
6316
6349
6382.05
6415.1
6448.15
6481.2
6514.25
6547.25
6580.3
6613.35
6646.4
6679.45
6712.5
6745.5
6778.55
6811.6
6844.65
6877.7
6910.75
6943.75
6976.8
-1000
25.6
60.05
95.1
130.65
166.45
202.4
238.45
274.55
310.65
346.75
382.95
419.1
455.3
491.45
527.55
562.55
596.85
630.6
664.15
697.55
730.8
764.05
797.25
830.4
863.55
896.65
929.75
962.85
995.85
1028.9
1061.95
1095
1128.05
1161.05
1194.1
1227.15
1260.2
1293.25
1326.3
1359.3
1392.35
1425.4
1458.45
1491.5
1524.5
1557.55
1590.6
1623.65
1656.7
1689.75
1722.75
1755.8
1788.85
1821.9
1854.95
1888
1921
1954.05
1987.1
2020.15
2053.2
2086.25
2119.25
2152.3
2185.35
2218.4
2251.45
2284.5
2317.5
2350.55
2383.6
2416.65
2449.7
2482.75
2515.75
2548.8
2581.85
2614.9
2647.95
2681
2714
2747.05
2780.1
2813.15
2846.2
2879.25
2912.25
2945.3
2978.35
3011.4
3044.45
3077.5
3110.5
3143.55
3176.6
3209.65
3242.7
3275.75
3308.75
3341.8
3374.85
3407.9
3440.95
3474
3507
3540.05
3573.1
3606.15
3639.2
3672.25
3705.25
3738.3
3771.35
3804.4
3837.45
3870.5
3903.5
3936.55
3969.6
4002.65
4035.7
4068.75
4101.75
4134.8
4167.85
4200.9
4233.95
4267
4300
4333.05
4366.1
4399.15
4432.2
4465.25
4498.25
4531.3
4564.35
4597.4
4630.45
4663.5
4696.5
4729.55
4762.6
4795.65
4828.7
4861.75
4894.75
4927.8
4960.85
4993.9
5026.95
5060
5093
5126.05
5159.1
5192.15
5225.2
5258.25
5291.25
5324.3
5357.35
5390.4
5423.45
5456.5
5489.5
5522.55
5555.6
5588.65
5621.7
5654.75
5687.75
5720.8
5753.85
5786.9
5819.95
5852.95
5886
5919.05
5952.1
5985.15
6018.2
6051.2
6084.25
6117.3
6150.35
6183.4
6216.45
6249.45
6282.5
6315.55
6348.6
6381.65
6414.7
6447.7
6480.75
6513.8
6546.85
6579.9
6612.95
6645.95
6679
6712.05
6745.1
6778.15
6811.2
6844.2
6877.25
6910.3
6943.35
6976.4
