40.5
87.55
134.6
181.65
228.7
275.75
322.75
369.8
416.85
463.9
510.95
545.6
579.7
613.7
647.75
681.8
715.85
749.9
784
818.05
852.15
886.25
920.35
954.45
988.55
1022.65
1056.75
1090.85
1125
1159.1
1193.2
1227.35
1261.45
1295.55
1329.7
1363.8
1397.95
1432.05
1466.2
1500.3
1534.45
1568.55
1602.7
1636.8
1670.95
1705.05
1739.2
1773.3
1807.45
1841.6
1875.7
1909.85
1943.95
1978.1
2012.2
2046.35
2080.45
2114.6
2148.7
2182.85
2217
2251.1
2285.25
2319.35
2353.5
2387.6
2421.75
2455.85
2490
2524.15
2558.25
2592.4
2626.5
2660.65
2694.75
2728.9
2763
2797.15
2831.3
2865.4
2899.55
2933.65
2967.8
3001.9
3036.05
3070.15
3104.3
3138.45
3172.55
3206.7
3240.8
3274.95
3309.05
3343.2
3377.3
3411.45
3445.6
3479.7
3513.85
3547.95
3582.1
3616.2
3650.35
3684.45
3718.6
3752.75
3786.85
3821
3855.1
3889.25
3923.35
3957.5
3991.6
4025.75
4059.85
4094
4128.15
4162.25
4196.4
4230.5
4264.65
4298.75
4332.9
4367
4401.15
4435.3
4469.4
4503.55
4537.65
4571.8
4605.9
4640.05
4674.15
4708.3
4742.45
4776.55
4810.7
4844.8
4878.95
4913.05
4947.2
4981.3
5015.45
5049.6
5083.7
5117.85
5151.95
5186.1
5220.2
5254.35
5288.45
5322.6
5356.75
5390.85
5425
5459.1
5493.25
5527.35
5561.5
5595.6
5629.75
5663.9
5698
5732.15
5766.25
5800.4
5834.5
5868.65
5902.75
5936.9
5971.05
6005.15
6039.3
6073.4
6107.55
6141.65
6175.8
6209.9
6244.05
6278.2
6312.3
6346.45
6380.55
6414.7
6448.8
6482.95
6517.05
6551.2
6585.35
6619.45
6653.6
6687.7
6721.85
6755.95
6790.1
6824.2
6858.35
6892.5
6926.6
6960.75
6994.85
-1000
25.6
67.65
112.55
158.35
204.5
250.75
297
343.05
388.5
431.1
462.1
496.85
538.45
576.05
611.7
646.55
681
715.4
749.6
783.65
817.7
851.85
885.85
919.95
954.05
988.15
1022.25
1056.4
1090.55
1124.6
1158.7
1192.85
1227
1261.05
1295.25
1329.3
1363.45
1397.6
1431.65
1465.85
1499.9
1534.1
1568.15
1602.35
1636.4
1670.6
1704.65
1738.85
1772.95
1807.1
1841.2
1875.35
1909.5
1943.55
1977.75
2011.8
2046
2080.05
2114.25
2148.3
2182.5
2216.6
2250.75
2284.9
2318.95
2353.15
2387.2
2421.4
2455.45
2489.65
2523.75
2557.9
2592.05
2626.1
2660.3
2694.35
2728.55
2762.6
2796.8
2830.9
2865.05
2899.2
2933.25
2967.45
3001.5
3035.7
3069.75
3103.95
3138.05
3172.2
3206.35
3240.4
3274.6
3308.65
3342.85
3376.9
3411.1
3445.2
3479.35
3513.5
3547.55
3581.75
3615.8
3650
3684.05
3718.25
3752.35
3786.5
3820.65
3854.7
3888.9
3922.95
3957.15
3991.2
4025.4
4059.5
4093.65
4127.75
4161.9
4196.05
4230.1
4264.3
4298.35
4332.55
4366.65
4400.8
4434.9
4469.05
4503.2
4537.25
4571.45
4605.5
4639.7
4673.8
4707.95
4742.05
4776.2
4810.35
4844.4
4878.6
4912.65
4946.85
4980.9
5015.1
5049.2
5083.35
5117.5
5151.55
5185.75
5219.8
5254
5288.05
5322.25
5356.35
5390.5
5424.65
5458.7
5492.9
5526.95
5561.15
5595.2
5629.4
5663.5
5697.65
5731.8
5765.85
5800.05
5834.1
5868.3
5902.35
5936.55
5970.65
6004.8
6038.95
6073
6107.2
6141.25
6175.45
6209.5
6243.7
6277.8
6311.95
6346.1
6380.15
6414.35
6448.4
6482.6
6516.65
6550.85
6584.95
6619.1
6653.25
6687.3
6721.5
6755.55
6789.75
6823.8
6858
6892.1
6926.25
6960.4
