35.75
77.7
119.65
161.65
203.6
245.6
287.55
329.5
371.5
413.45
455.45
497.4
530.75
563.7
596.6
629.5
662.45
695.35
728.3
761.25
794.2
827.15
860.1
893.05
926
958.95
991.95
1024.9
1057.85
1090.85
1123.8
1156.8
1189.75
1222.75
1255.7
1288.65
1321.65
1354.6
1387.6
1420.55
1453.55
1486.55
1519.5
1552.5
1585.45
1618.45
1651.4
1684.4
1717.35
1750.35
1783.3
1816.3
1849.3
1882.25
1915.25
1948.2
1981.2
2014.15
2047.15
2080.1
2113.1
2146.05
2179.05
2212.05
2245
2278
2310.95
2343.95
2376.9
2409.9
2442.9
2475.85
2508.85
2541.8
2574.8
2607.75
2640.75
2673.7
2706.7
2739.7
2772.65
2805.65
2838.6
2871.6
2904.55
2937.55
2970.5
3003.5
3036.5
3069.45
3102.45
3135.4
3168.4
3201.35
3234.35
3267.35
3300.3
3333.3
3366.25
3399.25
3432.2
3465.2
3498.15
3531.15
3564.15
3597.1
3630.1
3663.05
3696.05
3729
3762
3795
3827.95
3860.95
3893.9
3926.9
3959.85
3992.85
4025.85
4058.8
4091.8
4124.75
4157.75
4190.7
4223.7
4256.65
4289.65
4322.65
4355.6
4388.6
4421.55
4454.55
4487.5
4520.5
4553.45
4586.45
4619.45
4652.4
4685.4
4718.35
4751.35
4784.3
4817.3
4850.25
4883.25
4916.25
4949.2
4982.2
5015.15
5048.15
5081.1
5114.1
5147.1
5180.05
5213.05
5246
5279
5311.95
5344.95
5377.9
5410.9
5443.9
5476.85
5509.85
5542.8
5575.8
5608.75
5641.75
5674.75
5707.7
5740.7
5773.65
5806.65
5839.6
5872.6
5905.55
5938.55
5971.55
6004.5
6037.5
6070.45
6103.45
6136.4
6169.4
6202.35
6235.35
6268.35
6301.3
6334.3
6367.25
6400.25
6433.2
6466.2
6499.2
6532.15
6565.15
6598.1
6631.1
6664.05
6697.05
6730
6763
6796
6828.95
6861.95
6894.9
6927.9
6960.85
6993.85
-1000
25.6
62.2
100.8
140.55
180.7
220.8
260.3
297.2
328.15
361.4
398
436.7
476.45
516.4
554.55
590.75
625.55
659.7
693.45
726.9
760.15
793.35
826.5
859.65
892.7
925.7
958.65
991.6
1024.55
1057.55
1090.5
1123.45
1156.45
1189.4
1222.4
1255.35
1288.3
1321.3
1354.25
1387.25
1420.2
1453.2
1486.15
1519.15
1552.15
1585.1
1618.1
1651.05
1684.05
1717
1750
1782.95
1815.95
1848.9
1881.9
1914.85
1947.85
1980.85
2013.8
2046.8
2079.75
2112.75
2145.7
2178.7
2211.65
2244.65
2277.65
2310.6
2343.6
2376.55
2409.55
2442.5
2475.5
2508.5
2541.45
2574.45
2607.4
2640.4
2673.35
2706.35
2739.3
2772.3
2805.3
2838.25
2871.25
2904.2
2937.2
2970.15
3003.15
3036.1
3069.1
3102.1
3135.05
3168.05
3201
3234
3266.95
3299.95
3332.95
3365.9
3398.9
3431.85
3464.85
3497.8
3530.8
3563.75
3596.75
3629.75
3662.7
3695.7
3728.65
3761.65
3794.6
3827.6
3860.6
3893.55
3926.55
3959.5
3992.5
4025.45
4058.45
4091.4
4124.4
4157.4
4190.35
4223.35
4256.3
4289.3
4322.25
4355.25
4388.25
4421.2
4454.2
4487.15
4520.15
4553.1
4586.1
4619.05
4652.05
4685.05
4718
4751
4783.95
4816.95
4849.9
4882.9
4915.85
4948.85
4981.85
5014.8
5047.8
5080.75
5113.75
5146.7
5179.7
5212.7
5245.65
5278.65
5311.6
5344.6
5377.55
5410.55
5443.5
5476.5
5509.5
5542.45
5575.45
5608.4
5641.4
5674.35
5707.35
5740.35
5773.3
5806.3
5839.25
5872.25
5905.2
5938.2
5971.15
6004.15
6037.15
6070.1
6103.1
6136.05
6169.05
6202
6235
6267.95
6300.95
6333.95
6366.9
6399.9
6432.85
6465.85
6498.8
6531.8
6564.8
6597.75
6630.75
6663.7
6696.7
6729.65
6762.65
6795.6
6828.6
6861.6
6894.55
6927.55
6960.5
