25.6
56.65
87.7
118.75
149.75
180.8
211.85
242.9
273.9
304.95
336
367.05
398.05
429.1
460.15
491.2
522.2
553.25
584.3
615.35
646.35
677.4
708.45
739.5
770.5
801.55
832.6
863.65
894.65
925.7
956.75
987.8
1018.85
1049.85
1080.9
1111.95
1143
1174
1205.05
1236.1
1267.15
1298.15
1329.2
1360.25
1391.3
1422.3
1453.35
1484.4
1515.45
1546.45
1577.5
1608.55
1639.6
1670.6
1701.65
1732.7
1763.75
1794.75
1825.8
1856.85
1887.9
1918.95
1949.95
1981
2012.05
2043.1
2074.1
2105.15
2136.2
2167.25
2198.25
2229.3
2260.35
2291.4
2322.4
2353.45
2384.5
2415.55
2446.55
2477.6
2508.65
2539.7
2570.7
2601.75
2632.8
2663.85
2694.85
2725.9
2756.95
2788
2819
2850.05
2881.1
2912.15
2943.2
2974.2
3005.25
3036.3
3067.35
3098.35
3129.4
3160.45
3191.5
3222.5
3253.55
3284.6
3315.65
3346.65
3377.7
3408.75
3439.8
3470.8
3501.85
3532.9
3563.95
3594.95
3626
3657.05
3688.1
3719.1
3750.15
3781.2
3812.25
3843.3
3874.3
3905.35
3936.4
3967.45
3998.45
4029.5
4060.55
4091.6
4122.6
4153.65
4184.7
4215.75
4246.75
4277.8
4308.85
4339.9
4370.9
4401.95
4433
4464.05
4495.05
4526.1
4557.15
4588.2
4619.2
4650.25
4681.3
4712.35
4743.35
4774.4
4805.45
4836.5
4867.55
4898.55
4929.6
4960.65
4991.7
5022.7
5053.75
5084.8
5115.85
5146.85
5177.9
5208.95
5240
5271
5302.05
5333.1
5364.15
5395.15
5426.2
5457.25
5488.3
5519.3
5550.35
5581.4
5612.45
5643.45
5674.5
5705.55
5736.6
5767.65
5798.65
5829.7
5860.75
5891.8
5922.8
5953.85
5984.9
6015.95
6046.95
6078
6109.05
-1000
25.6
59.05
92.05
128.7
168.75
206.05
240.9
274.4
307.35
340.3
376.85
416.9
454.35
489.15
522.65
555.65
588.4
624.6
664.65
702.35
737.25
770.8
803.9
836.7
872.85
912.9
950.6
985.55
1019.1
1052.2
1085
1121.15
1161.2
1198.9
1233.9
1267.45
1300.5
1333.35
1369.4
1409.4
1447.15
1482.15
1515.7
1548.8
1581.65
1617.65
1657.7
1695.45
1730.45
1764
1797.1
1829.95
1865.95
1906
1943.75
1978.75
2012.3
2045.4
2078.25
2114.25
2154.3
2192.05
2227.05
2260.65
2293.7
2326.55
2362.75
2402.6
2440.35
2475.35
2508.95
2542.05
2574.95
2611.3
2651.2
2688.8
2723.75
2757.3
2790.35
2823.25
2859.65
2899.55
2937.15
2972.1
3005.6
3038.65
3071.55
3107.95
3148
3185.55
3220.45
3253.95
3286.95
3319.9
3356.35
3396.4
3433.8
3468.75
3502.25
3535.25
3568.2
3604.65
3644.7
3682.1
3717.05
3750.55
3783.55
3816.5
3852.95
3893
3930.4
3965.35
3998.85
4031.85
4064.8
4101.25
4141.3
4178.85
4213.7
4247.2
4280.2
4312.95
4349.15
4389.2
4426.9
4461.8
4495.35
4528.45
4561.25
4597.4
4637.45
4675.15
4710.1
4743.65
4776.75
4809.55
4845.7
4885.75
4923.45
4958.4
4991.95
5025.05
5057.9
5094.2
5134.25
5171.85
5206.8
5240.3
5273.35
5306.2
5342.2
5382.25
5420
5455
5488.55
5521.65
5554.5
5590.5
5630.55
5668.3
5703.3
5736.85
5769.95
5802.8
5838.8
5878.85
5916.6
5951.6
5985.15
6018.25
6051.1
6087.3
6127.15
6164.9
6199.9
6233.45
6266.6
6299.5
6335.85
6375.75
6413.35
6448.3
6481.85
6514.9
6547.8
6584.2
6624.1
6661.7
6696.65
6730.15
6763.2
6796.1
6832.5
6872.4
6910
6944.95
6978.45
