33.55
73.15
112.75
152.35
192
231.6
271.2
310.85
350.45
390.05
429.7
469.3
508.9
542.8
576.35
609.85
643.35
676.85
710.4
743.9
777.45
810.95
844.5
878.05
911.55
945.1
978.65
1012.15
1045.7
1079.25
1112.8
1146.3
1179.85
1213.4
1246.95
1280.45
1314
1347.55
1381.1
1414.65
1448.2
1481.7
1515.25
1548.8
1582.35
1615.9
1649.45
1682.95
1716.5
1750.05
1783.6
1817.15
1850.7
1884.2
1917.75
1951.3
1984.85
2018.4
2051.95
2085.35
2118.75
2152.15
2185.55
2218.95
2252.35
2285.75
2319.15
2352.55
2385.95
2419.35
2452.75
2486.2
2519.6
2553
2586.4
2619.8
2653.2
2686.6
2720
2753.4
2786.8
2820.2
2853.6
2887
2920.4
2953.85
2987.25
3020.65
3054.05
3087.45
3120.85
3154.25
3187.65
3221.05
3254.45
3287.85
3321.25
3354.65
3388.05
3421.5
3454.9
3488.3
3521.7
3555.1
3588.5
3621.9
3655.3
3688.7
3722.1
3755.5
3788.9
3822.3
3855.7
3889.15
3922.55
3955.95
3989.35
4022.75
4056.15
4089.55
4122.95
4156.35
4189.75
4223.15
4256.55
4289.95
4323.35
4356.8
4390.2
4423.6
4457
4490.4
4523.8
4557.2
4590.6
4624
4657.4
4690.8
4724.2
4757.6
4791
4824.45
4857.85
4891.25
4924.65
4958.05
4991.45
5024.85
5058.25
5091.65
5125.05
5158.45
5191.85
5225.25
5258.65
5292.1
5325.5
5358.9
5392.3
5425.7
5459.1
5492.5
5525.9
5559.3
5592.7
5626.1
5659.5
5692.9
5726.3
5759.75
5793.15
5826.55
5859.95
5893.35
5926.75
5960.15
5993.55
6026.95
6060.35
6093.75
6127.15
6160.55
6193.95
6227.4
6260.8
6294.2
6327.6
6361
6394.4
6427.8
6461.2
6494.6
6528
6561.4
6594.8
6628.2
6661.6
6695.05
6728.45
6761.85
6795.25
6828.65
6862.05
6895.45
6928.85
6962.25
6995.65
-1000
25.6
62.15
100.2
139
178.2
217.55
256.95
296.55
336.15
375.65
415.3
454.95
494.6
534.2
571
606.35
640.9
675
708.9
742.65
776.35
810
843.65
877.25
910.85
944.45
978
1011.55
1045.15
1078.65
1112.2
1145.75
1179.3
1212.8
1246.35
1279.9
1313.45
1347
1380.5
1414.05
1447.6
1481.15
1514.7
1548.25
1581.75
1615.3
1648.85
1682.4
1715.95
1749.5
1783
1816.55
1850.1
1883.65
1917.2
1950.75
1984.25
2017.8
2051.35
2084.9
2118.35
2151.75
2185.2
2218.6
2252
2285.4
2318.8
2352.2
2385.6
2419
2452.4
2485.8
2519.2
2552.6
2586
2619.4
2652.8
2686.2
2719.6
2753.05
2786.45
2819.85
2853.25
2886.65
2920.05
2953.45
2986.85
3020.25
3053.65
3087.05
3120.45
3153.85
3187.25
3220.7
3254.1
3287.5
3320.9
3354.3
3387.7
3421.1
3454.5
3487.9
3521.3
3554.7
3588.1
3621.5
3654.9
3688.35
3721.75
3755.15
3788.55
3821.95
3855.35
3888.75
3922.15
3955.55
3988.95
4022.35
4055.75
4089.15
4122.55
4156
4189.4
4222.8
4256.2
4289.6
4323
4356.4
4389.8
4423.2
4456.6
4490
4523.4
4556.8
4590.2
4623.65
4657.05
4690.45
4723.85
4757.25
4790.65
4824.05
4857.45
4890.85
4924.25
4957.65
4991.05
5024.45
5057.85
5091.3
5124.7
5158.1
5191.5
5224.9
5258.3
5291.7
5325.1
5358.5
5391.9
5425.3
5458.7
5492.1
5525.55
5558.95
5592.35
5625.75
5659.15
5692.55
5725.95
5759.35
5792.75
5826.15
5859.55
5892.95
5926.35
5959.75
5993.2
6026.6
6060
6093.4
6126.8
6160.2
6193.6
6227
6260.4
6293.8
6327.2
6360.6
6394
6427.4
6460.85
6494.25
6527.65
6561.05
6594.45
6627.85
6661.25
6694.65
6728.05
6761.45
6794.85
6828.25
6861.65
6895.05
6928.5
6961.9
6995.3
