47.05
100.95
154.9
208.85
262.75
316.7
370.65
424.55
478.5
532.45
566.3
599.4
632.45
665.5
698.6
731.7
764.8
797.95
831.1
864.3
897.45
930.65
963.9
997.1
1030.3
1063.55
1096.75
1130
1163.25
1196.5
1229.75
1263
1296.25
1329.5
1362.75
1396
1429.25
1462.55
1495.8
1529.05
1562.3
1595.6
1628.85
1662.1
1695.35
1728.65
1761.9
1795.15
1828.45
1861.7
1894.95
1928.25
1961.5
1994.8
2028.05
2061.3
2094.6
2127.85
2161.1
2194.4
2227.65
2260.9
2294.2
2327.45
2360.7
2394
2427.25
2460.5
2493.8
2527.05
2560.3
2593.6
2626.85
2660.15
2693.4
2726.65
2759.95
2793.2
2826.45
2859.75
2893
2926.25
2959.55
2992.8
3026.05
3059.35
3092.6
3125.85
3159.15
3192.4
3225.7
3258.95
3292.2
3325.5
3358.75
3392
3425.3
3458.55
3491.8
3525.1
3558.35
3591.6
3624.9
3658.15
3691.45
3724.7
3757.95
3791.25
3824.5
3857.75
3891.05
3924.3
3957.6
3990.85
4024.1
4057.4
4090.65
4123.9
4157.2
4190.45
4223.7
4257
4290.25
4323.5
4356.8
4390.05
4423.35
4456.6
4489.85
4523.15
4556.4
4589.65
4622.95
4656.2
4689.45
4722.75
4756
4789.3
4822.55
4855.8
4889.1
4922.35
4955.6
4988.9
5022.15
5055.4
5088.7
5121.95
5155.2
5188.5
5221.75
5255.05
5288.3
5321.55
5354.85
5388.1
5421.35
5454.65
5487.9
5521.2
5554.45
5587.7
5621
5654.25
5687.5
5720.8
5754.05
5787.3
5820.6
5853.85
5887.1
5920.4
5953.65
5986.9
6020.2
6053.45
6086.75
6120
6153.25
6186.55
6219.8
6253.05
6286.35
6319.6
6352.85
6386.15
6419.4
6452.7
6485.95
6519.2
6552.5
6585.75
6619
6652.3
6685.55
6718.8
6752.1
6785.35
6818.65
6851.9
6885.15
6918.45
6951.7
6984.95
-1000
25.6
66.8
97.85
132
173
204.05
238.85
279.95
310.95
346.1
387
418
453.55
494
525.05
560.95
595.95
630.15
663.95
697.5
730.95
764.3
797.65
830.75
863.95
897.1
930.3
963.5
996.7
1029.9
1063.15
1096.35
1129.6
1162.85
1196.05
1229.3
1262.55
1295.8
1329.05
1362.3
1395.6
1428.85
1462.1
1495.35
1528.6
1561.9
1595.15
1628.4
1661.65
1694.95
1728.2
1761.45
1794.75
1828
1861.25
1894.55
1927.8
1961.05
1994.35
2027.6
2060.85
2094.15
2127.4
2160.65
2193.95
2227.2
2260.45
2293.75
2327
2360.25
2393.55
2426.8
2460.05
2493.35
2526.6
2559.85
2593.15
2626.4
2659.7
2692.95
2726.2
2759.5
2792.75
2826
2859.3
2892.55
2925.8
2959.1
2992.35
3025.6
3058.9
3092.15
3125.45
3158.7
3191.95
3225.25
3258.5
3291.75
3325.05
3358.3
3391.55
3424.85
3458.1
3491.35
3524.65
3557.9
3591.2
3624.45
3657.7
3691
3724.25
3757.5
3790.8
3824.05
3857.35
3890.6
3923.85
3957.15
3990.4
4023.65
4056.95
4090.2
4123.45
4156.75
4190
4223.25
4256.55
4289.8
4323.1
4356.35
4389.6
4422.9
4456.15
4489.4
4522.7
4555.95
4589.2
4622.5
4655.75
4689.05
4722.3
4755.55
4788.85
4822.1
4855.35
4888.65
4921.9
4955.15
4988.45
5021.7
5054.95
5088.25
5121.5
5154.8
5188.05
5221.3
5254.6
5287.85
5321.1
5354.4
5387.65
5420.9
5454.2
5487.45
5520.75
5554
5587.25
5620.55
5653.8
5687.05
5720.35
5753.6
5786.85
5820.15
5853.4
5886.65
5919.95
5953.2
5986.5
6019.75
6053
6086.3
6119.55
6152.8
6186.1
6219.35
6252.6
6285.9
6319.15
6352.45
6385.7
6418.95
6452.25
6485.5
6518.75
6552.05
6585.3
6618.55
6651.85
6685.1
6718.4
6751.65
6784.9
6818.2
