56.7
120.65
184.65
248.65
312.65
376.6
440.6
504.6
538.05
570.4
602.6
634.85
667.1
699.45
731.75
764.15
796.55
828.95
861.4
893.85
926.3
958.8
991.3
1023.8
1056.3
1088.85
1121.35
1153.9
1186.45
1219
1251.55
1284.1
1316.65
1349.2
1381.75
1414.3
1446.85
1479.45
1512
1544.55
1577.15
1609.7
1642.25
1674.85
1707.4
1740
1772.55
1805.1
1837.7
1870.25
1902.85
1935.4
1968
2000.55
2033.15
2065.7
2098.3
2130.85
2163.4
2196
2228.55
2261.15
2293.7
2326.3
2358.85
2391.45
2424
2456.6
2489.15
2521.75
2554.3
2586.9
2619.45
2652.05
2684.6
2717.15
2749.75
2782.3
2814.9
2847.45
2880.05
2912.6
2945.2
2977.75
3010.35
3042.9
3075.5
3108.05
3140.65
3173.2
3205.8
3238.35
3270.95
3303.5
3336.1
3368.65
3401.25
3433.8
3466.35
3498.95
3531.5
3564.1
3596.65
3629.25
3661.8
3694.4
3726.95
3759.55
3792.1
3824.7
3857.25
3889.85
3922.4
3955
3987.55
4020.15
4052.7
4085.3
4117.85
4150.45
4183
4215.55
4248.15
4280.7
4313.3
4345.85
4378.45
4411
4443.6
4476.15
4508.75
4541.3
4573.9
4606.45
4639.05
4671.6
4704.2
4736.75
4769.35
4801.9
4834.5
4867.05
4899.6
4932.2
4964.75
4997.35
5029.9
5062.5
5095.05
5127.65
5160.2
5192.8
5225.35
5257.95
5290.5
5323.1
5355.65
5388.25
5420.8
5453.4
5485.95
5518.55
5551.1
5583.7
5616.25
5648.8
5681.4
5713.95
5746.55
5779.1
5811.7
5844.25
5876.85
5909.4
5942
5974.55
6007.15
6039.7
6072.3
6104.85
6137.45
6170
6202.6
6235.15
6267.75
6300.3
6332.9
6365.45
6398
6430.6
6463.15
6495.75
6528.3
6560.9
6593.45
6626.05
6658.6
6691.2
6723.75
6756.35
6788.9
6821.5
6854.05
6886.65
6919.2
6951.8
6984.35
-1000
25.6
56.65
88.85
119.85
152.6
183.6
216.35
247.4
280.15
311.15
344
375
407.85
438.9
471.75
502.8
535.65
568.65
601.5
634.25
666.9
699.3
731.6
763.95
796.3
828.7
861.15
893.6
926.05
958.5
991
1023.5
1056
1088.5
1121
1153.55
1186.1
1218.6
1251.15
1283.7
1316.25
1348.8
1381.4
1413.95
1446.5
1479.05
1511.6
1544.2
1576.75
1609.3
1641.9
1674.45
1707
1739.6
1772.15
1804.75
1837.3
1869.85
1902.45
1935
1967.6
2000.15
2032.75
2065.3
2097.9
2130.45
2163.05
2195.6
2228.15
2260.75
2293.3
2325.9
2358.45
2391.05
2423.6
2456.2
2488.75
2521.35
2553.9
2586.5
2619.05
2651.65
2684.2
2716.8
2749.35
2781.95
2814.5
2847.05
2879.65
2912.2
2944.8
2977.35
3009.95
3042.5
3075.1
3107.65
3140.25
3172.8
3205.4
3237.95
3270.55
3303.1
3335.7
3368.25
3400.85
3433.4
3466
3498.55
3531.1
3563.7
3596.25
3628.85
3661.4
3694
3726.55
3759.15
3791.7
3824.3
3856.85
3889.45
3922
3954.6
3987.15
4019.75
4052.3
4084.9
4117.45
4150.05
4182.6
4215.2
4247.75
4280.3
4312.9
4345.45
4378.05
4410.6
4443.2
4475.75
4508.35
4540.9
4573.5
4606.05
4638.65
4671.2
4703.8
4736.35
4768.95
4801.5
4834.1
4866.65
4899.25
4931.8
4964.4
4996.95
5029.5
5062.1
5094.65
5127.25
5159.8
5192.4
5224.95
5257.55
5290.1
5322.7
5355.25
5387.85
5420.4
5453
5485.55
5518.15
5550.7
5583.3
5615.85
5648.45
5681
5713.55
5746.15
5778.7
5811.3
5843.85
5876.45
5909
5941.6
5974.15
6006.75
6039.3
6071.9
6104.45
6137.05
6169.6
6202.2
6234.75
6267.35
6299.9
6332.5
6365.05
6397.65
6430.2
6462.75
6495.35
6527.9
6560.5
6593.05
6625.65
6658.2
6690.8
6723.35
