56.7
120.65
184.65
248.65
312.65
376.6
440.6
504.6
539.4
573.15
606.85
640.5
674.2
707.95
741.75
775.55
809.35
843.2
877.05
910.95
944.8
978.7
1012.6
1046.55
1080.45
1114.4
1148.3
1182.25
1216.2
1250.15
1284.1
1318.05
1352
1385.95
1419.9
1453.85
1487.8
1521.75
1555.75
1589.7
1623.65
1657.6
1691.6
1725.55
1759.5
1793.5
1827.45
1861.4
1895.4
1929.35
1963.3
1997.3
2031.25
2065.2
2099.2
2133.15
2167.1
2201.1
2235.05
2269
2303
2336.95
2370.9
2404.9
2438.85
2472.85
2506.8
2540.75
2574.75
2608.7
2642.65
2676.65
2710.6
2744.55
2778.55
2812.5
2846.45
2880.45
2914.4
2948.4
2982.35
3016.3
3050.3
3084.25
3118.2
3152.2
3186.15
3220.1
3254.1
3288.05
3322
3356
3389.95
3423.95
3457.9
3491.85
3525.85
3559.8
3593.75
3627.75
3661.7
3695.65
3729.65
3763.6
3797.6
3831.55
3865.5
3899.5
3933.45
3967.4
4001.4
4035.35
4069.3
4103.3
4137.25
4171.2
4205.2
4239.15
4273.15
4307.1
4341.05
4375.05
4409
4442.95
4476.95
4510.9
4544.85
4578.85
4612.8
4646.8
4680.75
4714.7
4748.7
4782.65
4816.6
4850.6
4884.55
4918.5
4952.5
4986.45
5020.4
5054.4
5088.35
5122.35
5156.3
5190.25
5224.25
5258.2
5292.15
5326.15
5360.1
5394.05
5428.05
5462
5495.95
5529.95
5563.9
5597.9
5631.85
5665.8
5699.8
5733.75
5767.7
5801.7
5835.65
5869.6
5903.6
5937.55
5971.55
6005.5
6039.45
6073.45
6107.4
6141.35
6175.35
6209.3
6243.25
6277.25
6311.2
6345.15
6379.15
6413.1
6447.1
6481.05
6515
6549
6582.95
6616.9
6650.9
6684.85
6718.8
6752.8
6786.75
6820.75
6854.7
6888.65
6922.65
6956.6
6990.55
-1000
25.6
56.65
89.95
121
153.75
184.8
217.85
248.9
281.75
312.8
345.8
376.85
409.75
440.8
473.8
504.8
537.7
572.15
606.4
640.4
673.9
707.8
741.4
775.3
809.05
842.95
876.7
910.65
944.45
978.4
1012.3
1046.2
1080.1
1114
1147.95
1181.9
1215.8
1249.75
1283.7
1317.65
1351.6
1385.55
1419.5
1453.45
1487.45
1521.4
1555.35
1589.3
1623.25
1657.25
1691.2
1725.15
1759.15
1793.1
1827.05
1861
1895
1928.95
1962.9
1996.9
2030.85
2064.8
2098.8
2132.75
2166.75
2200.7
2234.65
2268.65
2302.6
2336.55
2370.55
2404.5
2438.45
2472.45
2506.4
2540.35
2574.35
2608.3
2642.25
2676.25
2710.2
2744.2
2778.15
2812.1
2846.1
2880.05
2914
2948
2981.95
3015.9
3049.9
3083.85
3117.8
3151.8
3185.75
3219.75
3253.7
3287.65
3321.65
3355.6
3389.55
3423.55
3457.5
3491.45
3525.45
3559.4
3593.4
3627.35
3661.3
3695.3
3729.25
3763.2
3797.2
3831.15
3865.1
3899.1
3933.05
3967
4001
4034.95
4068.95
4102.9
4136.85
4170.85
4204.8
4238.75
4272.75
4306.7
4340.65
4374.65
4408.6
4442.55
4476.55
4510.5
4544.5
4578.45
4612.4
4646.4
4680.35
4714.3
4748.3
4782.25
4816.2
4850.2
4884.15
4918.15
4952.1
4986.05
5020.05
5054
5087.95
5121.95
5155.9
5189.85
5223.85
5257.8
5291.75
5325.75
5359.7
5393.7
5427.65
5461.6
5495.6
5529.55
5563.5
5597.5
5631.45
5665.4
5699.4
5733.35
5767.35
5801.3
5835.25
5869.25
5903.2
5937.15
5971.15
6005.1
6039.05
6073.05
6107
6140.95
6174.95
6208.9
6242.9
6276.85
6310.8
6344.8
6378.75
6412.7
6446.7
6480.65
6514.6
6548.6
6582.55
6616.5
6650.5
6684.45
6718.45
