29.95
65.65
101.4
137.15
172.85
208.6
244.35
280.1
315.8
351.55
387.3
423.05
458.75
494.5
526.25
557.8
589.35
620.9
652.45
684
715.55
747.15
778.7
810.25
841.8
873.35
904.95
936.5
968.05
999.6
1031.2
1062.75
1094.3
1125.9
1157.45
1189
1220.55
1252.15
1283.7
1315.25
1346.85
1378.4
1409.95
1441.55
1473.1
1504.65
1536.25
1567.8
1599.35
1630.95
1662.5
1694.05
1725.65
1757.2
1788.75
1820.35
1851.9
1883.45
1915.05
1946.6
1978.15
2009.75
2041.3
2072.75
2104.2
2135.65
2167.1
2198.55
2230
2261.45
2292.9
2324.35
2355.8
2387.2
2418.65
2450.1
2481.55
2513
2544.45
2575.9
2607.35
2638.8
2670.25
2701.7
2733.15
2764.55
2796
2827.45
2858.9
2890.35
2921.8
2953.25
2984.7
3016.15
3047.6
3079.05
3110.5
3141.95
3173.35
3204.8
3236.25
3267.7
3299.15
3330.6
3362.05
3393.5
3424.95
3456.4
3487.85
3519.3
3550.75
3582.15
3613.6
3645.05
3676.5
3707.95
3739.4
3770.85
3802.3
3833.75
3865.2
3896.65
3928.1
3959.55
3990.95
4022.4
4053.85
4085.3
4116.75
4148.2
4179.65
4211.1
4242.55
4274
4305.45
4336.9
4368.35
4399.75
4431.2
4462.65
4494.1
4525.55
4557
4588.45
4619.9
4651.35
4682.8
4714.25
4745.7
4777.15
4808.55
4840
4871.45
4902.9
4934.35
4965.8
4997.25
5028.7
5060.15
5091.6
5123.05
5154.5
5185.95
5217.35
5248.8
5280.25
5311.7
5343.15
5374.6
5406.05
5437.5
5468.95
5500.4
5531.85
5563.3
5594.75
5626.15
5657.6
5689.05
5720.5
5751.95
5783.4
5814.85
5846.3
5877.75
5909.2
5940.65
5972.1
6003.55
6034.95
6066.4
6097.85
6129.3
6160.75
6192.2
6223.65
6255.1
6286.55
6318
6349.45
6380.9
6412.35
6443.75
6475.2
6506.65
6538.1
6569.55
6601
6632.45
6663.9
6695.35
6726.8
6758.25
6789.7
6821.15
6852.55
6884
6915.45
6946.9
6978.35
-1000
25.6
57.6
90.05
122.8
155.95
189.25
222.55
255.65
288.35
320.15
351.05
382.65
414.7
447.15
480
513.1
546.1
579
611.7
644.25
676.7
709.05
741.3
773.45
805.55
837.55
869.55
901.45
933.35
965.2
997
1028.8
1060.55
1092.3
1124.05
1155.75
1187.45
1219.15
1250.8
1282.5
1314.15
1345.8
1377.45
1409.1
1440.75
1472.4
1504.05
1535.65
1567.3
1598.9
1630.55
1662.15
1693.7
1725.3
1756.85
1788.45
1820
1851.6
1883.15
1914.75
1946.3
1977.85
2009.45
2041
2072.55
2104.1
2135.6
2167.05
2198.5
2229.95
2261.4
2292.85
2324.3
2355.75
2387.2
2418.65
2450.1
2481.55
2513
2544.4
2575.85
2607.3
2638.75
2670.2
2701.65
2733.1
2764.55
2796
2827.45
2858.9
2890.35
2921.8
2953.2
2984.65
3016.1
3047.55
3079
3110.45
3141.9
3173.35
3204.8
3236.25
3267.7
3299.15
3330.55
3362
3393.45
3424.9
3456.35
3487.8
3519.25
3550.7
3582.15
3613.6
3645.05
3676.5
3707.95
3739.35
3770.8
3802.25
3833.7
3865.15
3896.6
3928.05
3959.5
3990.95
4022.4
4053.85
4085.3
4116.75
4148.15
4179.6
4211.05
4242.5
4273.95
4305.4
4336.85
4368.3
4399.75
4431.2
4462.65
4494.1
4525.55
4556.95
4588.4
4619.85
4651.3
4682.75
4714.2
4745.65
4777.1
4808.55
4840
4871.45
4902.9
4934.35
4965.75
4997.2
5028.65
5060.1
5091.55
5123
5154.45
5185.9
5217.35
5248.8
5280.25
5311.7
5343.15
5374.55
5406
5437.45
5468.9
5500.35
5531.8
5563.25
5594.7
5626.15
5657.6
5689.05
5720.5
5751.95
5783.35
5814.8
5846.25
5877.7
5909.15
5940.6
5972.05
6003.5
6034.95
6066.4
6097.85
6129.3
6160.75
6192.15
6223.6
6255.05
6286.5
6317.95
6349.4
6380.85
6412.3
6443.75
6475.2
6506.65
6538.1
6569.55
6600.95
6632.4
6663.85
6695.3
6726.75
6758.2
6789.65
6821.1
6852.55
6884
6915.45
6946.9
