50.65
108.4
166.15
223.85
281.6
339.3
397.05
454.8
512.5
546.95
580.45
613.95
647.4
680.95
714.45
748.05
781.6
815.2
848.85
882.45
916.1
949.75
983.4
1017.1
1050.75
1084.45
1118.15
1151.85
1185.55
1219.25
1252.95
1286.65
1320.35
1354.05
1387.75
1421.45
1455.2
1488.9
1522.6
1556.3
1590.05
1623.75
1657.5
1691.2
1724.9
1758.65
1792.35
1826.05
1859.8
1893.5
1927.25
1960.95
1994.65
2028.4
2062.1
2095.85
2129.55
2163.25
2197
2230.7
2264.45
2298.15
2331.9
2365.6
2399.3
2433.05
2466.75
2500.5
2534.2
2567.95
2601.65
2635.35
2669.1
2702.8
2736.55
2770.25
2804
2837.7
2871.4
2905.15
2938.85
2972.6
3006.3
3040.05
3073.75
3107.45
3141.2
3174.9
3208.65
3242.35
3276.1
3309.8
3343.5
3377.25
3410.95
3444.7
3478.4
3512.15
3545.85
3579.55
3613.3
3647
3680.75
3714.45
3748.2
3781.9
3815.6
3849.35
3883.05
3916.8
3950.5
3984.25
4017.95
4051.65
4085.4
4119.1
4152.85
4186.55
4220.3
4254
4287.7
4321.45
4355.15
4388.9
4422.6
4456.35
4490.05
4523.75
4557.5
4591.2
4624.95
4658.65
4692.4
4726.1
4759.8
4793.55
4827.25
4861
4894.7
4928.4
4962.15
4995.85
5029.6
5063.3
5097.05
5130.75
5164.5
5198.2
5231.9
5265.65
5299.35
5333.1
5366.8
5400.5
5434.25
5467.95
5501.7
5535.4
5569.15
5602.85
5636.55
5670.3
5704
5737.75
5771.45
5805.2
5838.9
5872.65
5906.35
5940.05
5973.8
6007.5
6041.25
6074.95
6108.65
6142.4
6176.1
6209.85
6243.55
6277.3
6311
6344.75
6378.45
6412.15
6445.9
6479.6
6513.35
6547.05
6580.75
6614.5
6648.2
6681.95
6715.65
6749.4
6783.1
6816.85
6850.55
6884.25
6918
6951.7
6985.45
-1000
25.6
69.8
100.8
137.9
178.1
209.05
250.15
281.15
315
359.3
390.35
426.95
468.25
499.3
539.5
576.6
611.85
646.3
680.35
714.3
747.75
781.4
814.95
848.6
882.15
915.85
949.45
983.15
1016.8
1050.45
1084.15
1117.8
1151.5
1185.2
1218.9
1252.6
1286.3
1320
1353.7
1387.45
1421.15
1454.85
1488.55
1522.3
1556
1589.7
1623.4
1657.2
1690.85
1724.6
1758.3
1792
1825.75
1859.45
1893.15
1926.95
1960.6
1994.35
2028.05
2061.75
2095.55
2129.2
2163
2196.65
2230.35
2264.1
2297.8
2331.6
2365.25
2399
2432.7
2466.4
2500.2
2533.85
2567.65
2601.3
2635.05
2668.75
2702.45
2736.25
2769.9
2803.7
2837.35
2871.1
2904.8
2938.5
2972.3
3005.95
3039.75
3073.4
3107.15
3140.85
3174.55
3208.35
3242
3275.8
3309.45
3343.2
3376.9
3410.6
3444.4
3478.05
3511.85
3545.5
3579.25
3612.95
3646.65
3680.45
3714.1
3747.9
3781.55
3815.3
3849
3882.7
3916.5
3950.15
3983.95
4017.6
4051.35
4085.05
4118.75
4152.55
4186.2
4220
4253.65
4287.4
4321.1
4354.8
4388.6
4422.25
4456.05
4489.7
4523.45
4557.15
4590.85
4624.65
4658.3
4692.1
4725.75
4759.5
4793.2
4826.9
4860.7
4894.35
4928.15
4961.8
4995.55
5029.25
5062.95
5096.75
5130.4
5164.2
5197.85
5231.6
5265.3
5299
5332.8
5366.45
5400.25
5433.9
5467.65
5501.35
5535.05
5568.85
5602.5
5636.3
5669.95
5703.7
5737.4
5771.1
5804.9
5838.55
5872.35
5906
5939.75
5973.45
6007.15
6040.95
6074.6
6108.4
6142.05
6175.8
6209.5
6243.2
6277
6310.65
6344.45
6378.1
6411.85
6445.55
6479.25
6513.05
6546.7
6580.5
6614.15
6647.9
6681.6
6715.3
6749.1
6782.75
6816.55
