29.55
64.85
100.15
135.5
170.8
206.1
241.4
276.75
312.05
347.35
382.7
418
453.3
488.6
523.95
558.5
593
627.5
662
696.5
731
765.5
800
834.5
869
903.55
938.05
972.55
1007.05
1041.55
1076.05
1110.55
1145.05
1179.55
1214.05
1248.6
1283.1
1317.6
1352.1
1386.6
1421.1
1455.6
1490.1
1524.6
1559.1
1593.65
1628.15
1662.65
1697.15
1731.65
1766.15
1800.65
1835.15
1869.65
1904.15
1938.7
1973.2
2007.7
2042.2
2076.6
2110.95
2145.3
2179.7
2214.05
2248.45
2282.8
2317.2
2351.55
2385.9
2420.3
2454.65
2489.05
2523.4
2557.8
2592.15
2626.5
2660.9
2695.25
2729.65
2764
2798.4
2832.75
2867.15
2901.5
2935.85
2970.25
3004.6
3039
3073.35
3107.75
3142.1
3176.45
3210.85
3245.2
3279.6
3313.95
3348.35
3382.7
3417.1
3451.45
3485.8
3520.2
3554.55
3588.95
3623.3
3657.7
3692.05
3726.4
3760.8
3795.15
3829.55
3863.9
3898.3
3932.65
3967
4001.4
4035.75
4070.15
4104.5
4138.9
4173.25
4207.65
4242
4276.35
4310.75
4345.1
4379.5
4413.85
4448.25
4482.6
4516.95
4551.35
4585.7
4620.1
4654.45
4688.85
4723.2
4757.6
4791.95
4826.3
4860.7
4895.05
4929.45
4963.8
4998.2
5032.55
5066.9
5101.3
5135.65
5170.05
5204.4
5238.8
5273.15
5307.5
5341.9
5376.25
5410.65
5445
5479.4
5513.75
5548.15
5582.5
5616.85
5651.25
5685.6
5720
5754.35
5788.75
5823.1
5857.45
5891.85
5926.2
5960.6
5994.95
6029.35
6063.7
6098.1
6132.45
6166.8
6201.2
6235.55
6269.95
6304.3
6338.7
6373.05
6407.4
6441.8
6476.15
6510.55
6544.9
6579.3
6613.65
6648
6682.4
6716.75
6751.15
6785.5
6819.9
6854.25
6888.65
6923
6957.35
6991.75
-1000
25.6
61.65
97.25
132.75
168.15
203.45
238.8
274.15
309.45
344.75
380.1
415.4
450.7
486.05
521.35
556.65
591.6
626.3
660.9
695.5
730.05
764.65
799.2
833.75
868.3
902.85
937.35
971.85
1006.4
1040.85
1075.3
1109.85
1144.4
1178.9
1213.4
1247.95
1282.45
1316.95
1351.45
1385.9
1420.4
1454.9
1489.45
1523.95
1558.45
1593
1627.5
1662
1696.5
1730.95
1765.45
1799.95
1834.5
1869
1903.5
1938.05
1972.55
2007.05
2041.55
2076
2110.5
2144.85
2179.25
2213.6
2248
2282.35
2316.75
2351.1
2385.45
2419.85
2454.2
2488.6
2522.95
2557.35
2591.7
2626.05
2660.45
2694.8
2729.2
2763.55
2797.95
2832.3
2866.7
2901.05
2935.4
2969.8
3004.15
3038.55
3072.9
3107.3
3141.65
3176
3210.4
3244.75
3279.15
3313.5
3347.9
3382.25
3416.65
3451
3485.35
3519.75
3554.1
3588.5
3622.85
3657.25
3691.6
3725.95
3760.35
3794.7
3829.1
3863.45
3897.85
3932.2
3966.55
4000.95
4035.3
4069.7
4104.05
4138.45
4172.8
4207.2
4241.55
4275.9
4310.3
4344.65
4379.05
4413.4
4447.8
4482.15
4516.5
4550.9
4585.25
4619.65
4654
4688.4
4722.75
4757.15
4791.5
4825.85
4860.25
4894.6
4929
4963.35
4997.75
5032.1
5066.45
5100.85
5135.2
5169.6
5203.95
5238.35
5272.7
5307.1
5341.45
5375.8
5410.2
5444.55
5478.95
5513.3
5547.7
5582.05
5616.4
5650.8
5685.15
5719.55
5753.9
5788.3
5822.65
5857
5891.4
5925.75
5960.15
5994.5
6028.9
6063.25
6097.65
6132
6166.35
6200.75
6235.1
6269.5
6303.85
6338.25
6372.6
6406.95
6441.35
6475.7
6510.1
6544.45
6578.85
6613.2
6647.6
6681.95
6716.3
6750.7
6785.05
6819.45
6853.8
6888.2
6922.55
6956.9
6991.3
