43.05
92.75
142.45
192.2
241.9
291.6
341.35
391.05
440.8
490.5
529.95
563.25
596.65
630.15
663.8
697.55
731.35
765.25
799.2
833.2
867.25
901.35
935.45
969.6
1003.8
1037.95
1072.2
1106.4
1140.65
1174.9
1209.15
1243.4
1277.7
1312
1346.25
1380.55
1414.85
1449.15
1483.45
1517.75
1552.05
1586.35
1620.65
1654.95
1689.25
1723.55
1757.9
1792.2
1826.5
1860.8
1895.15
1929.45
1963.75
1998.05
2032.35
2066.7
2101
2135.3
2169.6
2203.9
2238.25
2272.55
2306.85
2341.2
2375.5
2409.8
2444.1
2478.4
2512.75
2547.05
2581.35
2615.7
2650
2684.3
2718.6
2752.95
2787.25
2821.55
2855.85
2890.2
2924.5
2958.8
2993.15
3027.45
3061.75
3096.05
3130.4
3164.7
3199
3233.3
3267.65
3301.95
3336.25
3370.6
3404.9
3439.2
3473.5
3507.85
3542.15
3576.45
3610.8
3645.1
3679.4
3713.7
3748
3782.35
3816.65
3850.95
3885.3
3919.6
3953.9
3988.2
4022.55
4056.85
4091.15
4125.45
4159.8
4194.1
4228.4
4262.7
4297.05
4331.35
4365.65
4399.95
4434.3
4468.6
4502.9
4537.25
4571.55
4605.85
4640.15
4674.5
4708.8
4743.1
4777.45
4811.75
4846.05
4880.35
4914.7
4949
4983.3
5017.6
5051.95
5086.25
5120.55
5154.9
5189.2
5223.5
5257.8
5292.1
5326.45
5360.75
5395.05
5429.4
5463.7
5498
5532.3
5566.65
5600.95
5635.25
5669.6
5703.9
5738.2
5772.5
5806.8
5841.15
5875.45
5909.75
5944.1
5978.4
6012.7
6047
6081.35
6115.65
6149.95
6184.3
6218.6
6252.9
6287.2
6321.5
6355.85
6390.15
6424.45
6458.8
6493.1
6527.4
6561.7
6596.05
6630.35
6664.65
6699
6733.3
6767.6
6801.9
6836.25
6870.55
6904.85
6939.15
6973.5
-1000
25.6
69.8
116.45
163.4
205.9
236.95
273.6
318.15
365.05
412.05
454.75
485.75
522.2
560.45
595.85
630.4
663.55
697.6
731
765.25
798.75
833.1
866.85
901.15
935.05
969.4
1003.4
1037.7
1071.85
1106.1
1140.35
1174.5
1208.8
1243.1
1277.3
1311.6
1345.9
1380.2
1414.5
1448.75
1483.05
1517.35
1551.65
1585.95
1620.25
1654.55
1688.9
1723.2
1757.5
1791.8
1826.1
1860.4
1894.75
1929.05
1963.35
1997.65
2031.95
2066.3
2100.6
2134.9
2169.2
2203.55
2237.85
2272.15
2306.45
2340.8
2375.1
2409.4
2443.7
2478.05
2512.35
2546.65
2580.95
2615.3
2649.6
2683.9
2718.25
2752.55
2786.85
2821.15
2855.5
2889.8
2924.1
2958.4
2992.75
3027.05
3061.35
3095.7
3130
3164.3
3198.6
3232.95
3267.25
3301.55
3335.9
3370.2
3404.5
3438.8
3473.15
3507.45
3541.75
3576.05
3610.4
3644.7
3679
3713.3
3747.65
3781.95
3816.25
3850.55
3884.9
3919.2
3953.5
3987.8
4022.15
4056.45
4090.75
4125.05
4159.4
4193.7
4228
4262.35
4296.65
4330.95
4365.25
4399.6
4433.9
4468.2
4502.55
4536.85
4571.15
4605.45
4639.8
4674.1
4708.4
4742.7
4777.05
4811.35
4845.65
4880
4914.3
4948.6
4982.9
5017.25
5051.55
5085.85
5120.15
5154.5
5188.8
5223.1
5257.4
5291.75
5326.05
5360.35
5394.7
5429
5463.3
5497.6
5531.95
5566.25
5600.55
5634.85
5669.2
5703.5
5737.8
5772.1
5806.45
5840.75
5875.05
5909.4
5943.7
5978
6012.3
6046.65
6080.95
6115.25
6149.55
6183.9
6218.2
6252.5
6286.8
6321.15
6355.45
6389.75
6424.1
6458.4
6492.7
6527
6561.35
6595.65
6629.95
6664.25
6698.6
6732.9
6767.2
6801.5
6835.85
6870.15
6904.45
