32.55
71.1
109.65
148.2
186.75
225.3
263.85
302.4
340.95
379.5
418.05
456.6
495.15
527.85
560.15
592.45
624.75
657.05
689.35
721.65
753.95
786.25
818.6
850.9
883.2
915.5
947.85
980.15
1012.45
1044.8
1077.1
1109.45
1141.75
1174.1
1206.4
1238.75
1271.05
1303.35
1335.7
1368
1400.35
1432.65
1465
1497.3
1529.65
1561.95
1594.3
1626.6
1658.95
1691.25
1723.6
1755.95
1788.25
1820.6
1852.9
1885.25
1917.55
1949.9
1982.2
2014.55
2046.85
2079.2
2111.5
2143.85
2176.15
2208.5
2240.8
2273.15
2305.45
2337.8
2370.1
2402.45
2434.75
2467.1
2499.4
2531.75
2564.1
2596.4
2628.75
2661.05
2693.4
2725.7
2758.05
2790.35
2822.7
2855
2887.35
2919.65
2952
2984.3
3016.65
3048.95
3081.3
3113.6
3145.95
3178.25
3210.6
3242.95
3275.25
3307.6
3339.9
3372.25
3404.55
3436.9
3469.2
3501.55
3533.85
3566.2
3598.5
3630.85
3663.15
3695.5
3727.8
3760.15
3792.45
3824.8
3857.1
3889.45
3921.75
3954.1
3986.45
4018.75
4051.1
4083.4
4115.75
4148.05
4180.4
4212.7
4245.05
4277.35
4309.7
4342
4374.35
4406.65
4439
4471.3
4503.65
4535.95
4568.3
4600.6
4632.95
4665.3
4697.6
4729.95
4762.25
4794.6
4826.9
4859.25
4891.55
4923.9
4956.2
4988.55
5020.85
5053.2
5085.5
5117.85
5150.15
5182.5
5214.8
5247.15
5279.45
5311.8
5344.15
5376.45
5408.8
5441.1
5473.45
5505.75
5538.1
5570.4
5602.75
5635.05
5667.4
5699.7
5732.05
5764.35
5796.7
5829
5861.35
5893.65
5926
5958.3
5990.65
6022.95
6055.3
6087.65
6119.95
6152.3
6184.6
6216.95
6249.25
6281.6
6313.9
6346.25
6378.55
6410.9
6443.2
6475.55
6507.85
6540.2
6572.5
6604.85
6637.15
6669.5
6701.8
6734.15
6766.5
6798.8
6831.15
6863.45
6895.8
6928.1
6960.45
6992.75
-1000
25.6
59.55
94.75
130.8
167.25
203.9
240.5
276.75
312.05
343.95
374.7
408.05
442.85
478.65
515.05
550.6
585.25
619.25
652.75
685.95
718.9
751.7
784.4
817.05
849.6
882.1
914.6
947.05
979.55
1011.95
1044.35
1076.75
1109.1
1141.4
1173.75
1206.05
1238.4
1270.7
1303
1335.35
1367.65
1400
1432.3
1464.65
1496.95
1529.3
1561.6
1593.95
1626.25
1658.6
1690.9
1723.25
1755.55
1787.9
1820.2
1852.55
1884.9
1917.2
1949.55
1981.85
2014.2
2046.5
2078.85
2111.15
2143.5
2175.8
2208.15
2240.45
2272.8
2305.1
2337.45
2369.75
2402.1
2434.4
2466.75
2499.05
2531.4
2563.7
2596.05
2628.4
2660.7
2693.05
2725.35
2757.7
2790
2822.35
2854.65
2887
2919.3
2951.65
2983.95
3016.3
3048.6
3080.95
3113.25
3145.6
3177.9
3210.25
3242.55
3274.9
3307.25
3339.55
3371.9
3404.2
3436.55
3468.85
3501.2
3533.5
3565.85
3598.15
3630.5
3662.8
3695.15
3727.45
3759.8
3792.1
3824.45
3856.75
3889.1
3921.4
3953.75
3986.05
4018.4
4050.75
4083.05
4115.4
4147.7
4180.05
4212.35
4244.7
4277
4309.35
4341.65
4374
4406.3
4438.65
4470.95
4503.3
4535.6
4567.95
4600.25
4632.6
4664.9
4697.25
4729.6
4761.9
4794.25
4826.55
4858.9
4891.2
4923.55
4955.85
4988.2
5020.5
5052.85
5085.15
5117.5
5149.8
5182.15
5214.45
5246.8
5279.1
5311.45
5343.75
5376.1
5408.4
5440.75
5473.1
5505.4
5537.75
5570.05
5602.4
5634.7
5667.05
5699.35
5731.7
5764
5796.35
5828.65
5861
5893.3
5925.65
5957.95
5990.3
6022.6
6054.95
6087.25
6119.6
6151.95
6184.25
6216.6
6248.9
6281.25
6313.55
6345.9
6378.2
6410.55
6442.85
6475.2
6507.5
6539.85
6572.15
6604.5
6636.8
6669.15
6701.45
6733.8
6766.1
6798.45
6830.8
6863.1
6895.45
6927.75
6960.1
