62.45
132.4
202.35
272.3
342.25
412.2
482.15
552.1
584.7
616.05
647.15
678.3
709.5
740.75
772.05
803.35
834.75
866.1
897.55
928.95
960.4
991.9
1023.4
1054.9
1086.4
1117.9
1149.45
1181
1212.55
1244.1
1275.65
1307.2
1338.8
1370.35
1401.9
1433.5
1465.1
1496.65
1528.25
1559.8
1591.4
1623
1654.6
1686.15
1717.75
1749.35
1780.95
1812.55
1844.1
1875.7
1907.3
1938.9
1970.5
2002.1
2033.7
2065.25
2096.85
2128.45
2160.05
2191.65
2223.25
2254.85
2286.45
2318.05
2349.6
2381.2
2412.8
2444.4
2476
2507.6
2539.2
2570.8
2602.4
2634
2665.55
2697.15
2728.75
2760.35
2791.95
2823.55
2855.15
2886.75
2918.35
2949.95
2981.5
3013.1
3044.7
3076.3
3107.9
3139.5
3171.1
3202.7
3234.3
3265.9
3297.45
3329.05
3360.65
3392.25
3423.85
3455.45
3487.05
3518.65
3550.25
3581.85
3613.4
3645
3676.6
3708.2
3739.8
3771.4
3803
3834.6
3866.2
3897.8
3929.35
3960.95
3992.55
4024.15
4055.75
4087.35
4118.95
4150.55
4182.15
4213.75
4245.3
4276.9
4308.5
4340.1
4371.7
4403.3
4434.9
4466.5
4498.1
4529.7
4561.25
4592.85
4624.45
4656.05
4687.65
4719.25
4750.85
4782.45
4814.05
4845.65
4877.2
4908.8
4940.4
4972
5003.6
5035.2
5066.8
5098.4
5130
5161.6
5193.15
5224.75
5256.35
5287.95
5319.55
5351.15
5382.75
5414.35
5445.95
5477.55
5509.1
5540.7
5572.3
5603.9
5635.5
5667.1
5698.7
5730.3
5761.9
5793.5
5825.05
5856.65
5888.25
5919.85
5951.45
5983.05
6014.65
6046.25
6077.85
6109.45
6141
6172.6
6204.2
6235.8
6267.4
6299
6330.6
6362.2
6393.8
6425.4
6456.95
6488.55
6520.15
6551.75
6583.35
6614.95
6646.55
6678.15
6709.75
6741.35
6772.9
6804.5
6836.1
6867.7
6899.3
6930.9
6962.5
6994.1
-1000
25.6
56.65
88.8
119.8
152.75
183.8
217.1
248.15
280.9
311.9
342.95
374.2
405.25
437.55
468.6
501.65
532.7
566
599.3
632.6
665.75
698.7
731.45
764.05
796.45
828.75
860.9
893
925
956.95
988.85
1020.7
1052.5
1084.25
1116
1147.7
1179.4
1211.1
1242.75
1274.45
1306.1
1337.75
1369.4
1401.05
1432.7
1464.35
1495.95
1527.6
1559.25
1590.85
1622.5
1654.1
1685.7
1717.35
1748.95
1780.5
1812.1
1843.7
1875.3
1906.9
1938.5
1970.1
2001.7
2033.3
2064.85
2096.45
2128.05
2159.65
2191.25
2222.85
2254.45
2286.05
2317.6
2349.2
2380.8
2412.4
2444
2475.6
2507.2
2538.8
2570.4
2601.95
2633.55
2665.15
2696.75
2728.35
2759.95
2791.55
2823.15
2854.75
2886.3
2917.9
2949.5
2981.1
3012.7
3044.3
3075.9
3107.5
3139.1
3170.7
3202.25
3233.85
3265.45
3297.05
3328.65
3360.25
3391.85
3423.45
3455.05
3486.65
3518.2
3549.8
3581.4
3613
3644.6
3676.2
3707.8
3739.4
3771
3802.6
3834.15
3865.75
3897.35
3928.95
3960.55
3992.15
4023.75
4055.35
4086.95
4118.55
4150.15
4181.7
4213.3
4244.9
4276.5
4308.1
4339.7
4371.3
4402.9
4434.5
4466.1
4497.65
4529.25
4560.85
4592.45
4624.05
4655.65
4687.25
4718.85
4750.45
4782.05
4813.6
4845.2
4876.8
4908.4
4940
4971.6
5003.2
5034.8
5066.4
5098
5129.55
5161.15
5192.75
5224.35
5255.95
5287.55
5319.15
5350.75
5382.35
5413.95
5445.5
5477.1
5508.7
5540.3
5571.9
5603.5
5635.1
5666.7
5698.3
5729.9
5761.45
5793.05
5824.65
5856.25
5887.85
5919.45
5951.05
5982.65
6014.25
6045.85
6077.4
6109
6140.6
6172.2
6203.8
6235.4
6267
6298.6
6330.2
6361.8
6393.35
6424.95
6456.55
6488.15
6519.75
6551.35
6582.95
6614.55
6646.15
6677.75
6709.3
