25.9
57.25
88.6
119.95
151.3
182.65
214
245.35
276.65
308
339.35
370.7
402.05
433.4
464.75
496.1
527.35
558.7
590.05
621.4
652.75
684.1
715.45
746.8
778.1
809.45
840.8
872.15
903.5
934.85
966.2
997.55
1028.9
1060.25
1091.6
1122.95
1154.3
1185.65
1217
1248.35
1279.7
1311
1342.35
1373.7
1405.05
1436.4
1467.75
1499.1
1530.45
1561.8
1593.15
1624.5
1655.85
1687.2
1718.55
1749.9
1781.25
1812.55
1843.9
1875.25
1906.6
1937.95
1969.3
2000.65
2032
2063.35
2094.6
2125.85
2157.1
2188.35
2219.6
2250.85
2282.1
2313.3
2344.55
2375.8
2407.05
2438.3
2469.55
2500.8
2532.05
2563.3
2594.55
2625.8
2657.05
2688.3
2719.55
2750.8
2782
2813.25
2844.5
2875.75
2907
2938.25
2969.5
3000.75
3032
3063.25
3094.5
3125.75
3157
3188.25
3219.5
3250.7
3281.95
3313.2
3344.45
3375.7
3406.95
3438.2
3469.45
3500.7
3531.95
3563.2
3594.45
3625.7
3656.95
3688.2
3719.4
3750.65
3781.9
3813.15
3844.4
3875.65
3906.9
3938.15
3969.4
4000.65
4031.9
4063.15
4094.4
4125.65
4156.9
4188.1
4219.35
4250.6
4281.85
4313.1
4344.35
4375.6
4406.85
4438.1
4469.35
4500.6
4531.85
4563.1
4594.35
4625.55
4656.8
4688.05
4719.3
4750.55
4781.8
4813.05
4844.3
4875.55
4906.8
4938.05
4969.3
5000.55
5031.8
5063.05
5094.25
5125.5
5156.75
5188
5219.25
5250.5
-1000
25.6
71.65
115.55
152
192.75
238.85
276.35
323.05
366.6
403.05
442.25
488.8
526.7
572.95
616.95
653.4
694.45
740.45
777.85
824.25
867.95
904.4
944.25
990.65
1028.3
1074.7
1118.55
1155
1195.8
1241.9
1279.35
1326.05
1369.6
1406
1445.35
1491.85
1529.75
1575.8
1619.8
1656.3
1698.35
1744
1781.15
1826.25
1870.6
1907.15
1949.15
1994.8
2031.95
2076.35
2120.85
2157.55
2200.4
2245.55
2282.4
2326
2370.85
2407.55
2450.4
2495.55
2532.3
2575.6
2620.6
2657.4
2700.75
2745.7
2782.4
2825.6
2870.6
2907.4
2950.75
2995.5
3032.25
3076.25
3120.9
3157.55
3199.95
3245.25
3282.2
3326.25
3370.9
3407.55
3449.5
3494.85
3531.9
3577.1
3621.25
3657.8
3698.45
3744.45
3781.8
3827.65
3871.45
3908.05
3946.5
3992.9
4031.15
4078.25
4121.7
4158.4
4195.5
4242.15
4280.85
4327.25
4371.25
4407.65
4448.1
4494.2
4531.65
4577.9
4621.5
4658.15
4696.15
4742.8
4781.1
4827.75
4871.3
4907.65
4948.55
4994.45
5031.7
5077.15
5121.2
5157.75
5197.85
5244
5281.55
5327.5
5371.15
5407.6
5448.25
5494.25
5531.6
5577.45
5621.25
5657.85
5697
5743.45
5781.2
5827.95
5871.45
5908.15
5945.55
5992.2
6030.75
6077.4
6121.2
6157.8
6196.95
6243.15
6281.05
6328.25
6371.55
6408.35
6444.75
6491.35
6530.4
6576.2
6620.7
6657.3
6698.75
6744.25
6781.45
6827.25
6871.1
6907.7
6946.95
6993.35
