29.95
65.65
101.4
137.15
172.85
208.6
244.35
280.1
315.8
351.55
387.3
423.05
458.75
494.5
528.3
562.05
595.75
629.45
663.15
696.85
730.6
764.3
798
831.7
865.45
899.15
932.85
966.55
1000.3
1034
1067.7
1101.45
1135.15
1168.85
1202.55
1236.3
1270
1303.7
1337.45
1371.15
1404.85
1438.55
1472.3
1506
1539.7
1573.4
1607.15
1640.85
1674.55
1708.3
1742
1775.7
1809.4
1843.15
1876.85
1910.55
1944.3
1978
2011.7
2045.4
2079.15
2112.85
2146.55
2180.3
2214
2247.7
2281.4
2315.15
2348.85
2382.55
2416.3
2450
2483.7
2517.4
2551.15
2584.85
2618.55
2652.3
2686
2719.7
2753.4
2787.15
2820.85
2854.55
2888.3
2922
2955.7
2989.4
3023.15
3056.85
3090.55
3124.3
3158
3191.7
3225.45
3259.15
3292.85
3326.55
3360.3
3394
3427.7
3461.4
3495.15
3528.85
3562.55
3596.3
3630
3663.7
3697.45
3731.15
3764.85
3798.55
3832.3
3866
3899.7
3933.4
3967.15
4000.85
4034.55
4068.3
4102
4135.7
4169.4
4203.15
4236.85
4270.55
4304.3
4338
4371.7
4405.45
4439.15
4472.85
4506.55
4540.3
4574
4607.7
4641.4
4675.15
4708.85
4742.55
4776.3
4810
4843.7
4877.45
4911.15
4944.85
4978.55
5012.3
5046
5079.7
5113.4
5147.15
5180.85
5214.55
5248.3
5282
5315.7
5349.4
5383.15
5416.85
5450.55
5484.3
5518
5551.7
5585.45
5619.15
5652.85
5686.55
5720.3
5754
5787.7
5821.4
5855.15
5888.85
5922.55
5956.3
5990
6023.7
6057.45
6091.15
6124.85
6158.55
6192.3
6226
6259.7
6293.4
6327.15
6360.85
6394.55
6428.3
6462
6495.7
6529.4
6563.15
6596.85
6630.55
6664.3
6698
6731.7
6765.45
6799.15
6832.85
6866.55
6900.3
6934
6967.7
-1000
25.6
60.8
96.3
131.8
167.5
203.2
238.95
274.6
310.35
346.1
381.8
417.55
453.3
489.05
524.75
559.6
593.95
628.05
661.95
695.85
729.7
763.55
797.3
831.1
864.85
898.6
932.3
966.05
999.8
1033.5
1067.15
1100.9
1134.65
1168.35
1202.05
1235.8
1269.5
1303.15
1336.9
1370.65
1404.35
1438.05
1471.8
1505.5
1539.15
1572.9
1606.65
1640.35
1674.05
1707.8
1741.5
1775.15
1808.9
1842.65
1876.35
1910.05
1943.8
1977.5
2011.15
2044.9
2078.65
2112.35
2146.05
2179.8
2213.5
2247.15
2280.9
2314.65
2348.35
2382.05
2415.8
2449.5
2483.15
2516.9
2550.65
2584.35
2618.05
2651.8
2685.5
2719.15
2752.9
2786.65
2820.35
2854.05
2887.8
2921.5
2955.15
2988.9
3022.65
3056.35
3090.05
3123.8
3157.5
3191.15
3224.9
3258.65
3292.35
3326.05
3359.8
3393.5
3427.15
3460.9
3494.65
3528.35
3562.05
3595.8
3629.5
3663.15
3696.9
3730.65
3764.35
3798.05
3831.8
3865.5
3899.15
3932.9
3966.65
4000.35
4034.05
4067.8
4101.5
4135.15
4168.9
4202.65
4236.35
4270.05
4303.8
4337.5
4371.15
4404.9
4438.65
4472.35
4506.05
4539.8
4573.5
4607.15
4640.9
4674.65
4708.35
4742.05
4775.8
4809.5
4843.15
4876.9
4910.65
4944.35
4978.05
5011.8
5045.5
5079.15
5112.9
5146.65
5180.35
5214.05
5247.8
5281.5
5315.15
5348.9
5382.65
5416.35
5450.05
5483.8
5517.5
5551.15
5584.9
5618.65
5652.35
5686.05
5719.8
5753.5
5787.15
5820.9
5854.65
5888.35
5922.05
5955.8
5989.5
6023.15
6056.9
6090.65
6124.35
6158.05
6191.8
6225.5
6259.15
6292.9
6326.65
6360.35
6394.05
6427.8
6461.5
6495.15
6528.9
6562.65
6596.35
6630.05
6663.8
6697.5
6731.15
6764.9
6798.65
6832.35
6866.05
6899.8
6933.5
6967.15
