60.4
128.2
196
263.8
331.65
399.45
467.25
535.05
567.8
599.2
630.4
661.6
692.8
724.1
755.4
786.75
818.15
849.55
880.95
912.4
943.9
975.35
1006.85
1038.35
1069.85
1101.4
1132.95
1164.5
1196.05
1227.6
1259.15
1290.7
1322.25
1353.85
1385.4
1417
1448.55
1480.15
1511.7
1543.3
1574.9
1606.45
1638.05
1669.65
1701.2
1732.8
1764.4
1796
1827.55
1859.15
1890.75
1922.35
1953.9
1985.5
2017.1
2048.7
2080.3
2111.85
2143.45
2175.05
2206.65
2238.25
2269.8
2301.4
2333
2364.6
2396.2
2427.8
2459.35
2490.95
2522.55
2554.15
2585.75
2617.3
2648.9
2680.5
2712.1
2743.7
2775.3
2806.85
2838.45
2870.05
2901.65
2933.25
2964.85
2996.4
3028
3059.6
3091.2
3122.8
3154.4
3185.95
3217.55
3249.15
3280.75
3312.35
3343.9
3375.5
3407.1
3438.7
3470.3
3501.9
3533.45
3565.05
3596.65
3628.25
3659.85
3691.45
3723
3754.6
3786.2
3817.8
3849.4
3881
3912.55
3944.15
3975.75
4007.35
4038.95
4070.55
4102.1
4133.7
4165.3
4196.9
4228.5
4260.05
4291.65
4323.25
4354.85
4386.45
4418.05
4449.6
4481.2
4512.8
4544.4
4576
4607.6
4639.15
4670.75
4702.35
4733.95
4765.55
4797.15
4828.7
4860.3
4891.9
4923.5
4955.1
4986.7
5018.25
5049.85
5081.45
5113.05
5144.65
5176.2
5207.8
5239.4
5271
5302.6
5334.2
5365.75
5397.35
5428.95
5460.55
5492.15
5523.75
5555.3
5586.9
5618.5
5650.1
5681.7
5713.3
5744.85
5776.45
5808.05
5839.65
5871.25
5902.85
5934.4
5966
5997.6
6029.2
6060.8
6092.35
6123.95
6155.55
6187.15
6218.75
6250.35
6281.9
6313.5
6345.1
6376.7
6408.3
6439.9
6471.45
6503.05
6534.65
6566.25
6597.85
6629.45
6661
6692.6
6724.2
6755.8
6787.4
6819
6850.55
6882.15
6913.75
6945.35
6976.95
-1000
25.6
56.65
88.55
119.6
152.1
183.15
216.15
247.15
280.45
311.5
344.75
375.8
408.7
439.7
471.5
502.4
533.45
565.15
596.95
628.7
660.4
692.05
723.7
755.3
786.8
818.2
849.6
881
912.45
943.85
975.3
1006.75
1038.25
1069.75
1101.2
1132.75
1164.25
1195.8
1227.3
1258.85
1290.4
1322
1353.55
1385.1
1416.65
1448.25
1479.8
1511.4
1542.95
1574.55
1606.1
1637.7
1669.25
1700.85
1732.45
1764
1795.6
1827.2
1858.8
1890.35
1921.95
1953.55
1985.15
2016.7
2048.3
2079.9
2111.5
2143.1
2174.65
2206.25
2237.85
2269.45
2301.05
2332.6
2364.2
2395.8
2427.4
2459
2490.55
2522.15
2553.75
2585.35
2616.95
2648.5
2680.1
2711.7
2743.3
2774.9
2806.5
2838.05
2869.65
2901.25
2932.85
2964.45
2996.05
3027.6
3059.2
3090.8
3122.4
3154
3185.55
3217.15
3248.75
3280.35
3311.95
3343.55
3375.1
3406.7
3438.3
3469.9
3501.5
3533.1
3564.65
3596.25
3627.85
3659.45
3691.05
3722.65
3754.2
3785.8
3817.4
3849
3880.6
3912.15
3943.75
3975.35
4006.95
4038.55
4070.15
4101.7
4133.3
4164.9
4196.5
4228.1
4259.7
4291.25
4322.85
4354.45
4386.05
4417.65
4449.25
4480.8
4512.4
4544
4575.6
4607.2
4638.8
4670.35
4701.95
4733.55
4765.15
4796.75
4828.3
4859.9
4891.5
4923.1
4954.7
4986.3
5017.85
5049.45
5081.05
5112.65
5144.25
5175.85
5207.4
5239
5270.6
5302.2
5333.8
5365.4
5396.95
5428.55
5460.15
5491.75
5523.35
5554.95
5586.5
5618.1
5649.7
5681.3
5712.9
5744.45
5776.05
5807.65
5839.25
5870.85
5902.45
5934
5965.6
5997.2
6028.8
6060.4
6092
6123.55
6155.15
6186.75
6218.35
6249.95
6281.55
6313.1
6344.7
6376.3
6407.9
6439.5
6471.1
6502.65
6534.25
6565.85
6597.45
6629.05
6660.6
6692.2
