28.45
62.55
96.65
130.8
164.9
199
233.15
267.25
301.35
335.45
369.6
403.7
437.8
471.95
506.05
540.15
574.3
608.4
642.5
676.65
710.75
744.85
778.95
813.1
847.2
881.3
915.45
949.55
983.65
1017.8
1051.9
1086
1120.15
1154.25
1188.35
1222.5
1256.6
1290.7
1324.8
1358.95
1393.05
1427.15
1461.3
1495.4
1529.5
1563.65
1597.75
1631.85
1666
1700.1
1734.2
1768.3
1802.45
1836.55
1870.65
1904.8
1938.9
1973
2007.15
2041.25
2075.35
2109.5
2143.6
2177.7
2211.85
2245.95
2280.05
2314.15
2348.3
2382.4
2416.5
2450.65
2484.75
2518.85
2553
2587.1
2621.2
2655.35
2689.45
2723.55
2757.65
2791.8
2825.9
2860
2894.15
2928.25
2962.35
2996.5
3030.6
3064.7
3098.85
3132.95
3167.05
3201.15
3235.3
3269.4
3303.5
3337.65
3371.75
3405.85
3440
3474.1
3508.2
3542.35
3576.45
3610.55
3644.7
3678.8
3712.9
3747
3781.15
3815.25
3849.35
3883.5
3917.6
3951.7
3985.85
4019.95
4054.05
4088.2
4122.3
4156.4
4190.5
4224.65
4258.75
4292.85
4327
4361.1
4395.2
4429.35
4463.45
4497.55
4531.7
4565.8
4599.9
4634.05
4668.15
4702.25
4736.35
4770.5
4804.6
4838.7
4872.85
4906.95
4941.05
4975.2
5009.3
5043.4
5077.55
5111.65
5145.75
5179.85
5214
5248.1
5282.2
5316.35
5350.45
5384.55
5418.7
5452.8
5486.9
5521.05
5555.15
5589.25
5623.35
5657.5
5691.6
5725.7
5759.85
5793.95
5828.05
5862.2
5896.3
5930.4
5964.55
5998.65
6032.75
6066.9
6101
6135.1
6169.2
6203.35
6237.45
6271.55
6305.7
6339.8
6373.9
6408.05
6442.15
6476.25
6510.4
6544.5
6578.6
6612.7
6646.85
6680.95
6715.05
6749.2
6783.3
6817.4
6851.55
6885.65
6919.75
6953.9
6988
-1000
25.6
60.15
94.45
128.75
162.95
197.05
231.25
265.35
299.5
333.65
367.75
401.85
436
470.1
504.2
538.3
572.45
606.55
640.65
674.75
708.9
743
777.1
811.25
845.35
879.5
913.6
947.7
981.8
1015.95
1050.05
1084.15
1118.25
1152.4
1186.5
1220.6
1254.75
1288.85
1323
1357.1
1391.2
1425.35
1459.45
1493.55
1527.65
1561.8
1595.9
1630
1664.1
1698.25
1732.35
1766.45
1800.6
1834.7
1868.85
1902.95
1937.05
1971.15
2005.3
2039.4
2073.5
2107.6
2141.75
2175.85
2209.95
2244.1
2278.2
2312.35
2346.45
2380.55
2414.7
2448.8
2482.9
2517
2551.15
2585.25
2619.35
2653.45
2687.6
2721.7
2755.85
2789.95
2824.05
2858.2
2892.3
2926.4
2960.5
2994.65
3028.75
3062.85
3096.95
3131.1
3165.2
3199.3
3233.45
3267.55
3301.7
3335.8
3369.9
3404
3438.15
3472.25
3506.35
3540.45
3574.6
3608.7
3642.8
3676.95
3711.05
3745.2
3779.3
3813.4
3847.55
3881.65
3915.75
3949.85
3984
4018.1
4052.2
4086.3
4120.45
4154.55
4188.65
4222.8
4256.9
4291.05
4325.15
4359.25
4393.35
4427.5
4461.6
4495.7
4529.8
4563.95
4598.05
4632.15
4666.3
4700.4
4734.55
4768.65
4802.75
4836.9
4871
4905.1
4939.2
4973.35
5007.45
5041.55
5075.65
5109.8
5143.9
5178
5212.15
5246.25
5280.4
5314.5
5348.6
5382.7
5416.85
5450.95
5485.05
5519.15
5553.3
5587.4
5621.5
5655.65
5689.75
5723.9
5758
5792.1
5826.2
5860.35
5894.45
5928.55
5962.65
5996.8
6030.9
6065
6099.15
6133.25
6167.4
6201.5
6235.6
6269.75
6303.85
6337.95
6372.05
6406.2
6440.3
6474.4
6508.5
6542.65
6576.75
6610.85
6645
6679.1
6713.25
6747.35
6781.45
6815.55
6849.7
6883.8
6917.9
6952
6986.15
