36.35
78.95
121.55
164.15
206.8
249.4
292
334.65
377.25
419.85
462.45
505.1
537.55
569.45
601.3
633.15
665
696.85
728.75
760.65
792.5
824.4
856.3
888.2
920.15
952.05
983.95
1015.9
1047.8
1079.75
1111.65
1143.6
1175.5
1207.45
1239.35
1271.3
1303.25
1335.15
1367.1
1399
1430.95
1462.9
1494.85
1526.75
1558.7
1590.65
1622.55
1654.5
1686.45
1718.35
1750.3
1782.25
1814.2
1846.1
1878.05
1910
1941.95
1973.85
2005.8
2037.75
2069.65
2101.6
2133.55
2165.5
2197.4
2229.35
2261.3
2293.25
2325.15
2357.1
2389.05
2421
2452.9
2484.85
2516.8
2548.75
2580.65
2612.6
2644.55
2676.45
2708.4
2740.35
2772.3
2804.2
2836.15
2868.1
2900.05
2931.95
2963.9
2995.85
3027.8
3059.7
3091.65
3123.6
3155.55
3187.45
3219.4
3251.35
3283.25
3315.2
3347.15
3379.1
3411
3442.95
3474.9
3506.85
3538.75
3570.7
3602.65
3634.6
3666.5
3698.45
3730.4
3762.35
3794.25
3826.2
3858.15
3890.05
3922
3953.95
3985.9
4017.8
4049.75
4081.7
4113.65
4145.55
4177.5
4209.45
4241.4
4273.3
4305.25
4337.2
4369.15
4401.05
4433
4464.95
4496.9
4528.8
4560.75
4592.7
4624.6
4656.55
4688.5
4720.45
4752.35
4784.3
4816.25
4848.2
4880.1
4912.05
4944
4975.95
5007.85
5039.8
5071.75
5103.7
5135.6
5167.55
5199.5
5231.4
5263.35
5295.3
5327.25
5359.15
5391.1
5423.05
5455
5486.9
5518.85
5550.8
5582.75
5614.65
5646.6
5678.55
5710.5
5742.4
5774.35
5806.3
5838.2
5870.15
5902.1
5934.05
5965.95
5997.9
6029.85
6061.8
6093.7
6125.65
6157.6
6189.55
6221.45
6253.4
6285.35
6317.3
6349.2
6381.15
6413.1
6445.05
6476.95
6508.9
6540.85
6572.75
6604.7
6636.65
6668.6
6700.5
6732.45
6764.4
6796.35
6828.25
6860.2
6892.15
6924.1
6956
6987.95
-1000
25.6
59.15
93.65
125.7
156.55
189.55
223.95
257.2
288.2
320.5
354.6
388.75
419.8
451.45
485.05
519.5
553.95
588.2
622.15
655.75
689
722
754.85
787.5
820.05
852.45
884.8
917.1
949.3
981.45
1013.55
1045.65
1077.75
1109.8
1141.85
1173.85
1205.85
1237.85
1269.85
1301.8
1333.8
1365.75
1397.75
1429.7
1461.65
1493.6
1525.55
1557.5
1589.45
1621.4
1653.35
1685.3
1717.25
1749.2
1781.15
1813.05
1845
1876.95
1908.9
1940.85
1972.8
2004.75
2036.65
2068.6
2100.55
2132.5
2164.4
2196.35
2228.3
2260.25
2292.2
2324.15
2356.05
2388
2419.95
2451.9
2483.8
2515.75
2547.7
2579.65
2611.55
2643.5
2675.45
2707.4
2739.3
2771.25
2803.2
2835.15
2867.05
2899
2930.95
2962.9
2994.8
3026.75
3058.7
3090.65
3122.55
3154.5
3186.45
3218.4
3250.3
3282.25
3314.2
3346.15
3378.05
3410
3441.95
3473.9
3505.8
3537.75
3569.7
3601.6
3633.55
3665.5
3697.45
3729.35
3761.3
3793.25
3825.2
3857.1
3889.05
3921
3952.95
3984.85
4016.8
4048.75
4080.7
4112.6
4144.55
4176.5
4208.45
4240.35
4272.3
4304.25
4336.15
4368.1
4400.05
4432
4463.9
4495.85
4527.8
4559.75
4591.65
4623.6
4655.55
4687.5
4719.4
4751.35
4783.3
4815.25
4847.15
4879.1
4911.05
4942.95
4974.9
5006.85
5038.8
5070.7
5102.65
5134.6
5166.55
5198.45
5230.4
5262.35
5294.3
5326.2
5358.15
5390.1
5422.05
5453.95
5485.9
5517.85
5549.8
5581.7
5613.65
5645.6
5677.5
5709.45
5741.4
5773.35
5805.25
5837.2
5869.15
5901.1
5933
5964.95
5996.9
6028.85
6060.75
6092.7
6124.65
6156.6
6188.5
6220.45
6252.4
6284.3
6316.25
6348.2
6380.15
6412.05
6444
6475.95
6507.9
6539.8
6571.75
6603.7
6635.65
6667.55
6699.5
6731.45
6763.4
6795.3
6827.25
6859.2
6891.1
