29.55
64.85
100.15
135.5
170.8
206.1
241.4
276.75
312.05
347.35
382.7
418
453.3
488.6
523.55
555.3
586.75
618.2
649.65
681.1
712.55
744
775.45
806.9
838.35
869.85
901.3
932.75
964.2
995.65
1027.15
1058.6
1090.05
1121.5
1153
1184.45
1215.9
1247.35
1278.85
1310.3
1341.75
1373.2
1404.7
1436.15
1467.6
1499.1
1530.55
1562
1593.45
1624.95
1656.4
1687.85
1719.35
1750.8
1782.25
1813.7
1845.2
1876.65
1908.1
1939.6
1971.05
2002.5
2033.95
2065.45
2096.8
2128.15
2159.5
2190.85
2222.15
2253.5
2284.85
2316.2
2347.55
2378.9
2410.25
2441.6
2472.95
2504.25
2535.6
2566.95
2598.3
2629.65
2661
2692.35
2723.7
2755.05
2786.35
2817.7
2849.05
2880.4
2911.75
2943.1
2974.45
3005.8
3037.15
3068.45
3099.8
3131.15
3162.5
3193.85
3225.2
3256.55
3287.9
3319.25
3350.55
3381.9
3413.25
3444.6
3475.95
3507.3
3538.65
3570
3601.35
3632.65
3664
3695.35
3726.7
3758.05
3789.4
3820.75
3852.1
3883.45
3914.75
3946.1
3977.45
4008.8
4040.15
4071.5
4102.85
4134.2
4165.55
4196.85
4228.2
4259.55
4290.9
4322.25
4353.6
4384.95
4416.3
4447.65
4478.95
4510.3
4541.65
4573
4604.35
4635.7
4667.05
4698.4
4729.75
4761.05
4792.4
4823.75
4855.1
4886.45
4917.8
4949.15
4980.5
5011.85
5043.15
5074.5
5105.85
5137.2
5168.55
5199.9
5231.25
5262.6
5293.95
5325.25
5356.6
5387.95
5419.3
5450.65
5482
5513.35
5544.7
5576.05
5607.35
5638.7
5670.05
5701.4
5732.75
5764.1
5795.45
5826.8
5858.15
5889.45
5920.8
5952.15
5983.5
6014.85
6046.2
6077.55
6108.9
6140.25
6171.55
6202.9
6234.25
6265.6
6296.95
6328.3
6359.65
6391
6422.35
6453.65
6485
6516.35
6547.7
6579.05
6610.4
6641.75
6673.1
6704.45
6735.75
6767.1
6798.45
6829.8
6861.15
6892.5
6923.85
6955.2
6986.55
-1000
25.6
57.1
88.85
120.8
152.9
185.05
217.15
249
280.3
311.3
342.6
374.15
405.95
437.95
470.1
502.25
534.3
566.4
598.55
630.7
662.8
694.95
727.15
759.3
791.45
823.6
855.75
887.8
919.9
951.9
983.9
1015.9
1047.85
1079.75
1111.65
1143.5
1175.35
1207.15
1238.95
1270.75
1302.5
1334.2
1365.95
1397.65
1429.35
1461
1492.65
1524.3
1555.95
1587.55
1619.2
1650.8
1682.4
1714
1745.55
1777.15
1808.7
1840.25
1871.85
1903.35
1934.9
1966.45
1998
2029.55
2061.05
2092.6
2124.1
2155.6
2187.1
2218.6
2250.05
2281.55
2313
2344.45
2375.9
2407.35
2438.8
2470.2
2501.65
2533.05
2564.5
2595.9
2627.3
2658.7
2690.15
2721.55
2752.95
2784.35
2815.7
2847.1
2878.5
2909.9
2941.25
2972.65
3004.05
3035.4
3066.8
3098.15
3129.55
3160.9
3192.3
3223.65
3255
3286.4
3317.75
3349.1
3380.5
3411.85
3443.2
3474.6
3505.95
3537.3
3568.65
3600
3631.4
3662.75
3694.1
3725.45
3756.8
3788.15
3819.55
3850.9
3882.25
3913.6
3944.95
3976.3
4007.65
4039
4070.35
4101.7
4133.05
4164.45
4195.8
4227.15
4258.5
4289.85
4321.2
4352.55
4383.9
4415.25
4446.6
4477.95
4509.3
4540.65
4572
4603.35
4634.7
4666.05
4697.4
4728.75
4760.1
4791.45
4822.8
4854.15
4885.5
4916.85
4948.2
4979.55
5010.9
5042.25
5073.6
5104.95
5136.3
5167.65
5199
5230.35
5261.7
5293.05
5324.4
5355.75
5387.1
5418.45
5449.8
5481.15
5512.5
5543.85
5575.15
5606.5
5637.85
5669.2
5700.55
5731.9
5763.25
5794.6
5825.95
5857.3
5888.65
5920
5951.35
5982.7
6014.05
6045.4
6076.75
6108.05
6139.4
6170.75
6202.1
6233.45
6264.8
6296.15
6327.5
6358.85
6390.2
6421.55
6452.9
6484.25
6515.6
6546.95
6578.3
6609.6
6640.95
6672.3
6703.65
6735
6766.35
6797.7
6829.05
6860.4
6891.75
6923.05
6954.4
