60.4
128.2
196
263.8
331.65
399.45
467.25
535.05
568.3
600.2
631.95
663.7
695.5
727.3
759.15
791.05
822.95
854.9
886.85
918.85
950.85
982.85
1014.9
1046.9
1078.95
1111
1143.05
1175.15
1207.2
1239.3
1271.4
1303.45
1335.55
1367.65
1399.75
1431.85
1463.95
1496.05
1528.15
1560.25
1592.35
1624.45
1656.55
1688.65
1720.75
1752.9
1785
1817.1
1849.2
1881.3
1913.45
1945.55
1977.65
2009.75
2041.9
2074
2106.1
2138.2
2170.3
2202.45
2234.55
2266.65
2298.75
2330.9
2363
2395.1
2427.2
2459.35
2491.45
2523.55
2555.65
2587.8
2619.9
2652
2684.1
2716.25
2748.35
2780.45
2812.55
2844.7
2876.8
2908.9
2941
2973.15
3005.25
3037.35
3069.45
3101.6
3133.7
3165.8
3197.9
3230.05
3262.15
3294.25
3326.35
3358.5
3390.6
3422.7
3454.8
3486.95
3519.05
3551.15
3583.25
3615.4
3647.5
3679.6
3711.7
3743.85
3775.95
3808.05
3840.15
3872.3
3904.4
3936.5
3968.6
4000.75
4032.85
4064.95
4097.05
4129.2
4161.3
4193.4
4225.5
4257.65
4289.75
4321.85
4353.95
4386.1
4418.2
4450.3
4482.4
4514.55
4546.65
4578.75
4610.85
4643
4675.1
4707.2
4739.3
4771.45
4803.55
4835.65
4867.75
4899.9
4932
4964.1
4996.2
5028.35
5060.45
5092.55
5124.65
5156.8
5188.9
5221
5253.1
5285.25
5317.35
5349.45
5381.55
5413.7
5445.8
5477.9
5510
5542.15
5574.25
5606.35
5638.45
5670.6
5702.7
5734.8
5766.9
5799.05
5831.15
5863.25
5895.35
5927.5
5959.6
5991.7
6023.8
6055.95
6088.05
6120.15
6152.25
6184.4
6216.5
6248.6
6280.7
6312.85
6344.95
6377.05
6409.15
6441.3
6473.4
6505.5
6537.6
6569.75
6601.85
6633.95
6666.05
6698.2
6730.3
6762.4
6794.5
6826.65
6858.75
6890.85
6922.95
6955.1
6987.2
-1000
25.6
56.65
89.35
120.4
154
185.05
219.4
250.4
285.3
316.3
351.55
382.6
418
449.05
484.65
515.65
551.3
586.75
621.65
655.8
689.4
722.6
755.5
788.2
820.7
853.15
885.45
917.7
949.9
982.15
1014.3
1046.5
1078.6
1110.7
1142.75
1174.8
1206.85
1238.95
1271
1303.1
1335.2
1367.25
1399.35
1431.45
1463.55
1495.65
1527.75
1559.85
1591.95
1624.1
1656.2
1688.3
1720.4
1752.5
1784.6
1816.7
1848.8
1880.95
1913.05
1945.15
1977.25
2009.35
2041.5
2073.6
2105.7
2137.8
2169.95
2202.05
2234.15
2266.25
2298.35
2330.5
2362.6
2394.7
2426.8
2458.95
2491.05
2523.15
2555.25
2587.4
2619.5
2651.6
2683.7
2715.85
2747.95
2780.05
2812.15
2844.3
2876.4
2908.5
2940.6
2972.75
3004.85
3036.95
3069.05
3101.2
3133.3
3165.4
3197.5
3229.65
3261.75
3293.85
3325.95
3358.1
3390.2
3422.3
3454.4
3486.55
3518.65
3550.75
3582.85
3615
3647.1
3679.2
3711.3
3743.45
3775.55
3807.65
3839.75
3871.9
3904
3936.1
3968.2
4000.35
4032.45
4064.55
4096.65
4128.8
4160.9
4193
4225.1
4257.25
4289.35
4321.45
4353.55
4385.7
4417.8
4449.9
4482
4514.15
4546.25
4578.35
4610.45
4642.6
4674.7
4706.8
4738.9
4771.05
4803.15
4835.25
4867.35
4899.5
4931.6
4963.7
4995.8
5027.95
5060.05
5092.15
5124.25
5156.4
5188.5
5220.6
5252.7
5284.85
5316.95
5349.05
5381.15
5413.3
5445.4
5477.5
5509.6
5541.75
5573.85
5605.95
5638.05
5670.2
5702.3
5734.4
5766.5
5798.65
5830.75
5862.85
5894.95
5927.1
5959.2
5991.3
6023.4
6055.55
6087.65
6119.75
6151.85
6184
6216.1
6248.2
6280.3
6312.45
6344.55
6376.65
6408.75
6440.9
6473
6505.1
6537.2
6569.35
6601.45
6633.55
6665.65
6697.8
6729.9
