26.8
59.1
91.45
123.75
156.05
188.4
220.7
253.05
285.35
317.65
350
382.3
414.65
446.95
479.25
511.6
543.9
576.25
608.55
640.85
673.2
705.5
737.85
770.15
802.45
834.8
867.1
899.45
931.75
964.05
996.4
1028.7
1061.05
1093.35
1125.65
1158
1190.3
1222.65
1254.95
1287.25
1319.6
1351.9
1384.25
1416.55
1448.85
1481.2
1513.5
1545.85
1578.15
1610.45
1642.8
1675.1
1707.45
1739.75
1772.05
1804.4
1836.7
1869.05
1901.35
1933.65
1966
1998.3
2030.65
2062.95
2095.25
2127.6
2159.9
2192.25
2224.55
2256.85
2289.2
2321.5
2353.85
2386.15
2418.45
2450.8
2483.1
2515.45
2547.75
2580.05
2612.4
2644.7
2677.05
2709.35
2741.7
2774
2806.3
2838.65
2870.95
2903.3
2935.6
2967.9
3000.25
3032.55
3064.9
3097.2
3129.5
3161.85
3194.15
3226.5
3258.8
3291.1
3323.45
3355.75
3388.1
3420.4
3452.7
3485.05
3517.35
3549.7
3582
3614.3
3646.65
3678.95
3711.3
3743.6
3775.9
3808.25
3840.55
3872.9
3905.2
3937.5
3969.85
4002.15
4034.5
4066.8
4099.1
4131.45
4163.75
4196.1
4228.4
4260.7
4293.05
4325.35
4357.7
4390
4422.3
4454.65
4486.95
4519.3
4551.6
4583.9
4616.25
4648.55
4680.9
4713.2
4745.5
4777.85
4810.15
4842.5
4874.8
4907.1
4939.45
4971.75
5004.1
5036.4
5068.7
5101.05
5133.35
5165.7
5198
5230.3
5262.65
5294.95
5327.3
5359.6
5391.9
5424.25
5456.55
5488.9
5521.2
5553.55
5585.85
5618.15
5650.5
5682.8
5715.15
5747.45
5779.75
5812.1
5844.4
5876.75
5909.05
5941.35
5973.7
6006
6038.35
6070.65
6102.95
6135.3
6167.6
6199.95
6232.25
6264.55
6296.9
6329.2
6361.55
6393.85
6426.15
6458.5
6490.8
6523.15
6555.45
6587.75
6620.1
6652.4
6684.75
6717.05
6749.35
6781.7
6814
6846.35
6878.65
6910.95
6943.3
6975.6
-1000
25.6
60.2
92
124.6
156.75
189.2
221.35
253.9
286
318.5
350.7
383
415.45
447.6
480.05
512.3
544.6
577.05
609.2
641.65
673.9
706.2
738.65
770.8
803.25
835.5
867.8
900.25
932.4
964.85
997.1
1029.4
1061.85
1094
1126.45
1158.7
1191
1223.45
1255.6
1288.05
1320.3
1352.6
1385.05
1417.2
1449.65
1481.9
1514.2
1546.65
1578.8
1611.25
1643.5
1675.8
1708.25
1740.4
1772.85
1805.1
1837.4
1869.85
1902
1934.45
1966.7
1999.1
2031.4
2063.65
2096.1
2128.25
2160.7
2192.95
2225.25
2257.7
2289.85
2322.3
2354.55
2386.85
2419.3
2451.45
2483.9
2516.15
2548.45
2580.9
2613.05
2645.5
2677.75
2710.05
2742.5
2774.65
2807.1
2839.35
2871.65
2904.1
2936.25
2968.7
3000.95
3033.25
3065.7
3097.85
3130.3
3162.55
3194.85
3227.3
3259.45
3291.9
3324.15
3356.45
3388.9
3421.05
3453.5
3485.75
3518.05
3550.5
3582.65
3615.1
3647.35
3679.65
3712.1
3744.25
3776.7
3808.95
3841.25
3873.7
3905.85
3938.3
3970.55
4002.85
4035.3
4067.45
4099.9
4132.15
4164.45
4196.9
4229.05
4261.5
4293.75
4326.05
4358.5
4390.65
4423.1
4455.35
4487.65
4520.1
4552.25
4584.7
4616.95
4649.25
4681.7
4713.85
4746.3
4778.55
4810.95
4843.25
4875.5
4907.95
4940.1
4972.55
5004.8
5037.1
5069.55
5101.7
5134.15
5166.4
5198.7
5231.15
5263.3
5295.75
5328
5360.3
5392.75
5424.9
5457.35
5489.6
5521.9
5554.35
5586.5
5618.95
5651.2
5683.5
5715.95
5748.1
5780.55
5812.8
5845.1
5877.55
5909.7
5942.15
5974.4
6006.7
6039.15
6071.3
6103.75
6136
6168.3
6200.75
6232.9
6265.35
6297.6
6329.9
6362.35
6394.5
6426.95
6459.2
6491.5
6523.95
6556.1
6588.55
6620.8
6653.1
6685.55
6717.7
6750.15
6782.4
6814.7
6847.15
6879.3
6911.75
6944
6976.3
