48.2
103.3
158.45
213.55
268.7
323.8
378.95
434.1
489.2
536.55
569.8
602.25
634.55
666.9
699.25
731.65
764.05
796.5
828.95
861.4
893.85
926.35
958.85
991.35
1023.85
1056.35
1088.9
1121.4
1153.95
1186.5
1219
1251.55
1284.1
1316.65
1349.2
1381.75
1414.3
1446.85
1479.4
1511.95
1544.5
1577.05
1609.6
1642.2
1674.75
1707.3
1739.85
1772.4
1804.95
1837.55
1870.1
1902.65
1935.2
1967.75
2000.35
2032.9
2065.45
2098
2130.55
2163.15
2195.7
2228.25
2260.8
2293.4
2325.95
2358.5
2391.05
2423.6
2456.2
2488.75
2521.3
2553.85
2586.45
2619
2651.55
2684.1
2716.65
2749.25
2781.8
2814.35
2846.9
2879.5
2912.05
2944.6
2977.15
3009.75
3042.3
3074.85
3107.4
3139.95
3172.55
3205.1
3237.65
3270.2
3302.8
3335.35
3367.9
3400.45
3433
3465.6
3498.15
3530.7
3563.25
3595.85
3628.4
3660.95
3693.5
3726.05
3758.65
3791.2
3823.75
3856.3
3888.9
3921.45
3954
3986.55
4019.15
4051.7
4084.25
4116.8
4149.35
4181.95
4214.5
4247.05
4279.6
4312.2
4344.75
4377.3
4409.85
4442.4
4475
4507.55
4540.1
4572.65
4605.25
4637.8
4670.35
4702.9
4735.45
4768.05
4800.6
4833.15
4865.7
4898.3
4930.85
4963.4
4995.95
5028.55
5061.1
5093.65
5126.2
5158.75
5191.35
5223.9
5256.45
5289
5321.6
5354.15
5386.7
5419.25
5451.8
5484.4
5516.95
5549.5
5582.05
5614.65
5647.2
5679.75
5712.3
5744.9
5777.45
5810
5842.55
5875.1
5907.7
5940.25
5972.8
6005.35
6037.95
6070.5
6103.05
6135.6
6168.15
6200.75
6233.3
6265.85
6298.4
6331
6363.55
6396.1
6428.65
6461.2
6493.8
6526.35
6558.9
6591.45
6624.05
6656.6
6689.15
6721.7
6754.3
6786.85
6819.4
6851.95
6884.5
6917.1
6949.65
6982.2
-1000
25.6
63.4
94.45
129.45
161.9
192.5
230.45
261.5
296
330.05
360.85
398.4
429.4
463.1
499.2
530.15
564.35
598.3
631.8
664.95
697.85
730.65
763.35
796.05
828.65
861.1
893.55
926.05
958.5
991
1023.5
1056.05
1088.55
1121.05
1153.6
1186.1
1218.65
1251.2
1283.75
1316.3
1348.85
1381.4
1413.95
1446.5
1479.05
1511.6
1544.15
1576.7
1609.25
1641.8
1674.35
1706.9
1739.5
1772.05
1804.6
1837.15
1869.7
1902.3
1934.85
1967.4
1999.95
2032.5
2065.1
2097.65
2130.2
2162.75
2195.3
2227.9
2260.45
2293
2325.55
2358.15
2390.7
2423.25
2455.8
2488.35
2520.95
2553.5
2586.05
2618.6
2651.2
2683.75
2716.3
2748.85
2781.4
2814
2846.55
2879.1
2911.65
2944.25
2976.8
3009.35
3041.9
3074.45
3107.05
3139.6
3172.15
3204.7
3237.3
3269.85
3302.4
3334.95
3367.5
3400.1
3432.65
3465.2
3497.75
3530.35
3562.9
3595.45
3628
3660.6
3693.15
3725.7
3758.25
3790.8
3823.4
3855.95
3888.5
3921.05
3953.65
3986.2
4018.75
4051.3
4083.85
4116.45
4149
4181.55
4214.1
4246.7
4279.25
4311.8
4344.35
4376.95
4409.5
4442.05
4474.6
4507.15
4539.75
4572.3
4604.85
4637.4
4670
4702.55
4735.1
4767.65
4800.2
4832.8
4865.35
4897.9
4930.45
4963.05
4995.6
5028.15
5060.7
5093.25
5125.85
5158.4
5190.95
5223.5
5256.1
5288.65
5321.2
5353.75
5386.35
5418.9
5451.45
5484
5516.55
5549.15
5581.7
5614.25
5646.8
5679.4
5711.95
5744.5
5777.05
5809.6
5842.2
5874.75
5907.3
5939.85
5972.45
6005
6037.55
6070.1
6102.65
6135.25
6167.8
6200.35
6232.9
6265.5
6298.05
6330.6
6363.15
6395.75
6428.3
6460.85
6493.4
6525.95
6558.55
6591.1
6623.65
6656.2
6688.8
6721.35
6753.9
6786.45
