31.15
68.25
105.35
142.4
179.5
216.55
253.65
290.75
327.8
364.9
401.95
439.05
476.15
513.2
547.25
581.05
614.85
648.7
682.5
716.35
750.15
783.95
817.8
851.6
885.45
919.25
953.1
986.9
1020.75
1054.55
1088.4
1122.2
1156.05
1189.85
1223.7
1257.5
1291.35
1325.2
1359
1392.85
1426.65
1460.5
1494.3
1528.15
1561.95
1595.8
1629.6
1663.45
1697.25
1731.1
1764.95
1798.75
1832.6
1866.4
1900.25
1934.05
1967.9
2001.7
2035.55
2069.35
2103.05
2136.75
2170.45
2204.15
2237.85
2271.55
2305.25
2338.9
2372.6
2406.3
2440
2473.7
2507.4
2541.05
2574.75
2608.45
2642.15
2675.85
2709.55
2743.25
2776.9
2810.6
2844.3
2878
2911.7
2945.4
2979.05
3012.75
3046.45
3080.15
3113.85
3147.55
3181.25
3214.9
3248.6
3282.3
3316
3349.7
3383.4
3417.05
3450.75
3484.45
3518.15
3551.85
3585.55
3619.25
3652.9
3686.6
3720.3
3754
3787.7
3821.4
3855.05
3888.75
3922.45
3956.15
3989.85
4023.55
4057.25
4090.9
4124.6
4158.3
4192
4225.7
4259.4
4293.05
4326.75
4360.45
4394.15
4427.85
4461.55
4495.25
4528.9
4562.6
4596.3
4630
4663.7
4697.4
4731.05
4764.75
4798.45
4832.15
4865.85
4899.55
4933.25
4966.9
5000.6
5034.3
5068
5101.7
5135.4
5169.1
5202.75
5236.45
5270.15
5303.85
5337.55
5371.25
5404.9
5438.6
5472.3
5506
5539.7
5573.4
5607.1
5640.75
5674.45
5708.15
5741.85
5775.55
5809.25
5842.9
5876.6
5910.3
5944
5977.7
6011.4
6045.1
6078.75
6112.45
6146.15
6179.85
6213.55
6247.25
6280.9
6314.6
6348.3
6382
6415.7
6449.4
6483.1
6516.75
6550.45
6584.15
6617.85
6651.55
6685.25
6718.9
6752.6
6786.3
6820
6853.7
6887.4
6921.1
6954.75
6988.45
-1000
25.6
61.75
98.25
135.15
172.15
209.2
246.25
283.25
320.35
357.45
394.55
431.6
468.6
505.75
542.85
578.35
613.05
647.4
681.5
715.55
749.55
783.45
817.35
851.2
885.05
918.85
952.7
986.5
1020.35
1054.15
1088
1121.8
1155.65
1189.45
1223.3
1257.1
1290.95
1324.75
1358.6
1392.4
1426.25
1460.1
1493.9
1527.75
1561.55
1595.4
1629.2
1663.05
1696.85
1730.7
1764.5
1798.35
1832.2
1866
1899.85
1933.65
1967.5
2001.3
2035.15
2068.95
2102.8
2136.45
2170.15
2203.85
2237.5
2271.2
2304.9
2338.6
2372.3
2406
2439.65
2473.4
2507.05
2540.75
2574.45
2608.15
2641.85
2675.5
2709.2
2742.9
2776.6
2810.3
2844
2877.65
2911.4
2945.05
2978.75
3012.45
3046.15
3079.85
3113.5
3147.2
3180.9
3214.6
3248.3
3282
3315.65
3349.4
3383.05
3416.75
3450.45
3484.15
3517.85
3551.5
3585.2
3618.9
3652.6
3686.3
3720
3753.65
3787.4
3821.05
3854.75
3888.45
3922.15
3955.85
3989.5
4023.2
4056.9
4090.6
4124.3
4158
4191.7
4225.35
4259.05
4292.75
4326.45
4360.15
4393.85
4427.5
4461.2
4494.9
4528.6
4562.3
4596
4629.7
4663.35
4697.05
4730.75
4764.45
4798.15
4831.85
4865.5
4899.2
4932.9
4966.6
5000.3
5034
5067.7
5101.35
5135.05
5168.75
5202.45
5236.15
5269.85
5303.5
5337.25
5370.9
5404.6
5438.3
5472
5505.7
5539.35
5573.05
5606.75
5640.45
5674.15
5707.85
5741.5
5775.25
5808.9
5842.6
5876.3
5910
5943.7
5977.35
6011.05
6044.75
6078.45
6112.15
6145.85
6179.5
6213.25
6246.9
6280.6
6314.3
6348
6381.7
6415.35
6449.05
6482.75
6516.45
6550.15
6583.85
6617.5
6651.25
6684.9
6718.6
6752.3
6786
6819.7
6853.35
6887.05
6920.75
6954.45
6988.15
