36.95
80.25
123.5
166.8
210.1
253.35
296.65
339.95
383.2
426.5
469.75
513.05
546.2
578.8
611.35
643.9
676.45
709.05
741.6
774.2
806.8
839.4
872
904.6
937.2
969.8
1002.45
1035.05
1067.65
1100.3
1132.9
1165.55
1198.15
1230.8
1263.4
1296.05
1328.7
1361.3
1393.95
1426.55
1459.2
1491.85
1524.45
1557.1
1589.75
1622.35
1655
1687.6
1720.25
1752.9
1785.5
1818.15
1850.8
1883.4
1916.05
1948.7
1981.3
2013.95
2046.6
2079.2
2111.85
2144.5
2177.1
2209.75
2242.4
2275.05
2307.65
2340.3
2372.95
2405.55
2438.2
2470.85
2503.45
2536.1
2568.75
2601.35
2634
2666.65
2699.25
2731.9
2764.55
2797.15
2829.8
2862.45
2895.05
2927.7
2960.35
2992.95
3025.6
3058.25
3090.85
3123.5
3156.15
3188.8
3221.4
3254.05
3286.7
3319.3
3351.95
3384.6
3417.2
3449.85
3482.5
3515.1
3547.75
3580.4
3613
3645.65
3678.3
3710.9
3743.55
3776.2
3808.8
3841.45
3874.1
3906.7
3939.35
3972
4004.6
4037.25
4069.9
4102.55
4135.15
4167.8
4200.45
4233.05
4265.7
4298.35
4330.95
4363.6
4396.25
4428.85
4461.5
4494.15
4526.75
4559.4
4592.05
4624.65
4657.3
4689.95
4722.55
4755.2
4787.85
4820.45
4853.1
4885.75
4918.35
4951
4983.65
5016.3
5048.9
5081.55
5114.2
5146.8
5179.45
5212.1
5244.7
5277.35
5310
5342.6
5375.25
5407.9
5440.5
5473.15
5505.8
5538.4
5571.05
5603.7
5636.3
5668.95
5701.6
5734.2
5766.85
5799.5
5832.1
5864.75
5897.4
5930.05
5962.65
5995.3
6027.95
6060.55
6093.2
6125.85
6158.45
6191.1
6223.75
6256.35
6289
6321.65
6354.25
6386.9
6419.55
6452.15
6484.8
6517.45
6550.05
6582.7
6615.35
6647.95
6680.6
6713.25
6745.85
6778.5
6811.15
6843.8
6876.4
6909.05
6941.7
6974.3
-1000
25.6
61.45
99.2
136.45
167.55
199.15
234.85
272.6
309.8
340.95
372.35
408.05
445.75
483.15
514.4
545.6
578.25
610.9
643.5
676.05
708.65
741.2
773.8
806.35
838.95
871.55
904.15
936.75
969.4
1002
1034.6
1067.2
1099.85
1132.45
1165.1
1197.7
1230.35
1262.95
1295.6
1328.2
1360.85
1393.45
1426.1
1458.75
1491.35
1524
1556.6
1589.25
1621.9
1654.5
1687.15
1719.8
1752.4
1785.05
1817.7
1850.3
1882.95
1915.6
1948.2
1980.85
2013.5
2046.1
2078.75
2111.4
2144
2176.65
2209.3
2241.9
2274.55
2307.2
2339.8
2372.45
2405.1
2437.7
2470.35
2502.95
2535.6
2568.25
2600.85
2633.5
2666.15
2698.75
2731.4
2764.05
2796.65
2829.3
2861.95
2894.55
2927.2
2959.85
2992.45
3025.1
3057.75
3090.4
3123
3155.65
3188.3
3220.95
3253.55
3286.2
3318.85
3351.45
3384.1
3416.7
3449.35
3482
3514.6
3547.25
3579.9
3612.5
3645.15
3677.8
3710.4
3743.05
3775.7
3808.3
3840.95
3873.6
3906.2
3938.85
3971.5
4004.15
4036.75
4069.4
4102.05
4134.7
4167.3
4199.95
4232.6
4265.2
4297.85
4330.45
4363.1
4395.75
4428.35
4461
4493.65
4526.25
4558.9
4591.55
4624.15
4656.8
4689.45
4722.05
4754.7
4787.35
4819.95
4852.6
4885.25
4917.9
4950.5
4983.15
5015.8
5048.45
5081.05
5113.7
5146.35
5178.95
5211.6
5244.2
5276.85
5309.5
5342.1
5374.75
5407.4
5440
5472.65
5505.3
5537.9
5570.55
5603.2
5635.8
5668.45
5701.1
5733.7
5766.35
5799
5831.65
5864.25
5896.9
5929.55
5962.2
5994.8
6027.45
6060.1
6092.7
6125.35
6157.95
6190.6
6223.25
6255.85
6288.5
6321.15
6353.75
6386.4
6419.05
6451.65
6484.3
6516.95
6549.55
6582.2
6614.85
6647.45
6680.1
6712.75
6745.4
6778
6810.65
6843.3
6875.95
