28.45
62.55
96.65
130.8
164.9
199
233.15
267.25
301.35
335.45
369.6
403.7
437.8
471.95
506.05
538.3
570.45
602.55
634.65
666.75
698.85
731
763.1
795.2
827.3
859.45
891.55
923.65
955.75
987.9
1020
1052.1
1084.25
1116.35
1148.45
1180.55
1212.7
1244.8
1276.9
1309.05
1341.15
1373.25
1405.35
1437.5
1469.6
1501.7
1533.85
1565.95
1598.05
1630.15
1662.3
1694.4
1726.5
1758.65
1790.75
1822.85
1854.95
1887.1
1919.2
1951.3
1983.45
2015.55
2047.65
2079.65
2111.65
2143.65
2175.65
2207.65
2239.65
2271.65
2303.6
2335.6
2367.6
2399.6
2431.6
2463.6
2495.6
2527.55
2559.55
2591.55
2623.55
2655.55
2687.55
2719.55
2751.55
2783.5
2815.5
2847.5
2879.5
2911.5
2943.5
2975.5
3007.5
3039.45
3071.45
3103.45
3135.45
3167.45
3199.45
3231.45
3263.4
3295.4
3327.4
3359.4
3391.4
3423.4
3455.4
3487.4
3519.35
3551.35
3583.35
3615.35
3647.35
3679.35
3711.35
3743.35
3775.3
3807.3
3839.3
3871.3
3903.3
3935.3
3967.3
3999.3
4031.25
4063.25
4095.25
4127.25
4159.25
4191.25
4223.25
4255.2
4287.2
4319.2
4351.2
4383.2
4415.2
4447.2
4479.2
4511.15
4543.15
4575.15
4607.15
4639.15
4671.15
4703.15
4735.15
4767.1
4799.1
4831.1
4863.1
4895.1
4927.1
4959.1
4991.1
5023.05
5055.05
5087.05
5119.05
5151.05
5183.05
5215.05
5247
5279
5311
5343
5375
5407
5439
5471
5502.95
5534.95
5566.95
5598.95
5630.95
5662.95
5694.95
5726.95
5758.9
5790.9
5822.9
5854.9
5886.9
5918.9
5950.9
5982.9
6014.85
6046.85
6078.85
6110.85
6142.85
6174.85
6206.85
6238.8
6270.8
6302.8
6334.8
6366.8
6398.8
6430.8
6462.8
6494.75
6526.75
6558.75
6590.75
6622.75
6654.75
6686.75
6718.75
6750.7
6782.7
6814.7
6846.7
6878.7
6910.7
6942.7
6974.7
-1000
25.6
58.15
90.95
124.1
157.45
190.95
224.6
258.4
292.25
326.15
360.1
394.1
428.15
462.2
496.25
530.25
563.95
597.25
630.3
663.1
695.8
728.35
760.85
793.25
825.6
857.9
890.2
922.4
954.65
986.9
1019.1
1051.3
1083.5
1115.7
1147.85
1180.05
1212.2
1244.35
1276.45
1308.6
1340.7
1372.85
1404.95
1437.1
1469.2
1501.3
1533.4
1565.55
1597.65
1629.75
1661.9
1694
1726.1
1758.2
1790.35
1822.45
1854.55
1886.7
1918.8
1950.9
1983.05
2015.15
2047.25
2079.35
2111.4
2143.45
2175.4
2207.4
2239.4
2271.4
2303.4
2335.4
2367.4
2399.4
2431.35
2463.35
2495.35
2527.35
2559.35
2591.35
2623.35
2655.3
2687.3
2719.3
2751.3
2783.3
2815.3
2847.3
2879.3
2911.25
2943.25
2975.25
3007.25
3039.25
3071.25
3103.25
3135.25
3167.2
3199.2
3231.2
3263.2
3295.2
3327.2
3359.2
3391.2
3423.15
3455.15
3487.15
3519.15
3551.15
3583.15
3615.15
3647.1
3679.1
3711.1
3743.1
3775.1
3807.1
3839.1
3871.1
3903.05
3935.05
3967.05
3999.05
4031.05
4063.05
4095.05
4127.05
4159
4191
4223
4255
4287
4319
4351
4383
4414.95
4446.95
4478.95
4510.95
4542.95
4574.95
4606.95
4638.9
4670.9
4702.9
4734.9
4766.9
4798.9
4830.9
4862.9
4894.85
4926.85
4958.85
4990.85
5022.85
5054.85
5086.85
5118.85
5150.8
5182.8
5214.8
5246.8
5278.8
5310.8
5342.8
5374.8
5406.75
5438.75
5470.75
5502.75
5534.75
5566.75
5598.75
5630.7
5662.7
5694.7
5726.7
5758.7
5790.7
5822.7
5854.7
5886.65
5918.65
5950.65
5982.65
6014.65
6046.65
6078.65
6110.65
6142.6
6174.6
6206.6
6238.6
6270.6
6302.6
6334.6
6366.6
6398.55
6430.55
6462.55
6494.55
6526.55
6558.55
6590.55
6622.5
6654.5
6686.5
6718.5
6750.5
6782.5
6814.5
6846.5
6878.45
6910.45
6942.45
6974.45
