58.45
124.3
190.1
255.95
321.8
387.6
453.45
519.3
554.45
588.55
622.5
656.45
690.5
724.55
758.6
792.7
826.8
860.95
895.1
929.3
963.45
997.65
1031.85
1066.05
1100.3
1134.5
1168.75
1202.95
1237.2
1271.45
1305.7
1339.95
1374.2
1408.45
1442.7
1476.95
1511.2
1545.45
1579.7
1613.95
1648.25
1682.5
1716.75
1751
1785.25
1819.55
1853.8
1888.05
1922.3
1956.6
1990.85
2025.1
2059.35
2093.65
2127.9
2162.15
2196.4
2230.7
2264.95
2299.2
2333.5
2367.75
2402
2436.25
2470.55
2504.8
2539.05
2573.3
2607.6
2641.85
2676.1
2710.4
2744.65
2778.9
2813.15
2847.45
2881.7
2915.95
2950.2
2984.5
3018.75
3053
3087.3
3121.55
3155.8
3190.05
3224.35
3258.6
3292.85
3327.15
3361.4
3395.65
3429.9
3464.2
3498.45
3532.7
3566.95
3601.25
3635.5
3669.75
3704.05
3738.3
3772.55
3806.8
3841.1
3875.35
3909.6
3943.9
3978.15
4012.4
4046.65
4080.95
4115.2
4149.45
4183.7
4218
4252.25
4286.5
4320.8
4355.05
4389.3
4423.55
4457.85
4492.1
4526.35
4560.65
4594.9
4629.15
4663.4
4697.7
4731.95
4766.2
4800.45
4834.75
4869
4903.25
4937.55
4971.8
5006.05
5040.3
5074.6
5108.85
5143.1
5177.4
5211.65
5245.9
5280.15
5314.45
5348.7
5382.95
5417.2
5451.5
5485.75
5520
5554.3
5588.55
5622.8
5657.05
5691.35
5725.6
5759.85
5794.15
5828.4
5862.65
5896.9
5931.2
5965.45
5999.7
6033.95
6068.25
6102.5
6136.75
6171.05
6205.3
6239.55
6273.8
6308.1
6342.35
6376.6
6410.9
6445.15
6479.4
6513.65
6547.95
6582.2
6616.45
6650.7
6685
6719.25
6753.5
6787.8
6822.05
6856.3
6890.55
6924.85
6959.1
6993.35
-1000
25.6
56.65
91.4
122.4
157.15
188.2
223
254.05
288.75
319.8
354.6
385.65
420.45
451.5
486.25
517.3
552.1
587.05
621.6
655.95
690.25
724.15
758.3
792.35
826.4
860.6
894.7
928.9
963.05
997.25
1031.4
1065.6
1099.85
1134.05
1168.3
1202.5
1236.75
1270.95
1305.15
1339.45
1373.7
1407.95
1442.15
1476.4
1510.65
1544.95
1579.25
1613.5
1647.75
1682
1716.2
1750.5
1784.8
1819.05
1853.3
1887.5
1921.8
1956.1
1990.35
2024.55
2058.85
2093.15
2127.4
2161.6
2195.9
2230.2
2264.45
2298.65
2332.95
2367.25
2401.45
2435.75
2470.05
2504.3
2538.5
2572.8
2607.1
2641.35
2675.6
2709.9
2744.15
2778.35
2812.65
2846.95
2881.2
2915.4
2949.7
2984
3018.25
3052.5
3086.8
3121.05
3155.25
3189.55
3223.85
3258.1
3292.3
3326.6
3360.9
3395.1
3429.4
3463.7
3497.95
3532.15
3566.45
3600.75
3635
3669.25
3703.55
3737.8
3772
3806.3
3840.6
3874.85
3909.05
3943.35
3977.65
4011.85
4046.15
4080.45
4114.7
4148.9
4183.2
4217.5
4251.75
4286
4320.3
4354.55
4388.75
4423.05
4457.35
4491.6
4525.8
4560.1
4594.4
4628.6
4662.9
4697.2
4731.45
4765.65
4799.95
4834.25
4868.5
4902.75
4937.05
4971.3
5005.5
5039.8
5074.1
5108.35
5142.55
5176.85
5211.15
5245.35
5279.65
5313.95
5348.2
5382.4
5416.7
5451
5485.25
5519.5
5553.8
5588.05
5622.25
5656.55
5690.85
5725.1
5759.3
5793.6
5827.9
5862.1
5896.4
5930.7
5964.95
5999.15
6033.45
6067.75
6102
6136.25
6170.55
6204.8
6239
6273.3
6307.6
6341.85
6376.05
6410.35
6444.65
6478.85
6513.15
6547.45
6581.7
6615.9
6650.2
6684.5
6718.75
