26.2
57.85
89.5
121.15
152.85
184.5
216.15
247.85
279.5
311.15
342.8
374.5
406.15
437.8
469.45
501.15
532.8
564.45
596.15
627.8
659.45
691.1
722.8
754.45
786.1
817.75
849.45
881.1
912.75
944.4
976.1
1007.75
1039.4
1071.1
1102.75
1134.4
1166.05
1197.75
1229.4
1261.05
1292.7
1324.4
1356.05
1387.7
1419.4
1451.05
1482.7
1514.35
1546.05
1577.7
1609.35
1641
1672.7
1704.35
1736
1767.65
1799.35
1831
1862.65
1894.35
1926
1957.65
1989.3
2021
2052.65
2084.3
2115.95
2147.65
2179.3
2210.95
2242.6
2274.3
2305.95
2337.6
2369.3
2400.95
2432.6
2464.25
2495.95
2527.6
2559.25
2590.9
2622.6
2654.25
2685.9
2717.6
2749.25
2780.9
2812.55
2844.25
2875.9
2907.55
2939.2
2970.9
3002.55
3034.2
3065.85
3097.55
3129.2
3160.85
3192.55
3224.2
3255.85
3287.5
3319.2
3350.85
3382.5
3414.15
3445.85
3477.5
3509.15
3540.8
3572.5
3604.15
3635.8
3667.5
3699.15
3730.8
3762.45
3794.15
3825.8
3857.45
3889.1
3920.8
3952.45
3984.1
4015.8
4047.45
4079.1
4110.75
4142.45
4174.1
4205.75
4237.4
4269.1
4300.75
4332.4
4364.05
4395.75
4427.4
4459.05
4490.75
4522.4
4554.05
4585.7
4617.4
4649.05
4680.7
4712.35
4744.05
4775.7
4807.35
4839
4870.7
4902.35
4934
4965.7
4997.35
5029
5060.65
5092.35
5124
5155.65
5187.3
5219
5250.65
5282.3
5314
5345.65
5377.3
5408.95
5440.65
5472.3
5503.95
5535.6
5567.3
5598.95
5630.6
-1000
25.6
68.35
113.75
151.5
190.7
235.95
276.35
311.8
348.35
392.9
434
469.75
508.3
553.8
593.45
629.15
661.7
693.65
726.05
761.55
807.35
846.85
882.45
915.25
947.5
982.55
1027.7
1068
1103.55
1138.3
1178.05
1222.85
1260
1301.25
1347.15
1385.65
1422.3
1456.4
1500.25
1542
1577.85
1616.8
1662.65
1701.95
1737.55
1770
1802.05
1834.6
1873
1918.45
1956.25
1995.7
2041.1
2081.2
2116.75
2152.35
2194.75
2237.7
2274.05
2315.8
2361.4
2399.45
2437.95
2482.1
2523.65
2559.4
2598.85
2644.75
2683.6
2719.65
2751.5
2783.2
2815.15
2847.75
2885
2930.8
2969.15
3006.4
3046
3090.85
3128.2
3169.05
3214.95
3253.75
3290.15
3322.95
3361.8
3407
3444.6
3484.4
3530.1
3569.8
3605.35
3638.65
3672.4
3715.55
3757.95
3794.1
3834.05
3879.95
3918.75
3955.05
3987.6
4025.4
4071.1
4109.2
4147.75
4191.6
4233.35
4269.25
4307.8
4353.55
4393.15
4428.7
4461.65
4494.2
4531.75
4577.5
4615.7
4653.3
4694.7
4738.45
4775.15
4818.25
4863.5
4901.1
4940.7
4986.25
5026.05
5061.65
5096.15
5135.05
5180.25
5217.8
5257.7
5303.45
5343.05
5378.6
5411.7
5444.85
5485.7
5529.75
5566.65
5609.15
5654.65
5692.55
5731.3
5776.05
5817.05
5852.7
5890.55
5936.1
5975.95
6011.5
6046.2
6085.85
6130.65
6167.9
6209.05
6254.95
6293.6
6329.95
6362.95
6403.7
6447.7
6484.75
6527.4
6572.7
6610.7
6649.7
6694.6
6735.4
6771
6807.95
6852.75
6893.65
6929.2
6967.15
