52.05
111.2
170.35
229.5
288.65
347.8
406.95
466.1
525.25
557.45
588.55
619.5
650.45
681.45
712.5
743.55
774.65
805.8
836.95
868.1
899.25
930.45
961.65
992.85
1024.1
1055.3
1086.55
1117.8
1149.05
1180.3
1211.55
1242.85
1274.1
1305.4
1336.65
1367.95
1399.2
1430.5
1461.8
1493.05
1524.35
1555.65
1586.9
1618.2
1649.5
1680.8
1712.1
1743.35
1774.65
1805.95
1837.25
1868.55
1899.85
1931.1
1962.4
1993.7
2025
2056.3
2087.6
2118.9
2150.15
2181.45
2212.75
2244.05
2275.35
2306.65
2337.95
2369.25
2400.5
2431.8
2463.1
2494.4
2525.7
2557
2588.3
2619.6
2650.9
2682.15
2713.45
2744.75
2776.05
2807.35
2838.65
2869.95
2901.25
2932.5
2963.8
2995.1
3026.4
3057.7
3089
3120.3
3151.6
3182.9
3214.15
3245.45
3276.75
3308.05
3339.35
3370.65
3401.95
3433.25
3464.55
3495.8
3527.1
3558.4
3589.7
3621
3652.3
3683.6
3714.9
3746.15
3777.45
3808.75
3840.05
3871.35
3902.65
3933.95
3965.25
3996.55
4027.8
4059.1
4090.4
4121.7
4153
4184.3
4215.6
4246.9
4278.2
4309.45
4340.75
4372.05
4403.35
4434.65
4465.95
4497.25
4528.55
4559.8
4591.1
4622.4
4653.7
4685
4716.3
4747.6
4778.9
4810.2
4841.45
4872.75
4904.05
4935.35
4966.65
4997.95
5029.25
5060.55
5091.85
5123.1
5154.4
5185.7
5217
5248.3
5279.6
5310.9
5342.2
5373.45
5404.75
5436.05
5467.35
5498.65
5529.95
5561.25
5592.55
5623.85
5655.1
5686.4
5717.7
5749
5780.3
5811.6
5842.9
5874.2
5905.5
5936.75
5968.05
5999.35
6030.65
6061.95
6093.25
6124.55
6155.85
6187.1
6218.4
6249.7
6281
6312.3
6343.6
6374.9
6406.2
6437.5
6468.75
6500.05
6531.35
6562.65
6593.95
6625.25
6656.55
6687.85
6719.15
6750.4
6781.7
6813
6844.3
6875.6
6906.9
6938.2
6969.5
-1000
25.6
57.15
88.15
120.1
151.15
183.3
214.35
246.45
277.5
309.45
340.5
372.2
403.25
434.7
465.75
497.05
528.35
559.45
590.55
621.7
652.85
684.05
715.25
746.45
777.65
808.85
840.1
871.35
902.6
933.85
965.1
996.35
1027.65
1058.95
1090.25
1121.55
1152.85
1184.15
1215.5
1246.85
1278.2
1309.55
1340.95
1372.35
1403.75
1435.2
1466.65
1498.1
1529.65
1561.2
1592.8
1624.45
1656.15
1687.9
1719.7
1751.6
1783.55
1815.5
1847.55
1879.65
1911.8
1943.95
1976.1
2008.25
2040.4
2072.55
2104.7
2136.8
2168.85
2200.85
2232.85
2264.8
2296.7
2328.55
2360.4
2392.2
2423.95
2455.7
2487.4
2519.1
2550.75
2582.4
2614
2645.6
2677.2
2708.75
2740.3
2771.8
2803.3
2834.85
2866.3
2897.8
2929.25
2960.75
2992.2
3023.65
3055.05
3086.45
3117.9
3149.3
3180.7
3212.1
3243.5
3274.9
3306.3
3337.65
3369.05
3400.4
3431.75
3463.15
3494.5
3525.85
3557.2
3588.6
3619.9
3651.3
3682.65
3714
3745.35
3776.7
3808.05
3839.4
3870.7
3902.05
3933.4
3964.75
3996.05
4027.4
4058.7
4090.05
4121.35
4152.65
4184
4215.3
4246.6
4277.9
4309.2
4340.5
4371.8
4403.1
4434.4
4465.7
4496.95
4528.25
4559.55
4590.85
4622.15
4653.45
4684.75
4716.05
4747.35
4778.6
4809.9
4841.2
4872.5
4903.8
4935.1
4966.4
4997.7
5029
5060.25
5091.55
5122.85
5154.15
5185.45
5216.75
5248.05
5279.35
5310.6
5341.9
5373.2
5404.5
5435.8
5467.1
5498.4
5529.7
5561
5592.25
5623.55
5654.85
5686.15
5717.45
5748.75
5780.05
5811.35
5842.65
5873.9
5905.2
5936.5
5967.8
5999.1
6030.4
6061.7
6093
6124.25
6155.55
6186.85
6218.15
6249.45
6280.75
6312.05
6343.35
6374.65
6405.9
6437.2
6468.5
6499.8
6531.1
6562.4
6593.7
6625
6656.3
6687.55
6718.85
6750.15
