42.15
90.95
139.7
188.5
237.3
286.1
334.85
383.65
432.45
481.25
530
564.85
599.1
633.3
667.5
701.75
736
770.25
804.55
838.85
873.1
907.4
941.7
976
1010.35
1044.65
1078.95
1113.3
1147.6
1181.95
1216.25
1250.6
1284.9
1319.25
1353.6
1387.9
1422.25
1456.6
1490.9
1525.25
1559.6
1593.95
1628.25
1662.6
1696.95
1731.3
1765.65
1799.95
1834.3
1868.65
1903
1937.3
1971.65
2006
2040.35
2074.7
2109
2143.35
2177.7
2212.05
2246.4
2280.7
2315.05
2349.4
2383.75
2418.1
2452.4
2486.75
2521.1
2555.45
2589.8
2624.1
2658.45
2692.8
2727.15
2761.5
2795.8
2830.15
2864.5
2898.85
2933.15
2967.5
3001.85
3036.2
3070.55
3104.9
3139.2
3173.55
3207.9
3242.25
3276.55
3310.9
3345.25
3379.6
3413.95
3448.3
3482.6
3516.95
3551.3
3585.65
3619.95
3654.3
3688.65
3723
3757.35
3791.65
3826
3860.35
3894.7
3929.05
3963.4
3997.7
4032.05
4066.4
4100.75
4135.05
4169.4
4203.75
4238.1
4272.45
4306.75
4341.1
4375.45
4409.8
4444.15
4478.45
4512.8
4547.15
4581.5
4615.85
4650.2
4684.5
4718.85
4753.2
4787.55
4821.85
4856.2
4890.55
4924.9
4959.25
4993.55
5027.9
5062.25
5096.6
5130.95
5165.3
5199.6
5233.95
5268.3
5302.65
5336.95
5371.3
5405.65
5440
5474.35
5508.7
5543
5577.35
5611.7
5646.05
5680.35
5714.7
5749.05
5783.4
5817.75
5852.05
5886.4
5920.75
5955.1
5989.45
6023.8
6058.1
6092.45
6126.8
6161.15
6195.45
6229.8
6264.15
6298.5
6332.85
6367.15
6401.5
6435.85
6470.2
6504.55
6538.9
6573.2
6607.55
6641.9
6676.25
6710.55
6744.9
6779.25
6813.6
6847.95
6882.25
6916.6
6950.95
6985.3
-1000
25.6
69.15
115.55
162.7
209.75
255.1
286.15
319.55
362.5
408.7
455.55
502.65
548.55
592.1
629.9
665.65
700.6
735.2
769.75
804.2
838.4
872.75
907.05
941.35
975.65
1009.95
1044.25
1078.55
1112.9
1147.2
1181.55
1215.85
1250.2
1284.5
1318.85
1353.15
1387.5
1421.85
1456.15
1490.5
1524.85
1559.2
1593.5
1627.85
1662.2
1696.55
1730.85
1765.2
1799.55
1833.9
1868.2
1902.55
1936.9
1971.25
2005.6
2039.9
2074.25
2108.6
2142.95
2177.3
2211.6
2245.95
2280.3
2314.65
2349
2383.3
2417.65
2452
2486.35
2520.7
2555
2589.35
2623.7
2658.05
2692.4
2726.7
2761.05
2795.4
2829.75
2864.05
2898.4
2932.75
2967.1
3001.45
3035.8
3070.1
3104.45
3138.8
3173.15
3207.45
3241.8
3276.15
3310.5
3344.85
3379.2
3413.5
3447.85
3482.2
3516.55
3550.85
3585.2
3619.55
3653.9
3688.25
3722.55
3756.9
3791.25
3825.6
3859.95
3894.3
3928.6
3962.95
3997.3
4031.65
4065.95
4100.3
4134.65
4169
4203.35
4237.65
4272
4306.35
4340.7
4375.05
4409.35
4443.7
4478.05
4512.4
4546.75
4581.1
4615.4
4649.75
4684.1
4718.45
4752.75
4787.1
4821.45
4855.8
4890.15
4924.45
4958.8
4993.15
5027.5
5061.85
5096.2
5130.5
5164.85
5199.2
5233.55
5267.85
5302.2
5336.55
5370.9
5405.25
5439.6
5473.9
5508.25
5542.6
5576.95
5611.25
5645.6
5679.95
5714.3
5748.65
5782.95
5817.3
5851.65
5886
5920.35
5954.7
5989
6023.35
6057.7
6092.05
6126.35
6160.7
6195.05
6229.4
6263.75
6298.05
6332.4
6366.75
6401.1
6435.45
6469.8
6504.1
6538.45
6572.8
6607.15
6641.45
6675.8
6710.15
6744.5
6778.85
6813.15
6847.5
6881.85
6916.2
6950.55
