44.95
96.65
148.35
200.1
251.8
303.55
355.25
407
458.7
510.4
544.55
577.95
611.35
644.75
678.15
711.6
745.05
778.5
811.95
845.45
878.95
912.45
945.95
979.5
1013
1046.55
1080.05
1113.6
1147.15
1180.7
1214.25
1247.75
1281.3
1314.85
1348.45
1382
1415.55
1449.1
1482.65
1516.2
1549.75
1583.3
1616.9
1650.45
1684
1717.55
1751.1
1784.7
1818.25
1851.8
1885.35
1918.9
1952.5
1986.05
2019.6
2053.15
2086.75
2120.3
2153.85
2187.4
2221
2254.55
2288.1
2321.65
2355.2
2388.8
2422.35
2455.9
2489.45
2523.05
2556.6
2590.15
2623.7
2657.3
2690.85
2724.4
2757.95
2791.55
2825.1
2858.65
2892.2
2925.75
2959.35
2992.9
3026.45
3060
3093.6
3127.15
3160.7
3194.25
3227.85
3261.4
3294.95
3328.5
3362.1
3395.65
3429.2
3462.75
3496.35
3529.9
3563.45
3597
3630.55
3664.15
3697.7
3731.25
3764.8
3798.4
3831.95
3865.5
3899.05
3932.65
3966.2
3999.75
4033.3
4066.9
4100.45
4134
4167.55
4201.1
4234.7
4268.25
4301.8
4335.35
4368.95
4402.5
4436.05
4469.6
4503.2
4536.75
4570.3
4603.85
4637.45
4671
4704.55
4738.1
4771.7
4805.25
4838.8
4872.35
4905.95
4939.5
4973.05
5006.6
5040.2
5073.75
5107.3
5140.85
5174.45
5208
5241.55
5275.1
5308.7
5342.25
5375.8
5409.35
5442.95
5476.5
5510.05
5543.6
5577.15
5610.75
5644.3
5677.85
5711.4
5745
5778.55
5812.1
5845.65
5879.25
5912.8
5946.35
5979.9
6013.5
6047.05
6080.6
6114.15
6147.75
6181.3
6214.85
6248.4
6282
6315.55
6349.1
6382.65
6416.2
6449.8
6483.35
6516.9
6550.45
6584.05
6617.6
6651.15
6684.7
6718.3
6751.85
6785.4
6818.95
6852.55
6886.1
6919.65
6953.2
6986.8
-1000
25.6
68.1
105.45
136.3
175.4
218.55
249.6
283.85
326.45
363.25
394
433.55
476.3
507.3
542
576.35
610.4
644.2
677.9
711.3
744.75
778.2
811.65
845.2
878.6
912.15
945.65
979.2
1012.65
1046.2
1079.75
1113.3
1146.8
1180.35
1213.9
1247.45
1281
1314.55
1348.1
1381.65
1415.2
1448.75
1482.3
1515.85
1549.45
1583
1616.55
1650.1
1683.65
1717.2
1750.8
1784.35
1817.9
1851.45
1885
1918.6
1952.15
1985.7
2019.25
2052.85
2086.4
2119.95
2153.5
2187.05
2220.65
2254.2
2287.75
2321.3
2354.9
2388.45
2422
2455.55
2489.15
2522.7
2556.25
2589.8
2623.4
2656.95
2690.5
2724.05
2757.6
2791.2
2824.75
2858.3
2891.85
2925.45
2959
2992.55
3026.1
3059.7
3093.25
3126.8
3160.35
3193.95
3227.5
3261.05
3294.6
3328.2
3361.75
3395.3
3428.85
3462.4
3496
3529.55
3563.1
3596.65
3630.25
3663.8
3697.35
3730.9
3764.5
3798.05
3831.6
3865.15
3898.75
3932.3
3965.85
3999.4
4033
4066.55
4100.1
4133.65
4167.2
4200.8
4234.35
4267.9
4301.45
4335.05
4368.6
4402.15
4435.7
4469.3
4502.85
4536.4
4569.95
4603.55
4637.1
4670.65
4704.2
4737.8
4771.35
4804.9
4838.45
4872.05
4905.6
4939.15
4972.7
5006.3
5039.85
5073.4
5106.95
5140.55
5174.1
5207.65
5241.2
5274.8
5308.35
5341.9
5375.45
5409.05
5442.6
5476.15
5509.7
5543.25
5576.85
5610.4
5643.95
5677.5
5711.1
5744.65
5778.2
5811.75
5845.35
5878.9
5912.45
5946
5979.6
6013.15
6046.7
6080.25
6113.85
6147.4
6180.95
6214.5
6248.1
6281.65
6315.2
6348.75
6382.3
6415.9
6449.45
6483
6516.55
6550.15
6583.7
6617.25
6650.8
6684.4
6717.95
6751.5
6785.05
6818.65
6852.2
