60.4
128.2
196
263.8
331.65
399.45
467.25
535.05
566.9
598.9
631.25
663.9
696.8
729.95
763.25
796.75
830.35
864.1
897.9
931.8
965.8
999.85
1033.95
1068.1
1102.25
1136.45
1170.7
1204.95
1239.25
1273.5
1307.8
1342.1
1376.45
1410.75
1445.1
1479.45
1513.8
1548.1
1582.45
1616.85
1651.2
1685.55
1719.9
1754.25
1788.6
1822.95
1857.35
1891.7
1926.05
1960.4
1994.75
2029.15
2063.5
2097.85
2132.25
2166.6
2200.95
2235.3
2269.7
2304.05
2338.4
2372.8
2407.15
2441.5
2475.85
2510.25
2544.6
2578.95
2613.35
2647.7
2682.05
2716.45
2750.8
2785.15
2819.5
2853.9
2888.25
2922.6
2957
2991.35
3025.7
3060.05
3094.45
3128.8
3163.15
3197.55
3231.9
3266.25
3300.6
3335
3369.35
3403.7
3438.1
3472.45
3506.8
3541.2
3575.55
3609.9
3644.25
3678.65
3713
3747.35
3781.75
3816.1
3850.45
3884.85
3919.2
3953.55
3987.9
4022.3
4056.65
4091
4125.4
4159.75
4194.1
4228.5
4262.85
4297.2
4331.55
4365.95
4400.3
4434.65
4469.05
4503.4
4537.75
4572.1
4606.5
4640.85
4675.2
4709.6
4743.95
4778.3
4812.7
4847.05
4881.4
4915.8
4950.15
4984.5
5018.85
5053.25
5087.6
5121.95
5156.35
5190.7
5225.05
5259.4
5293.8
5328.15
5362.5
5396.9
5431.25
5465.6
5500
5534.35
5568.7
5603.05
5637.45
5671.8
5706.15
5740.55
5774.9
5809.25
5843.6
5878
5912.35
5946.7
5981.1
6015.45
6049.8
6084.15
6118.55
6152.9
6187.25
6221.65
6256
6290.35
6324.7
6359.1
6393.45
6427.8
6462.2
6496.55
6530.9
6565.3
6599.65
6634
6668.35
6702.75
6737.1
6771.45
6805.85
6840.2
6874.55
6908.95
6943.3
6977.65
-1000
25.6
56.65
92.6
123.6
160
191.05
227.7
258.75
295.45
326.45
363.2
394.25
431
462.05
498.85
529.85
566.65
609.25
655.7
694.25
729.55
764
796.35
830.65
863.7
898
931.35
965.75
999.35
1033.75
1067.7
1102
1136.15
1170.4
1204.6
1238.9
1273.1
1307.45
1341.75
1376.05
1410.35
1444.7
1479
1513.35
1547.7
1582.05
1616.4
1650.75
1685.1
1719.45
1753.8
1788.15
1822.55
1856.9
1891.25
1925.6
1959.95
1994.35
2028.7
2063.05
2097.4
2131.8
2166.15
2200.5
2234.9
2269.25
2303.6
2337.95
2372.35
2406.7
2441.05
2475.45
2509.8
2544.15
2578.5
2612.9
2647.25
2681.6
2716
2750.35
2784.7
2819.05
2853.45
2887.8
2922.15
2956.55
2990.9
3025.25
3059.65
3094
3128.35
3162.7
3197.1
3231.45
3265.8
3300.2
3334.55
3368.9
3403.3
3437.65
3472
3506.35
3540.75
3575.1
3609.45
3643.85
3678.2
3712.55
3746.95
3781.3
3815.65
3850
3884.4
3918.75
3953.1
3987.5
4021.85
4056.2
4090.55
4124.95
4159.3
4193.65
4228.05
4262.4
4296.75
4331.15
4365.5
4399.85
4434.2
4468.6
4502.95
4537.3
4571.7
4606.05
4640.4
4674.8
4709.15
4743.5
4777.85
4812.25
4846.6
4880.95
4915.35
4949.7
4984.05
5018.4
5052.8
5087.15
5121.5
5155.9
5190.25
5224.6
5259
5293.35
5327.7
5362.05
5396.45
5430.8
5465.15
5499.55
5533.9
5568.25
5602.6
5637
5671.35
5705.7
5740.1
5774.45
5808.8
5843.15
5877.55
5911.9
5946.25
5980.65
6015
6049.35
6083.7
6118.1
6152.45
6186.8
6221.2
6255.55
6289.9
6324.3
6358.65
6393
6427.35
6461.75
6496.1
6530.45
6564.85
6599.2
6633.55
6667.95
6702.3
6736.65
