35.15
76.5
117.85
159.2
200.55
241.9
283.25
324.6
365.95
407.3
448.65
490
522.75
555.05
587.3
619.6
651.85
684.15
716.45
748.75
781.05
813.35
845.65
877.95
910.25
942.6
974.9
1007.2
1039.55
1071.85
1104.2
1136.5
1168.85
1201.15
1233.5
1265.8
1298.15
1330.45
1362.8
1395.1
1427.45
1459.75
1492.1
1524.45
1556.75
1589.1
1621.4
1653.75
1686.1
1718.4
1750.75
1783.05
1815.4
1847.75
1880.05
1912.4
1944.7
1977.05
2009.4
2041.7
2073.95
2106.15
2138.35
2170.55
2202.7
2234.9
2267.1
2299.3
2331.5
2363.7
2395.9
2428.1
2460.3
2492.5
2524.7
2556.9
2589.1
2621.3
2653.5
2685.7
2717.9
2750.1
2782.3
2814.5
2846.7
2878.9
2911.1
2943.3
2975.5
3007.7
3039.9
3072.1
3104.3
3136.5
3168.7
3200.9
3233.1
3265.3
3297.5
3329.7
3361.9
3394.1
3426.3
3458.5
3490.7
3522.9
3555.1
3587.3
3619.5
3651.7
3683.9
3716.1
3748.3
3780.5
3812.7
3844.9
3877.1
3909.3
3941.5
3973.7
4005.9
4038.05
4070.25
4102.45
4134.65
4166.85
4199.05
4231.25
4263.45
4295.65
4327.85
4360.05
4392.25
4424.45
4456.65
4488.85
4521.05
4553.25
4585.45
4617.65
4649.85
4682.05
4714.25
4746.45
4778.65
4810.85
4843.05
4875.25
4907.45
4939.65
4971.85
5004.05
5036.25
5068.45
5100.65
5132.85
5165.05
5197.25
5229.45
5261.65
5293.85
5326.05
5358.25
5390.45
5422.65
5454.85
5487.05
5519.25
5551.45
5583.65
5615.85
5648.05
5680.25
5712.45
5744.65
5776.85
5809.05
5841.25
5873.45
5905.65
5937.85
5970.05
6002.25
6034.45
6066.65
6098.85
6131
6163.2
6195.4
6227.6
6259.8
6292
6324.2
6356.4
6388.6
6420.8
6453
6485.2
6517.4
6549.6
6581.8
6614
6646.2
6678.4
6710.6
6742.8
6775
6807.2
6839.4
6871.6
6903.8
6936
6968.2
-1000
25.6
60.2
96.45
133.1
167.9
198.85
231.4
266.25
302.65
339.2
373.5
404.4
437.25
472.35
508.85
544.65
579.55
613.7
647.35
680.6
713.6
746.45
779.2
811.8
844.35
876.85
909.35
941.8
974.25
1006.7
1039.1
1071.45
1103.8
1136.15
1168.5
1200.8
1233.15
1265.45
1297.8
1330.1
1362.45
1394.75
1427.1
1459.4
1491.75
1524.05
1556.4
1588.75
1621.05
1653.4
1685.7
1718.05
1750.4
1782.7
1815.05
1847.35
1879.7
1912.05
1944.35
1976.7
2009
2041.35
2073.7
2105.9
2138.1
2170.3
2202.5
2234.7
2266.9
2299.1
2331.3
2363.5
2395.7
2427.9
2460.1
2492.3
2524.45
2556.65
2588.85
2621.05
2653.25
2685.45
2717.65
2749.85
2782.05
2814.25
2846.45
2878.65
2910.85
2943.05
2975.25
3007.45
3039.65
3071.85
3104.05
3136.25
3168.45
3200.65
3232.85
3265.05
3297.25
3329.45
3361.65
3393.85
3426.05
3458.25
3490.45
3522.65
3554.85
3587.05
3619.25
3651.45
3683.65
3715.85
3748.05
3780.25
3812.45
3844.65
3876.85
3909.05
3941.25
3973.45
4005.65
4037.85
4070.05
4102.25
4134.45
4166.65
4198.85
4231.05
4263.25
4295.45
4327.65
4359.85
4392.05
4424.2
4456.4
4488.6
4520.8
4553
4585.2
4617.4
4649.6
4681.8
4714
4746.2
4778.4
4810.6
4842.8
4875
4907.2
4939.4
4971.6
5003.8
5036
5068.2
5100.4
5132.6
5164.8
5197
5229.2
5261.4
5293.6
5325.8
5358
5390.2
5422.4
5454.6
5486.8
5519
5551.2
5583.4
5615.6
5647.8
5680
5712.2
5744.4
5776.6
5808.8
5841
5873.2
5905.4
5937.6
5969.8
6002
6034.2
6066.4
6098.6
6130.8
6163
6195.2
6227.4
6259.6
6291.8
6324
6356.2
6388.4
6420.6
6452.8
6485
6517.15
6549.35
6581.55
6613.75
6645.95
6678.15
6710.35
6742.55
6774.75
6806.95
6839.15
6871.35
6903.55
