27.4
60.45
93.45
126.45
159.45
192.45
225.5
258.5
291.5
324.5
357.5
390.55
423.55
456.55
489.55
522.6
555.6
588.6
621.6
654.6
687.65
720.65
753.65
786.65
819.65
852.7
885.7
918.7
951.7
984.7
1017.75
1050.75
1083.75
1116.75
1149.75
1182.8
1215.8
1248.8
1281.8
1314.85
1347.85
1380.85
1413.85
1446.85
1479.9
1512.9
1545.9
1578.9
1611.9
1644.95
1677.95
1710.95
1743.95
1776.95
1810
1843
1876
1909
1942.05
1975.05
2008.05
2041.05
2074.05
2107.1
2140.1
2173.1
2206.1
2239.1
2272.15
2305.15
2338.15
2371.15
2404.15
2437.2
2470.2
2503.2
2536.2
2569.2
2602.25
2635.25
2668.25
2701.25
2734.3
2767.3
2800.3
2833.3
2866.3
2899.35
2932.35
2965.35
2998.35
3031.35
3064.4
3097.4
3130.4
3163.4
3196.4
3229.45
3262.45
3295.45
3328.45
3361.5
3394.5
3427.5
3460.5
3493.5
3526.55
3559.55
3592.55
3625.55
3658.55
3691.6
3724.6
3757.6
3790.6
3823.6
3856.65
3889.65
3922.65
3955.65
3988.7
4021.7
4054.7
4087.7
4120.7
4153.75
4186.75
4219.75
4252.75
4285.75
4318.8
4351.8
4384.8
4417.8
4450.8
4483.85
4516.85
4549.85
4582.85
4615.85
4648.9
4681.9
4714.9
4747.9
4780.95
4813.95
4846.95
4879.95
4912.95
4946
4979
5012
5045
5078
5111.05
5144.05
5177.05
5210.05
5243.05
5276.1
5309.1
5342.1
5375.1
5408.15
5441.15
5474.15
5507.15
5540.15
5573.2
5606.2
5639.2
5672.2
5705.2
5738.25
5771.25
5804.25
5837.25
5870.25
5903.3
5936.3
5969.3
6002.3
6035.35
6068.35
6101.35
6134.35
6167.35
6200.4
6233.4
6266.4
6299.4
6332.4
6365.45
6398.45
6431.45
6464.45
6497.45
6530.5
6563.5
6596.5
6629.5
6662.5
6695.55
6728.55
6761.55
6794.55
6827.6
6860.6
6893.6
6926.6
6959.6
6992.65
-1000
25.6
59.5
93.1
126.45
159.25
192.45
225.3
258.4
291.35
324.4
357.4
390.4
423.4
456.45
489.45
522.45
555.45
588.45
621.5
654.5
687.5
720.5
753.5
786.55
819.55
852.55
885.55
918.55
951.6
984.6
1017.6
1050.6
1083.65
1116.65
1149.65
1182.65
1215.65
1248.7
1281.7
1314.7
1347.7
1380.7
1413.75
1446.75
1479.75
1512.75
1545.75
1578.8
1611.8
1644.8
1677.8
1710.85
1743.85
1776.85
1809.85
1842.85
1875.9
1908.9
1941.9
1974.9
2007.9
2040.95
2073.95
2106.95
2139.95
2172.95
2206
2239
2272
2305
2338
2371.05
2404.05
2437.05
2470.05
2503.1
2536.1
2569.1
2602.1
2635.1
2668.15
2701.15
2734.15
2767.15
2800.15
2833.2
2866.2
2899.2
2932.2
2965.2
2998.25
3031.25
3064.25
3097.25
3130.3
3163.3
3196.3
3229.3
3262.3
3295.35
3328.35
3361.35
3394.35
3427.35
3460.4
3493.4
3526.4
3559.4
3592.4
3625.45
3658.45
3691.45
3724.45
3757.45
3790.5
3823.5
3856.5
3889.5
3922.55
3955.55
3988.55
4021.55
4054.55
4087.6
4120.6
4153.6
4186.6
4219.6
4252.65
4285.65
4318.65
4351.65
4384.65
4417.7
4450.7
4483.7
4516.7
4549.75
4582.75
4615.75
4648.75
4681.75
4714.8
4747.8
4780.8
4813.8
4846.8
4879.85
4912.85
4945.85
4978.85
5011.85
5044.9
5077.9
5110.9
5143.9
5176.95
5209.95
5242.95
5275.95
5308.95
5342
5375
5408
5441
5474
5507.05
5540.05
5573.05
5606.05
5639.05
5672.1
5705.1
5738.1
5771.1
5804.1
5837.15
5870.15
5903.15
5936.15
5969.2
6002.2
6035.2
6068.2
6101.2
6134.25
6167.25
6200.25
6233.25
6266.25
6299.3
6332.3
6365.3
6398.3
6431.3
6464.35
6497.35
6530.35
6563.35
6596.4
6629.4
6662.4
6695.4
6728.4
6761.45
6794.45
6827.45
6860.45
6893.45
6926.5
6959.5
6992.5
