25.9
57.25
88.6
119.95
151.3
182.65
214
245.35
276.65
308
339.35
370.7
402.05
433.4
464.75
496.1
527.45
558.8
590.15
621.5
652.85
684.2
715.55
746.9
778.25
809.55
840.9
872.25
903.6
934.95
966.3
997.65
1029
1060.35
1091.7
1123.05
1154.4
1185.75
1217.1
1248.45
1279.8
1311.1
1342.45
1373.8
1405.15
1436.5
1467.85
1499.2
1530.55
1561.9
1593.25
1624.6
1655.95
1687.3
1718.65
1750
1781.35
1812.7
1844
1875.35
1906.7
1938.05
1969.4
2000.75
2032.1
2063.45
2094.8
2126.15
2157.5
2188.85
2220.2
2251.55
2282.9
2314.25
2345.55
2376.9
2408.25
2439.6
2470.95
2502.3
2533.65
2565
2596.35
2627.7
2659.05
2690.4
2721.75
2753.1
2784.45
2815.8
2847.15
2878.45
2909.8
2941.15
2972.5
3003.85
3035.2
3066.55
3097.9
3129.25
3160.6
3191.95
3223.3
3254.65
3286
3317.35
3348.7
3380
3411.35
3442.7
3474.05
3505.4
3536.75
3568.1
3599.45
3630.8
3662.15
3693.5
3724.85
3756.2
3787.55
3818.9
3850.25
3881.6
3912.9
3944.25
3975.6
4006.95
4038.3
4069.65
4101
4132.35
4163.7
4195.05
4226.4
4257.75
4289.1
4320.45
4351.8
4383.15
4414.45
4445.8
4477.15
4508.5
4539.85
4571.2
4602.55
4633.9
4665.25
4696.6
4727.95
4759.3
4790.65
4822
4853.35
4884.7
4916.05
4947.35
4978.7
5010.05
5041.4
5072.75
5104.1
5135.45
5166.8
5198.15
5229.5
5260.85
5292.2
5323.55
5354.9
5386.25
5417.6
5448.9
5480.25
5511.6
5542.95
5574.3
5605.65
5637
5668.35
5699.7
5731.05
5762.4
5793.75
5825.1
5856.45
5887.8
5919.15
5950.5
5981.8
6013.15
6044.5
6075.85
6107.2
6138.55
6169.9
6201.25
6232.6
6263.95
6295.3
6326.65
6358
6389.35
6420.7
6452.05
6483.35
6514.7
6546.05
6577.4
6608.75
6640.1
6671.45
6702.8
6734.15
6765.5
6796.85
6828.2
6859.55
6890.9
6922.25
6953.6
6984.95
-1000
25.6
57.65
89.25
120.75
152.2
183.6
215
246.4
277.75
309.15
340.5
371.85
403.2
434.55
465.9
497.25
528.6
559.95
591.3
622.65
654
685.35
716.7
748.05
779.4
810.75
842.1
873.45
904.8
936.15
967.5
998.85
1030.2
1061.5
1092.85
1124.2
1155.55
1186.9
1218.25
1249.6
1280.95
1312.3
1343.65
1375
1406.35
1437.7
1469.05
1500.4
1531.75
1563.1
1594.4
1625.8
1657.1
1688.45
1719.8
1751.15
1782.5
1813.85
1845.2
1876.55
1907.9
1939.25
1970.6
2001.95
2033.3
2064.65
2095.95
2127.3
2158.65
2190
2221.35
2252.7
2284.05
2315.4
2346.75
2378.1
2409.45
2440.8
2472.15
2503.5
2534.85
2566.2
2597.55
2628.85
2660.25
2691.55
2722.9
2754.25
2785.6
2816.95
2848.3
2879.65
2911
2942.35
2973.7
3005.05
3036.4
3067.75
3099.1
3130.4
3161.75
3193.1
3224.45
3255.8
3287.15
3318.5
3349.85
3381.2
3412.55
3443.9
3475.25
3506.6
3537.95
3569.3
3600.65
3632
3663.3
3694.7
3726
3757.35
3788.7
3820.05
3851.4
3882.75
3914.1
3945.45
3976.8
4008.15
4039.5
4070.85
4102.2
4133.55
4164.85
4196.2
4227.55
4258.9
4290.25
4321.6
4352.95
4384.3
4415.65
4447
4478.35
4509.7
4541.05
4572.4
4603.75
4635.1
4666.45
4697.75
4729.15
4760.45
4791.8
4823.15
4854.5
4885.85
4917.2
4948.55
4979.9
5011.25
5042.6
5073.95
5105.3
5136.65
5168
5199.3
5230.65
5262
5293.35
5324.7
5356.05
5387.4
5418.75
5450.1
5481.45
5512.8
5544.15
5575.5
5606.85
5638.2
5669.55
5700.9
5732.2
5763.6
5794.9
5826.25
5857.6
5888.95
5920.3
5951.65
5983
6014.35
6045.7
6077.05
6108.4
6139.75
6171.1
6202.45
6233.75
6265.1
6296.45
6327.8
6359.15
6390.5
6421.85
6453.2
6484.55
6515.9
6547.25
6578.6
6609.95
6641.3
6672.65
6704
6735.35
6766.65
6798.05
6829.35
6860.7
6892.05
6923.4
6954.75
6986.1
