44.95
96.65
148.35
200.1
251.8
303.55
355.25
407
458.7
510.4
543
574.7
606.3
637.9
669.5
701.15
732.85
764.5
796.2
827.95
859.65
891.4
923.15
954.9
986.65
1018.4
1050.2
1081.95
1113.75
1145.55
1177.3
1209.1
1240.9
1272.7
1304.5
1336.3
1368.1
1399.9
1431.7
1463.5
1495.3
1527.1
1558.9
1590.7
1622.5
1654.3
1686.15
1717.95
1749.75
1781.55
1813.35
1845.15
1877
1908.8
1940.6
1972.4
2004.2
2036
2067.85
2099.65
2131.45
2163.25
2195.05
2226.9
2258.7
2290.5
2322.3
2354.1
2385.9
2417.75
2449.55
2481.35
2513.15
2544.95
2576.8
2608.6
2640.4
2672.2
2704
2735.85
2767.65
2799.45
2831.25
2863.05
2894.9
2926.7
2958.5
2990.3
3022.1
3053.95
3085.75
3117.55
3149.35
3181.15
3213
3244.8
3276.6
3308.4
3340.2
3372
3403.85
3435.65
3467.45
3499.25
3531.05
3562.9
3594.7
3626.5
3658.3
3690.1
3721.95
3753.75
3785.55
3817.35
3849.15
3881
3912.8
3944.6
3976.4
4008.2
4040.05
4071.85
4103.65
4135.45
4167.25
4199.1
4230.9
4262.7
4294.5
4326.3
4358.15
4389.95
4421.75
4453.55
4485.35
4517.15
4549
4580.8
4612.6
4644.4
4676.2
4708.05
4739.85
4771.65
4803.45
4835.25
4867.1
4898.9
4930.7
4962.5
4994.3
5026.15
5057.95
5089.75
5121.55
5153.35
5185.2
5217
5248.8
5280.6
5312.4
5344.25
5376.05
5407.85
5439.65
5471.45
5503.3
5535.1
5566.9
5598.7
5630.5
5662.3
5694.15
5725.95
5757.75
5789.55
5821.35
5853.2
5885
5916.8
5948.6
5980.4
6012.25
6044.05
6075.85
6107.65
6139.45
6171.3
6203.1
6234.9
6266.7
6298.5
6330.35
6362.15
6393.95
6425.75
6457.55
6489.4
6521.2
6553
6584.8
6616.6
6648.45
6680.25
6712.05
6743.85
6775.65
6807.45
6839.3
6871.1
6902.9
6934.7
6966.5
6998.35
-1000
25.6
60.1
91.15
123.7
157.35
188.35
222.05
253.25
284.35
318.85
349.85
382.45
416.15
447.15
480.8
512.05
543.1
574.65
606.3
637.9
669.55
701.15
732.8
764.45
796.1
827.8
859.5
891.25
922.95
954.7
986.4
1018.2
1049.95
1081.7
1113.5
1145.25
1177.05
1208.85
1240.6
1272.4
1304.2
1336
1367.8
1399.6
1431.4
1463.2
1495
1526.8
1558.6
1590.45
1622.25
1654.05
1685.85
1717.65
1749.45
1781.25
1813.05
1844.9
1876.7
1908.5
1940.3
1972.1
2003.9
2035.75
2067.55
2099.35
2131.15
2162.95
2194.8
2226.6
2258.4
2290.2
2322
2353.8
2385.65
2417.45
2449.25
2481.05
2512.85
2544.7
2576.5
2608.3
2640.1
2671.9
2703.75
2735.55
2767.35
2799.15
2830.95
2862.8
2894.6
2926.4
2958.2
2990
3021.8
3053.65
3085.45
3117.25
3149.05
3180.85
3212.7
3244.5
3276.3
3308.1
3339.9
3371.75
3403.55
3435.35
3467.15
3498.95
3530.8
3562.6
3594.4
3626.2
3658
3689.85
3721.65
3753.45
3785.25
3817.05
3848.9
3880.7
3912.5
3944.3
3976.1
4007.9
4039.75
4071.55
4103.35
4135.15
4166.95
4198.8
4230.6
4262.4
4294.2
4326
4357.85
4389.65
4421.45
4453.25
4485.05
4516.9
4548.7
4580.5
4612.3
4644.1
4675.95
4707.75
4739.55
4771.35
4803.15
4835
4866.8
4898.6
4930.4
4962.2
4994.05
5025.85
5057.65
5089.45
5121.25
5153.05
5184.9
5216.7
5248.5
5280.3
5312.1
5343.95
5375.75
5407.55
5439.35
5471.15
5503
5534.8
5566.6
5598.4
5630.2
5662.05
5693.85
5725.65
5757.45
5789.25
5821.1
5852.9
5884.7
5916.5
5948.3
5980.15
6011.95
6043.75
6075.55
6107.35
6139.2
6171
6202.8
6234.6
6266.4
6298.2
6330.05
6361.85
6393.65
6425.45
6457.25
6489.1
6520.9
6552.7
6584.5
6616.3
6648.15
6679.95
6711.75
6743.55
6775.35
6807.2
