39.75
85.95
132.2
178.4
224.65
270.85
317.1
363.35
409.55
455.8
502
536.45
570.35
604.25
638.1
672
705.9
739.8
773.7
807.6
841.55
875.5
909.4
943.35
977.3
1011.25
1045.2
1079.15
1113.1
1147.05
1181
1214.95
1248.9
1282.85
1316.85
1350.8
1384.75
1418.7
1452.65
1486.65
1520.6
1554.55
1588.55
1622.5
1656.45
1690.4
1724.4
1758.35
1792.3
1826.3
1860.25
1894.2
1928.15
1962.15
1996.1
2030.05
2064.05
2098
2131.95
2165.9
2199.9
2233.85
2267.8
2301.8
2335.75
2369.7
2403.7
2437.65
2471.6
2505.6
2539.55
2573.5
2607.45
2641.45
2675.4
2709.35
2743.35
2777.3
2811.25
2845.25
2879.2
2913.15
2947.1
2981.1
3015.05
3049
3083
3116.95
3150.9
3184.9
3218.85
3252.8
3286.8
3320.75
3354.7
3388.65
3422.65
3456.6
3490.55
3524.55
3558.5
3592.45
3626.45
3660.4
3694.35
3728.35
3762.3
3796.25
3830.2
3864.2
3898.15
3932.1
3966.1
4000.05
4034
4068
4101.95
4135.9
4169.85
4203.85
4237.8
4271.75
4305.75
4339.7
4373.65
4407.65
4441.6
4475.55
4509.55
4543.5
4577.45
4611.4
4645.4
4679.35
4713.3
4747.3
4781.25
4815.2
4849.2
4883.15
4917.1
4951.1
4985.05
5019
5052.95
5086.95
5120.9
5154.85
5188.85
5222.8
5256.75
5290.75
5324.7
5358.65
5392.6
5426.6
5460.55
5494.5
5528.5
5562.45
5596.4
5630.4
5664.35
5698.3
5732.3
5766.25
5800.2
5834.15
5868.15
5902.1
5936.05
5970.05
6004
6037.95
6071.95
6105.9
6139.85
6173.8
6207.8
6241.75
6275.7
6309.7
6343.65
6377.6
6411.6
6445.55
6479.5
6513.5
6547.45
6581.4
6615.35
6649.35
6683.3
6717.25
6751.25
6785.2
6819.15
6853.15
6887.1
6921.05
6955.05
6989
-1000
25.6
66.85
110.7
155.55
200.75
245.8
291.05
335.9
379.25
410.55
442.4
483.2
526.95
565.55
601.6
636.5
670.9
705.15
739.35
773.35
807.25
841.2
875.1
909.05
943
976.9
1010.85
1044.8
1078.75
1112.7
1146.65
1180.6
1214.55
1248.55
1282.5
1316.45
1350.4
1384.35
1418.3
1452.3
1486.25
1520.2
1554.15
1588.15
1622.1
1656.05
1690.05
1724
1757.95
1791.9
1825.9
1859.85
1893.8
1927.8
1961.75
1995.7
2029.65
2063.65
2097.6
2131.55
2165.55
2199.5
2233.45
2267.45
2301.4
2335.35
2369.3
2403.3
2437.25
2471.2
2505.2
2539.15
2573.1
2607.1
2641.05
2675
2709
2742.95
2776.9
2810.85
2844.85
2878.8
2912.75
2946.75
2980.7
3014.65
3048.65
3082.6
3116.55
3150.5
3184.5
3218.45
3252.4
3286.4
3320.35
3354.3
3388.3
3422.25
3456.2
3490.2
3524.15
3558.1
3592.05
3626.05
3660
3693.95
3727.95
3761.9
3795.85
3829.85
3863.8
3897.75
3931.75
3965.7
3999.65
4033.6
4067.6
4101.55
4135.5
4169.5
4203.45
4237.4
4271.4
4305.35
4339.3
4373.25
4407.25
4441.2
4475.15
4509.15
4543.1
4577.05
4611.05
4645
4678.95
4712.95
4746.9
4780.85
4814.8
4848.8
4882.75
4916.7
4950.7
4984.65
5018.6
5052.6
5086.55
5120.5
5154.45
5188.45
5222.4
5256.35
5290.35
5324.3
5358.25
5392.25
5426.2
5460.15
5494.15
5528.1
5562.05
5596
5630
5663.95
5697.9
5731.9
5765.85
5799.8
5833.8
5867.75
5901.7
5935.7
5969.65
6003.6
6037.55
6071.55
6105.5
6139.45
6173.45
6207.4
6241.35
6275.35
6309.3
6343.25
6377.2
6411.2
6445.15
6479.1
6513.1
6547.05
6581
6615
6648.95
6682.9
6716.9
6750.85
6784.8
6818.75
6852.75
6886.7
6920.65
6954.65
