39.75
85.95
132.2
178.4
224.65
270.85
317.1
363.35
409.55
455.8
502
535.3
568
600.7
633.35
666.05
698.75
731.5
764.2
796.95
829.7
862.45
895.2
927.95
960.75
993.5
1026.3
1059.05
1091.85
1124.6
1157.4
1190.2
1222.95
1255.75
1288.55
1321.35
1354.15
1386.9
1419.7
1452.5
1485.3
1518.1
1550.9
1583.7
1616.5
1649.3
1682.05
1714.85
1747.65
1780.45
1813.25
1846.05
1878.85
1911.65
1944.45
1977.25
2010.05
2042.85
2075.65
2108.45
2141.25
2174
2206.8
2239.6
2272.4
2305.2
2338
2370.8
2403.6
2436.4
2469.2
2502
2534.8
2567.6
2600.4
2633.2
2666
2698.8
2731.6
2764.35
2797.15
2829.95
2862.75
2895.55
2928.35
2961.15
2993.95
3026.75
3059.55
3092.35
3125.15
3157.95
3190.75
3223.55
3256.35
3289.15
3321.95
3354.7
3387.5
3420.3
3453.1
3485.9
3518.7
3551.5
3584.3
3617.1
3649.9
3682.7
3715.5
3748.3
3781.1
3813.9
3846.7
3879.5
3912.3
3945.05
3977.85
4010.65
4043.45
4076.25
4109.05
4141.85
4174.65
4207.45
4240.25
4273.05
4305.85
4338.65
4371.45
4404.25
4437.05
4469.85
4502.65
4535.4
4568.2
4601
4633.8
4666.6
4699.4
4732.2
4765
4797.8
4830.6
4863.4
4896.2
4929
4961.8
4994.6
5027.4
5060.2
5093
5125.8
5158.55
5191.35
5224.15
5256.95
5289.75
5322.55
5355.35
5388.15
5420.95
5453.75
5486.55
5519.35
5552.15
5584.95
5617.75
5650.55
5683.35
5716.15
5748.95
5781.75
5814.5
5847.3
5880.1
5912.9
5945.7
5978.5
6011.3
6044.1
6076.9
6109.7
6142.5
6175.3
6208.1
6240.9
6273.7
6306.5
6339.3
6372.1
6404.9
6437.65
6470.45
6503.25
6536.05
6568.85
6601.65
6634.45
6667.25
6700.05
6732.85
6765.65
6798.45
6831.25
6864.05
6896.85
6929.65
6962.45
6995.25
-1000
25.6
63.1
102
133.25
164.65
202
240.8
272.1
303.4
340.75
379.7
411.2
442.25
479.5
518.5
556.8
593.25
628.3
662.5
696.2
729.6
762.75
795.85
828.8
861.75
894.65
927.55
960.4
993.15
1025.95
1058.7
1091.5
1124.25
1157.05
1189.8
1222.6
1255.4
1288.2
1320.95
1353.75
1386.55
1419.35
1452.15
1484.95
1517.7
1550.5
1583.3
1616.1
1648.9
1681.7
1714.5
1747.3
1780.1
1812.9
1845.7
1878.5
1911.25
1944.05
1976.85
2009.65
2042.45
2075.25
2108.05
2140.85
2173.65
2206.45
2239.25
2272.05
2304.85
2337.65
2370.45
2403.25
2436
2468.8
2501.6
2534.4
2567.2
2600
2632.8
2665.6
2698.4
2731.2
2764
2796.8
2829.6
2862.4
2895.2
2928
2960.8
2993.6
3026.35
3059.15
3091.95
3124.75
3157.55
3190.35
3223.15
3255.95
3288.75
3321.55
3354.35
3387.15
3419.95
3452.75
3485.55
3518.35
3551.15
3583.95
3616.7
3649.5
3682.3
3715.1
3747.9
3780.7
3813.5
3846.3
3879.1
3911.9
3944.7
3977.5
4010.3
4043.1
4075.9
4108.7
4141.5
4174.3
4207.1
4239.85
4272.65
4305.45
4338.25
4371.05
4403.85
4436.65
4469.45
4502.25
4535.05
4567.85
4600.65
4633.45
4666.25
4699.05
4731.85
4764.65
4797.45
4830.25
4863
4895.8
4928.6
4961.4
4994.2
5027
5059.8
5092.6
5125.4
5158.2
5191
5223.8
5256.6
5289.4
5322.2
5355
5387.8
5420.6
5453.4
5486.2
5518.95
5551.75
5584.55
5617.35
5650.15
5682.95
5715.75
5748.55
5781.35
5814.15
5846.95
5879.75
5912.55
5945.35
5978.15
6010.95
6043.75
6076.55
6109.35
6142.1
6174.9
6207.7
6240.5
6273.3
6306.1
6338.9
6371.7
6404.5
6437.3
6470.1
6502.9
6535.7
6568.5
6601.3
6634.1
6666.9
6699.7
6732.5
6765.25
6798.05
6830.85
6863.65
6896.45
