28.45
62.55
96.65
130.8
164.9
199
233.15
267.25
301.35
335.45
369.6
403.7
437.8
471.95
506.05
538.85
571.6
604.3
637.05
669.75
702.5
735.2
767.95
800.65
833.4
866.1
898.85
931.55
964.3
997
1029.75
1062.45
1095.2
1127.9
1160.65
1193.35
1226.1
1258.8
1291.55
1324.25
1357
1389.7
1422.45
1455.15
1487.9
1520.6
1553.35
1586.1
1618.8
1651.55
1684.25
1717
1749.7
1782.45
1815.15
1847.9
1880.6
1913.35
1946.05
1978.8
2011.5
2044.25
2076.85
2109.45
2142.05
2174.65
2207.25
2239.85
2272.45
2305.05
2337.65
2370.25
2402.85
2435.45
2468.05
2500.65
2533.25
2565.85
2598.45
2631.05
2663.65
2696.25
2728.9
2761.5
2794.1
2826.7
2859.3
2891.9
2924.5
2957.1
2989.7
3022.3
3054.9
3087.5
3120.1
3152.7
3185.3
3217.9
3250.5
3283.1
3315.7
3348.3
3380.9
3413.5
3446.1
3478.7
3511.3
3543.9
3576.5
3609.1
3641.75
3674.35
3706.95
3739.55
3772.15
3804.75
3837.35
3869.95
3902.55
3935.15
3967.75
4000.35
4032.95
4065.55
4098.15
4130.75
4163.35
4195.95
4228.55
4261.15
4293.75
4326.35
4358.95
4391.55
4424.15
4456.75
4489.35
4522
4554.6
4587.2
4619.8
4652.4
4685
4717.6
4750.2
4782.8
4815.4
4848
4880.6
4913.2
4945.8
4978.4
5011
5043.6
5076.2
5108.8
5141.4
5174
5206.6
5239.2
5271.8
5304.4
5337
5369.6
5402.2
5434.85
5467.45
5500.05
5532.65
5565.25
5597.85
5630.45
5663.05
5695.65
5728.25
5760.85
5793.45
5826.05
5858.65
5891.25
5923.85
5956.45
5989.05
6021.65
6054.25
6086.85
6119.45
6152.05
6184.65
6217.25
6249.85
6282.45
6315.1
6347.7
6380.3
6412.9
6445.5
6478.1
6510.7
6543.3
6575.9
6608.5
6641.1
6673.7
6706.3
6738.9
6771.5
6804.1
6836.7
6869.3
6901.9
6934.5
6967.1
6999.7
-1000
25.6
58.75
92.15
125.8
159.6
193.45
227.45
261.45
295.5
329.55
363.65
397.75
431.85
465.95
500.05
534.1
567.85
601.25
634.45
667.55
700.55
733.45
766.3
799.15
831.95
864.75
897.55
930.3
963.05
995.8
1028.55
1061.3
1094.05
1126.75
1159.5
1192.25
1225
1257.7
1290.45
1323.15
1355.9
1388.6
1421.35
1454.1
1486.8
1519.55
1552.25
1585
1617.75
1650.45
1683.2
1715.9
1748.65
1781.35
1814.1
1846.85
1879.6
1912.3
1945.05
1977.8
2010.5
2043.25
2075.95
2108.65
2141.35
2174
2206.65
2239.35
2272
2304.65
2337.25
2369.85
2402.45
2435.05
2467.65
2500.25
2532.85
2565.45
2598.05
2630.65
2663.25
2695.85
2728.45
2761.05
2793.65
2826.25
2858.85
2891.45
2924.05
2956.65
2989.25
3021.85
3054.45
3087.05
3119.65
3152.3
3184.9
3217.5
3250.1
3282.7
3315.3
3347.9
3380.5
3413.1
3445.7
3478.3
3510.9
3543.5
3576.1
3608.7
3641.3
3673.9
3706.5
3739.1
3771.7
3804.3
3836.9
3869.5
3902.1
3934.7
3967.3
3999.9
4032.5
4065.15
4097.75
4130.35
4162.95
4195.55
4228.15
4260.75
4293.35
4325.95
4358.55
4391.15
4423.75
4456.35
4488.95
4521.55
4554.15
4586.75
4619.35
4651.95
4684.55
4717.15
4749.75
4782.35
4814.95
4847.55
4880.15
4912.75
4945.4
4978
5010.6
5043.2
5075.8
5108.4
5141
5173.6
5206.2
5238.8
5271.4
5304
5336.6
5369.2
5401.8
5434.4
5467
5499.6
5532.2
5564.8
5597.4
5630
5662.6
5695.2
5727.8
5760.4
5793
5825.6
5858.25
5890.85
5923.45
5956.05
5988.65
6021.25
6053.85
6086.45
6119.05
6151.65
6184.25
6216.85
6249.45
6282.05
6314.65
6347.25
6379.85
6412.45
6445.05
6477.65
6510.25
6542.85
6575.45
6608.05
6640.65
6673.25
6705.85
6738.5
6771.1
6803.7
6836.3
6868.9
6901.5
6934.1
6966.7
6999.3
