42.15
90.95
139.7
188.5
237.3
286.1
334.85
383.65
432.45
481.25
530
563.2
595.7
628.15
660.6
693.1
725.6
758.1
790.65
823.15
855.7
888.25
920.85
953.4
986
1018.55
1051.15
1083.75
1116.35
1148.9
1181.5
1214.1
1246.75
1279.35
1311.95
1344.55
1377.15
1409.75
1442.4
1475
1507.6
1540.2
1572.85
1605.45
1638.05
1670.65
1703.3
1735.9
1768.5
1801.15
1833.75
1866.35
1899
1931.6
1964.25
1996.85
2029.45
2062.1
2094.7
2127.3
2159.95
2192.55
2225.15
2257.8
2290.4
2323
2355.65
2388.25
2420.85
2453.5
2486.1
2518.7
2551.35
2583.95
2616.55
2649.2
2681.8
2714.4
2747.05
2779.65
2812.25
2844.9
2877.5
2910.15
2942.75
2975.35
3008
3040.6
3073.2
3105.85
3138.45
3171.05
3203.7
3236.3
3268.9
3301.55
3334.15
3366.8
3399.4
3432
3464.65
3497.25
3529.85
3562.5
3595.1
3627.7
3660.35
3692.95
3725.55
3758.2
3790.8
3823.4
3856.05
3888.65
3921.3
3953.9
3986.5
4019.15
4051.75
4084.35
4117
4149.6
4182.2
4214.85
4247.45
4280.05
4312.7
4345.3
4377.9
4410.55
4443.15
4475.75
4508.4
4541
4573.65
4606.25
4638.85
4671.5
4704.1
4736.7
4769.35
4801.95
4834.55
4867.2
4899.8
4932.4
4965.05
4997.65
5030.3
5062.9
5095.5
5128.15
5160.75
5193.35
5226
5258.6
5291.2
5323.85
5356.45
5389.05
5421.7
5454.3
5486.9
5519.55
5552.15
5584.8
5617.4
5650
5682.65
5715.25
5747.85
5780.5
5813.1
5845.7
5878.35
5910.95
5943.55
5976.2
6008.8
6041.4
6074.05
6106.65
6139.25
6171.9
6204.5
6237.15
6269.75
6302.35
6335
6367.6
6400.2
6432.85
6465.45
6498.05
6530.7
6563.3
6595.9
6628.55
6661.15
6693.75
6726.4
6759
6791.65
6824.25
6856.85
6889.5
6922.1
6954.7
6987.35
-1000
25.6
62.85
96.6
127.3
163.5
200.4
231.4
265.4
303.35
334.4
367.05
404.4
438.1
468.8
505
541.9
579.65
616.85
652.6
687.35
721.35
754.9
788.2
821.25
854.15
887
919.75
952.5
985.2
1017.9
1050.6
1083.25
1115.85
1148.5
1181.1
1213.7
1246.3
1278.9
1311.5
1344.1
1376.7
1409.35
1441.95
1474.55
1507.15
1539.8
1572.4
1605
1637.6
1670.25
1702.85
1735.45
1768.1
1800.7
1833.3
1865.95
1898.55
1931.15
1963.8
1996.4
2029
2061.65
2094.25
2126.85
2159.5
2192.1
2224.7
2257.35
2289.95
2322.55
2355.2
2387.8
2420.4
2453.05
2485.65
2518.25
2550.9
2583.5
2616.1
2648.75
2681.35
2714
2746.6
2779.2
2811.85
2844.45
2877.05
2909.7
2942.3
2974.9
3007.55
3040.15
3072.75
3105.4
3138
3170.6
3203.25
3235.85
3268.5
3301.1
3333.7
3366.35
3398.95
3431.55
3464.2
3496.8
3529.4
3562.05
3594.65
3627.25
3659.9
3692.5
3725.1
3757.75
3790.35
3823
3855.6
3888.2
3920.85
3953.45
3986.05
4018.7
4051.3
4083.9
4116.55
4149.15
4181.75
4214.4
4247
4279.6
4312.25
4344.85
4377.5
4410.1
4442.7
4475.35
4507.95
4540.55
4573.2
4605.8
4638.4
4671.05
4703.65
4736.25
4768.9
4801.5
4834.1
4866.75
4899.35
4932
4964.6
4997.2
5029.85
5062.45
5095.05
5127.7
5160.3
5192.9
5225.55
5258.15
5290.75
5323.4
5356
5388.6
5421.25
5453.85
5486.5
5519.1
5551.7
5584.35
5616.95
5649.55
5682.2
5714.8
5747.4
5780.05
5812.65
5845.25
5877.9
5910.5
5943.1
5975.75
6008.35
6040.95
6073.6
6106.2
6138.85
6171.45
6204.05
6236.7
6269.3
6301.9
6334.55
6367.15
6399.75
6432.4
6465
6497.6
6530.25
6562.85
6595.45
6628.1
6660.7
6693.35
6725.95
6758.55
6791.2
6823.8
6856.4
