36.35
78.95
121.55
164.15
206.8
249.4
292
334.65
377.25
419.85
462.45
505.1
539.75
574
608.2
642.4
676.65
710.85
745.1
779.35
813.6
847.85
882.05
916.3
950.55
984.8
1019.05
1053.3
1087.6
1121.85
1156.1
1190.35
1224.6
1258.85
1293.15
1327.4
1361.65
1395.9
1430.15
1464.45
1498.7
1532.95
1567.2
1601.5
1635.75
1670
1704.25
1738.55
1772.8
1807.05
1841.3
1875.6
1909.85
1944.1
1978.35
2012.65
2046.9
2081
2115.15
2149.25
2183.35
2217.5
2251.6
2285.7
2319.8
2353.95
2388.05
2422.15
2456.3
2490.4
2524.5
2558.65
2592.75
2626.85
2660.95
2695.1
2729.2
2763.3
2797.45
2831.55
2865.65
2899.8
2933.9
2968
3002.15
3036.25
3070.35
3104.45
3138.6
3172.7
3206.8
3240.95
3275.05
3309.15
3343.3
3377.4
3411.5
3445.65
3479.75
3513.85
3548
3582.1
3616.2
3650.3
3684.45
3718.55
3752.65
3786.8
3820.9
3855
3889.15
3923.25
3957.35
3991.5
4025.6
4059.7
4093.8
4127.95
4162.05
4196.15
4230.3
4264.4
4298.5
4332.65
4366.75
4400.85
4435
4469.1
4503.2
4537.3
4571.45
4605.55
4639.65
4673.8
4707.9
4742
4776.15
4810.25
4844.35
4878.5
4912.6
4946.7
4980.85
5014.95
5049.05
5083.15
5117.3
5151.4
5185.5
5219.65
5253.75
5287.85
5322
5356.1
5390.2
5424.35
5458.45
5492.55
5526.65
5560.8
5594.9
5629
5663.15
5697.25
5731.35
5765.5
5799.6
5833.7
5867.85
5901.95
5936.05
5970.15
6004.3
6038.4
6072.5
6106.65
6140.75
6174.85
6209
6243.1
6277.2
6311.35
6345.45
6379.55
6413.7
6447.8
6481.9
6516
6550.15
6584.25
6618.35
6652.5
6686.6
6720.7
6754.85
6788.95
6823.05
6857.2
6891.3
6925.4
6959.5
6993.65
-1000
25.6
65.3
106.75
148.9
191.3
233.85
276.3
318.95
361.6
404.2
446.85
489.45
532.1
570
605.8
640.8
675.45
709.9
744.3
778.7
813
847.3
881.6
915.85
950.1
984.35
1018.6
1052.85
1087.1
1121.35
1155.6
1189.8
1224.05
1258.35
1292.65
1326.9
1361.15
1395.35
1429.65
1463.95
1498.2
1532.4
1566.7
1601
1635.25
1669.5
1703.75
1738.05
1772.3
1806.55
1840.8
1875.1
1909.35
1943.6
1977.85
2012.15
2046.4
2080.6
2114.8
2148.85
2183
2217.15
2251.2
2285.35
2319.5
2353.55
2387.65
2421.85
2455.9
2490
2524.15
2558.3
2592.35
2626.5
2660.65
2694.7
2728.8
2763
2797.05
2831.15
2865.3
2899.45
2933.5
2967.65
3001.8
3035.85
3070
3104.15
3138.2
3172.3
3206.5
3240.55
3274.65
3308.8
3342.95
3377
3411.15
3445.3
3479.35
3513.5
3547.65
3581.7
3615.85
3650
3684.05
3718.15
3752.35
3786.4
3820.5
3854.65
3888.8
3922.85
3957
3991.15
4025.2
4059.35
4093.5
4127.55
4161.65
4195.85
4229.9
4264
4298.15
4332.3
4366.35
4400.5
4434.65
4468.7
4502.85
4537
4571.05
4605.15
4639.35
4673.4
4707.5
4741.65
4775.8
4809.85
4844
4878.15
4912.2
4946.35
4980.5
5014.55
5048.7
5082.85
5116.9
5151
5185.2
5219.25
5253.35
5287.5
5321.65
5355.7
5389.85
5424
5458.05
5492.2
5526.35
5560.4
5594.5
5628.7
5662.75
5696.85
5731
5765.15
5799.2
5833.35
5867.5
5901.55
5935.7
5969.85
6003.9
6038
6072.2
6106.25
6140.35
6174.5
6208.65
6242.7
6276.85
6311
6345.05
6379.2
6413.35
6447.4
6481.55
6515.7
6549.75
6583.85
6618.05
6652.1
6686.2
6720.35
6754.5
6788.55
6822.7
6856.85
6890.9
6925.05
6959.2
6993.25
