27.4
60.45
93.45
126.45
159.45
192.45
225.5
258.5
291.5
324.5
357.5
390.55
423.55
456.55
489.55
522.6
555.6
588.6
621.6
654.6
687.65
720.65
753.65
786.65
819.65
852.7
885.7
918.7
951.7
984.7
1017.75
1050.75
1083.75
1116.75
1149.75
1182.8
1215.8
1248.8
1281.8
1314.85
1347.85
1380.85
1413.85
1446.85
1479.9
1512.9
1545.9
1578.9
1611.9
1644.95
1677.95
1710.95
1743.95
1776.95
1810
1843
1876
1909
1942.05
1975.05
2008.05
2041.05
2074.05
2107.1
2140.1
2173.1
2206.1
2239.1
2272.15
2305.15
2338.15
2371.15
2404.15
2437.2
2470.2
2503.2
2536.2
2569.2
2602.25
2635.25
2668.25
2701.25
2734.3
2767.3
2800.3
2833.3
2866.3
2899.35
2932.35
2965.35
2998.35
3031.35
3064.4
3097.4
3130.4
3163.4
3196.4
3229.45
3262.45
3295.45
3328.45
3361.5
3394.5
3427.5
3460.5
3493.5
3526.55
3559.55
3592.55
3625.55
3658.55
3691.6
3724.6
3757.6
3790.6
3823.6
3856.65
3889.65
3922.65
3955.65
3988.7
4021.7
4054.7
4087.7
4120.7
4153.75
4186.75
4219.75
4252.75
4285.75
4318.8
4351.8
4384.8
4417.8
4450.8
4483.85
4516.85
4549.85
4582.85
4615.85
4648.9
4681.9
4714.9
4747.9
4780.95
4813.95
4846.95
4879.95
4912.95
4946
4979
5012
5045
5078
5111.05
5144.05
5177.05
5210.05
5243.05
5276.1
5309.1
5342.1
5375.1
5408.15
5441.15
5474.15
5507.15
5540.15
5573.2
5606.2
5639.2
5672.2
5705.2
5738.25
5771.25
5804.25
5837.25
5870.25
5903.3
5936.3
5969.3
6002.3
6035.35
6068.35
6101.35
6134.35
6167.35
6200.4
6233.4
6266.4
6299.4
6332.4
6365.45
6398.45
6431.45
6464.45
6497.45
6530.5
6563.5
6596.5
6629.5
6662.5
6695.55
6728.55
6761.55
6794.55
6827.6
6860.6
6893.6
6926.6
6959.6
6992.65
-1000
25.6
58.75
91.9
124.95
158
191.05
224.1
257.15
290.2
323.2
356.2
389.25
422.25
455.25
488.3
521.3
554.35
587.35
620.35
653.35
686.35
719.4
752.4
785.4
818.4
851.4
884.45
917.45
950.45
983.45
1016.5
1049.5
1082.5
1115.5
1148.5
1181.55
1214.55
1247.55
1280.55
1313.55
1346.6
1379.6
1412.6
1445.6
1478.65
1511.65
1544.65
1577.65
1610.65
1643.7
1676.7
1709.7
1742.7
1775.7
1808.75
1841.75
1874.75
1907.75
1940.75
1973.8
2006.8
2039.8
2072.8
2105.85
2138.85
2171.85
2204.85
2237.85
2270.9
2303.9
2336.9
2369.9
2402.9
2435.95
2468.95
2501.95
2534.95
2567.95
2601
2634
2667
2700
2733
2766.05
2799.05
2832.05
2865.05
2898.1
2931.1
2964.1
2997.1
3030.1
3063.15
3096.15
3129.15
3162.15
3195.15
3228.2
3261.2
3294.2
3327.2
3360.2
3393.25
3426.25
3459.25
3492.25
3525.3
3558.3
3591.3
3624.3
3657.3
3690.35
3723.35
3756.35
3789.35
3822.35
3855.4
3888.4
3921.4
3954.4
3987.4
4020.45
4053.45
4086.45
4119.45
4152.5
4185.5
4218.5
4251.5
4284.5
4317.55
4350.55
4383.55
4416.55
4449.55
4482.6
4515.6
4548.6
4581.6
4614.6
4647.65
4680.65
4713.65
4746.65
4779.65
4812.7
4845.7
4878.7
4911.7
4944.75
4977.75
5010.75
5043.75
5076.75
5109.8
5142.8
5175.8
5208.8
5241.8
5274.85
5307.85
5340.85
5373.85
5406.85
5439.9
5472.9
5505.9
5538.9
5571.95
5604.95
5637.95
5670.95
5703.95
5737
5770
5803
5836
5869
5902.05
5935.05
5968.05
6001.05
6034.05
6067.1
6100.1
6133.1
6166.1
6199.1
6232.15
6265.15
6298.15
6331.15
6364.2
6397.2
6430.2
6463.2
6496.2
6529.25
6562.25
6595.25
6628.25
6661.25
6694.3
6727.3
6760.3
6793.3
6826.3
6859.35
6892.35
6925.35
6958.35
6991.4
