62.45
132.4
202.35
272.3
342.25
412.2
482.15
552.1
586.75
620.3
653.75
687.2
720.7
754.25
787.85
821.5
855.15
888.8
922.5
956.2
989.95
1023.7
1057.45
1091.25
1125
1158.8
1192.6
1226.4
1260.2
1294
1327.85
1361.65
1395.45
1429.3
1463.1
1496.95
1530.8
1564.6
1598.45
1632.3
1666.1
1699.95
1733.8
1767.65
1801.45
1835.3
1869.15
1903
1936.8
1970.65
2004.5
2038.35
2072.2
2106
2139.85
2173.7
2207.55
2241.4
2275.2
2309.05
2342.9
2376.75
2410.6
2444.45
2478.25
2512.1
2545.95
2579.8
2613.65
2647.5
2681.3
2715.15
2749
2782.85
2816.7
2850.5
2884.35
2918.2
2952.05
2985.9
3019.75
3053.55
3087.4
3121.25
3155.1
3188.95
3222.8
3256.6
3290.45
3324.3
3358.15
3392
3425.85
3459.65
3493.5
3527.35
3561.2
3595.05
3628.9
3662.7
3696.55
3730.4
3764.25
3798.1
3831.95
3865.75
3899.6
3933.45
3967.3
4001.15
4035
4068.8
4102.65
4136.5
4170.35
4204.2
4238.05
4271.85
4305.7
4339.55
4373.4
4407.25
4441.05
4474.9
4508.75
4542.6
4576.45
4610.3
4644.1
4677.95
4711.8
4745.65
4779.5
4813.35
4847.15
4881
4914.85
4948.7
4982.55
5016.4
5050.2
5084.05
5117.9
5151.75
5185.6
5219.45
5253.25
5287.1
5320.95
5354.8
5388.65
5422.5
5456.3
5490.15
5524
5557.85
5591.7
5625.55
5659.35
5693.2
5727.05
5760.9
5794.75
5828.6
5862.4
5896.25
5930.1
5963.95
5997.8
6031.65
6065.45
6099.3
6133.15
6167
6200.85
6234.65
6268.5
6302.35
6336.2
6370.05
6403.9
6437.7
6471.55
6505.4
6539.25
6573.1
6606.95
6640.75
6674.6
6708.45
6742.3
6776.15
6810
6843.8
6877.65
6911.5
6945.35
6979.2
-1000
25.6
56.65
92.8
123.85
161.45
192.5
230.85
261.9
300.6
331.65
370.45
401.5
440.35
471.4
510.3
541.3
580.2
616.8
651.9
686.25
720.2
754.1
787.5
821.2
854.8
888.5
922.2
955.85
989.65
1023.3
1057.1
1090.9
1124.6
1158.45
1192.2
1226
1259.8
1293.65
1327.45
1361.25
1395.05
1428.9
1462.7
1496.55
1530.35
1564.2
1598.05
1631.85
1665.7
1699.55
1733.35
1767.2
1801.05
1834.9
1868.7
1902.55
1936.4
1970.25
2004.05
2037.9
2071.75
2105.6
2139.45
2173.3
2207.1
2240.95
2274.8
2308.65
2342.5
2376.3
2410.15
2444
2477.85
2511.7
2545.55
2579.35
2613.2
2647.05
2680.9
2714.75
2748.55
2782.4
2816.25
2850.1
2883.95
2917.8
2951.6
2985.45
3019.3
3053.15
3087
3120.85
3154.65
3188.5
3222.35
3256.2
3290.05
3323.9
3357.7
3391.55
3425.4
3459.25
3493.1
3526.95
3560.75
3594.6
3628.45
3662.3
3696.15
3730
3763.8
3797.65
3831.5
3865.35
3899.2
3933.05
3966.85
4000.7
4034.55
4068.4
4102.25
4136.1
4169.9
4203.75
4237.6
4271.45
4305.3
4339.1
4372.95
4406.8
4440.65
4474.5
4508.35
4542.15
4576
4609.85
4643.7
4677.55
4711.4
4745.2
4779.05
4812.9
4846.75
4880.6
4914.45
4948.25
4982.1
5015.95
5049.8
5083.65
5117.5
5151.3
5185.15
5219
5252.85
5286.7
5320.55
5354.35
5388.2
5422.05
5455.9
5489.75
5523.6
5557.4
5591.25
5625.1
5658.95
5692.8
5726.65
5760.45
5794.3
5828.15
5862
5895.85
5929.7
5963.5
5997.35
6031.2
6065.05
6098.9
6132.7
6166.55
6200.4
6234.25
6268.1
6301.95
6335.75
6369.6
6403.45
6437.3
6471.15
6505
6538.8
6572.65
6606.5
6640.35
6674.2
6708.05
