30.75
67.35
104
140.6
177.2
213.85
250.45
287.05
323.7
360.3
396.95
433.55
470.15
506.8
541.05
575.3
609.6
643.85
678.15
712.45
746.7
781
815.3
849.55
883.85
918.15
952.45
986.75
1021.05
1055.35
1089.65
1123.95
1158.25
1192.55
1226.8
1261.1
1295.4
1329.7
1364
1398.3
1432.6
1466.95
1501.2
1535.55
1569.85
1604.15
1638.45
1672.75
1707
1741.35
1775.65
1809.95
1844.25
1878.55
1912.85
1947.15
1981.45
2015.75
2050.05
2084.2
2118.4
2152.55
2186.75
2220.95
2255.1
2289.3
2323.5
2357.65
2391.85
2426.05
2460.2
2494.4
2528.6
2562.75
2596.95
2631.15
2665.3
2699.5
2733.7
2767.85
2802.05
2836.25
2870.4
2904.6
2938.8
2972.95
3007.15
3041.3
3075.5
3109.7
3143.9
3178.05
3212.25
3246.4
3280.6
3314.8
3348.95
3383.15
3417.35
3451.55
3485.7
3519.9
3554.05
3588.25
3622.45
3656.65
3690.8
3725
3759.15
3793.35
3827.55
3861.7
3895.9
3930.1
3964.3
3998.45
4032.65
4066.8
4101
4135.2
4169.35
4203.55
4237.75
4271.95
4306.1
4340.3
4374.45
4408.65
4442.85
4477
4511.2
4545.4
4579.6
4613.75
4647.95
4682.1
4716.3
4750.5
4784.7
4818.85
4853.05
4887.2
4921.4
4955.6
4989.75
5023.95
5058.15
5092.35
5126.5
5160.7
5194.85
5229.05
5263.25
5297.4
5331.6
5365.8
5400
5434.15
5468.35
5502.5
5536.7
5570.9
5605.1
5639.25
5673.45
5707.6
5741.8
5776
5810.15
5844.35
5878.55
5912.75
5946.9
5981.1
6015.25
6049.45
6083.65
6117.8
6152
6186.2
6220.4
6254.55
6288.75
6322.9
6357.1
6391.3
6425.45
6459.65
6493.85
6528.05
6562.2
6596.4
6630.55
6664.75
6698.95
6733.15
6767.3
6801.5
6835.65
6869.85
6904.05
6938.2
6972.4
-1000
25.6
62.25
99
135.65
172.2
208.85
245.5
282.15
318.75
355.35
392
428.6
465.15
501.8
538.45
573.8
608.6
643.2
677.7
712.05
746.35
780.65
814.9
849.2
883.5
917.8
952.1
986.35
1020.65
1054.95
1089.25
1123.55
1157.85
1192.15
1226.45
1260.75
1295.05
1329.35
1363.65
1397.95
1432.25
1466.55
1500.85
1535.15
1569.45
1603.75
1638.05
1672.35
1706.65
1740.95
1775.25
1809.55
1843.85
1878.15
1912.45
1946.75
1981.05
2015.35
2049.65
2083.95
2118.1
2152.25
2186.45
2220.65
2254.75
2289.05
2323.15
2357.4
2391.55
2425.7
2459.9
2494.1
2528.25
2562.45
2596.65
2630.8
2665
2699.2
2733.35
2767.55
2801.75
2835.9
2870.1
2904.3
2938.45
2972.7
3006.85
3041
3075.25
3109.4
3143.55
3177.8
3211.95
3246.1
3280.35
3314.5
3348.65
3382.9
3417.05
3451.2
3485.45
3519.6
3553.75
3588
3622.15
3656.3
3690.55
3724.7
3758.85
3793.1
3827.25
3861.4
3895.65
3929.8
3963.95
3998.2
4032.35
4066.5
4100.75
4134.9
4169.05
4203.3
4237.45
4271.6
4305.85
4340
4374.15
4408.4
4442.55
4476.7
4510.95
4545.1
4579.25
4613.5
4647.65
4681.8
4716.05
4750.2
4784.35
4818.6
4852.75
4886.9
4921.15
4955.3
4989.45
5023.7
5057.85
5092
5126.25
5160.4
5194.55
5228.8
5262.95
5297.1
5331.35
5365.5
5399.65
5433.9
5468.05
5502.2
5536.45
5570.6
5604.75
5639
5673.15
5707.3
5741.55
5775.7
5809.85
5844.1
5878.25
5912.4
5946.65
5980.8
6014.95
6049.2
6083.35
6117.5
6151.75
6185.9
6220.05
6254.3
6288.45
6322.6
6356.85
6391
6425.15
6459.4
6493.55
6527.7
6561.95
6596.1
6630.25
6664.5
6698.65
6732.8
6767.05
6801.2
6835.35
6869.6
6903.75
6937.9
6972.15
