33
72.1
111.15
150.25
189.3
228.4
267.45
306.55
345.6
384.7
423.75
462.85
501.9
535.45
568.7
601.95
635.15
668.4
701.65
734.9
768.15
801.35
834.6
867.85
901.1
934.35
967.6
1000.9
1034.15
1067.4
1100.65
1133.9
1167.15
1200.4
1233.65
1266.9
1300.2
1333.45
1366.7
1399.95
1433.2
1466.45
1499.75
1533
1566.25
1599.5
1632.75
1666
1699.3
1732.55
1765.8
1799.05
1832.3
1865.6
1898.85
1932.1
1965.35
1998.6
2031.9
2065.15
2098.4
2131.65
2164.9
2198.15
2231.45
2264.7
2297.95
2331.2
2364.45
2397.75
2431
2464.25
2497.5
2530.75
2564.05
2597.3
2630.55
2663.8
2697.05
2730.35
2763.6
2796.85
2830.1
2863.35
2896.6
2929.9
2963.15
2996.4
3029.65
3062.9
3096.2
3129.45
3162.7
3195.95
3229.2
3262.5
3295.75
3329
3362.25
3395.5
3428.75
3462.05
3495.3
3528.55
3561.8
3595.05
3628.35
3661.6
3694.85
3728.1
3761.35
3794.65
3827.9
3861.15
3894.4
3927.65
3960.95
3994.2
4027.45
4060.7
4093.95
4127.2
4160.5
4193.75
4227
4260.25
4293.5
4326.8
4360.05
4393.3
4426.55
4459.8
4493.1
4526.35
4559.6
4592.85
4626.1
4659.35
4692.65
4725.9
4759.15
4792.4
4825.65
4858.95
4892.2
4925.45
4958.7
4991.95
5025.25
5058.5
5091.75
5125
5158.25
5191.55
5224.8
5258.05
5291.3
5324.55
5357.8
5391.1
5424.35
5457.6
5490.85
5524.1
5557.4
5590.65
5623.9
5657.15
5690.4
5723.7
5756.95
5790.2
5823.45
5856.7
5890
5923.25
5956.5
5989.75
6023
6056.25
6089.55
6122.8
6156.05
6189.3
6222.55
6255.85
6289.1
6322.35
6355.6
6388.85
6422.15
6455.4
6488.65
6521.9
6555.15
6588.45
6621.7
6654.95
6688.2
6721.45
6754.7
6788
6821.25
6854.5
6887.75
6921
6954.3
6987.55
-1000
25.6
61.55
98.75
136.9
175.35
214.2
253
292.05
331
370.1
409.05
448.2
487.2
526.35
563
598.2
632.6
666.5
700.2
733.7
767.15
800.6
833.95
867.35
900.65
933.95
967.2
1000.45
1033.7
1066.95
1100.2
1133.45
1166.7
1200
1233.25
1266.5
1299.75
1333
1366.25
1399.5
1432.8
1466.05
1499.3
1532.55
1565.8
1599.05
1632.35
1665.6
1698.85
1732.1
1765.35
1798.65
1831.9
1865.15
1898.4
1931.65
1964.9
1998.2
2031.45
2064.7
2097.95
2131.2
2164.5
2197.75
2231
2264.25
2297.5
2330.8
2364.05
2397.3
2430.55
2463.8
2497.05
2530.35
2563.6
2596.85
2630.1
2663.35
2696.65
2729.9
2763.15
2796.4
2829.65
2862.95
2896.2
2929.45
2962.7
2995.95
3029.2
3062.5
3095.75
3129
3162.25
3195.5
3228.8
3262.05
3295.3
3328.55
3361.8
3395.1
3428.35
3461.6
3494.85
3528.1
3561.4
3594.65
3627.9
3661.15
3694.4
3727.65
3760.95
3794.2
3827.45
3860.7
3893.95
3927.25
3960.5
3993.75
4027
4060.25
4093.55
4126.8
4160.05
4193.3
4226.55
4259.8
4293.1
4326.35
4359.6
4392.85
4426.1
4459.4
4492.65
4525.9
4559.15
4592.4
4625.7
4658.95
4692.2
4725.45
4758.7
4792
4825.25
4858.5
4891.75
4925
4958.25
4991.55
5024.8
5058.05
5091.3
5124.55
5157.85
5191.1
5224.35
5257.6
5290.85
5324.15
5357.4
5390.65
5423.9
5457.15
5490.45
5523.7
5556.95
5590.2
5623.45
5656.7
5690
5723.25
5756.5
5789.75
5823
5856.3
5889.55
5922.8
5956.05
5989.3
6022.6
6055.85
6089.1
6122.35
6155.6
6188.9
6222.15
6255.4
6288.65
6321.9
6355.15
6388.45
6421.7
6454.95
6488.2
6521.45
6554.75
6588
6621.25
6654.5
6687.75
6721.05
6754.3
6787.55
6820.8
6854.05
6887.3
6920.6
6953.85
6987.1
