38.3
83
127.7
172.35
217.05
261.75
306.45
351.15
395.85
440.55
485.25
529.95
564.45
598.4
632.35
666.25
700.2
734.15
768.1
802.05
836
869.95
903.9
937.9
971.85
1005.85
1039.8
1073.8
1107.8
1141.75
1175.75
1209.75
1243.7
1277.7
1311.7
1345.7
1379.7
1413.65
1447.65
1481.65
1515.65
1549.65
1583.65
1617.6
1651.6
1685.6
1719.6
1753.6
1787.6
1821.6
1855.55
1889.55
1923.55
1957.55
1991.55
2025.55
2059.55
2093.4
2127.25
2161.1
2194.95
2228.75
2262.6
2296.45
2330.3
2364.15
2398
2431.85
2465.7
2499.55
2533.4
2567.2
2601.05
2634.9
2668.75
2702.6
2736.45
2770.3
2804.15
2838
2871.85
2905.7
2939.5
2973.35
3007.2
3041.05
3074.9
3108.75
3142.6
3176.45
3210.3
3244.15
3278
3311.8
3345.65
3379.5
3413.35
3447.2
3481.05
3514.9
3548.75
3582.6
3616.45
3650.3
3684.1
3717.95
3751.8
3785.65
3819.5
3853.35
3887.2
3921.05
3954.9
3988.75
4022.6
4056.4
4090.25
4124.1
4157.95
4191.8
4225.65
4259.5
4293.35
4327.2
4361.05
4394.9
4428.7
4462.55
4496.4
4530.25
4564.1
4597.95
4631.8
4665.65
4699.5
4733.35
4767.2
4801
4834.85
4868.7
4902.55
4936.4
4970.25
5004.1
5037.95
5071.8
5105.65
5139.5
5173.3
5207.15
5241
5274.85
5308.7
5342.55
5376.4
5410.25
5444.1
5477.95
5511.8
5545.6
5579.45
5613.3
5647.15
5681
5714.85
5748.7
5782.55
5816.4
5850.25
5884.1
5917.9
5951.75
5985.6
6019.45
6053.3
6087.15
6121
6154.85
6188.7
6222.55
6256.4
6290.2
6324.05
6357.9
6391.75
6425.6
6459.45
6493.3
6527.15
6561
6594.85
6628.7
6662.5
6696.35
6730.2
6764.05
6797.9
6831.75
6865.6
6899.45
6933.3
6967.15
-1000
25.6
66
108.8
152.55
196.75
241.15
285.65
330.25
374.9
419.55
464
508.55
553.15
592.8
629.25
664.4
698.95
733.25
767.45
801.6
835.6
869.55
903.5
937.5
971.45
1005.45
1039.4
1073.4
1107.35
1141.35
1175.35
1209.3
1243.3
1277.3
1311.3
1345.25
1379.25
1413.25
1447.25
1481.25
1515.2
1549.2
1583.2
1617.2
1651.2
1685.2
1719.15
1753.15
1787.15
1821.15
1855.15
1889.15
1923.15
1957.1
1991.1
2025.1
2059.1
2093.1
2126.9
2160.8
2194.6
2228.5
2262.3
2296.15
2330
2363.8
2397.7
2431.5
2465.4
2499.2
2533.1
2566.9
2600.75
2634.6
2668.45
2702.25
2736.15
2769.95
2803.85
2837.65
2871.55
2905.35
2939.2
2973.05
3006.9
3040.75
3074.55
3108.45
3142.25
3176.15
3209.95
3243.85
3277.65
3311.5
3345.35
3379.2
3413.05
3446.85
3480.75
3514.6
3548.4
3582.3
3616.1
3649.95
3683.8
3717.65
3751.5
3785.35
3819.15
3853.05
3886.9
3920.7
3954.6
3988.4
4022.25
4056.1
4089.95
4123.8
4157.65
4191.45
4225.35
4259.2
4293
4326.9
4360.7
4394.55
4428.4
4462.25
4496.1
4529.95
4563.8
4597.6
4631.5
4665.3
4699.2
4733
4766.9
4800.7
4834.55
4868.4
4902.25
4936.1
4969.9
5003.8
5037.6
5071.5
5105.3
5139.2
5173
5206.85
5240.7
5274.55
5308.4
5342.2
5376.1
5409.9
5443.8
5477.6
5511.5
5545.3
5579.15
5613
5646.85
5680.7
5714.5
5748.4
5782.2
5816.1
5849.9
5883.8
5917.6
5951.45
5985.3
6019.15
6053
6086.8
6120.7
6154.5
6188.4
6222.2
6256.1
6289.9
6323.75
6357.6
6391.45
6425.3
6459.1
6493
6526.8
6560.7
6594.5
6628.4
6662.2
6696.05
6729.9
6763.75
6797.6
6831.4
6865.3
6899.1
6933
6966.8
