26.5
58.45
90.45
122.45
154.45
186.4
218.4
250.4
282.4
314.35
346.35
378.35
410.35
442.3
474.3
506.3
537.65
568.95
600.25
631.55
662.85
694.15
725.45
756.75
788.05
819.35
850.65
881.95
913.25
944.55
975.85
1007.15
1038.4
1069.7
1101
1132.3
1163.6
1194.9
1226.2
1257.5
1288.8
1320.1
1351.4
1382.7
1414
1445.3
1476.6
1507.9
1539.2
1570.5
1601.8
1633.1
1664.4
1695.7
1727
1758.3
1789.6
1820.9
1852.2
1883.5
1914.8
1946.05
1977.35
2008.65
2039.95
2071.25
2102.55
2133.85
2165.15
2196.45
2227.75
2259.05
2290.35
2321.65
2352.95
2384.25
2415.55
2446.85
2478.15
2509.45
2540.75
2572.05
2603.35
2634.65
2665.95
2697.25
2728.55
2759.85
2791.15
2822.45
2853.7
2885
2916.3
2947.6
2978.9
3010.2
3041.5
3072.8
3104.1
3135.4
3166.7
3198
3229.3
3260.6
3291.9
3323.2
3354.5
3385.8
3417.1
3448.4
3479.7
3511
3542.3
3573.6
3604.9
3636.2
3667.5
3698.8
3730.1
3761.35
3792.65
3823.95
3855.25
3886.55
3917.85
3949.15
3980.45
4011.75
4043.05
4074.35
4105.65
4136.95
4168.25
4199.55
4230.85
4262.15
4293.45
4324.75
4356.05
4387.35
4418.65
4449.95
4481.25
4512.55
4543.85
4575.15
4606.45
4637.75
4669
4700.3
4731.6
4762.9
4794.2
4825.5
4856.8
4888.1
4919.4
4950.7
4982
5013.3
5044.6
5075.9
5107.2
5138.5
5169.8
5201.1
5232.4
5263.7
5295
5326.3
5357.6
5388.9
5420.2
5451.5
5482.8
5514.1
5545.4
5576.65
5607.95
5639.25
5670.55
5701.85
5733.15
5764.45
5795.75
5827.05
5858.35
5889.65
5920.95
5952.25
5983.55
6014.85
6046.15
6077.45
6108.75
6140.05
6171.35
6202.65
6233.95
6265.25
6296.55
6327.85
6359.15
6390.45
6421.75
6453.05
6484.3
6515.6
6546.9
6578.2
6609.5
6640.8
6672.1
6703.4
6734.7
6766
6797.3
6828.6
6859.9
6891.2
6922.5
6953.8
6985.1
-1000
25.6
56.95
88.35
119.75
151.15
182.6
214.1
245.65
277.15
308.75
340.35
372
403.6
435.3
466.95
498.7
530.4
562.1
593.75
625.4
657
688.65
720.2
751.8
783.35
814.9
846.45
877.95
909.45
940.95
972.4
1003.9
1035.35
1066.8
1098.25
1129.7
1161.1
1192.5
1223.95
1255.35
1286.75
1318.15
1349.55
1380.9
1412.3
1443.65
1475.05
1506.4
1537.75
1569.1
1600.5
1631.85
1663.2
1694.55
1725.9
1757.25
1788.6
1819.95
1851.3
1882.65
1914
1945.35
1976.7
2008.05
2039.4
2070.75
2102.1
2133.4
2164.75
2196.05
2227.4
2258.7
2290
2321.35
2352.65
2383.95
2415.25
2446.55
2477.85
2509.15
2540.45
2571.75
2603.05
2634.35
2665.65
2696.95
2728.25
2759.55
2790.85
2822.15
2853.45
2884.75
2916.05
2947.35
2978.65
3009.95
3041.25
3072.55
3103.85
3135.15
3166.45
3197.75
3229.05
3260.35
3291.65
3322.95
3354.25
3385.5
3416.8
3448.1
3479.4
3510.7
3542
3573.3
3604.6
3635.9
3667.2
3698.5
3729.8
3761.1
3792.4
3823.7
3855
3886.3
3917.6
3948.9
3980.2
4011.5
4042.8
4074.1
4105.4
4136.7
4168
4199.3
4230.6
4261.9
4293.15
4324.45
4355.75
4387.05
4418.35
4449.65
4480.95
4512.25
4543.55
4574.85
4606.15
4637.45
4668.75
4700.05
4731.35
4762.65
4793.95
4825.25
4856.55
4887.85
4919.15
4950.45
4981.75
5013.05
5044.35
5075.65
5106.95
5138.25
5169.55
5200.8
5232.1
5263.4
5294.7
5326
5357.3
5388.6
5419.9
5451.2
5482.5
5513.8
5545.1
5576.4
5607.7
5639
5670.3
5701.6
5732.9
5764.2
5795.5
5826.8
5858.1
5889.4
5920.7
5952
5983.3
6014.6
6045.9
6077.2
6108.45
6139.75
6171.05
6202.35
6233.65
6264.95
6296.25
6327.55
6358.85
6390.15
6421.45
6452.75
6484.05
6515.35
6546.65
6577.95
6609.25
6640.55
6671.85
6703.15
6734.45
6765.75
6797.05
6828.35
6859.65
6890.95
6922.25
6953.55
6984.85
