60.4
128.2
196
263.8
331.65
399.45
467.25
535.05
568.5
600.65
632.6
664.6
696.6
728.65
760.75
792.85
825
857.15
889.35
921.55
953.75
986
1018.25
1050.5
1082.75
1115.05
1147.3
1179.6
1211.9
1244.2
1276.5
1308.8
1341.1
1373.4
1405.7
1438.05
1470.35
1502.65
1535
1567.3
1599.65
1631.95
1664.3
1696.6
1728.95
1761.25
1793.6
1825.9
1858.25
1890.55
1922.9
1955.2
1987.55
2019.85
2052.2
2084.55
2116.85
2149.2
2181.5
2213.85
2246.15
2278.5
2310.85
2343.15
2375.5
2407.8
2440.15
2472.45
2504.8
2537.15
2569.45
2601.8
2634.1
2666.45
2698.8
2731.1
2763.45
2795.75
2828.1
2860.4
2892.75
2925.1
2957.4
2989.75
3022.05
3054.4
3086.75
3119.05
3151.4
3183.7
3216.05
3248.35
3280.7
3313.05
3345.35
3377.7
3410
3442.35
3474.7
3507
3539.35
3571.65
3604
3636.3
3668.65
3701
3733.3
3765.65
3797.95
3830.3
3862.65
3894.95
3927.3
3959.6
3991.95
4024.3
4056.6
4088.95
4121.25
4153.6
4185.9
4218.25
4250.6
4282.9
4315.25
4347.55
4379.9
4412.25
4444.55
4476.9
4509.2
4541.55
4573.85
4606.2
4638.55
4670.85
4703.2
4735.5
4767.85
4800.2
4832.5
4864.85
4897.15
4929.5
4961.8
4994.15
5026.5
5058.8
5091.15
5123.45
5155.8
5188.15
5220.45
5252.8
5285.1
5317.45
5349.8
5382.1
5414.45
5446.75
5479.1
5511.4
5543.75
5576.1
5608.4
5640.75
5673.05
5705.4
5737.75
5770.05
5802.4
5834.7
5867.05
5899.35
5931.7
5964.05
5996.35
6028.7
6061
6093.35
6125.7
6158
6190.35
6222.65
6255
6287.3
6319.65
6352
6384.3
6416.65
6448.95
6481.3
6513.65
6545.95
6578.3
6610.6
6642.95
6675.3
6707.6
6739.95
6772.25
6804.6
6836.9
6869.25
6901.6
6933.9
6966.25
6998.55
-1000
25.6
56.65
89.7
120.75
154.8
185.85
220.7
251.7
287.1
318.1
353.85
384.9
420.85
451.9
488.05
519.1
555.4
590.95
625.6
659.55
692.95
725.95
758.8
791.4
823.95
856.4
888.85
921.25
953.5
985.75
1017.95
1050.2
1082.45
1114.75
1147
1179.3
1211.55
1243.85
1276.15
1308.45
1340.75
1373.1
1405.4
1437.7
1470
1502.35
1534.65
1566.95
1599.3
1631.6
1663.95
1696.25
1728.6
1760.9
1793.25
1825.55
1857.9
1890.2
1922.55
1954.85
1987.2
2019.5
2051.85
2084.15
2116.5
2148.85
2181.15
2213.5
2245.8
2278.15
2310.45
2342.8
2375.15
2407.45
2439.8
2472.1
2504.45
2536.75
2569.1
2601.45
2633.75
2666.1
2698.4
2730.75
2763.1
2795.4
2827.75
2860.05
2892.4
2924.7
2957.05
2989.4
3021.7
3054.05
3086.35
3118.7
3151.05
3183.35
3215.7
3248
3280.35
3312.65
3345
3377.35
3409.65
3442
3474.3
3506.65
3539
3571.3
3603.65
3635.95
3668.3
3700.6
3732.95
3765.3
3797.6
3829.95
3862.25
3894.6
3926.95
3959.25
3991.6
4023.9
4056.25
4088.6
4120.9
4153.25
4185.55
4217.9
4250.2
4282.55
4314.9
4347.2
4379.55
4411.85
4444.2
4476.55
4508.85
4541.2
4573.5
4605.85
4638.15
4670.5
4702.85
4735.15
4767.5
4799.8
4832.15
4864.5
4896.8
4929.15
4961.45
4993.8
5026.1
5058.45
5090.8
5123.1
5155.45
5187.75
5220.1
5252.45
5284.75
5317.1
5349.4
5381.75
5414.1
5446.4
5478.75
5511.05
5543.4
5575.7
5608.05
5640.4
5672.7
5705.05
5737.35
5769.7
5802.05
5834.35
5866.7
5899
5931.35
5963.65
5996
6028.35
6060.65
6093
6125.3
6157.65
6190
6222.3
6254.65
6286.95
6319.3
6351.6
6383.95
6416.3
6448.6
6480.95
6513.25
6545.6
6577.95
6610.25
6642.6
6674.9
6707.25
6739.6
