33
72.1
111.15
150.25
189.3
228.4
267.45
306.55
345.6
384.7
423.75
462.85
501.9
535.15
568.15
601.1
634.1
667.1
700.05
733.05
766.05
799
832
865
898
931
964
997
1030
1063
1096
1129
1162
1195
1228
1261
1294
1327
1360
1393
1426
1459
1492
1525
1558.05
1591.05
1624.05
1657.05
1690.05
1723.05
1756.05
1789.05
1822.05
1855.05
1888.05
1921.1
1954.1
1987.1
2020.1
2053.1
2086
2118.85
2151.7
2184.6
2217.45
2250.35
2283.2
2316.05
2348.95
2381.8
2414.7
2447.55
2480.4
2513.3
2546.15
2579.05
2611.9
2644.75
2677.65
2710.5
2743.4
2776.25
2809.1
2842
2874.85
2907.75
2940.6
2973.5
3006.35
3039.2
3072.1
3104.95
3137.85
3170.7
3203.55
3236.45
3269.3
3302.2
3335.05
3367.9
3400.8
3433.65
3466.55
3499.4
3532.25
3565.15
3598
3630.9
3663.75
3696.65
3729.5
3762.35
3795.25
3828.1
3861
3893.85
3926.7
3959.6
3992.45
4025.35
4058.2
4091.05
4123.95
4156.8
4189.7
4222.55
4255.4
4288.3
4321.15
4354.05
4386.9
4419.8
4452.65
4485.5
4518.4
4551.25
4584.15
4617
4649.85
4682.75
4715.6
4748.5
4781.35
4814.2
4847.1
4879.95
4912.85
4945.7
4978.55
5011.45
5044.3
5077.2
5110.05
5142.95
5175.8
5208.65
5241.55
5274.4
5307.3
5340.15
5373
5405.9
5438.75
5471.65
5504.5
5537.35
5570.25
5603.1
5636
5668.85
5701.7
5734.6
5767.45
5800.35
5833.2
5866.1
5898.95
5931.8
5964.7
5997.55
6030.45
6063.3
6096.15
6129.05
6161.9
6194.8
6227.65
6260.5
6293.4
6326.25
6359.15
6392
6424.85
6457.75
6490.6
6523.5
6556.35
6589.25
6622.1
6654.95
6687.85
6720.7
6753.6
6786.45
6819.3
6852.2
6885.05
6917.95
6950.8
6983.65
-1000
25.6
61.1
97.95
135.8
174.05
212.7
251.35
290.3
329.15
368.2
407.15
446.25
485.25
524.35
561.25
596.45
630.9
664.75
698.3
731.7
764.95
798.2
831.35
864.5
897.6
930.6
963.6
996.6
1029.6
1062.6
1095.6
1128.6
1161.6
1194.6
1227.6
1260.6
1293.6
1326.65
1359.65
1392.65
1425.65
1458.65
1491.65
1524.65
1557.65
1590.65
1623.65
1656.65
1689.65
1722.65
1755.65
1788.7
1821.7
1854.7
1887.7
1920.7
1953.7
1986.7
2019.7
2052.7
2085.7
2118.6
2151.5
2184.3
2217.2
2250.1
2282.9
2315.8
2348.7
2381.5
2414.45
2447.25
2480.15
2513.05
2545.85
2578.8
2611.6
2644.55
2677.35
2710.25
2743.15
2775.95
2808.9
2841.7
2874.6
2907.5
2940.3
2973.25
3006.05
3038.95
3071.85
3104.65
3137.6
3170.4
3203.3
3236.2
3269
3301.95
3334.75
3367.65
3400.55
3433.35
3466.3
3499.1
3532.05
3564.85
3597.75
3630.65
3663.45
3696.4
3729.2
3762.1
3795
3827.8
3860.75
3893.55
3926.45
3959.35
3992.15
4025.1
4057.9
4090.8
4123.7
4156.5
4189.45
4222.25
4255.2
4288
4320.9
4353.8
4386.6
4419.55
4452.35
4485.25
4518.15
4550.95
4583.9
4616.7
4649.6
4682.5
4715.3
4748.25
4781.05
4813.95
4846.85
4879.65
4912.6
4945.4
4978.35
5011.15
5044.05
5076.95
5109.75
5142.7
5175.5
5208.4
5241.3
5274.1
5307.05
5339.85
5372.75
5405.65
5438.45
5471.4
5504.2
5537.1
5570
5602.8
5635.75
5668.55
5701.5
5734.3
5767.2
5800.1
5832.9
5865.85
5898.65
5931.55
5964.45
5997.25
6030.2
6063
6095.9
6128.8
6161.6
6194.55
6227.35
6260.25
6293.15
6325.95
6358.9
6391.7
6424.65
6457.45
6490.35
6523.25
6556.05
6589
6621.8
6654.7
6687.6
6720.4
6753.35
6786.15
6819.05
6851.95
6884.75
6917.7
6950.5
6983.4
