27.4
60.45
93.45
126.45
159.45
192.45
225.5
258.5
291.5
324.5
357.5
390.55
423.55
456.55
489.55
522.6
555.6
588.6
621.6
654.6
687.65
720.65
753.65
786.65
819.65
852.7
885.7
918.7
951.7
984.7
1017.75
1050.75
1083.75
1116.75
1149.75
1182.8
1215.8
1248.8
1281.8
1314.85
1347.85
1380.85
1413.85
1446.85
1479.9
1512.9
1545.9
1578.9
1611.9
1644.95
1677.95
1710.95
1743.95
1776.95
1810
1843
1876
1909
1942.05
1975.05
2008.05
2041.05
2074.05
2107.1
2140.1
2173.1
2206.1
2239.1
2272.15
2305.15
2338.15
2371.15
2404.15
2437.2
2470.2
2503.2
2536.2
2569.2
2602.25
2635.25
2668.25
2701.25
2734.3
2767.3
2800.3
2833.3
2866.3
2899.35
2932.35
2965.35
2998.35
3031.35
3064.4
3097.4
3130.4
3163.4
3196.4
3229.45
3262.45
3295.45
3328.45
3361.5
3394.5
3427.5
3460.5
3493.5
3526.55
3559.55
3592.55
3625.55
3658.55
3691.6
3724.6
3757.6
3790.6
3823.6
3856.65
3889.65
3922.65
3955.65
3988.7
4021.7
4054.7
4087.7
4120.7
4153.75
4186.75
4219.75
4252.75
4285.75
4318.8
4351.8
4384.8
4417.8
4450.8
4483.85
4516.85
4549.85
4582.85
4615.85
4648.9
4681.9
4714.9
4747.9
4780.95
4813.95
4846.95
4879.95
4912.95
4946
4979
5012
5045
5078
5111.05
5144.05
5177.05
5210.05
5243.05
5276.1
5309.1
5342.1
5375.1
5408.15
5441.15
5474.15
5507.15
5540.15
5573.2
5606.2
5639.2
5672.2
5705.2
5738.25
5771.25
5804.25
5837.25
5870.25
5903.3
5936.3
5969.3
6002.3
6035.35
6068.35
6101.35
6134.35
6167.35
6200.4
6233.4
6266.4
6299.4
6332.4
6365.45
6398.45
6431.45
6464.45
6497.45
6530.5
6563.5
6596.5
6629.5
6662.5
6695.55
6728.55
6761.55
6794.55
6827.6
6860.6
6893.6
6926.6
6959.6
6992.65
-1000
25.6
60.15
94.05
126.4
159.75
192.6
225.65
258.65
291.65
324.65
357.7
390.7
423.7
456.7
489.75
522.75
555.75
588.75
621.75
654.8
687.8
720.8
753.8
786.8
819.85
852.85
885.85
918.85
951.85
984.9
1017.9
1050.9
1083.9
1116.95
1149.95
1182.95
1215.95
1248.95
1282
1315
1348
1381
1414
1447.05
1480.05
1513.05
1546.05
1579.05
1612.1
1645.1
1678.1
1711.1
1744.15
1777.15
1810.15
1843.15
1876.15
1909.2
1942.2
1975.2
2008.2
2041.2
2074.25
2107.25
2140.25
2173.25
2206.25
2239.3
2272.3
2305.3
2338.3
2371.3
2404.35
2437.35
2470.35
2503.35
2536.4
2569.4
2602.4
2635.4
2668.4
2701.45
2734.45
2767.45
2800.45
2833.45
2866.5
2899.5
2932.5
2965.5
2998.5
3031.55
3064.55
3097.55
3130.55
3163.6
3196.6
3229.6
3262.6
3295.6
3328.65
3361.65
3394.65
3427.65
3460.65
3493.7
3526.7
3559.7
3592.7
3625.7
3658.75
3691.75
3724.75
3757.75
3790.8
3823.8
3856.8
3889.8
3922.8
3955.85
3988.85
4021.85
4054.85
4087.85
4120.9
4153.9
4186.9
4219.9
4252.9
4285.95
4318.95
4351.95
4384.95
4417.95
4451
4484
4517
4550
4583.05
4616.05
4649.05
4682.05
4715.05
4748.1
4781.1
4814.1
4847.1
4880.1
4913.15
4946.15
4979.15
5012.15
5045.15
5078.2
5111.2
5144.2
5177.2
5210.25
5243.25
5276.25
5309.25
5342.25
5375.3
5408.3
5441.3
5474.3
5507.3
5540.35
5573.35
5606.35
5639.35
5672.35
5705.4
5738.4
5771.4
5804.4
5837.4
5870.45
5903.45
5936.45
5969.45
6002.5
6035.5
6068.5
6101.5
6134.5
6167.55
6200.55
6233.55
6266.55
6299.55
6332.6
6365.6
6398.6
6431.6
6464.6
6497.65
6530.65
6563.65
6596.65
6629.7
6662.7
6695.7
6728.7
6761.7
6794.75
6827.75
6860.75
6893.75
6926.75
6959.8
6992.8
