41.3
89.2
137.1
185
232.9
280.8
328.7
376.6
424.5
472.4
520.3
554.4
587.75
621.1
654.4
687.75
721.1
754.45
787.8
821.2
854.6
888
921.4
954.8
988.2
1021.6
1055
1088.45
1121.85
1155.25
1188.7
1222.1
1255.55
1288.95
1322.4
1355.85
1389.25
1422.7
1456.15
1489.55
1523
1556.45
1589.85
1623.3
1656.75
1690.15
1723.6
1757.05
1790.5
1823.9
1857.35
1890.8
1924.2
1957.65
1991.1
2024.55
2057.95
2091.4
2124.85
2158.3
2191.7
2225.15
2258.6
2292.05
2325.45
2358.9
2392.35
2425.75
2459.2
2492.65
2526.1
2559.5
2592.95
2626.4
2659.85
2693.25
2726.7
2760.15
2793.6
2827
2860.45
2893.9
2927.35
2960.75
2994.2
3027.65
3061.1
3094.5
3127.95
3161.4
3194.8
3228.25
3261.7
3295.15
3328.55
3362
3395.45
3428.9
3462.3
3495.75
3529.2
3562.65
3596.05
3629.5
3662.95
3696.4
3729.8
3763.25
3796.7
3830.15
3863.55
3897
3930.45
3963.9
3997.3
4030.75
4064.2
4097.6
4131.05
4164.5
4197.95
4231.35
4264.8
4298.25
4331.7
4365.1
4398.55
4432
4465.45
4498.85
4532.3
4565.75
4599.2
4632.6
4666.05
4699.5
4732.95
4766.35
4799.8
4833.25
4866.7
4900.1
4933.55
4967
5000.4
5033.85
5067.3
5100.75
5134.15
5167.6
5201.05
5234.5
5267.9
5301.35
5334.8
5368.25
5401.65
5435.1
5468.55
5502
5535.4
5568.85
5602.3
5635.75
5669.15
5702.6
5736.05
5769.5
5802.9
5836.35
5869.8
5903.2
5936.65
5970.1
6003.55
6036.95
6070.4
6103.85
6137.3
6170.7
6204.15
6237.6
6271.05
6304.45
6337.9
6371.35
6404.8
6438.2
6471.65
6505.1
6538.55
6571.95
6605.4
6638.85
6672.3
6705.7
6739.15
6772.6
6806
6839.45
6872.9
6906.35
6939.75
6973.2
-1000
25.6
65.7
107.8
141.2
171.55
210.75
253.05
291.75
322.75
358.35
399.65
441.6
472.65
505.1
545.15
582.3
617.75
652.25
686.25
720.05
753.7
787.25
820.8
854.2
887.6
921
954.4
987.8
1021.2
1054.6
1088.05
1121.45
1154.85
1188.3
1221.7
1255.15
1288.55
1322
1355.4
1388.85
1422.3
1455.7
1489.15
1522.6
1556
1589.45
1622.9
1656.3
1689.75
1723.2
1756.6
1790.05
1823.5
1856.95
1890.35
1923.8
1957.25
1990.7
2024.1
2057.55
2091
2124.4
2157.85
2191.3
2224.75
2258.15
2291.6
2325.05
2358.5
2391.9
2425.35
2458.8
2492.25
2525.65
2559.1
2592.55
2625.95
2659.4
2692.85
2726.3
2759.7
2793.15
2826.6
2860.05
2893.45
2926.9
2960.35
2993.8
3027.2
3060.65
3094.1
3127.55
3160.95
3194.4
3227.85
3261.3
3294.7
3328.15
3361.6
3395
3428.45
3461.9
3495.35
3528.75
3562.2
3595.65
3629.1
3662.5
3695.95
3729.4
3762.85
3796.25
3829.7
3863.15
3896.6
3930
3963.45
3996.9
4030.35
4063.75
4097.2
4130.65
4164.1
4197.5
4230.95
4264.4
4297.8
4331.25
4364.7
4398.15
4431.55
4465
4498.45
4531.9
4565.3
4598.75
4632.2
4665.65
4699.05
4732.5
4765.95
4799.4
4832.8
4866.25
4899.7
4933.15
4966.55
5000
5033.45
5066.9
5100.3
5133.75
5167.2
5200.6
5234.05
5267.5
5300.95
5334.35
5367.8
5401.25
5434.7
5468.1
5501.55
5535
5568.45
5601.85
5635.3
5668.75
5702.2
5735.6
5769.05
5802.5
5835.95
5869.35
5902.8
5936.25
5969.7
6003.1
6036.55
6070
6103.4
6136.85
6170.3
6203.75
6237.15
6270.6
6304.05
6337.5
6370.9
6404.35
6437.8
6471.25
6504.65
6538.1
6571.55
6605
6638.4
6671.85
6705.3
6738.75
6772.15
6805.6
6839.05
6872.5
