49.4
105.8
162.15
218.55
274.95
331.35
387.75
444.15
500.55
533.75
566
598.1
630.25
662.45
694.65
726.9
759.15
791.4
823.7
856
888.3
920.6
952.95
985.3
1017.65
1050
1082.35
1114.75
1147.1
1179.45
1211.85
1244.25
1276.6
1309
1341.4
1373.8
1406.15
1438.55
1470.95
1503.35
1535.75
1568.15
1600.55
1632.95
1665.35
1697.75
1730.15
1762.55
1794.95
1827.35
1859.75
1892.15
1924.55
1956.95
1989.35
2021.75
2054.15
2086.55
2118.95
2151.35
2183.75
2216.15
2248.55
2280.95
2313.35
2345.75
2378.15
2410.55
2442.95
2475.35
2507.75
2540.15
2572.55
2604.95
2637.35
2669.75
2702.15
2734.55
2766.95
2799.35
2831.75
2864.15
2896.55
2928.95
2961.35
2993.75
3026.15
3058.55
3090.95
3123.35
3155.75
3188.15
3220.55
3252.95
3285.35
3317.75
3350.15
3382.55
3414.95
3447.35
3479.75
3512.15
3544.55
3576.95
3609.35
3641.75
3674.15
3706.55
3738.95
3771.35
3803.75
3836.15
3868.55
3900.95
3933.35
3965.75
3998.15
4030.55
4062.95
4095.35
4127.75
4160.15
4192.55
4224.95
4257.35
4289.75
4322.15
4354.55
4386.95
4419.35
4451.75
4484.15
4516.55
4548.95
4581.35
4613.75
4646.15
4678.55
4710.95
4743.35
4775.75
4808.15
4840.55
4872.95
4905.4
4937.8
4970.2
5002.6
5035
5067.4
5099.8
5132.2
5164.6
5197
5229.4
5261.8
5294.2
5326.6
5359
5391.4
5423.8
5456.2
5488.6
5521
5553.4
5585.8
5618.2
5650.6
5683
5715.4
5747.8
5780.2
5812.6
5845
5877.4
5909.8
5942.2
5974.6
6007
6039.4
6071.8
6104.2
6136.6
6169
6201.4
6233.8
6266.2
6298.6
6331
6363.4
6395.8
6428.2
6460.6
6493
6525.4
6557.8
6590.2
6622.6
6655
6687.4
6719.8
6752.2
6784.6
6817
6849.4
6881.8
6914.2
6946.6
6979
-1000
25.6
61.85
92.9
128.45
159.5
192.3
227.15
258.05
294.55
325.6
359.15
391.6
422.3
459
490.05
524.95
559.35
593.2
626.55
659.65
692.5
725.15
757.75
790.3
822.75
855.2
887.65
920.1
952.5
984.85
1017.2
1049.6
1081.95
1114.3
1146.65
1179.05
1211.4
1243.75
1276.15
1308.55
1340.9
1373.3
1405.7
1438.1
1470.5
1502.85
1535.25
1567.65
1600.05
1632.45
1664.85
1697.25
1729.65
1762.05
1794.45
1826.85
1859.25
1891.65
1924.05
1956.45
1988.85
2021.25
2053.65
2086.05
2118.4
2150.8
2183.2
2215.6
2248
2280.4
2312.8
2345.2
2377.6
2410
2442.4
2474.8
2507.25
2539.65
2572.05
2604.45
2636.85
2669.3
2701.7
2734.1
2766.5
2798.9
2831.3
2863.7
2896.1
2928.5
2960.9
2993.3
3025.7
3058.1
3090.5
3122.9
3155.3
3187.7
3220.1
3252.5
3284.9
3317.3
3349.7
3382.1
3414.5
3446.9
3479.3
3511.7
3544.1
3576.5
3608.9
3641.3
3673.7
3706.1
3738.5
3770.9
3803.3
3835.7
3868.1
3900.5
3932.9
3965.3
3997.7
4030.1
4062.5
4094.9
4127.3
4159.7
4192.1
4224.5
4256.9
4289.3
4321.7
4354.1
4386.5
4418.9
4451.3
4483.7
4516.1
4548.5
4580.9
4613.3
4645.7
4678.1
4710.5
4742.9
4775.3
4807.7
4840.1
4872.5
4904.9
4937.3
4969.7
5002.1
5034.5
5066.9
5099.3
5131.7
5164.05
5196.45
5228.85
5261.25
5293.65
5326.05
5358.45
5390.85
5423.25
5455.7
5488.1
5520.5
5552.9
5585.3
5617.75
5650.15
5682.55
5714.95
5747.35
5779.75
5812.15
5844.55
5876.95
5909.35
5941.75
5974.15
6006.55
6038.95
6071.35
6103.75
6136.15
6168.55
6200.95
6233.35
6265.75
6298.15
6330.55
6362.95
6395.35
6427.75
6460.15
6492.55
6524.95
6557.35
6589.75
6622.15
6654.55
6686.95
6719.35
6751.75
6784.15
