56.7
120.65
184.65
248.65
312.65
376.6
440.6
504.6
538.9
572.1
605.2
638.35
671.5
704.7
737.95
771.2
804.45
837.75
871.05
904.4
937.75
971.1
1004.45
1037.85
1071.2
1104.6
1138
1171.4
1204.8
1238.2
1271.6
1305.05
1338.45
1371.85
1405.3
1438.7
1472.15
1505.55
1539
1572.4
1605.85
1639.25
1672.7
1706.15
1739.55
1773
1806.45
1839.85
1873.3
1906.7
1940.15
1973.6
2007
2040.45
2073.9
2107.3
2140.75
2174.2
2207.6
2241.05
2274.5
2307.9
2341.35
2374.8
2408.2
2441.65
2475.1
2508.5
2541.95
2575.4
2608.85
2642.25
2675.7
2709.15
2742.55
2776
2809.45
2842.85
2876.3
2909.75
2943.15
2976.6
3010.05
3043.45
3076.9
3110.35
3143.75
3177.2
3210.65
3244.05
3277.5
3310.95
3344.35
3377.8
3411.25
3444.7
3478.1
3511.55
3545
3578.4
3611.85
3645.3
3678.7
3712.15
3745.6
3779
3812.45
3845.9
3879.3
3912.75
3946.2
3979.6
4013.05
4046.5
4079.9
4113.35
4146.8
4180.2
4213.65
4247.1
4280.55
4313.95
4347.4
4380.85
4414.25
4447.7
4481.15
4514.55
4548
4581.45
4614.85
4648.3
4681.75
4715.15
4748.6
4782.05
4815.45
4848.9
4882.35
4915.75
4949.2
4982.65
5016.1
5049.5
5082.95
5116.4
5149.8
5183.25
5216.7
5250.1
5283.55
5317
5350.4
5383.85
5417.3
5450.7
5484.15
5517.6
5551
5584.45
5617.9
5651.3
5684.75
5718.2
5751.6
5785.05
5818.5
5851.95
5885.35
5918.8
5952.25
5985.65
6019.1
6052.55
6085.95
6119.4
6152.85
6186.25
6219.7
6253.15
6286.55
6320
6353.45
6386.85
6420.3
6453.75
6487.15
6520.6
6554.05
6587.45
6620.9
6654.35
6687.8
6721.2
6754.65
6788.1
6821.5
6854.95
6888.4
6921.8
6955.25
6988.7
-1000
25.6
56.65
89.5
120.55
153.55
184.6
217.5
248.55
281.5
312.55
345.5
376.5
409.5
440.55
473.5
504.55
537.45
571.2
604.85
638.25
671.2
704.55
737.6
770.95
804.15
837.5
870.75
904.1
937.35
970.75
1004.1
1037.5
1070.85
1104.25
1137.6
1171
1204.4
1237.8
1271.25
1304.65
1338.05
1371.45
1404.9
1438.3
1471.75
1505.15
1538.6
1572
1605.45
1638.85
1672.3
1705.7
1739.15
1772.6
1806
1839.45
1872.9
1906.3
1939.75
1973.15
2006.6
2040.05
2073.45
2106.9
2140.35
2173.75
2207.2
2240.65
2274.05
2307.5
2340.95
2374.35
2407.8
2441.25
2474.65
2508.1
2541.55
2574.95
2608.4
2641.85
2675.3
2708.7
2742.15
2775.6
2809
2842.45
2875.9
2909.3
2942.75
2976.2
3009.6
3043.05
3076.5
3109.9
3143.35
3176.8
3210.2
3243.65
3277.1
3310.5
3343.95
3377.4
3410.8
3444.25
3477.7
3511.15
3544.55
3578
3611.45
3644.85
3678.3
3711.75
3745.15
3778.6
3812.05
3845.45
3878.9
3912.35
3945.75
3979.2
4012.65
4046.05
4079.5
4112.95
4146.35
4179.8
4213.25
4246.65
4280.1
4313.55
4347
4380.4
4413.85
4447.3
4480.7
4514.15
4547.6
4581
4614.45
4647.9
4681.3
4714.75
4748.2
4781.6
4815.05
4848.5
4881.9
4915.35
4948.8
4982.2
5015.65
5049.1
5082.55
5115.95
5149.4
5182.85
5216.25
5249.7
5283.15
5316.55
5350
5383.45
5416.85
5450.3
5483.75
5517.15
5550.6
5584.05
5617.45
5650.9
5684.35
5717.75
5751.2
5784.65
5818.05
5851.5
5884.95
5918.4
5951.8
5985.25
6018.7
6052.1
6085.55
6119
6152.4
6185.85
6219.3
6252.7
6286.15
6319.6
6353
6386.45
6419.9
6453.3
6486.75
6520.2
6553.6
6587.05
6620.5
6653.9
6687.35
6720.8
