29.95
65.65
101.4
137.15
172.85
208.6
244.35
280.1
315.8
351.55
387.3
423.05
458.75
494.5
528.1
561.65
595.2
628.8
662.35
695.95
729.5
763.1
796.65
830.25
863.8
897.4
930.95
964.55
998.1
1031.7
1065.25
1098.85
1132.4
1166
1199.55
1233.15
1266.7
1300.3
1333.85
1367.45
1401
1434.6
1468.15
1501.75
1535.3
1568.9
1602.45
1636.05
1669.6
1703.2
1736.75
1770.35
1803.9
1837.5
1871.1
1904.65
1938.25
1971.8
2005.4
2038.95
2072.55
2106
2139.45
2172.9
2206.3
2239.75
2273.2
2306.65
2340.1
2373.55
2407
2440.45
2473.9
2507.35
2540.75
2574.2
2607.65
2641.1
2674.55
2708
2741.45
2774.9
2808.35
2841.8
2875.2
2908.65
2942.1
2975.55
3009
3042.45
3075.9
3109.35
3142.8
3176.25
3209.65
3243.1
3276.55
3310
3343.45
3376.9
3410.35
3443.8
3477.25
3510.7
3544.15
3577.55
3611
3644.45
3677.9
3711.35
3744.8
3778.25
3811.7
3845.15
3878.6
3912
3945.45
3978.9
4012.35
4045.8
4079.25
4112.7
4146.15
4179.6
4213.05
4246.45
4279.9
4313.35
4346.8
4380.25
4413.7
4447.15
4480.6
4514.05
4547.5
4580.9
4614.35
4647.8
4681.25
4714.7
4748.15
4781.6
4815.05
4848.5
4881.95
4915.4
4948.8
4982.25
5015.7
5049.15
5082.6
5116.05
5149.5
5182.95
5216.4
5249.85
5283.25
5316.7
5350.15
5383.6
5417.05
5450.5
5483.95
5517.4
5550.85
5584.3
5617.7
5651.15
5684.6
5718.05
5751.5
5784.95
5818.4
5851.85
5885.3
5918.75
5952.15
5985.6
6019.05
6052.5
6085.95
6119.4
6152.85
6186.3
6219.75
6253.2
6286.65
6320.05
6353.5
6386.95
6420.4
6453.85
6487.3
6520.75
6554.2
6587.65
6621.1
6654.5
6687.95
6721.4
6754.85
6788.3
6821.75
6855.2
6888.65
6922.1
6955.55
6988.95
-1000
25.6
60.55
95.8
131.25
166.85
202.55
238.25
273.9
309.65
345.4
381.05
416.85
452.6
488.35
524
558.8
593.1
627.1
660.9
694.65
728.35
762.05
795.7
829.35
862.95
896.55
930.2
963.8
997.4
1030.95
1064.55
1098.15
1131.75
1165.3
1198.9
1232.45
1266.05
1299.65
1333.2
1366.8
1400.35
1433.95
1467.5
1501.1
1534.65
1568.25
1601.8
1635.4
1668.9
1702.5
1736.05
1769.65
1803.2
1836.8
1870.35
1903.95
1937.5
1971.1
2004.65
2038.25
2071.85
2105.45
2138.95
2172.45
2205.9
2239.35
2272.8
2306.25
2339.7
2373.1
2406.55
2440
2473.45
2506.9
2540.35
2573.8
2607.25
2640.7
2674.15
2707.55
2741
2774.45
2807.9
2841.35
2874.8
2908.25
2941.7
2975.15
3008.6
3042
3075.45
3108.9
3142.35
3175.8
3209.25
3242.7
3276.15
3309.6
3343.05
3376.45
3409.9
3443.35
3476.8
3510.25
3543.7
3577.15
3610.6
3644.05
3677.5
3710.95
3744.35
3777.8
3811.25
3844.7
3878.15
3911.6
3945.05
3978.5
4011.95
4045.4
4078.8
4112.25
4145.7
4179.15
4212.6
4246.05
4279.5
4312.95
4346.4
4379.85
4413.25
4446.7
4480.15
4513.6
4547.05
4580.5
4613.95
4647.4
4680.85
4714.3
4747.7
4781.15
4814.6
4848.05
4881.5
4914.95
4948.4
4981.85
5015.3
5048.75
5082.2
5115.6
5149.05
5182.5
5215.95
5249.4
5282.85
5316.3
5349.75
5383.2
5416.65
5450.05
5483.5
5516.95
5550.4
5583.85
5617.3
5650.75
5684.2
5717.65
5751.1
5784.5
5817.95
5851.4
5884.85
5918.3
5951.75
5985.2
6018.65
6052.1
6085.55
6118.95
6152.4
6185.85
6219.3
6252.75
6286.2
6319.65
6353.1
6386.55
6420
6453.45
6486.85
6520.3
6553.75
6587.2
6620.65
6654.1
6687.55
6721
6754.45
6787.9
6821.3
6854.75
6888.2
6921.65
6955.1
6988.55
