31.6
69.15
106.7
144.3
181.85
219.4
256.95
294.5
332.05
369.6
407.15
444.7
482.25
519.85
551.75
583.3
614.85
646.35
677.9
709.45
741
772.55
804.1
835.65
867.2
898.75
930.35
961.9
993.45
1025
1056.55
1088.15
1119.7
1151.25
1182.85
1214.4
1245.95
1277.55
1309.1
1340.65
1372.25
1403.8
1435.4
1466.95
1498.5
1530.1
1561.65
1593.2
1624.8
1656.35
1687.95
1719.5
1751.05
1782.65
1814.2
1845.8
1877.35
1908.9
1940.5
1972.05
2003.65
2035.2
2066.75
2098.35
2129.9
2161.5
2193.05
2224.6
2256.2
2287.75
2319.35
2350.9
2382.45
2414.05
2445.6
2477.2
2508.75
2540.3
2571.9
2603.45
2635.05
2666.6
2698.15
2729.75
2761.3
2792.9
2824.45
2856
2887.6
2919.15
2950.75
2982.3
3013.85
3045.45
3077
3108.55
3140.15
3171.7
3203.3
3234.85
3266.4
3298
3329.55
3361.15
3392.7
3424.25
3455.85
3487.4
3519
3550.55
3582.15
3613.7
3645.25
3676.85
3708.4
3739.95
3771.55
3803.1
3834.7
3866.25
3897.8
3929.4
3960.95
3992.55
4024.1
4055.65
4087.25
4118.8
4150.4
4181.95
4213.5
4245.1
4276.65
4308.25
4339.8
4371.35
4402.95
4434.5
4466.1
4497.65
4529.25
4560.8
4592.35
4623.95
4655.5
4687.05
4718.65
4750.2
4781.8
4813.35
4844.9
4876.5
4908.05
4939.65
4971.2
5002.75
5034.35
5065.9
5097.5
5129.05
5160.6
5192.2
5223.75
5255.35
5286.9
5318.45
5350.05
5381.6
5413.2
5444.75
5476.35
5507.9
5539.45
5571.05
5602.6
5634.15
5665.75
5697.3
5728.9
5760.45
5792
5823.6
5855.15
5886.75
5918.3
5949.85
5981.45
6013
6044.6
6076.15
6107.7
6139.3
6170.85
6202.45
6234
6265.6
6297.15
6328.7
6360.3
6391.85
6423.4
6455
6486.55
6518.15
6549.7
6581.25
6612.85
6644.4
6676
6707.55
6739.1
6770.7
6802.25
6833.85
6865.4
6896.95
6928.55
6960.1
6991.7
-1000
25.6
57.8
90.6
123.9
157.15
189.8
220.95
252
284
316.7
349.9
383.2
416.05
447.4
478.35
510.3
542.9
575.4
607.8
640.1
672.3
704.45
736.5
768.5
800.4
832.3
864.2
896.05
927.85
959.6
991.35
1023.1
1054.8
1086.55
1118.2
1149.9
1181.6
1213.25
1244.9
1276.55
1308.2
1339.85
1371.5
1403.15
1434.8
1466.4
1498.05
1529.65
1561.25
1592.85
1624.45
1656
1687.6
1719.15
1750.75
1782.3
1813.9
1845.45
1877.05
1908.6
1940.15
1971.75
2003.3
2034.9
2066.45
2098
2129.6
2161.15
2192.75
2224.3
2255.85
2287.45
2319
2350.6
2382.15
2413.7
2445.3
2476.85
2508.45
2540
2571.55
2603.15
2634.7
2666.3
2697.85
2729.4
2761
2792.55
2824.15
2855.7
2887.25
2918.85
2950.4
2982
3013.55
3045.1
3076.7
3108.25
3139.85
3171.4
3202.95
3234.55
3266.1
3297.7
3329.25
3360.8
3392.4
3423.95
3455.55
3487.1
3518.65
3550.25
3581.8
3613.4
3644.95
3676.5
3708.1
3739.65
3771.25
3802.8
3834.35
3865.95
3897.5
3929.1
3960.65
3992.2
4023.8
4055.35
4086.95
4118.5
4150.05
4181.65
4213.2
4244.8
4276.35
4307.9
4339.5
4371.05
4402.65
4434.2
4465.75
4497.35
4528.9
4560.5
4592.05
4623.6
4655.2
4686.75
4718.35
4749.9
4781.45
4813.05
4844.6
4876.2
4907.75
4939.3
4970.9
5002.45
5034.05
5065.6
5097.15
5128.75
5160.3
5191.9
5223.45
5255
5286.6
5318.15
5349.75
5381.3
5412.85
5444.45
5476
5507.6
5539.15
5570.7
5602.3
5633.85
5665.45
5697
5728.55
5760.15
5791.7
5823.3
5854.85
5886.4
5918
5949.55
5981.15
6012.7
6044.25
6075.85
6107.4
6139
6170.55
6202.1
6233.7
6265.25
6296.85
6328.4
6359.95
6391.55
6423.1
6454.7
6486.25
6517.8
6549.4
6580.95
6612.55
6644.1
6675.65
6707.25
6738.8
6770.4
6801.95
6833.5
6865.1
6896.65
6928.25
