49.4
105.8
162.15
218.55
274.95
331.35
387.75
444.15
500.55
535.2
568.95
602.6
636.25
669.9
703.6
737.3
771.05
804.8
838.55
872.3
906.1
939.9
973.7
1007.5
1041.3
1075.1
1108.95
1142.75
1176.6
1210.4
1244.25
1278.1
1311.9
1345.75
1379.6
1413.45
1447.25
1481.1
1514.95
1548.8
1582.65
1616.5
1650.35
1684.2
1718.05
1751.9
1785.7
1819.55
1853.4
1887.25
1921.1
1954.95
1988.8
2022.65
2056.5
2090.35
2124.2
2158.05
2191.9
2225.75
2259.6
2293.45
2327.3
2361.15
2395
2428.85
2462.7
2496.55
2530.4
2564.25
2598.1
2631.95
2665.8
2699.65
2733.5
2767.35
2801.2
2835.05
2868.9
2902.75
2936.6
2970.45
3004.3
3038.15
3072
3105.85
3139.7
3173.55
3207.4
3241.25
3275.1
3308.95
3342.8
3376.65
3410.5
3444.35
3478.2
3512.05
3545.9
3579.75
3613.6
3647.45
3681.3
3715.15
3749
3782.85
3816.7
3850.55
3884.4
3918.25
3952.1
3985.95
4019.8
4053.65
4087.5
4121.35
4155.2
4189.05
4222.9
4256.75
4290.6
4324.45
4358.3
4392.15
4426
4459.85
4493.7
4527.55
4561.4
4595.25
4629.1
4662.95
4696.8
4730.65
4764.5
4798.35
4832.2
4866.05
4899.9
4933.75
4967.6
5001.45
5035.3
5069.15
5103
5136.85
5170.7
5204.55
5238.4
5272.25
5306.1
5339.95
5373.8
5407.65
5441.5
5475.35
5509.2
5543.05
5576.9
5610.75
5644.6
5678.45
5712.3
5746.15
5780
5813.85
5847.7
5881.55
5915.4
5949.25
5983.1
6016.95
6050.8
6084.65
6118.5
6152.35
6186.2
6220.05
6253.9
6287.75
6321.6
6355.45
6389.3
6423.15
6457
6490.85
6524.7
6558.55
6592.4
6626.25
6660.1
6693.95
6727.8
6761.65
6795.5
6829.35
6863.2
6897.05
6930.9
6964.75
6998.6
-1000
25.6
69.95
101
136.7
180.75
211.8
248.55
291.9
322.9
360.45
402.75
433.75
472.45
512.95
557.15
596.5
632.85
667.9
702.3
736.4
770.4
804.4
838.2
871.95
905.75
939.5
973.3
1007.1
1040.9
1074.7
1108.55
1142.35
1176.2
1210
1243.85
1277.65
1311.5
1345.35
1379.15
1413
1446.85
1480.7
1514.55
1548.35
1582.2
1616.05
1649.9
1683.75
1717.6
1751.45
1785.3
1819.15
1853
1886.85
1920.65
1954.5
1988.35
2022.2
2056.05
2089.9
2123.75
2157.6
2191.45
2225.3
2259.15
2293
2326.85
2360.7
2394.55
2428.4
2462.25
2496.1
2529.95
2563.8
2597.65
2631.5
2665.35
2699.2
2733.05
2766.9
2800.75
2834.6
2868.45
2902.3
2936.15
2970
3003.85
3037.7
3071.55
3105.4
3139.25
3173.1
3206.95
3240.8
3274.65
3308.5
3342.35
3376.2
3410.05
3443.9
3477.75
3511.6
3545.45
3579.3
3613.15
3647
3680.85
3714.7
3748.55
3782.4
3816.25
3850.1
3883.95
3917.8
3951.65
3985.5
4019.35
4053.2
4087.05
4120.9
4154.75
4188.6
4222.45
4256.3
4290.15
4324
4357.85
4391.7
4425.55
4459.4
4493.25
4527.1
4560.95
4594.8
4628.65
4662.5
4696.35
4730.2
4764.05
4797.9
4831.75
4865.6
4899.45
4933.3
4967.15
5001
5034.85
5068.7
5102.55
5136.4
5170.25
5204.1
5237.95
5271.8
5305.65
5339.5
5373.35
5407.2
5441.05
5474.9
5508.75
5542.6
5576.45
5610.3
5644.15
5678
5711.85
5745.7
5779.55
5813.4
5847.25
5881.1
5914.95
5948.8
5982.65
6016.5
6050.35
6084.2
6118.05
6151.9
6185.75
6219.6
6253.45
6287.3
6321.15
6355
6388.85
6422.7
6456.55
6490.4
6524.25
6558.1
6591.95
6625.8
6659.65
6693.5
6727.35
6761.2
6795.05
6828.9
6862.75
