62.45
132.4
202.35
272.3
342.25
412.2
482.15
552.1
585.7
618.05
650.25
682.45
714.7
747
779.35
811.75
844.15
876.6
909.05
941.5
974
1006.5
1039.05
1071.6
1104.15
1136.7
1169.25
1201.8
1234.4
1266.95
1299.55
1332.15
1364.75
1397.3
1429.9
1462.5
1495.1
1527.7
1560.3
1592.9
1625.5
1658.15
1690.75
1723.35
1755.95
1788.55
1821.2
1853.8
1886.4
1919
1951.6
1984.25
2016.85
2049.45
2082.1
2114.7
2147.3
2179.9
2212.55
2245.15
2277.75
2310.35
2343
2375.6
2408.2
2440.85
2473.45
2506.05
2538.65
2571.3
2603.9
2636.5
2669.1
2701.75
2734.35
2766.95
2799.6
2832.2
2864.8
2897.4
2930.05
2962.65
2995.25
3027.9
3060.5
3093.1
3125.7
3158.35
3190.95
3223.55
3256.2
3288.8
3321.4
3354
3386.65
3419.25
3451.85
3484.5
3517.1
3549.7
3582.3
3614.95
3647.55
3680.15
3712.8
3745.4
3778
3810.6
3843.25
3875.85
3908.45
3941.1
3973.7
4006.3
4038.9
4071.55
4104.15
4136.75
4169.4
4202
4234.6
4267.2
4299.85
4332.45
4365.05
4397.7
4430.3
4462.9
4495.5
4528.15
4560.75
4593.35
4626
4658.6
4691.2
4723.8
4756.45
4789.05
4821.65
4854.3
4886.9
4919.5
4952.1
4984.75
5017.35
5049.95
5082.6
5115.2
5147.8
5180.4
5213.05
5245.65
5278.25
5310.9
5343.5
5376.1
5408.7
5441.35
5473.95
5506.55
5539.2
5571.8
5604.4
5637
5669.65
5702.25
5734.85
5767.5
5800.1
5832.7
5865.3
5897.95
5930.55
5963.15
5995.8
6028.4
6061
6093.6
6126.25
6158.85
6191.45
6224.1
6256.7
6289.3
6321.9
6354.55
6387.15
6419.75
6452.4
6485
6517.6
6550.2
6582.85
6615.45
6648.05
6680.7
6713.3
6745.9
6778.5
6811.15
6843.75
6876.35
6909
6941.6
6974.2
-1000
25.6
56.65
90.65
121.7
157.25
188.3
224.95
256
293.3
324.35
361.95
393
430.85
461.9
499.8
530.85
568.75
606.2
642.1
676.85
710.85
744.3
777.45
810.35
843.15
875.85
908.55
941.15
973.7
1006.2
1038.7
1071.2
1103.75
1136.3
1168.85
1201.4
1234
1266.55
1299.15
1331.7
1364.3
1396.9
1429.5
1462.1
1494.7
1527.3
1559.9
1592.5
1625.1
1657.7
1690.3
1722.9
1755.5
1788.15
1820.75
1853.35
1885.95
1918.6
1951.2
1983.8
2016.4
2049.05
2081.65
2114.25
2146.85
2179.5
2212.1
2244.7
2277.3
2309.95
2342.55
2375.15
2407.75
2440.4
2473
2505.6
2538.25
2570.85
2603.45
2636.05
2668.7
2701.3
2733.9
2766.55
2799.15
2831.75
2864.35
2897
2929.6
2962.2
2994.85
3027.45
3060.05
3092.65
3125.3
3157.9
3190.5
3223.15
3255.75
3288.35
3320.95
3353.6
3386.2
3418.8
3451.4
3484.05
3516.65
3549.25
3581.9
3614.5
3647.1
3679.7
3712.35
3744.95
3777.55
3810.2
3842.8
3875.4
3908
3940.65
3973.25
4005.85
4038.5
4071.1
4103.7
4136.3
4168.95
4201.55
4234.15
4266.8
4299.4
4332
4364.6
4397.25
4429.85
4462.45
4495.1
4527.7
4560.3
4592.9
4625.55
4658.15
4690.75
4723.4
4756
4788.6
4821.2
4853.85
4886.45
4919.05
4951.7
4984.3
5016.9
5049.5
5082.15
5114.75
5147.35
5180
5212.6
5245.2
5277.8
5310.45
5343.05
5375.65
5408.3
5440.9
5473.5
5506.1
5538.75
5571.35
5603.95
5636.6
5669.2
5701.8
5734.4
5767.05
5799.65
5832.25
5864.9
5897.5
5930.1
5962.7
5995.35
6027.95
6060.55
6093.2
6125.8
6158.4
6191
6223.65
6256.25
6288.85
6321.5
6354.1
6386.7
6419.3
6451.95
6484.55
6517.15
6549.8
6582.4
6615
6647.6
6680.25
6712.85
