39
84.45
129.9
175.35
220.8
266.25
311.7
357.15
402.55
448
493.45
526.25
558.3
590.3
622.3
654.3
686.3
718.35
750.4
782.45
814.5
846.55
878.6
910.7
942.75
974.85
1006.9
1039
1071.1
1103.2
1135.25
1167.35
1199.45
1231.55
1263.65
1295.75
1327.85
1359.95
1392.05
1424.15
1456.25
1488.35
1520.45
1552.55
1584.65
1616.75
1648.85
1680.95
1713.05
1745.15
1777.25
1809.35
1841.45
1873.6
1905.7
1937.8
1969.9
2002
2034.1
2066.2
2098.3
2130.4
2162.5
2194.6
2226.75
2258.85
2290.95
2323.05
2355.15
2387.25
2419.35
2451.45
2483.55
2515.65
2547.75
2579.9
2612
2644.1
2676.2
2708.3
2740.4
2772.5
2804.6
2836.7
2868.8
2900.95
2933.05
2965.15
2997.25
3029.35
3061.45
3093.55
3125.65
3157.75
3189.85
3221.95
3254.1
3286.2
3318.3
3350.4
3382.5
3414.6
3446.7
3478.8
3510.9
3543
3575.15
3607.25
3639.35
3671.45
3703.55
3735.65
3767.75
3799.85
3831.95
3864.05
3896.15
3928.3
3960.4
3992.5
4024.6
4056.7
4088.8
4120.9
4153
4185.1
4217.2
4249.35
4281.45
4313.55
4345.65
4377.75
4409.85
4441.95
4474.05
4506.15
4538.25
4570.35
4602.5
4634.6
4666.7
4698.8
4730.9
4763
4795.1
4827.2
4859.3
4891.4
4923.55
4955.65
4987.75
5019.85
5051.95
5084.05
5116.15
5148.25
5180.35
5212.45
5244.55
5276.7
5308.8
5340.9
5373
5405.1
5437.2
5469.3
5501.4
5533.5
5565.6
5597.75
5629.85
5661.95
5694.05
5726.15
5758.25
5790.35
5822.45
5854.55
5886.65
5918.75
5950.9
5983
6015.1
6047.2
6079.3
6111.4
6143.5
6175.6
6207.7
6239.8
6271.95
6304.05
6336.15
6368.25
6400.35
6432.45
6464.55
6496.65
6528.75
6560.85
6592.95
6625.1
6657.2
6689.3
6721.4
6753.5
6785.6
6817.7
6849.8
6881.9
6914
6946.15
6978.25
-1000
25.6
60.45
95.45
126.45
159.1
194.45
228.25
259.2
292.65
328.25
360.1
390.9
425.4
460.75
491.75
524.05
556.45
588.8
621.05
653.3
685.45
717.7
749.85
782
814.15
846.2
878.3
910.35
942.4
974.5
1006.55
1038.65
1070.75
1102.8
1134.9
1167
1199.1
1231.15
1263.25
1295.35
1327.45
1359.55
1391.65
1423.75
1455.85
1487.95
1520.05
1552.15
1584.25
1616.4
1648.5
1680.6
1712.7
1744.8
1776.9
1809
1841.1
1873.2
1905.3
1937.4
1969.5
2001.6
2033.7
2065.8
2097.95
2130.05
2162.15
2194.25
2226.35
2258.45
2290.55
2322.65
2354.75
2386.85
2419
2451.1
2483.2
2515.3
2547.4
2579.5
2611.6
2643.7
2675.8
2707.9
2740
2772.15
2804.25
2836.35
2868.45
2900.55
2932.65
2964.75
2996.85
3028.95
3061.05
3093.2
3125.3
3157.4
3189.5
3221.6
3253.7
3285.8
3317.9
3350
3382.1
3414.2
3446.35
3478.45
3510.55
3542.65
3574.75
3606.85
3638.95
3671.05
3703.15
3735.25
3767.4
3799.5
3831.6
3863.7
3895.8
3927.9
3960
3992.1
4024.2
4056.3
4088.4
4120.55
4152.65
4184.75
4216.85
4248.95
4281.05
4313.15
4345.25
4377.35
4409.45
4441.6
4473.7
4505.8
4537.9
4570
4602.1
4634.2
4666.3
4698.4
4730.5
4762.6
4794.75
4826.85
4858.95
4891.05
4923.15
4955.25
4987.35
5019.45
5051.55
5083.65
5115.8
5147.9
5180
5212.1
5244.2
5276.3
5308.4
5340.5
5372.6
5404.7
5436.8
5468.95
5501.05
5533.15
5565.25
5597.35
5629.45
5661.55
5693.65
5725.75
5757.85
5790
5822.1
5854.2
5886.3
5918.4
5950.5
5982.6
6014.7
6046.8
6078.9
6111
6143.15
6175.25
6207.35
6239.45
6271.55
6303.65
6335.75
6367.85
6399.95
6432.05
6464.2
6496.3
6528.4
6560.5
6592.6
6624.7
6656.8
6688.9
6721
6753.1
6785.2
6817.35
6849.45
