34.6
75.35
116.1
156.85
197.6
238.35
279.1
319.85
360.6
401.35
442.1
482.85
523.6
556.1
588.05
619.95
651.85
683.75
715.65
747.55
779.45
811.4
843.3
875.25
907.15
939.1
971.05
1002.95
1034.9
1066.85
1098.8
1130.75
1162.7
1194.65
1226.55
1258.5
1290.45
1322.4
1354.35
1386.3
1418.25
1450.2
1482.15
1514.1
1546.05
1578
1609.95
1641.9
1673.85
1705.8
1737.75
1769.7
1801.65
1833.6
1865.55
1897.5
1929.45
1961.4
1993.35
2025.3
2057.25
2089.1
2120.9
2152.75
2184.55
2216.35
2248.2
2280
2311.85
2343.65
2375.5
2407.3
2439.1
2470.95
2502.75
2534.6
2566.4
2598.2
2630.05
2661.85
2693.7
2725.5
2757.35
2789.15
2820.95
2852.8
2884.6
2916.45
2948.25
2980.1
3011.9
3043.7
3075.55
3107.35
3139.2
3171
3202.85
3234.65
3266.45
3298.3
3330.1
3361.95
3393.75
3425.6
3457.4
3489.2
3521.05
3552.85
3584.7
3616.5
3648.35
3680.15
3711.95
3743.8
3775.6
3807.45
3839.25
3871.1
3902.9
3934.7
3966.55
3998.35
4030.2
4062
4093.85
4125.65
4157.45
4189.3
4221.1
4252.95
4284.75
4316.6
4348.4
4380.2
4412.05
4443.85
4475.7
4507.5
4539.35
4571.15
4602.95
4634.8
4666.6
4698.45
4730.25
4762.1
4793.9
4825.7
4857.55
4889.35
4921.2
4953
4984.85
5016.65
5048.45
5080.3
5112.1
5143.95
5175.75
5207.6
5239.4
5271.2
5303.05
5334.85
5366.7
5398.5
5430.35
5462.15
5493.95
5525.8
5557.6
5589.45
5621.25
5653.1
5684.9
5716.7
5748.55
5780.35
5812.2
5844
5875.85
5907.65
5939.45
5971.3
6003.1
6034.95
6066.75
6098.6
6130.4
6162.2
6194.05
6225.85
6257.7
6289.5
6321.35
6353.15
6384.95
6416.8
6448.6
6480.45
6512.25
6544.1
6575.9
6607.7
6639.55
6671.35
6703.2
6735
6766.85
6798.65
6830.45
6862.3
6894.1
6925.95
6957.75
6989.6
-1000
25.6
59.5
94.8
130.35
164.05
194.95
227.45
261.7
297.1
332.35
364.6
395.4
428.6
463.45
499.1
533.9
569.25
604.85
639.95
674.5
708.45
741.9
775
807.85
840.5
873.05
905.45
937.75
970
1002.2
1034.4
1066.55
1098.6
1130.55
1162.5
1194.45
1226.4
1258.35
1290.3
1322.25
1354.2
1386.1
1418.05
1450
1481.95
1513.9
1545.85
1577.8
1609.75
1641.7
1673.65
1705.6
1737.55
1769.5
1801.45
1833.4
1865.35
1897.3
1929.25
1961.2
1993.2
2025.15
2057.1
2089.05
2120.85
2152.7
2184.55
2216.35
2248.2
2280
2311.8
2343.65
2375.45
2407.3
2439.1
2470.9
2502.75
2534.55
2566.4
2598.2
2630.05
2661.85
2693.65
2725.5
2757.3
2789.15
2820.95
2852.75
2884.6
2916.4
2948.25
2980.05
3011.9
3043.7
3075.5
3107.35
3139.15
3171
3202.8
3234.65
3266.45
3298.25
3330.1
3361.9
3393.75
3425.55
3457.4
3489.2
3521
3552.85
3584.65
3616.5
3648.3
3680.15
3711.95
3743.75
3775.6
3807.4
3839.25
3871.05
3902.9
3934.7
3966.5
3998.35
4030.15
4062
4093.8
4125.65
4157.45
4189.25
4221.1
4252.9
4284.75
4316.55
4348.4
4380.2
4412
4443.85
4475.65
4507.5
4539.3
4571.15
4602.95
4634.75
4666.6
4698.4
4730.25
4762.05
4793.9
4825.7
4857.5
4889.35
4921.15
4953
4984.8
5016.65
5048.45
5080.25
5112.1
5143.9
5175.75
5207.55
5239.4
5271.2
5303
5334.85
5366.65
5398.5
5430.3
5462.15
5493.95
5525.75
5557.6
5589.4
5621.25
5653.05
5684.9
5716.7
5748.5
5780.35
5812.15
5844
5875.8
5907.65
5939.45
5971.25
6003.1
6034.9
6066.75
6098.55
6130.4
6162.2
6194
6225.85
6257.65
6289.5
6321.3
6353.15
6384.95
6416.75
6448.6
6480.4
6512.25
6544.05
6575.9
6607.7
6639.5
6671.35
6703.15
6735
6766.8
6798.65
6830.45
6862.25
6894.1
6925.9
