39.75
85.95
132.2
178.4
224.65
270.85
317.1
363.35
409.55
455.8
502
534.75
566.75
598.7
630.65
662.6
694.55
726.5
758.5
790.5
822.5
854.5
886.5
918.55
950.55
982.6
1014.65
1046.65
1078.7
1110.75
1142.8
1174.85
1206.9
1238.95
1271
1303.05
1335.1
1367.15
1399.2
1431.25
1463.3
1495.35
1527.4
1559.45
1591.55
1623.6
1655.65
1687.7
1719.75
1751.8
1783.85
1815.95
1848
1880.05
1912.1
1944.15
1976.2
2008.3
2040.35
2072.4
2104.45
2136.5
2168.6
2200.65
2232.7
2264.75
2296.8
2328.85
2360.95
2393
2425.05
2457.1
2489.15
2521.25
2553.3
2585.35
2617.4
2649.45
2681.5
2713.6
2745.65
2777.7
2809.75
2841.8
2873.9
2905.95
2938
2970.05
3002.1
3034.15
3066.25
3098.3
3130.35
3162.4
3194.45
3226.55
3258.6
3290.65
3322.7
3354.75
3386.8
3418.9
3450.95
3483
3515.05
3547.1
3579.2
3611.25
3643.3
3675.35
3707.4
3739.5
3771.55
3803.6
3835.65
3867.7
3899.75
3931.85
3963.9
3995.95
4028
4060.05
4092.15
4124.2
4156.25
4188.3
4220.35
4252.4
4284.5
4316.55
4348.6
4380.65
4412.7
4444.8
4476.85
4508.9
4540.95
4573
4605.05
4637.15
4669.2
4701.25
4733.3
4765.35
4797.45
4829.5
4861.55
4893.6
4925.65
4957.75
4989.8
5021.85
5053.9
5085.95
5118
5150.1
5182.15
5214.2
5246.25
5278.3
5310.4
5342.45
5374.5
5406.55
5438.6
5470.65
5502.75
5534.8
5566.85
5598.9
5630.95
5663.05
5695.1
5727.15
5759.2
5791.25
5823.3
5855.4
5887.45
5919.5
5951.55
5983.6
6015.7
6047.75
6079.8
6111.85
6143.9
6176
6208.05
6240.1
6272.15
6304.2
6336.25
6368.35
6400.4
6432.45
6464.5
6496.55
6528.65
6560.7
6592.75
6624.8
6656.85
6688.9
6721
6753.05
6785.1
6817.15
6849.2
6881.3
6913.35
6945.4
6977.45
-1000
25.6
60.6
95
125.95
159.2
194.85
226.1
257.2
292.1
326.65
357.65
390.75
426.4
457.85
488.8
523.6
558
591.85
625.2
658.25
691.1
723.7
756.25
788.6
820.95
853.2
885.45
917.7
949.9
982.05
1014.25
1046.35
1078.4
1110.45
1142.5
1174.5
1206.55
1238.6
1270.65
1302.7
1334.75
1366.85
1398.9
1430.95
1463
1495.05
1527.1
1559.15
1591.2
1623.25
1655.3
1687.4
1719.45
1751.5
1783.55
1815.6
1847.65
1879.75
1911.8
1943.85
1975.9
2007.95
2040
2072.1
2104.15
2136.2
2168.25
2200.3
2232.35
2264.45
2296.5
2328.55
2360.6
2392.65
2424.75
2456.8
2488.85
2520.9
2552.95
2585
2617.1
2649.15
2681.2
2713.25
2745.3
2777.4
2809.45
2841.5
2873.55
2905.6
2937.65
2969.75
3001.8
3033.85
3065.9
3097.95
3130.05
3162.1
3194.15
3226.2
3258.25
3290.3
3322.4
3354.45
3386.5
3418.55
3450.6
3482.7
3514.75
3546.8
3578.85
3610.9
3642.95
3675.05
3707.1
3739.15
3771.2
3803.25
3835.35
3867.4
3899.45
3931.5
3963.55
3995.65
4027.7
4059.75
4091.8
4123.85
4155.9
4188
4220.05
4252.1
4284.15
4316.2
4348.3
4380.35
4412.4
4444.45
4476.5
4508.55
4540.65
4572.7
4604.75
4636.8
4668.85
4700.95
4733
4765.05
4797.1
4829.15
4861.2
4893.3
4925.35
4957.4
4989.45
5021.5
5053.6
5085.65
5117.7
5149.75
5181.8
5213.9
5245.95
5278
5310.05
5342.1
5374.15
5406.25
5438.3
5470.35
5502.4
5534.45
5566.55
5598.6
5630.65
5662.7
5694.75
5726.8
5758.9
5790.95
5823
5855.05
5887.1
5919.2
5951.25
5983.3
6015.35
6047.4
6079.45
6111.55
6143.6
6175.65
6207.7
6239.75
6271.85
6303.9
6335.95
6368
6400.05
6432.15
6464.2
6496.25
6528.3
6560.35
6592.4
6624.5
6656.55
6688.6
6720.65
6752.7
6784.8
6816.85
6848.9
