31.6
69.15
106.7
144.3
181.85
219.4
256.95
294.5
332.05
369.6
407.15
444.7
482.25
519.85
552.1
584
615.85
647.65
679.5
711.35
743.25
775.1
806.95
838.8
870.7
902.55
934.4
966.3
998.15
1030
1061.9
1093.75
1125.65
1157.5
1189.4
1221.25
1253.15
1285
1316.9
1348.75
1380.65
1412.5
1444.4
1476.25
1508.15
1540
1571.9
1603.75
1635.65
1667.5
1699.4
1731.25
1763.15
1795
1826.9
1858.8
1890.65
1922.55
1954.4
1986.3
2018.15
2050.05
2081.8
2113.55
2145.3
2177.05
2208.8
2240.55
2272.3
2304.05
2335.8
2367.55
2399.3
2431.05
2462.8
2494.55
2526.3
2558.05
2589.8
2621.55
2653.3
2685.05
2716.8
2748.55
2780.3
2812.05
2843.8
2875.55
2907.3
2939.05
2970.8
3002.55
3034.3
3066.05
3097.8
3129.55
3161.3
3193.05
3224.8
3256.55
3288.3
3320.05
3351.8
3383.55
3415.3
3447.05
3478.8
3510.55
3542.3
3574.05
3605.8
3637.55
3669.3
3701.05
3732.8
3764.55
3796.3
3828.05
3859.8
3891.55
3923.3
3955.05
3986.8
4018.55
4050.3
4082.05
4113.8
4145.55
4177.3
4209.05
4240.8
4272.55
4304.3
4336.05
4367.8
4399.55
4431.3
4463.05
4494.8
4526.55
4558.3
4590.05
4621.8
4653.55
4685.3
4717.05
4748.8
4780.55
4812.3
4844.05
4875.8
4907.55
4939.3
4971.05
5002.8
5034.55
5066.3
5098.05
5129.8
5161.55
5193.3
5225.05
5256.8
5288.55
5320.3
5352.05
5383.8
5415.55
5447.3
5479.05
5510.8
5542.55
5574.3
5606.05
5637.8
5669.55
5701.3
5733.05
5764.8
5796.55
5828.3
5860.05
5891.8
5923.55
5955.3
5987.05
6018.8
6050.55
6082.3
6114.05
6145.8
6177.55
6209.3
6241.05
6272.8
6304.55
6336.3
6368.05
6399.8
6431.55
6463.3
6495.05
6526.8
6558.55
6590.3
6622.05
6653.8
6685.55
6717.3
6749.05
6780.8
6812.55
6844.3
6876.05
6907.8
6939.55
6971.3
-1000
25.6
58.3
91.9
126.05
160.5
194.9
228.6
260.35
291.15
323.4
356.6
390.5
424.9
459.35
493.45
526.35
559.4
592.95
627
661.4
695.85
730.1
764.05
797.65
830.95
864
896.8
929.45
961.95
994.4
1026.7
1058.95
1091.15
1123.3
1155.4
1187.45
1219.5
1251.55
1283.55
1315.5
1347.5
1379.45
1411.4
1443.35
1475.3
1507.25
1539.15
1571.1
1603
1634.95
1666.85
1698.8
1730.7
1762.6
1794.5
1826.4
1858.25
1890.15
1922.05
1953.95
1985.85
2017.7
2049.6
2081.45
2113.3
2145.1
2176.85
2208.6
2240.35
2272.1
2303.85
2335.6
2367.35
2399.1
2430.85
2462.6
2494.35
2526.1
2557.85
2589.6
2621.35
2653.1
2684.85
2716.6
2748.35
2780.1
2811.85
2843.6
2875.35
2907.1
2938.85
2970.6
3002.35
3034.1
3065.85
3097.6
3129.35
3161.1
3192.85
3224.6
3256.35
3288.1
3319.85
3351.6
3383.35
3415.1
3446.85
3478.6
3510.35
3542.1
3573.85
3605.6
3637.35
3669.1
3700.85
3732.6
3764.35
3796.1
3827.85
3859.6
3891.35
3923.1
3954.85
3986.6
4018.35
4050.1
4081.85
4113.6
4145.35
4177.1
4208.85
4240.6
4272.35
4304.1
4335.85
4367.6
4399.35
4431.1
4462.85
4494.6
4526.35
4558.1
4589.85
4621.6
4653.35
4685.1
4716.85
4748.6
4780.35
4812.1
4843.85
4875.6
4907.35
4939.1
4970.85
5002.6
5034.35
5066.1
5097.85
5129.6
5161.35
5193.1
5224.85
5256.6
5288.35
5320.1
5351.85
5383.6
5415.35
5447.1
5478.85
5510.6
5542.35
5574.1
5605.85
5637.6
5669.35
5701.1
5732.85
5764.6
5796.35
5828.1
5859.85
5891.6
5923.35
5955.1
5986.85
6018.6
6050.35
6082.1
6113.85
6145.6
6177.35
6209.1
6240.85
6272.6
6304.35
6336.1
6367.85
6399.6
6431.35
6463.1
6494.85
6526.6
6558.35
6590.1
6621.85
6653.6
6685.35
6717.1
6748.85
6780.6
6812.35
6844.1
6875.85
6907.6
6939.35
