47.05
100.95
154.9
208.85
262.75
316.7
370.65
424.55
478.5
532.45
565.65
597.8
629.85
661.9
694
726.1
758.25
790.4
822.55
854.7
886.9
919.1
951.3
983.5
1015.75
1047.95
1080.2
1112.45
1144.7
1176.95
1209.2
1241.45
1273.7
1305.95
1338.2
1370.45
1402.75
1435
1467.25
1499.5
1531.8
1564.05
1596.3
1628.6
1660.85
1693.1
1725.4
1757.65
1789.95
1822.2
1854.45
1886.75
1919
1951.3
1983.55
2015.85
2048.1
2080.35
2112.65
2144.9
2177.2
2209.45
2241.75
2274
2306.25
2338.55
2370.8
2403.1
2435.35
2467.65
2499.9
2532.2
2564.45
2596.7
2629
2661.25
2693.55
2725.8
2758.1
2790.35
2822.65
2854.9
2887.15
2919.45
2951.7
2984
3016.25
3048.55
3080.8
3113.1
3145.35
3177.6
3209.9
3242.15
3274.45
3306.7
3339
3371.25
3403.55
3435.8
3468.05
3500.35
3532.6
3564.9
3597.15
3629.45
3661.7
3694
3726.25
3758.5
3790.8
3823.05
3855.35
3887.6
3919.9
3952.15
3984.45
4016.7
4048.95
4081.25
4113.5
4145.8
4178.05
4210.35
4242.6
4274.9
4307.15
4339.4
4371.7
4403.95
4436.25
4468.5
4500.8
4533.05
4565.35
4597.6
4629.85
4662.15
4694.4
4726.7
4758.95
4791.25
4823.5
4855.8
4888.05
4920.3
4952.6
4984.85
5017.15
5049.4
5081.7
5113.95
5146.25
5178.5
5210.75
5243.05
5275.3
5307.6
5339.85
5372.15
5404.4
5436.7
5468.95
5501.2
5533.5
5565.75
5598.05
5630.3
5662.6
5694.85
5727.15
5759.4
5791.65
5823.95
5856.2
5888.5
5920.75
5953.05
5985.3
6017.6
6049.85
6082.1
6114.4
6146.65
6178.95
6211.2
6243.5
6275.75
6308.05
6340.3
6372.55
6404.85
6437.1
6469.4
6501.65
6533.95
6566.2
6598.5
6630.75
6663
6695.3
6727.55
6759.85
6792.1
6824.4
6856.65
6888.95
6921.2
6953.45
6985.75
-1000
25.6
62.35
93.4
127.5
161.15
192
228.45
259.5
292.45
328.4
359.4
394.5
425.7
457
493.6
524.6
558.8
592.7
626.1
659.2
692.05
724.65
757.15
789.65
822.1
854.45
886.7
918.9
951.1
983.3
1015.5
1047.7
1079.95
1112.2
1144.4
1176.65
1208.9
1241.15
1273.4
1305.65
1337.9
1370.2
1402.45
1434.7
1466.95
1499.25
1531.5
1563.75
1596.05
1628.3
1660.55
1692.85
1725.1
1757.35
1789.65
1821.9
1854.2
1886.45
1918.7
1951
1983.25
2015.55
2047.8
2080.1
2112.35
2144.6
2176.9
2209.15
2241.45
2273.7
2306
2338.25
2370.5
2402.8
2435.05
2467.35
2499.6
2531.9
2564.15
2596.45
2628.7
2660.95
2693.25
2725.5
2757.8
2790.05
2822.35
2854.6
2886.9
2919.15
2951.4
2983.7
3015.95
3048.25
3080.5
3112.8
3145.05
3177.35
3209.6
3241.85
3274.15
3306.4
3338.7
3370.95
3403.25
3435.5
3467.8
3500.05
3532.3
3564.6
3596.85
3629.15
3661.4
3693.7
3725.95
3758.25
3790.5
3822.75
3855.05
3887.3
3919.6
3951.85
3984.15
4016.4
4048.7
4080.95
4113.2
4145.5
4177.75
4210.05
4242.3
4274.6
4306.85
4339.15
4371.4
4403.65
4435.95
4468.2
4500.5
4532.75
4565.05
4597.3
4629.6
4661.85
4694.1
4726.4
4758.65
4790.95
4823.2
4855.5
4887.75
4920.05
4952.3
4984.55
5016.85
5049.1
5081.4
5113.65
5145.95
5178.2
5210.5
5242.75
5275
5307.3
5339.55
5371.85
5404.1
5436.4
5468.65
5500.95
5533.2
5565.45
5597.75
5630
5662.3
5694.55
5726.85
5759.1
5791.4
5823.65
5855.9
5888.2
5920.45
5952.75
5985
6017.3
6049.55
6081.85
6114.1
6146.35
6178.65
6210.9
6243.2
6275.45
6307.75
6340
6372.3
6404.55
6436.8
6469.1
6501.35
6533.65
6565.9
6598.2
6630.45
6662.75
6695
6727.25
6759.55
6791.8
