26.2
57.85
89.5
121.15
152.85
184.5
216.15
247.85
279.5
311.15
342.8
374.5
406.15
437.8
469.45
501.15
532.8
564.45
596.15
627.8
659.45
691.1
722.8
754.45
786.1
817.75
849.45
881.1
912.75
944.4
976.1
1007.75
1039.4
1071.1
1102.75
1134.4
1166.05
1197.75
1229.4
1261.05
1292.7
1324.4
1356.05
1387.7
1419.4
1451.05
1482.7
1514.35
1546.05
1577.7
1609.35
1641
1672.7
1704.35
1736
1767.65
1799.35
1831
1862.65
1894.35
1926
1957.65
1989.3
2021
2052.65
2084.3
2115.95
2147.65
2179.3
2210.95
2242.6
2274.3
2305.95
2337.6
2369.3
2400.95
2432.6
2464.25
2495.95
2527.6
2559.25
2590.9
2622.6
2654.25
2685.9
2717.6
2749.25
2780.9
2812.55
2844.25
2875.9
2907.55
2939.2
2970.9
3002.55
3034.2
3065.85
3097.55
3129.2
3160.85
3192.55
3224.2
3255.85
3287.5
3319.2
3350.85
3382.5
3414.15
3445.85
3477.5
3509.15
3540.8
3572.5
3604.15
3635.8
3667.5
3699.15
3730.8
3762.45
3794.15
3825.8
3857.45
3889.1
3920.8
3952.45
3984.1
4015.8
4047.45
4079.1
4110.75
4142.45
4174.1
4205.75
4237.4
4269.1
4300.75
4332.4
4364.05
4395.75
4427.4
4459.05
4490.75
4522.4
4554.05
4585.7
4617.4
4649.05
4680.7
4712.35
4744.05
4775.7
4807.35
4839
4870.7
4902.35
4934
4965.7
4997.35
5029
5060.65
5092.35
5124
5155.65
5187.3
5219
5250.65
5282.3
5314
5345.65
5377.3
5408.95
5440.65
5472.3
5503.95
5535.6
5567.3
5598.95
5630.6
5662.25
5693.95
5725.6
5757.25
5788.95
5820.6
5852.25
5883.9
5915.6
5947.25
5978.9
6010.55
6042.25
6073.9
6105.55
6137.25
6168.9
6200.55
6232.2
6263.9
6295.55
6327.2
6358.85
6390.55
6422.2
6453.85
6485.5
6517.2
6548.85
6580.5
6612.2
6643.85
6675.5
6707.15
6738.85
6770.5
6802.15
6833.8
6865.5
6897.15
6928.8
6960.45
6992.15
-1000
25.6
58.95
90.6
122.3
153.95
185.55
217.25
248.95
280.55
312.25
343.95
375.6
407.2
438.9
470.6
502.25
533.85
565.55
597.25
628.9
660.5
692.25
723.9
755.5
787.2
818.9
850.55
882.15
913.85
945.55
977.2
1008.8
1040.5
1072.2
1103.85
1135.45
1167.2
1198.85
1230.45
1262.15
1293.85
1325.5
1357.1
1388.8
1420.5
1452.15
1483.75
1515.45
1547.15
1578.75
1610.45
1642.15
1673.8
1705.4
1737.1
1768.8
1800.45
1832.05
1863.75
1895.45
1927.1
1958.7
1990.45
2022.1
2053.7
2085.4
2117.1
2148.75
2180.35
2212.05
2243.75
2275.4
2307
2338.7
2370.4
2402.05
2433.65
2465.4
2497.05
2528.65
2560.35
2592.05
2623.7
2655.3
2687
2718.7
2750.35
2781.95
2813.7
2845.35
2876.95
2908.65
2940.35
2972
3003.6
3035.3
3067
3098.65
3130.25
3161.95
3193.65
3225.3
3256.9
3288.65
3320.3
3351.9
3383.6
3415.3
3446.95
3478.55
3510.25
3541.95
3573.6
3605.2
3636.9
3668.6
3700.25
3731.9
3763.6
3795.25
3826.85
3858.55
3890.25
3921.9
3953.5
3985.2
4016.9
4048.55
4080.15
4111.9
4143.55
4175.15
4206.85
4238.55
4270.2
4301.8
4333.5
4365.2
4396.85
4428.45
4460.15
4491.85
4523.5
4555.1
4586.85
4618.5
4650.1
4681.8
4713.5
4745.15
4776.75
4808.45
4840.15
4871.8
4903.4
4935.1
4966.8
4998.4
5030.1
5061.8
5093.45
5125.05
5156.75
5188.45
5220.1
5251.7
5283.4
5315.1
5346.75
5378.35
5410.1
5441.75
5473.35
5505.05
5536.75
5568.4
5600
5631.7
5663.4
5695.05
5726.65
5758.35
5790.05
5821.7
5853.3
5885.05
5916.7
5948.3
5980
6011.7
6043.35
6074.95
6106.65
6138.35
6170
6201.6
6233.3
6265
6296.6
6328.3
6360
6391.65
6423.25
6454.95
6486.65
6518.3
6549.9
6581.6
6613.3
6644.95
6676.55
6708.3
6739.95
6771.55
6803.25
6834.95
6866.6
6898.2
6929.9
6961.6
6993.25
