35.15
76.5
117.85
159.2
200.55
241.9
283.25
324.6
365.95
407.3
448.65
490
526.3
558.45
590.25
622.05
653.8
685.6
717.4
749.2
781
812.85
844.65
876.5
908.3
940.15
972
1003.8
1035.65
1067.5
1099.35
1131.15
1163
1194.85
1226.7
1258.55
1290.4
1322.25
1354.1
1385.95
1417.8
1449.65
1481.5
1513.35
1545.2
1577.05
1608.9
1640.75
1672.6
1704.45
1736.3
1768.15
1800
1831.85
1863.7
1895.55
1927.4
1959.25
1991.1
2022.95
2054.8
2086.65
2118.5
2150.35
2182.2
2214.05
2245.9
2277.75
2309.6
2341.45
2373.3
2405.15
2437
2468.85
2500.7
2532.55
2564.4
2596.25
2628.1
2659.95
2691.8
2723.65
2755.5
2787.35
2819.2
2851.05
2882.9
2914.75
2946.6
2978.45
3010.3
3042.15
3074
3105.85
3137.7
3169.55
3201.4
3233.25
3265.1
3296.95
3328.8
3360.65
3392.5
3424.35
3456.2
3488.05
3519.9
3551.75
3583.6
3615.45
3647.3
3679.15
3711
3742.85
3774.7
3806.55
3838.4
3870.25
3902.1
3933.95
3965.8
3997.65
4029.5
4061.35
4093.2
4125.05
4156.9
4188.75
4220.6
4252.45
4284.3
4316.15
4348
4379.85
4411.7
4443.55
4475.4
4507.25
4539.1
4570.95
4602.8
4634.65
4666.5
4698.35
4730.2
4762.05
4793.9
4825.75
4857.6
4889.45
4921.3
4953.15
4985
5016.85
5048.7
5080.55
5112.4
5144.25
5176.1
5207.95
5239.8
5271.65
5303.5
5335.35
5367.2
5399.05
5430.9
5462.75
5494.6
5526.45
5558.3
5590.15
5622
5653.85
5685.7
5717.55
5749.4
5781.25
5813.1
5844.95
5876.8
5908.65
5940.5
5972.35
6004.2
6036.05
6067.9
6099.75
6131.6
6163.45
6195.3
6227.15
6259
6290.85
6322.7
6354.55
6386.4
6418.25
6450.1
6481.95
6513.8
6545.65
6577.5
6609.35
6641.2
6673.05
6704.9
6736.75
6768.6
6800.45
6832.3
6864.15
6896
6927.85
6959.7
6991.55
-1000
25.6
58.9
93.25
126.85
157.85
189.8
223.3
257.7
290.95
321.9
354.05
387.75
422.15
454.95
485.85
518.25
551.3
584.15
616.9
649.45
681.85
714.2
746.45
778.6
810.7
842.8
874.85
906.85
938.8
970.8
1002.75
1034.7
1066.6
1098.55
1130.45
1162.4
1194.3
1226.2
1258.05
1289.95
1321.8
1353.7
1385.55
1417.4
1449.25
1481.1
1512.95
1544.8
1576.65
1608.5
1640.35
1672.2
1704.05
1735.9
1767.75
1799.6
1831.45
1863.3
1895.15
1927
1958.85
1990.7
2022.55
2054.4
2086.25
2118.1
2149.95
2181.8
2213.65
2245.5
2277.35
2309.2
2341.05
2372.9
2404.75
2436.6
2468.45
2500.3
2532.15
2564
2595.85
2627.7
2659.55
2691.4
2723.3
2755.15
2787
2818.85
2850.7
2882.55
2914.4
2946.25
2978.1
3009.95
3041.8
3073.65
3105.5
3137.35
3169.2
3201.05
3232.9
3264.75
3296.6
3328.45
3360.3
3392.15
3424
3455.85
3487.7
3519.55
3551.4
3583.25
3615.1
3646.95
3678.8
3710.65
3742.5
3774.35
3806.2
3838.05
3869.9
3901.75
3933.6
3965.45
3997.3
4029.15
4061
4092.85
4124.7
4156.55
4188.4
4220.25
4252.1
4283.95
4315.8
4347.65
4379.5
4411.35
4443.2
4475.05
4506.9
4538.75
4570.6
4602.45
4634.3
4666.15
4698
4729.85
4761.7
4793.55
4825.4
4857.25
4889.1
4920.95
4952.8
4984.65
5016.5
5048.35
5080.2
5112.05
5143.9
5175.75
5207.6
5239.45
5271.3
5303.15
5335
5366.85
5398.7
5430.55
5462.4
5494.25
5526.1
5557.95
5589.8
5621.65
5653.5
5685.35
5717.2
5749.05
5780.9
5812.75
5844.6
5876.45
5908.3
5940.15
5972
6003.85
6035.7
6067.55
6099.4
6131.25
6163.1
6194.95
6226.8
6258.65
6290.5
6322.35
6354.2
6386.05
6417.9
6449.75
6481.6
6513.45
6545.3
6577.15
6609
6640.85
6672.7
6704.55
6736.4
6768.25
6800.1
6831.95
6863.8
6895.65
