62.45
132.4
202.35
272.3
342.25
412.2
482.15
552.1
586.2
619.05
651.75
684.45
717.2
750
782.8
815.65
848.55
881.45
914.35
947.3
980.25
1013.25
1046.25
1079.25
1112.25
1145.25
1178.25
1211.3
1244.35
1277.35
1310.4
1343.45
1376.5
1409.55
1442.6
1475.65
1508.7
1541.75
1574.8
1607.9
1640.95
1674
1707.05
1740.15
1773.2
1806.25
1839.3
1872.4
1905.45
1938.5
1971.6
2004.65
2037.7
2070.8
2103.85
2136.9
2170
2203.05
2236.1
2269.2
2302.25
2335.3
2368.4
2401.45
2434.5
2467.6
2500.65
2533.75
2566.8
2599.85
2632.95
2666
2699.05
2732.15
2765.2
2798.25
2831.35
2864.4
2897.45
2930.55
2963.6
2996.7
3029.75
3062.8
3095.9
3128.95
3162
3195.1
3228.15
3261.2
3294.3
3327.35
3360.45
3393.5
3426.55
3459.65
3492.7
3525.75
3558.85
3591.9
3624.95
3658.05
3691.1
3724.2
3757.25
3790.3
3823.4
3856.45
3889.5
3922.6
3955.65
3988.7
4021.8
4054.85
4087.9
4121
4154.05
4187.15
4220.2
4253.25
4286.35
4319.4
4352.45
4385.55
4418.6
4451.65
4484.75
4517.8
4550.9
4583.95
4617
4650.1
4683.15
4716.2
4749.3
4782.35
4815.4
4848.5
4881.55
4914.65
4947.7
4980.75
5013.85
5046.9
5079.95
5113.05
5146.1
5179.15
5212.25
5245.3
5278.35
5311.45
5344.5
5377.6
5410.65
5443.7
5476.8
5509.85
5542.9
5576
5609.05
5642.1
5675.2
5708.25
5741.35
5774.4
5807.45
5840.55
5873.6
5906.65
5939.75
5972.8
6005.85
6038.95
6072
6105.1
6138.15
6171.2
6204.3
6237.35
6270.4
6303.5
6336.55
6369.6
6402.7
6435.75
6468.8
6501.9
6534.95
6568.05
6601.1
6634.15
6667.25
6700.3
6733.35
6766.45
6799.5
6832.55
6865.65
6898.7
6931.8
6964.85
6997.9
-1000
25.6
56.65
91.45
122.5
158.9
189.95
227.45
258.5
296.6
327.65
366.05
397.1
435.65
466.7
505.4
536.45
575.25
612.1
647.35
681.6
715.3
748.7
781.95
815.15
848.2
881.15
914.05
947
979.95
1012.9
1045.85
1078.85
1111.85
1144.85
1177.85
1210.9
1243.9
1276.95
1310
1343
1376.05
1409.1
1442.15
1475.2
1508.3
1541.35
1574.4
1607.45
1640.5
1673.55
1706.65
1739.7
1772.75
1805.8
1838.9
1871.95
1905
1938.1
1971.15
2004.2
2037.3
2070.35
2103.4
2136.5
2169.55
2202.6
2235.7
2268.75
2301.8
2334.9
2367.95
2401
2434.1
2467.15
2500.2
2533.3
2566.35
2599.4
2632.5
2665.55
2698.65
2731.7
2764.75
2797.85
2830.9
2863.95
2897.05
2930.1
2963.15
2996.25
3029.3
3062.35
3095.45
3128.5
3161.6
3194.65
3227.7
3260.8
3293.85
3326.9
3360
3393.05
3426.1
3459.2
3492.25
3525.35
3558.4
3591.45
3624.55
3657.6
3690.65
3723.75
3756.8
3789.85
3822.95
3856
3889.1
3922.15
3955.2
3988.3
4021.35
4054.4
4087.5
4120.55
4153.6
4186.7
4219.75
4252.8
4285.9
4318.95
4352.05
4385.1
4418.15
4451.25
4484.3
4517.35
4550.45
4583.5
4616.55
4649.65
4682.7
4715.8
4748.85
4781.9
4815
4848.05
4881.1
4914.2
4947.25
4980.3
5013.4
5046.45
5079.55
5112.6
5145.65
5178.75
5211.8
5244.85
5277.95
5311
5344.05
5377.15
5410.2
5443.25
5476.35
5509.4
5542.5
5575.55
5608.6
5641.7
5674.75
5707.8
5740.9
5773.95
5807
5840.1
5873.15
5906.25
5939.3
5972.35
6005.45
6038.5
6071.55
6104.65
6137.7
6170.75
6203.85
6236.9
6270
6303.05
6336.1
6369.2
6402.25
6435.3
6468.4
6501.45
6534.5
6567.6
6600.65
6633.7
6666.8
6699.85
6732.95
