58.45
124.3
190.1
255.95
321.8
387.6
453.45
519.3
553.75
587.15
620.4
653.7
687.05
720.4
753.8
787.25
820.7
854.15
887.65
921.15
954.7
988.25
1021.8
1055.35
1088.9
1122.45
1156.05
1189.65
1223.2
1256.8
1290.4
1324
1357.6
1391.2
1424.8
1458.4
1492
1525.6
1559.25
1592.85
1626.45
1660.05
1693.7
1727.3
1760.9
1794.55
1828.15
1861.75
1895.4
1929
1962.6
1996.25
2029.85
2063.45
2097.1
2130.7
2164.3
2197.95
2231.55
2265.15
2298.8
2332.4
2366
2399.65
2433.25
2466.85
2500.5
2534.1
2567.7
2601.35
2634.95
2668.6
2702.2
2735.8
2769.45
2803.05
2836.65
2870.3
2903.9
2937.5
2971.15
3004.75
3038.35
3072
3105.6
3139.25
3172.85
3206.45
3240.1
3273.7
3307.3
3340.95
3374.55
3408.15
3441.8
3475.4
3509.05
3542.65
3576.25
3609.9
3643.5
3677.1
3710.75
3744.35
3777.95
3811.6
3845.2
3878.8
3912.45
3946.05
3979.7
4013.3
4046.9
4080.55
4114.15
4147.75
4181.4
4215
4248.6
4282.25
4315.85
4349.45
4383.1
4416.7
4450.35
4483.95
4517.55
4551.2
4584.8
4618.4
4652.05
4685.65
4719.25
4752.9
4786.5
4820.15
4853.75
4887.35
4921
4954.6
4988.2
5021.85
5055.45
5089.05
5122.7
5156.3
5189.9
5223.55
5257.15
5290.8
5324.4
5358
5391.65
5425.25
5458.85
5492.5
5526.1
5559.7
5593.35
5626.95
5660.55
5694.2
5727.8
5761.45
5795.05
5828.65
5862.3
5895.9
5929.5
5963.15
5996.75
6030.35
6064
6097.6
6131.25
6164.85
6198.45
6232.1
6265.7
6299.3
6332.95
6366.55
6400.15
6433.8
6467.4
6501
6534.65
6568.25
6601.9
6635.5
6669.1
6702.75
6736.35
6769.95
6803.6
6837.2
6870.8
6904.45
6938.05
6971.65
-1000
25.6
56.65
90.75
121.8
156.2
187.2
221.8
252.85
287.45
318.5
353.25
384.25
419.05
450.1
484.8
515.85
550.65
585.25
619.4
653.25
686.95
720.05
753.65
786.95
820.4
853.85
887.4
920.85
954.35
987.85
1021.45
1055
1088.55
1122.1
1155.7
1189.25
1222.85
1256.45
1290
1323.6
1357.2
1390.8
1424.4
1458.05
1491.65
1525.25
1558.85
1592.45
1626.05
1659.7
1693.3
1726.9
1760.5
1794.15
1827.75
1861.35
1895
1928.6
1962.2
1995.85
2029.45
2063.05
2096.7
2130.3
2163.9
2197.55
2231.15
2264.75
2298.4
2332
2365.65
2399.25
2432.85
2466.5
2500.1
2533.7
2567.35
2600.95
2634.55
2668.2
2701.8
2735.4
2769.05
2802.65
2836.25
2869.9
2903.5
2937.15
2970.75
3004.35
3038
3071.6
3105.2
3138.85
3172.45
3206.05
3239.7
3273.3
3306.9
3340.55
3374.15
3407.8
3441.4
3475
3508.65
3542.25
3575.85
3609.5
3643.1
3676.7
3710.35
3743.95
3777.6
3811.2
3844.8
3878.45
3912.05
3945.65
3979.3
4012.9
4046.5
4080.15
4113.75
4147.35
4181
4214.6
4248.25
4281.85
4315.45
4349.1
4382.7
4416.3
4449.95
4483.55
4517.15
4550.8
4584.4
4618
4651.65
4685.25
4718.9
4752.5
4786.1
4819.75
4853.35
4886.95
4920.6
4954.2
4987.8
5021.45
5055.05
5088.7
5122.3
5155.9
5189.55
5223.15
5256.75
5290.4
5324
5357.6
5391.25
5424.85
5458.45
5492.1
5525.7
5559.35
5592.95
5626.55
5660.2
5693.8
5727.4
5761.05
5794.65
5828.25
5861.9
5895.5
5929.1
5962.75
5996.35
6030
6063.6
6097.2
6130.85
6164.45
6198.05
6231.7
6265.3
6298.9
6332.55
6366.15
6399.8
6433.4
6467
6500.65
6534.25
6567.85
6601.5
6635.1
6668.7
6702.35
