25.9
57.25
88.6
119.95
151.3
182.65
214
245.35
276.65
308
339.35
370.7
402.05
433.4
464.75
496.1
527.45
558.8
590.15
621.5
652.85
684.2
715.55
746.9
778.25
809.55
840.9
872.25
903.6
934.95
966.3
997.65
1029
1060.35
1091.7
1123.05
1154.4
1185.75
1217.1
1248.45
1279.8
1311.1
1342.45
1373.8
1405.15
1436.5
1467.85
1499.2
1530.55
1561.9
1593.25
1624.6
1655.95
1687.3
1718.65
1750
1781.35
1812.7
1844
1875.35
1906.7
1938.05
1969.4
2000.75
2032.1
2063.45
2094.8
2126.15
2157.5
2188.85
2220.2
2251.55
2282.9
2314.25
2345.55
2376.9
2408.25
2439.6
2470.95
2502.3
2533.65
2565
2596.35
2627.7
2659.05
2690.4
2721.75
2753.1
2784.45
2815.8
2847.15
2878.45
2909.8
2941.15
2972.5
3003.85
3035.2
3066.55
3097.9
3129.25
3160.6
3191.95
3223.3
3254.65
3286
3317.35
3348.7
3380
3411.35
3442.7
3474.05
3505.4
3536.75
3568.1
3599.45
3630.8
3662.15
3693.5
3724.85
3756.2
3787.55
3818.9
3850.25
3881.6
3912.9
3944.25
3975.6
4006.95
4038.3
4069.65
4101
4132.35
4163.7
4195.05
4226.4
4257.75
4289.1
4320.45
4351.8
4383.15
4414.45
4445.8
4477.15
4508.5
4539.85
4571.2
4602.55
4633.9
4665.25
4696.6
4727.95
4759.3
4790.65
4822
4853.35
4884.7
4916.05
4947.35
4978.7
5010.05
5041.4
5072.75
5104.1
5135.45
5166.8
5198.15
5229.5
5260.85
5292.2
5323.55
5354.9
5386.25
5417.6
5448.9
5480.25
5511.6
5542.95
5574.3
5605.65
5637
5668.35
5699.7
5731.05
5762.4
5793.75
5825.1
5856.45
-1000
25.6
62.6
103.9
144.95
181.15
216
248.6
284.55
327.6
366.55
401.7
439.35
481.3
521.65
557.5
592.6
625.9
665.4
707.65
744.6
779.05
812.65
847.85
890.6
930.2
965.6
1002.6
1042.95
1084.45
1121
1155.5
1188.55
1222.85
1264.65
1305.3
1341.2
1376.55
1410.5
1451.75
1492.85
1529.05
1563.7
1596.15
1630.85
1673.15
1713.3
1749
1785.05
1822.55
1865.6
1903.5
1938.2
1973.5
2011.95
2054.45
2091.9
2126.4
2161.4
2199.4
2242.25
2279.9
2314.5
2349.35
2387
2430
2467.85
2502.5
2537.65
2575.55
2618.25
2655.9
2690.55
2725.7
2763.85
2806.7
2844.25
2878.8
2913.55
2950.95
2994
3031.95
3066.7
3101.65
3138.9
3181.75
3219.85
3254.65
3290.25
3329.3
3371.8
3408.9
3443.4
3477.35
3513.3
3556.35
3595.3
3630.35
3667.65
3709.2
3750.05
3786.15
3821.15
3854.1
3891.95
3934.9
3972.6
4007.25
4042.2
4080.05
4122.8
4160.5
4195.15
4230.55
4269.35
4311.95
4349.2
4383.7
4417.9
4454.25
4497.4
4536
4571
4607.95
4649
4690.05
4726.25
4760.95
4793.45
4827.75
4869.6
4910.2
4946.15
4981.5
5015.55
5056.95
5097.95
5134.05
5168.8
5201.3
5236.4
5279.1
5318.7
5354.15
5391.25
5432
5473.5
5509.9
5544.5
5577.1
5611.25
5652.8
5693.5
5729.55
5764.3
5796.85
5832.15
5875
5914.45
5949.85
5987.2
6028.45
6069.5
6105.7
6140.55
6173.05
6208.3
6250.8
6290.35
6325.85
6362.7
6402.8
6444.7
6481.35
6515.85
6548.9
6583.2
6625.05
6665.65
6701.6
6736.65
6769.85
6809.2
6851.55
6888.55
6923
6956.75
6992.15
