26.8
59.1
91.45
123.75
156.05
188.4
220.7
253.05
285.35
317.65
350
382.3
414.65
446.95
479.25
511.6
543.9
576.25
608.55
640.85
673.2
705.5
737.85
770.15
802.45
834.8
867.1
899.45
931.75
964.05
996.4
1028.7
1061.05
1093.35
1125.65
1158
1190.3
1222.65
1254.95
1287.25
1319.6
1351.9
1384.25
1416.55
1448.85
1481.2
1513.5
1545.85
1578.15
1610.45
1642.8
1675.1
1707.45
1739.75
1772.05
1804.4
1836.7
1869.05
1901.35
1933.65
1966
1998.3
2030.65
2062.95
2095.25
2127.6
2159.9
2192.25
2224.55
2256.85
2289.2
2321.5
2353.85
2386.15
2418.45
2450.8
2483.1
2515.45
2547.75
2580.05
2612.4
2644.7
2677.05
2709.35
2741.7
2774
2806.3
2838.65
2870.95
2903.3
2935.6
2967.9
3000.25
3032.55
3064.9
3097.2
3129.5
3161.85
3194.15
3226.5
3258.8
3291.1
3323.45
3355.75
3388.1
3420.4
3452.7
3485.05
3517.35
3549.7
3582
3614.3
3646.65
3678.95
3711.3
3743.6
3775.9
3808.25
3840.55
3872.9
3905.2
3937.5
3969.85
4002.15
4034.5
4066.8
4099.1
4131.45
4163.75
4196.1
4228.4
4260.7
4293.05
4325.35
4357.7
4390
4422.3
4454.65
4486.95
4519.3
4551.6
4583.9
4616.25
4648.55
4680.9
4713.2
4745.5
4777.85
4810.15
4842.5
4874.8
4907.1
4939.45
4971.75
5004.1
5036.4
5068.7
5101.05
5133.35
5165.7
5198
5230.3
5262.65
5294.95
5327.3
5359.6
5391.9
5424.25
5456.55
5488.9
5521.2
5553.55
5585.85
5618.15
5650.5
5682.8
5715.15
5747.45
5779.75
5812.1
5844.4
5876.75
5909.05
5941.35
5973.7
6006
6038.35
6070.65
6102.95
6135.3
6167.6
6199.95
6232.25
6264.55
6296.9
6329.2
6361.55
6393.85
6426.15
6458.5
6490.8
6523.15
6555.45
6587.75
6620.1
6652.4
6684.75
6717.05
6749.35
6781.7
6814
6846.35
6878.65
6910.95
6943.3
6975.6
-1000
25.6
58.85
91.75
123.9
156.2
188.55
220.85
253.2
285.5
317.8
350.15
382.45
414.8
447.1
479.4
511.75
544.05
576.4
608.7
641
673.35
705.65
738
770.3
802.6
834.95
867.25
899.6
931.9
964.2
996.55
1028.85
1061.2
1093.5
1125.8
1158.15
1190.45
1222.8
1255.1
1287.4
1319.75
1352.05
1384.4
1416.7
1449
1481.35
1513.65
1546
1578.3
1610.6
1642.95
1675.25
1707.6
1739.9
1772.2
1804.55
1836.85
1869.2
1901.5
1933.8
1966.15
1998.45
2030.8
2063.1
2095.45
2127.75
2160.05
2192.4
2224.7
2257.05
2289.35
2321.65
2354
2386.3
2418.65
2450.95
2483.25
2515.6
2547.9
2580.25
2612.55
2644.85
2677.2
2709.5
2741.85
2774.15
2806.45
2838.8
2871.1
2903.45
2935.75
2968.05
3000.4
3032.7
3065.05
3097.35
3129.65
3162
3194.3
3226.65
3258.95
3291.25
3323.6
3355.9
3388.25
3420.55
3452.85
3485.2
3517.5
3549.85
3582.15
3614.45
3646.8
3679.1
3711.45
3743.75
3776.05
3808.4
3840.7
3873.05
3905.35
3937.65
3970
4002.3
4034.65
4066.95
4099.25
4131.6
4163.9
4196.25
4228.55
4260.85
4293.2
4325.5
4357.85
4390.15
4422.45
4454.8
4487.1
4519.45
4551.75
4584.05
4616.4
4648.7
4681.05
4713.35
4745.65
4778
4810.3
4842.65
4874.95
4907.3
4939.6
4971.9
5004.25
5036.55
5068.9
5101.2
5133.5
5165.85
5198.15
5230.5
5262.8
5295.1
5327.45
5359.75
5392.1
5424.4
5456.7
5489.05
5521.35
5553.7
5586
5618.3
5650.65
5682.95
5715.3
5747.6
5779.9
5812.25
5844.55
5876.9
5909.2
5941.5
5973.85
6006.15
6038.5
6070.8
6103.1
6135.45
6167.75
6200.1
6232.4
6264.7
6297.05
6329.35
6361.7
6394
6426.3
6458.65
6490.95
6523.3
6555.6
6587.9
6620.25
6652.55
6684.9
6717.2
6749.5
6781.85
6814.15
6846.5
6878.8
6911.1
6943.45
6975.75
