36.35
78.95
121.55
164.15
206.8
249.4
292
334.65
377.25
419.85
462.45
505.1
538.95
572.9
606.9
640.95
675.05
709.15
743.3
777.5
811.7
845.9
880.15
914.4
948.65
982.9
1017.2
1051.5
1085.8
1120.1
1154.4
1188.75
1223.05
1257.4
1291.7
1326
1360.35
1394.7
1429
1463.35
1497.7
1532
1566.35
1600.7
1635.05
1669.35
1703.7
1738.05
1772.4
1806.7
1841.05
1875.4
1909.75
1944.1
1978.45
2012.75
2047.1
2081.45
2115.8
2150.15
2184.5
2218.8
2253.15
2287.5
2321.85
2356.2
2390.55
2424.85
2459.2
2493.55
2527.9
2562.2
2596.55
2630.9
2665.25
2699.6
2733.95
2768.3
2802.6
2836.95
2871.3
2905.65
2940
2974.3
3008.65
3043
3077.35
3111.7
3146.05
3180.4
3214.7
3249.05
3283.4
3317.75
3352.05
3386.4
3420.75
3455.1
3489.45
3523.8
3558.15
3592.45
3626.8
3661.15
3695.5
3729.85
3764.2
3798.5
3832.85
3867.2
3901.55
3935.9
3970.25
4004.55
4038.9
4073.25
4107.6
4141.95
4176.25
4210.6
4244.95
4279.3
4313.65
4347.95
4382.3
4416.65
4451
4485.35
4519.7
4554.05
4588.35
4622.7
4657.05
4691.4
4725.75
4760.1
4794.45
4828.75
4863.1
4897.45
4931.8
4966.15
5000.45
5034.8
5069.15
5103.5
5137.85
5172.15
5206.5
5240.85
5275.2
5309.55
5343.9
5378.2
5412.55
5446.9
5481.25
5515.6
5549.95
5584.3
5618.6
5652.95
5687.3
5721.65
5756
5790.3
5824.65
5859
5893.35
5927.7
5962.05
5996.35
6030.7
6065.05
6099.4
6133.75
6168.1
6202.4
6236.75
6271.1
6305.45
6339.8
6374.15
6408.45
6442.8
6477.15
6511.5
6545.85
6580.15
6614.5
6648.85
6683.2
6717.55
6751.9
6786.2
6820.55
6854.9
6889.25
6923.6
6957.9
6992.25
-1000
25.6
65.7
107.35
149.6
192.1
234.65
277.1
319.8
362.45
405.05
447.7
490.3
532.9
570.2
605.6
640.3
674.8
708.8
743.1
777.15
811.4
845.55
879.8
914
948.3
982.55
1016.85
1051.15
1085.45
1119.75
1154.05
1188.35
1222.65
1257
1291.3
1325.6
1359.95
1394.3
1428.6
1462.95
1497.25
1531.6
1565.95
1600.3
1634.6
1668.95
1703.3
1737.65
1771.95
1806.3
1840.65
1875
1909.35
1943.7
1978
2012.35
2046.7
2081.05
2115.4
2149.7
2184.05
2218.4
2252.75
2287.1
2321.45
2355.75
2390.1
2424.45
2458.8
2493.1
2527.45
2561.8
2596.15
2630.5
2664.85
2699.2
2733.5
2767.85
2802.2
2836.55
2870.9
2905.2
2939.55
2973.9
3008.25
3042.6
3076.95
3111.3
3145.6
3179.95
3214.3
3248.65
3283
3317.3
3351.65
3386
3420.35
3454.7
3489.05
3523.35
3557.7
3592.05
3626.4
3660.75
3695.1
3729.4
3763.75
3798.1
3832.45
3866.8
3901.15
3935.45
3969.8
4004.15
4038.5
4072.85
4107.15
4141.5
4175.85
4210.2
4244.55
4278.9
4313.2
4347.55
4381.9
4416.25
4450.6
4484.95
4519.25
4553.6
4587.95
4622.3
4656.65
4691
4725.35
4759.65
4794
4828.35
4862.7
4897.05
4931.35
4965.7
5000.05
5034.4
5068.75
5103.05
5137.4
5171.75
5206.1
5240.45
5274.8
5309.1
5343.45
5377.8
5412.15
5446.5
5480.85
5515.2
5549.5
5583.85
5618.2
5652.55
5686.9
5721.2
5755.55
5789.9
5824.25
5858.6
5892.95
5927.25
5961.6
5995.95
6030.3
6064.65
6099
6133.3
6167.65
6202
6236.35
6270.7
6305.05
6339.35
6373.7
6408.05
6442.4
6476.75
6511.05
6545.4
6579.75
6614.1
6648.45
6682.8
6717.1
6751.45
6785.8
6820.15
6854.5
6888.85
6923.15
6957.5
6991.85
