31.6
69.15
106.7
144.3
181.85
219.4
256.95
294.5
332.05
369.6
407.15
444.7
482.25
519.85
553.6
587.15
620.7
654.25
687.8
721.35
754.9
788.45
822
855.55
889.1
922.65
956.2
989.75
1023.3
1056.85
1090.4
1123.95
1157.5
1191.05
1224.6
1258.15
1291.7
1325.25
1358.8
1392.35
1425.9
1459.45
1493
1526.6
1560.15
1593.7
1627.25
1660.8
1694.35
1727.9
1761.45
1795
1828.55
1862.1
1895.65
1929.25
1962.8
1996.35
2029.9
2063.45
2096.9
2130.3
2163.7
2197.15
2230.55
2263.95
2297.4
2330.8
2364.25
2397.65
2431.05
2464.5
2497.9
2531.35
2564.75
2598.15
2631.6
2665
2698.45
2731.85
2765.25
2798.7
2832.1
2865.5
2898.95
2932.35
2965.8
2999.2
3032.6
3066.05
3099.45
3132.9
3166.3
3199.7
3233.15
3266.55
3300
3333.4
3366.8
3400.25
3433.65
3467.1
3500.5
3533.9
3567.35
3600.75
3634.15
3667.6
3701
3734.45
3767.85
3801.25
3834.7
3868.1
3901.55
3934.95
3968.35
4001.8
4035.2
4068.65
4102.05
4135.45
4168.9
4202.3
4235.75
4269.15
4302.55
4336
4369.4
4402.8
4436.25
4469.65
4503.1
4536.5
4569.9
4603.35
4636.75
4670.2
4703.6
4737
4770.45
4803.85
4837.3
4870.7
4904.1
4937.55
4970.95
5004.4
5037.8
5071.2
5104.65
5138.05
5171.5
5204.9
5238.3
5271.75
5305.15
5338.55
5372
5405.4
5438.85
5472.25
5505.65
5539.1
5572.5
5605.95
5639.35
5672.75
5706.2
5739.6
5773.05
5806.45
5839.85
5873.3
5906.7
5940.15
5973.55
6006.95
6040.4
6073.8
6107.2
6140.65
6174.05
6207.5
6240.9
6274.3
6307.75
6341.15
6374.6
6408
6441.4
6474.85
6508.25
6541.7
6575.1
6608.5
6641.95
6675.35
6708.8
6742.2
6775.6
6809.05
6842.45
6875.85
6909.3
6942.7
6976.15
-1000
25.6
61.65
98.4
135.55
172.95
210.4
247.9
285.35
322.85
360.45
398.05
435.65
473.2
510.75
548.3
584
618.7
652.9
686.8
720.6
754.4
788.1
821.65
855.2
888.75
922.3
955.85
989.4
1022.95
1056.5
1090.05
1123.6
1157.15
1190.7
1224.25
1257.8
1291.4
1324.95
1358.5
1392.05
1425.6
1459.15
1492.7
1526.25
1559.8
1593.35
1626.9
1660.45
1694
1727.55
1761.15
1794.7
1828.25
1861.8
1895.35
1928.9
1962.45
1996
2029.55
2063.1
2096.65
2130
2163.45
2196.9
2230.3
2263.75
2297.1
2330.55
2364
2397.35
2430.8
2464.25
2497.65
2531.1
2564.45
2597.95
2631.35
2664.75
2698.2
2731.55
2765.05
2798.45
2831.85
2865.3
2898.65
2932.1
2965.55
2998.9
3032.35
3065.8
3099.2
3132.65
3166
3199.5
3232.9
3266.3
3299.75
3333.1
3366.6
3400
3433.4
3466.85
3500.2
3533.7
3567.1
3600.5
3633.95
3667.3
3700.8
3734.2
3767.6
3801
3834.45
3867.85
3901.3
3934.65
3968.15
4001.55
4034.95
4068.4
4101.75
4135.25
4168.65
4202.05
4235.5
4268.85
4302.35
4335.75
4369.15
4402.6
4435.95
4469.45
4502.85
4536.25
4569.7
4603.05
4636.5
4669.95
4703.3
4736.75
4770.2
4803.6
4837.05
4870.4
4903.9
4937.3
4970.7
5004.15
5037.5
5071
5104.4
5137.8
5171.25
5204.6
5238.1
5271.5
5304.9
5338.35
5371.7
5405.15
5438.6
5471.95
5505.4
5538.85
5572.25
5605.7
5639.05
5672.55
5705.95
5739.35
5772.8
5806.15
5839.65
5873.05
5906.45
5939.9
5973.25
6006.75
6040.15
6073.55
6107
6140.35
6173.85
6207.25
6240.65
6274.1
6307.45
6340.9
6374.35
6407.7
6441.15
6474.6
6508
6541.45
6574.8
6608.3
6641.7
6675.1
6708.55
6741.9
6775.4
6808.8
6842.2
6875.65
6909
6942.5
6975.9
