28.8
63.3
97.8
132.3
166.8
201.3
235.8
270.3
304.8
339.3
373.85
408.35
442.85
477.35
511.85
544.55
577.15
609.7
642.3
674.9
707.45
740.05
772.65
805.2
837.8
870.35
902.95
935.55
968.1
1000.7
1033.3
1065.85
1098.45
1131.05
1163.6
1196.2
1228.8
1261.4
1293.95
1326.55
1359.15
1391.7
1424.3
1456.9
1489.45
1522.05
1554.65
1587.2
1619.8
1652.4
1684.95
1717.55
1750.15
1782.7
1815.3
1847.9
1880.45
1913.05
1945.65
1978.2
2010.8
2043.4
2076
2108.55
2141.15
2173.75
2206.3
2238.9
2271.5
2304.05
2336.65
2369.25
2401.8
2434.4
2467
2499.55
2532.15
2564.75
2597.3
2629.9
2662.5
2695.1
2727.65
2760.25
2792.85
2825.4
2858
2890.6
2923.15
2955.75
2988.35
3020.9
3053.5
3086.1
3118.65
3151.25
3183.85
3216.4
3249
3281.6
3314.15
3346.75
3379.35
3411.95
3444.5
3477.1
3509.7
3542.25
3574.85
3607.45
3640
3672.6
3705.2
3737.75
3770.35
3802.95
3835.5
3868.1
3900.7
3933.25
3965.85
3998.45
4031.05
4063.6
4096.2
4128.8
4161.35
4193.95
4226.55
4259.1
4291.7
4324.3
4356.85
4389.45
4422.05
4454.6
4487.2
4519.8
4552.35
4584.95
4617.55
4650.1
4682.7
4715.3
4747.9
4780.45
4813.05
4845.65
4878.2
4910.8
4943.4
4975.95
5008.55
5041.15
5073.7
5106.3
5138.9
5171.45
5204.05
5236.65
5269.2
5301.8
5334.4
5367
5399.55
5432.15
5464.75
5497.3
5529.9
5562.5
5595.05
5627.65
5660.25
5692.8
5725.4
5758
5790.55
5823.15
5855.75
5888.3
5920.9
5953.5
5986.05
6018.65
6051.25
6083.85
6116.4
6149
6181.6
6214.15
6246.75
6279.35
6311.9
6344.5
6377.1
6409.65
6442.25
6474.85
6507.4
6540
6572.6
6605.15
6637.75
6670.35
6702.95
6735.5
6768.1
6800.7
6833.25
6865.85
6898.45
6931
6963.6
6996.2
-1000
25.6
58.85
92.45
126.3
160.45
194.65
229
263.35
297.8
332.2
366.7
401.15
435.65
470.15
504.6
539.05
573
606.55
639.8
672.85
705.8
738.65
771.4
804.2
836.9
869.65
902.35
935
967.65
1000.3
1032.9
1065.45
1098.05
1130.65
1163.2
1195.8
1228.4
1260.95
1293.55
1326.15
1358.7
1391.3
1423.9
1456.45
1489.05
1521.65
1554.2
1586.8
1619.4
1651.95
1684.55
1717.15
1749.7
1782.3
1814.9
1847.5
1880.05
1912.65
1945.25
1977.8
2010.4
2043
2075.55
2108.15
2140.75
2173.3
2205.9
2238.5
2271.05
2303.65
2336.25
2368.8
2401.4
2434
2466.55
2499.15
2531.75
2564.35
2596.9
2629.5
2662.1
2694.65
2727.25
2759.85
2792.4
2825
2857.6
2890.15
2922.75
2955.35
2987.9
3020.5
3053.1
3085.65
3118.25
3150.85
3183.45
3216
3248.6
3281.2
3313.75
3346.35
3378.95
3411.5
3444.1
3476.7
3509.25
3541.85
3574.45
3607
3639.6
3672.2
3704.75
3737.35
3769.95
3802.5
3835.1
3867.7
3900.3
3932.85
3965.45
3998.05
4030.6
4063.2
4095.8
4128.35
4160.95
4193.55
4226.1
4258.7
4291.3
4323.85
4356.45
4389.05
4421.6
4454.2
4486.8
4519.4
4551.95
4584.55
4617.15
4649.7
4682.3
4714.9
4747.45
4780.05
4812.65
4845.2
4877.8
4910.4
4942.95
4975.55
5008.15
5040.7
5073.3
5105.9
5138.45
5171.05
5203.65
5236.25
5268.8
5301.4
5334
5366.55
5399.15
5431.75
5464.3
5496.9
5529.5
5562.05
5594.65
5627.25
5659.8
5692.4
5725
5757.55
5790.15
5822.75
5855.35
5887.9
5920.5
5953.1
5985.65
6018.25
6050.85
6083.4
6116
6148.6
6181.15
6213.75
6246.35
6278.9
6311.5
6344.1
6376.65
6409.25
6441.85
6474.4
6507
6539.6
6572.2
6604.75
6637.35
6669.95
6702.5
6735.1
6767.7
6800.25
6832.85
6865.45
6898
6930.6
6963.2
6995.75
