29.95
65.65
101.4
137.15
172.85
208.6
244.35
280.1
315.8
351.55
387.3
423.05
458.75
494.5
528.45
562.4
596.4
630.35
664.3
698.3
732.25
766.25
800.2
834.15
868.15
902.1
936.1
970.05
1004
1038
1071.95
1105.95
1139.9
1173.85
1207.85
1241.8
1275.8
1309.75
1343.75
1377.7
1411.65
1445.65
1479.6
1513.6
1547.55
1581.5
1615.5
1649.45
1683.45
1717.4
1751.4
1785.35
1819.3
1853.3
1887.25
1921.25
1955.2
1989.2
2023.15
2057.1
2090.95
2124.8
2158.65
2192.5
2226.3
2260.15
2294
2327.85
2361.7
2395.5
2429.35
2463.2
2497.05
2530.85
2564.7
2598.55
2632.4
2666.2
2700.05
2733.9
2767.75
2801.6
2835.4
2869.25
2903.1
2936.95
2970.75
3004.6
3038.45
3072.3
3106.15
3139.95
3173.8
3207.65
3241.5
3275.3
3309.15
3343
3376.85
3410.7
3444.5
3478.35
3512.2
3546.05
3579.85
3613.7
3647.55
3681.4
3715.25
3749.05
3782.9
3816.75
3850.6
3884.4
3918.25
3952.1
3985.95
4019.75
4053.6
4087.45
4121.3
4155.15
4188.95
4222.8
4256.65
4290.5
4324.3
4358.15
4392
4425.85
4459.7
4493.5
4527.35
4561.2
4595.05
4628.85
4662.7
4696.55
4730.4
4764.25
4798.05
4831.9
4865.75
4899.6
4933.4
4967.25
5001.1
5034.95
5068.8
5102.6
5136.45
5170.3
5204.15
5237.95
5271.8
5305.65
5339.5
5373.3
5407.15
5441
5474.85
5508.7
5542.5
5576.35
5610.2
5644.05
5677.85
5711.7
5745.55
5779.4
5813.25
5847.05
5880.9
5914.75
5948.6
5982.4
6016.25
6050.1
6083.95
6117.8
6151.6
6185.45
6219.3
6253.15
6286.95
6320.8
6354.65
6388.5
6422.35
6456.15
6490
6523.85
6557.7
6591.5
6625.35
6659.2
6693.05
6726.85
6760.7
6794.55
6828.4
6862.25
6896.05
6929.9
6963.75
6997.6
-1000
25.6
61.1
96.7
132.35
168.05
203.8
239.55
275.2
311
346.75
382.4
418.15
453.95
489.7
525.35
560.2
594.7
628.95
663.1
697.2
731.25
765.3
799.35
833.3
867.35
901.35
935.35
969.35
1003.25
1037.25
1071.25
1105.25
1139.2
1173.15
1207.15
1241.1
1275.1
1309.1
1343.05
1377.05
1410.95
1444.95
1478.95
1512.9
1546.9
1580.8
1614.8
1648.75
1682.75
1716.7
1750.7
1784.65
1818.6
1852.6
1886.55
1920.55
1954.55
1988.5
2022.5
2056.4
2090.4
2124.35
2158.25
2192.05
2225.9
2259.75
2293.6
2327.4
2361.25
2395.1
2428.95
2462.75
2496.6
2530.45
2564.3
2598.15
2631.95
2665.8
2699.65
2733.5
2767.3
2801.15
2835
2868.85
2902.7
2936.5
2970.35
3004.2
3038.05
3071.85
3105.7
3139.55
3173.4
3207.25
3241.05
3274.9
3308.75
3342.6
3376.4
3410.25
3444.1
3477.95
3511.75
3545.6
3579.45
3613.3
3647.15
3680.95
3714.8
3748.65
3782.5
3816.3
3850.15
3884
3917.85
3951.7
3985.5
4019.35
4053.2
4087.05
4120.85
4154.7
4188.55
4222.4
4256.25
4290.05
4323.9
4357.75
4391.6
4425.4
4459.25
4493.1
4526.95
4560.8
4594.6
4628.45
4662.3
4696.15
4729.95
4763.8
4797.65
4831.5
4865.3
4899.15
4933
4966.85
5000.7
5034.5
5068.35
5102.2
5136.05
5169.85
5203.7
5237.55
5271.4
5305.25
5339.05
5372.9
5406.75
5440.6
5474.4
5508.25
5542.1
5575.95
5609.8
5643.6
5677.45
5711.3
5745.15
5778.95
5812.8
5846.65
5880.5
5914.35
5948.15
5982
6015.85
6049.7
6083.5
6117.35
6151.2
6185.05
6218.85
6252.7
6286.55
6320.4
6354.25
6388.05
6421.9
6455.75
6489.6
6523.4
6557.25
6591.1
6624.95
6658.8
6692.6
6726.45
6760.3
6794.15
6827.95
6861.8
6895.65
6929.5
6963.35
6997.15
