35.75
77.7
119.65
161.65
203.6
245.6
287.55
329.5
371.5
413.45
455.45
497.4
529.85
561.75
593.6
625.5
657.35
689.25
721.15
753.05
784.95
816.85
848.75
880.7
912.6
944.55
976.45
1008.4
1040.3
1072.25
1104.2
1136.1
1168.05
1200
1231.95
1263.85
1295.8
1327.75
1359.7
1391.65
1423.55
1455.5
1487.45
1519.4
1551.35
1583.3
1615.25
1647.15
1679.1
1711.05
1743
1774.95
1806.9
1838.85
1870.8
1902.7
1934.65
1966.6
1998.55
2030.5
2062.45
2094.25
2126.1
2157.9
2189.7
2221.5
2253.35
2285.15
2316.95
2348.75
2380.55
2412.4
2444.2
2476
2507.8
2539.65
2571.45
2603.25
2635.05
2666.9
2698.7
2730.5
2762.3
2794.15
2825.95
2857.75
2889.55
2921.4
2953.2
2985
3016.8
3048.65
3080.45
3112.25
3144.05
3175.9
3207.7
3239.5
3271.3
3303.15
3334.95
3366.75
3398.55
3430.4
3462.2
3494
3525.8
3557.65
3589.45
3621.25
3653.05
3684.9
3716.7
3748.5
3780.3
3812.15
3843.95
3875.75
3907.55
3939.4
3971.2
4003
4034.8
4066.65
4098.45
4130.25
4162.05
4193.9
4225.7
4257.5
4289.3
4321.15
4352.95
4384.75
4416.55
4448.4
4480.2
4512
4543.8
4575.65
4607.45
4639.25
4671.05
4702.9
4734.7
4766.5
4798.3
4830.15
4861.95
4893.75
4925.55
4957.4
4989.2
5021
5052.8
5084.65
5116.45
5148.25
5180.05
5211.9
5243.7
5275.5
5307.3
5339.15
5370.95
5402.75
5434.55
5466.4
5498.2
5530
5561.8
5593.65
5625.45
5657.25
5689.05
5720.9
5752.7
5784.5
5816.3
5848.15
5879.95
5911.75
5943.55
5975.4
6007.2
6039
6070.8
6102.65
6134.45
6166.25
6198.05
6229.9
6261.7
6293.5
6325.3
6357.15
6388.95
6420.75
6452.55
6484.4
6516.2
6548
6579.8
6611.65
6643.45
6675.25
6707.05
6738.9
6770.7
6802.5
6834.3
6866.15
6897.95
6929.75
6961.55
6993.4
-1000
25.6
59.75
95.25
130.05
161.05
193.2
227.4
263
297.65
328.65
360.85
395.1
430.7
465.4
496.4
528.55
560.8
593
625.2
657.2
689.15
721.05
752.95
784.85
816.75
848.65
880.55
912.45
944.4
976.3
1008.25
1040.15
1072.1
1104
1135.95
1167.9
1199.8
1231.75
1263.7
1295.65
1327.6
1359.5
1391.45
1423.4
1455.35
1487.3
1519.2
1551.15
1583.1
1615.05
1647
1678.95
1710.9
1742.8
1774.75
1806.7
1838.65
1870.6
1902.55
1934.5
1966.45
1998.4
2030.3
2062.25
2094.2
2126.05
2157.9
2189.7
2221.5
2253.35
2285.15
2316.95
2348.75
2380.6
2412.4
2444.2
2476
2507.8
2539.65
2571.45
2603.25
2635.05
2666.9
2698.7
2730.5
2762.3
2794.15
2825.95
2857.75
2889.55
2921.4
2953.2
2985
3016.8
3048.65
3080.45
3112.25
3144.05
3175.9
3207.7
3239.5
3271.3
3303.15
3334.95
3366.75
3398.55
3430.4
3462.2
3494
3525.8
3557.65
3589.45
3621.25
3653.05
3684.9
3716.7
3748.5
3780.3
3812.15
3843.95
3875.75
3907.55
3939.4
3971.2
4003
4034.8
4066.65
4098.45
4130.25
4162.05
4193.9
4225.7
4257.5
4289.3
4321.15
4352.95
4384.75
4416.55
4448.4
4480.2
4512
4543.8
4575.65
4607.45
4639.25
4671.05
4702.9
4734.7
4766.5
4798.3
4830.15
4861.95
4893.75
4925.55
4957.4
4989.2
5021
5052.8
5084.65
5116.45
5148.25
5180.05
5211.9
5243.7
5275.5
5307.3
5339.15
5370.95
5402.75
5434.55
5466.4
5498.2
5530
5561.8
5593.65
5625.45
5657.25
5689.05
5720.9
5752.7
5784.5
5816.3
5848.15
5879.95
5911.75
5943.55
5975.4
6007.2
6039
6070.8
6102.65
6134.45
6166.25
6198.05
6229.9
6261.7
6293.5
6325.3
6357.15
6388.95
6420.75
6452.55
6484.4
6516.2
6548
6579.8
6611.65
6643.45
6675.25
6707.05
6738.9
6770.7
6802.5
6834.3
6866.15
6897.95
