28.45
62.55
96.65
130.8
164.9
199
233.15
267.25
301.35
335.45
369.6
403.7
437.8
471.95
506.05
538.1
569.95
601.85
633.7
665.6
697.45
729.3
761.2
793.05
824.95
856.8
888.7
920.55
952.4
984.3
1016.15
1048.05
1079.9
1111.8
1143.65
1175.55
1207.4
1239.3
1271.15
1303.05
1334.9
1366.8
1398.65
1430.55
1462.4
1494.3
1526.15
1558.05
1589.9
1621.8
1653.65
1685.5
1717.4
1749.25
1781.15
1813
1844.9
1876.75
1908.65
1940.5
1972.4
2004.25
2036.15
2068
2099.8
2131.55
2163.3
2195.05
2226.8
2258.55
2290.3
2322.05
2353.8
2385.55
2417.3
2449.05
2480.85
2512.6
2544.35
2576.1
2607.85
2639.6
2671.35
2703.1
2734.85
2766.6
2798.35
2830.1
2861.9
2893.65
2925.4
2957.15
2988.9
3020.65
3052.4
3084.15
3115.9
3147.65
3179.4
3211.15
3242.95
3274.7
3306.45
3338.2
3369.95
3401.7
3433.45
3465.2
3496.95
3528.7
3560.45
3592.25
3624
3655.75
3687.5
3719.25
3751
3782.75
3814.5
3846.25
3878
3909.75
3941.5
3973.3
4005.05
4036.8
4068.55
4100.3
4132.05
4163.8
4195.55
4227.3
4259.05
4290.8
4322.55
4354.35
4386.1
4417.85
4449.6
4481.35
4513.1
4544.85
4576.6
4608.35
4640.1
4671.85
4703.6
4735.4
4767.15
4798.9
4830.65
4862.4
4894.15
4925.9
4957.65
4989.4
5021.15
5052.9
5084.65
5116.45
5148.2
5179.95
5211.7
5243.45
5275.2
5306.95
5338.7
5370.45
5402.2
5433.95
5465.7
5497.5
5529.25
5561
5592.75
5624.5
5656.25
5688
5719.75
5751.5
5783.25
5815
5846.8
5878.55
5910.3
5942.05
5973.8
6005.55
6037.3
6069.05
6100.8
6132.55
6164.3
6196.05
6227.85
6259.6
6291.35
6323.1
6354.85
6386.6
6418.35
6450.1
6481.85
6513.6
6545.35
6577.1
6608.9
6640.65
6672.4
6704.15
6735.9
6767.65
6799.4
6831.15
6862.9
6894.65
6926.4
6958.15
6989.95
-1000
25.6
57.8
90.25
123.05
156.05
189.2
222.6
256.1
289.7
323.4
357.2
391
424.85
458.8
492.7
526.65
560.25
593.6
626.7
659.6
692.3
724.85
757.25
789.6
821.9
854.1
886.25
918.4
950.45
982.5
1014.5
1046.5
1078.5
1110.45
1142.45
1174.4
1206.35
1238.3
1270.2
1302.15
1334.1
1366
1397.95
1429.85
1461.8
1493.7
1525.6
1557.5
1589.4
1621.3
1653.15
1685.05
1716.95
1748.8
1780.7
1812.55
1844.45
1876.3
1908.2
1940.05
1971.95
2003.8
2035.7
2067.55
2099.45
2131.25
2163.05
2194.8
2226.6
2258.35
2290.1
2321.85
2353.6
2385.35
2417.1
2448.85
2480.6
2512.35
2544.1
2575.85
2607.65
2639.4
2671.15
2702.9
2734.65
2766.4
2798.15
2829.9
2861.65
2893.4
2925.15
2956.9
2988.7
3020.45
3052.2
3083.95
3115.7
3147.45
3179.2
3210.95
3242.7
3274.45
3306.2
3337.95
3369.75
3401.5
3433.25
3465
3496.75
3528.5
3560.25
3592
3623.75
3655.5
3687.25
3719
3750.8
3782.55
3814.3
3846.05
3877.8
3909.55
3941.3
3973.05
4004.8
4036.55
4068.3
4100.05
4131.85
4163.6
4195.35
4227.1
4258.85
4290.6
4322.35
4354.1
4385.85
4417.6
4449.35
4481.15
4512.9
4544.65
4576.4
4608.15
4639.9
4671.65
4703.4
4735.15
4766.9
4798.65
4830.4
4862.2
4893.95
4925.7
4957.45
4989.2
5020.95
5052.7
5084.45
5116.2
5147.95
5179.7
5211.45
5243.25
5275
5306.75
5338.5
5370.25
5402
5433.75
5465.5
5497.25
5529
5560.75
5592.5
5624.3
5656.05
5687.8
5719.55
5751.3
5783.05
5814.8
5846.55
5878.3
5910.05
5941.8
5973.55
6005.35
6037.1
6068.85
6100.6
6132.35
6164.1
6195.85
6227.6
6259.35
6291.1
6322.85
6354.65
6386.4
6418.15
6449.9
6481.65
6513.4
6545.15
6576.9
6608.65
6640.4
6672.15
6703.9
6735.7
6767.45
6799.2
6830.95
6862.7
6894.45
6926.2
6957.95
6989.7
