39
84.45
129.9
175.35
220.8
266.25
311.7
357.15
402.55
448
493.45
527.45
560.75
594.05
627.35
660.65
693.95
727.3
760.65
793.95
827.3
860.65
894
927.35
960.75
994.1
1027.45
1060.85
1094.2
1127.6
1160.95
1194.35
1227.7
1261.1
1294.45
1327.85
1361.25
1394.6
1428
1461.4
1494.75
1528.15
1561.55
1594.9
1628.3
1661.7
1695.05
1728.45
1761.85
1795.2
1828.6
1862
1895.35
1928.75
1962.15
1995.55
2028.9
2062.3
2095.7
2129.05
2162.45
2195.85
2229.2
2262.6
2296
2329.4
2362.75
2396.15
2429.55
2462.9
2496.3
2529.7
2563.1
2596.45
2629.85
2663.25
2696.6
2730
2763.4
2796.75
2830.15
2863.55
2896.95
2930.3
2963.7
2997.1
3030.45
3063.85
3097.25
3130.65
3164
3197.4
3230.8
3264.15
3297.55
3330.95
3364.35
3397.7
3431.1
3464.5
3497.85
3531.25
3564.65
3598
3631.4
3664.8
3698.2
3731.55
3764.95
3798.35
3831.7
3865.1
3898.5
3931.9
3965.25
3998.65
4032.05
4065.4
4098.8
4132.2
4165.6
4198.95
4232.35
4265.75
4299.1
4332.5
4365.9
4399.25
4432.65
4466.05
4499.45
4532.8
4566.2
4599.6
4632.95
4666.35
4699.75
4733.15
4766.5
4799.9
4833.3
4866.65
4900.05
4933.45
4966.85
5000.2
5033.6
5067
5100.35
5133.75
5167.15
5200.5
5233.9
5267.3
5300.7
5334.05
5367.45
5400.85
5434.2
5467.6
5501
5534.4
5567.75
5601.15
5634.55
5667.9
5701.3
5734.7
5768.1
5801.45
5834.85
5868.25
5901.6
5935
5968.4
6001.75
6035.15
6068.55
6101.95
6135.3
6168.7
6202.1
6235.45
6268.85
6302.25
6335.65
6369
6402.4
6435.8
6469.15
6502.55
6535.95
6569.35
6602.7
6636.1
6669.5
6702.85
6736.25
6769.65
6803
6836.4
6869.8
6903.2
6936.55
6969.95
-1000
25.6
64.8
106.55
148.85
189.6
220.65
253.7
292.45
334.1
376.4
417.5
448.55
480.7
519.6
556.1
591.2
625.5
659.35
693.05
726.7
760.2
793.65
827
860.35
893.7
927.05
960.4
993.75
1027.1
1060.5
1093.85
1127.25
1160.6
1194
1227.35
1260.75
1294.1
1327.5
1360.85
1394.25
1427.65
1461
1494.4
1527.8
1561.15
1594.55
1627.95
1661.3
1694.7
1728.1
1761.45
1794.85
1828.25
1861.6
1895
1928.4
1961.8
1995.15
2028.55
2061.95
2095.3
2128.7
2162.1
2195.45
2228.85
2262.25
2295.65
2329
2362.4
2395.8
2429.15
2462.55
2495.95
2529.3
2562.7
2596.1
2629.5
2662.85
2696.25
2729.65
2763
2796.4
2829.8
2863.2
2896.55
2929.95
2963.35
2996.7
3030.1
3063.5
3096.9
3130.25
3163.65
3197.05
3230.4
3263.8
3297.2
3330.55
3363.95
3397.35
3430.75
3464.1
3497.5
3530.9
3564.25
3597.65
3631.05
3664.45
3697.8
3731.2
3764.6
3797.95
3831.35
3864.75
3898.15
3931.5
3964.9
3998.3
4031.65
4065.05
4098.45
4131.8
4165.2
4198.6
4232
4265.35
4298.75
4332.15
4365.5
4398.9
4432.3
4465.7
4499.05
4532.45
4565.85
4599.2
4632.6
4666
4699.35
4732.75
4766.15
4799.55
4832.9
4866.3
4899.7
4933.05
4966.45
4999.85
5033.25
5066.6
5100
5133.4
5166.75
5200.15
5233.55
5266.95
5300.3
5333.7
5367.1
5400.45
5433.85
5467.25
5500.6
5534
5567.4
5600.8
5634.15
5667.55
5700.95
5734.3
5767.7
5801.1
5834.5
5867.85
5901.25
5934.65
5968
6001.4
6034.8
6068.2
6101.55
6134.95
6168.35
6201.7
6235.1
6268.5
6301.85
6335.25
6368.65
6402.05
6435.4
6468.8
6502.2
6535.55
6568.95
6602.35
6635.75
6669.1
6702.5
6735.9
6769.25
6802.65
6836.05
6869.45
6902.8
