31.6
69.15
106.7
144.3
181.85
219.4
256.95
294.5
332.05
369.6
407.15
444.7
482.25
519.85
552.65
585.15
617.65
650.15
682.6
715.1
747.6
780.1
812.6
845.1
877.6
910.05
942.55
975.05
1007.55
1040.05
1072.55
1105.05
1137.55
1170.05
1202.55
1235.05
1267.6
1300.1
1332.6
1365.1
1397.6
1430.1
1462.6
1495.1
1527.6
1560.1
1592.6
1625.1
1657.65
1690.15
1722.65
1755.15
1787.65
1820.15
1852.65
1885.15
1917.65
1950.15
1982.7
2015.2
2047.7
2080.1
2112.45
2144.85
2177.2
2209.6
2241.95
2274.35
2306.7
2339.1
2371.45
2403.85
2436.2
2468.6
2500.95
2533.35
2565.7
2598.1
2630.45
2662.85
2695.2
2727.6
2759.95
2792.35
2824.7
2857.1
2889.5
2921.85
2954.25
2986.6
3019
3051.35
3083.75
3116.1
3148.5
3180.85
3213.25
3245.6
3278
3310.35
3342.75
3375.1
3407.5
3439.85
3472.25
3504.6
3537
3569.35
3601.75
3634.15
3666.5
3698.9
3731.25
3763.65
3796
3828.4
3860.75
3893.15
3925.5
3957.9
3990.25
4022.65
4055
4087.4
4119.75
4152.15
4184.5
4216.9
4249.25
4281.65
4314
4346.4
4378.8
4411.15
4443.55
4475.9
4508.3
4540.65
4573.05
4605.4
4637.8
4670.15
4702.55
4734.9
4767.3
4799.65
4832.05
4864.4
4896.8
4929.15
4961.55
4993.9
5026.3
5058.65
5091.05
5123.45
5155.8
5188.2
5220.55
5252.95
5285.3
5317.7
5350.05
5382.45
5414.8
5447.2
5479.55
5511.95
5544.3
5576.7
5609.05
5641.45
5673.8
5706.2
5738.55
5770.95
5803.3
5835.7
5868.1
5900.45
5932.85
5965.2
5997.6
6029.95
6062.35
6094.7
6127.1
6159.45
6191.85
6224.2
6256.6
6288.95
6321.35
6353.7
6386.1
6418.45
6450.85
6483.2
6515.6
6547.95
6580.35
6612.75
6645.1
6677.5
6709.85
6742.25
6774.6
6807
6839.35
6871.75
6904.1
6936.5
6968.85
-1000
25.6
59.75
94.95
130.95
167.4
204.2
241.2
278.25
315.4
352.8
390.2
427.65
465.1
502.6
540.1
576.35
611.35
645.5
679.2
712.55
745.65
778.55
811.35
844.1
876.85
909.55
942.2
974.75
1007.25
1039.75
1072.25
1104.75
1137.25
1169.75
1202.25
1234.75
1267.25
1299.75
1332.25
1364.75
1397.3
1429.8
1462.3
1494.8
1527.3
1559.8
1592.3
1624.8
1657.3
1689.8
1722.3
1754.85
1787.35
1819.85
1852.35
1884.85
1917.35
1949.85
1982.35
2014.85
2047.35
2079.9
2112.25
2144.65
2177
2209.4
2241.75
2274.15
2306.5
2338.9
2371.25
2403.65
2436
2468.4
2500.75
2533.15
2565.5
2597.9
2630.3
2662.65
2695.05
2727.4
2759.8
2792.15
2824.55
2856.9
2889.3
2921.65
2954.05
2986.4
3018.8
3051.15
3083.55
3115.9
3148.3
3180.65
3213.05
3245.4
3277.8
3310.15
3342.55
3374.9
3407.3
3439.7
3472.05
3504.45
3536.8
3569.2
3601.55
3633.95
3666.3
3698.7
3731.05
3763.45
3795.8
3828.2
3860.55
3892.95
3925.3
3957.7
3990.05
4022.45
4054.8
4087.2
4119.55
4151.95
4184.35
4216.7
4249.1
4281.45
4313.85
4346.2
4378.6
4410.95
4443.35
4475.7
4508.1
4540.45
4572.85
4605.2
4637.6
4669.95
4702.35
4734.7
4767.1
4799.45
4831.85
4864.2
4896.6
4929
4961.35
4993.75
5026.1
5058.5
5090.85
5123.25
5155.6
5188
5220.35
5252.75
5285.1
5317.5
5349.85
5382.25
5414.6
5447
5479.35
5511.75
5544.1
5576.5
5608.85
5641.25
5673.65
5706
5738.4
5770.75
5803.15
5835.5
5867.9
5900.25
5932.65
5965
5997.4
6029.75
6062.15
6094.5
6126.9
6159.25
6191.65
6224
6256.4
6288.75
6321.15
6353.5
6385.9
6418.3
6450.65
6483.05
6515.4
6547.8
6580.15
6612.55
6644.9
6677.3
6709.65
6742.05
6774.4
6806.8
6839.15
6871.55
6903.9
6936.3
6968.65
