34.05
74.2
114.4
154.55
194.75
234.9
275.1
315.25
355.45
395.6
435.8
475.95
516.15
549.2
581.75
614.3
646.85
679.4
711.95
744.5
777.05
809.6
842.2
874.75
907.35
939.9
972.5
1005.05
1037.65
1070.2
1102.8
1135.4
1167.95
1200.55
1233.15
1265.7
1298.3
1330.9
1363.5
1396.05
1428.65
1461.25
1493.8
1526.4
1559
1591.6
1624.15
1656.75
1689.35
1721.95
1754.5
1787.1
1819.7
1852.3
1884.85
1917.45
1950.05
1982.65
2015.25
2047.8
2080.4
2113
2145.6
2178.15
2210.75
2243.35
2275.95
2308.5
2341.1
2373.7
2406.3
2438.9
2471.45
2504.05
2536.65
2569.25
2601.8
2634.4
2667
2699.6
2732.15
2764.75
2797.35
2829.95
2862.55
2895.1
2927.7
2960.3
2992.9
3025.45
3058.05
3090.65
3123.25
3155.8
3188.4
3221
3253.6
3286.2
3318.75
3351.35
3383.95
3416.55
3449.1
3481.7
3514.3
3546.9
3579.45
3612.05
3644.65
3677.25
3709.85
3742.4
3775
3807.6
3840.2
3872.75
3905.35
3937.95
3970.55
4003.1
4035.7
4068.3
4100.9
4133.5
4166.05
4198.65
4231.25
4263.85
4296.4
4329
4361.6
4394.2
4426.75
4459.35
4491.95
4524.55
4557.15
4589.7
4622.3
4654.9
4687.5
4720.05
4752.65
4785.25
4817.85
4850.4
4883
4915.6
4948.2
4980.8
5013.35
5045.95
5078.55
5111.15
5143.7
5176.3
5208.9
5241.5
5274.05
5306.65
5339.25
5371.85
5404.45
5437
5469.6
5502.2
5534.8
5567.35
5599.95
5632.55
5665.15
5697.7
5730.3
5762.9
5795.5
5828.1
5860.65
5893.25
5925.85
5958.45
5991
6023.6
6056.2
6088.8
6121.35
6153.95
6186.55
6219.15
6251.75
6284.3
6316.9
6349.5
6382.1
6414.65
6447.25
6479.85
6512.45
6545
6577.6
6610.2
6642.8
6675.4
6707.95
6740.55
6773.15
6805.75
6838.3
6870.9
6903.5
6936.1
6968.65
-1000
25.6
60.45
97.05
134.45
172.35
210.2
247.2
281.25
312
345.3
380.75
417.65
455.35
493.25
531
568.65
604.95
640.15
674.45
708.25
741.65
774.8
807.8
840.7
873.5
906.3
939
971.75
1004.45
1037.1
1069.75
1102.4
1134.95
1167.55
1200.15
1232.7
1265.3
1297.9
1330.45
1363.05
1395.65
1428.25
1460.8
1493.4
1526
1558.6
1591.15
1623.75
1656.35
1688.95
1721.5
1754.1
1786.7
1819.3
1851.85
1884.45
1917.05
1949.65
1982.2
2014.8
2047.4
2080
2112.55
2145.15
2177.75
2210.35
2242.95
2275.5
2308.1
2340.7
2373.3
2405.85
2438.45
2471.05
2503.65
2536.2
2568.8
2601.4
2634
2666.6
2699.15
2731.75
2764.35
2796.95
2829.5
2862.1
2894.7
2927.3
2959.85
2992.45
3025.05
3057.65
3090.25
3122.8
3155.4
3188
3220.6
3253.15
3285.75
3318.35
3350.95
3383.5
3416.1
3448.7
3481.3
3513.9
3546.45
3579.05
3611.65
3644.25
3676.8
3709.4
3742
3774.6
3807.15
3839.75
3872.35
3904.95
3937.55
3970.1
4002.7
4035.3
4067.9
4100.45
4133.05
4165.65
4198.25
4230.8
4263.4
4296
4328.6
4361.2
4393.75
4426.35
4458.95
4491.55
4524.1
4556.7
4589.3
4621.9
4654.45
4687.05
4719.65
4752.25
4784.85
4817.4
4850
4882.6
4915.2
4947.75
4980.35
5012.95
5045.55
5078.1
5110.7
5143.3
5175.9
5208.5
5241.05
5273.65
5306.25
5338.85
5371.4
5404
5436.6
5469.2
5501.75
5534.35
5566.95
5599.55
5632.15
5664.7
5697.3
5729.9
5762.5
5795.05
5827.65
5860.25
5892.85
5925.4
5958
5990.6
6023.2
6055.8
6088.35
6120.95
6153.55
6186.15
6218.7
6251.3
6283.9
6316.5
6349.05
6381.65
6414.25
6446.85
6479.45
6512
6544.6
6577.2
6609.8
6642.35
6674.95
6707.55
6740.15
6772.7
6805.3
6837.9
6870.5
6903.1
6935.65
