60.4
128.2
196
263.8
331.65
399.45
467.25
535.05
569.15
602.15
635.05
668
700.95
733.95
766.95
800.05
833.15
866.25
899.4
932.55
965.75
998.95
1032.15
1065.35
1098.55
1131.8
1165.05
1198.3
1231.55
1264.8
1298.05
1331.3
1364.55
1397.85
1431.1
1464.4
1497.65
1530.95
1564.2
1597.5
1630.75
1664.05
1697.35
1730.6
1763.9
1797.15
1830.45
1863.75
1897
1930.3
1963.6
1996.9
2030.15
2063.45
2096.75
2130
2163.3
2196.6
2229.85
2263.15
2296.45
2329.75
2363
2396.3
2429.6
2462.85
2496.15
2529.45
2562.75
2596
2629.3
2662.6
2695.85
2729.15
2762.45
2795.75
2829
2862.3
2895.6
2928.85
2962.15
2995.45
3028.75
3062
3095.3
3128.6
3161.85
3195.15
3228.45
3261.75
3295
3328.3
3361.6
3394.85
3428.15
3461.45
3494.75
3528
3561.3
3594.6
3627.85
3661.15
3694.45
3727.75
3761
3794.3
3827.6
3860.85
3894.15
3927.45
3960.75
3994
4027.3
4060.6
4093.85
4127.15
4160.45
4193.75
4227
4260.3
4293.6
4326.9
4360.15
4393.45
4426.75
4460
4493.3
4526.6
4559.9
4593.15
4626.45
4659.75
4693
4726.3
4759.6
4792.9
4826.15
4859.45
4892.75
4926
4959.3
4992.6
5025.9
5059.15
5092.45
5125.75
5159
5192.3
5225.6
5258.9
5292.15
5325.45
5358.75
5392
5425.3
5458.6
5491.9
5525.15
5558.45
5591.75
5625
5658.3
5691.6
5724.9
5758.15
5791.45
5824.75
5858
5891.3
5924.6
5957.9
5991.15
6024.45
6057.75
6091
6124.3
6157.6
6190.9
6224.15
6257.45
6290.75
6324
6357.3
6390.6
6423.9
6457.15
6490.45
6523.75
6557.05
6590.3
6623.6
6656.9
6690.15
6723.45
6756.75
6790.05
6823.3
6856.6
6889.9
6923.15
6956.45
6989.75
-1000
25.6
56.65
91
122.05
157.4
188.45
224.45
255.5
291.8
322.85
359.35
390.4
427.05
458.05
494.8
525.8
562.55
598.15
632.65
666.5
700.05
733.45
766.75
799.75
832.85
865.95
899.1
932.2
965.4
998.55
1031.75
1064.95
1098.15
1131.4
1164.6
1197.85
1231.1
1264.35
1297.6
1330.85
1364.15
1397.4
1430.65
1463.95
1497.2
1530.5
1563.75
1597.05
1630.3
1663.6
1696.85
1730.15
1763.45
1796.7
1830
1863.25
1896.55
1929.85
1963.15
1996.4
2029.7
2063
2096.25
2129.55
2162.85
2196.1
2229.4
2262.7
2295.95
2329.25
2362.55
2395.85
2429.1
2462.4
2495.7
2528.95
2562.25
2595.55
2628.85
2662.1
2695.4
2728.7
2761.95
2795.25
2828.55
2861.85
2895.1
2928.4
2961.7
2994.95
3028.25
3061.55
3094.85
3128.1
3161.4
3194.7
3227.95
3261.25
3294.55
3327.85
3361.1
3394.4
3427.7
3460.95
3494.25
3527.55
3560.85
3594.1
3627.4
3660.7
3693.95
3727.25
3760.55
3793.85
3827.1
3860.4
3893.7
3927
3960.25
3993.55
4026.85
4060.1
4093.4
4126.7
4160
4193.25
4226.55
4259.85
4293.1
4326.4
4359.7
4393
4426.25
4459.55
4492.85
4526.1
4559.4
4592.7
4626
4659.25
4692.55
4725.85
4759.1
4792.4
4825.7
4859
4892.25
4925.55
4958.85
4992.1
5025.4
5058.7
5092
5125.25
5158.55
5191.85
5225.1
5258.4
5291.7
5325
5358.25
5391.55
5424.85
5458.1
5491.4
5524.7
5558
5591.25
5624.55
5657.85
5691.1
5724.4
5757.7
5791
5824.25
5857.55
5890.85
5924.1
5957.4
5990.7
6024
6057.25
6090.55
6123.85
6157.15
6190.4
6223.7
6257
6290.25
6323.55
6356.85
6390.15
6423.4
6456.7
6490
6523.25
6556.55
6589.85
6623.15
6656.4
6689.7
6723
