35.15
76.5
117.85
159.2
200.55
241.9
283.25
324.6
365.95
407.3
448.65
490
524.35
558.45
592.5
626.55
660.65
694.7
728.8
762.9
796.95
831.05
865.15
899.25
933.35
967.45
1001.55
1035.65
1069.75
1103.85
1137.95
1172.05
1206.15
1240.25
1274.35
1308.45
1342.55
1376.7
1410.8
1444.9
1479
1513.1
1547.2
1581.3
1615.4
1649.55
1683.65
1717.75
1751.85
1785.95
1820.05
1854.15
1888.25
1922.4
1956.5
1990.6
2024.7
2058.8
2092.8
2126.75
2160.7
2194.65
2228.65
2262.6
2296.55
2330.5
2364.5
2398.45
2432.4
2466.35
2500.35
2534.3
2568.25
2602.2
2636.2
2670.15
2704.1
2738.05
2772.05
2806
2839.95
2873.9
2907.9
2941.85
2975.8
3009.75
3043.75
3077.7
3111.65
3145.6
3179.6
3213.55
3247.5
3281.45
3315.45
3349.4
3383.35
3417.3
3451.3
3485.25
3519.2
3553.15
3587.15
3621.1
3655.05
3689
3723
3756.95
3790.9
3824.85
3858.85
3892.8
3926.75
3960.7
3994.7
4028.65
4062.6
4096.55
4130.55
4164.5
4198.45
4232.4
4266.4
4300.35
4334.3
4368.25
4402.25
4436.2
4470.15
4504.1
4538.1
4572.05
4606
4639.95
4673.95
4707.9
4741.85
4775.8
4809.8
4843.75
4877.7
4911.65
4945.65
4979.6
5013.55
5047.5
5081.5
5115.45
5149.4
5183.35
5217.35
5251.3
5285.25
5319.2
5353.2
5387.15
5421.1
5455.05
5489.05
5523
5556.95
5590.9
5624.9
5658.85
5692.8
5726.75
5760.75
5794.7
5828.65
5862.6
5896.6
5930.55
5964.5
5998.45
6032.45
6066.4
6100.35
6134.3
6168.3
6202.25
6236.2
6270.15
6304.15
6338.1
6372.05
6406
6440
6473.95
6507.9
6541.85
6575.85
6609.8
6643.75
6677.7
6711.7
6745.65
6779.6
6813.55
6847.55
6881.5
6915.45
6949.4
6983.4
-1000
25.6
64.15
104.25
145.05
186.2
227.4
268.75
310.05
351.4
392.75
434.1
475.45
516.8
554.2
589.9
624.8
659.3
693.65
727.9
762.05
796.25
830.45
864.6
898.7
932.8
966.85
1000.95
1035.05
1069.15
1103.25
1137.35
1171.45
1205.6
1239.7
1273.85
1307.95
1342.05
1376.15
1410.25
1444.35
1478.45
1512.55
1546.65
1580.8
1614.9
1649
1683.1
1717.2
1751.3
1785.4
1819.5
1853.65
1887.75
1921.85
1955.95
1990.05
2024.15
2058.25
2092.4
2126.35
2160.3
2194.3
2228.25
2262.2
2296.15
2330.15
2364.1
2398.05
2432
2466
2499.95
2533.9
2567.85
2601.85
2635.8
2669.75
2703.7
2737.7
2771.65
2805.6
2839.55
2873.55
2907.5
2941.45
2975.4
3009.4
3043.35
3077.3
3111.25
3145.25
3179.2
3213.15
3247.1
3281.1
3315.05
3349
3382.95
3416.95
3450.9
3484.85
3518.8
3552.8
3586.75
3620.7
3654.65
3688.65
3722.6
3756.55
3790.5
3824.5
3858.45
3892.4
3926.35
3960.35
3994.3
4028.25
4062.2
4096.2
4130.15
4164.1
4198.05
4232.05
4266
4299.95
4333.9
4367.9
4401.85
4435.8
4469.75
4503.75
4537.7
4571.65
4605.6
4639.6
4673.55
4707.5
4741.45
4775.45
4809.4
4843.35
4877.3
4911.3
4945.25
4979.2
5013.15
5047.15
5081.1
5115.05
5149
5183
5216.95
5250.9
5284.85
5318.85
5352.8
5386.75
5420.7
5454.7
5488.65
5522.6
5556.55
5590.55
5624.5
5658.45
5692.4
5726.4
5760.35
5794.3
5828.25
5862.25
5896.2
5930.15
5964.1
5998.1
6032.05
6066
6099.95
6133.95
6167.9
6201.85
6235.8
6269.8
6303.75
6337.7
6371.65
6405.65
6439.6
6473.55
6507.5
6541.5
6575.45
6609.4
6643.35
6677.35
6711.3
6745.25
6779.2
6813.2
6847.15
6881.1
6915.05
6949.05
6983
