27.1
59.75
92.4
125.1
157.75
190.4
223.05
255.7
288.4
321.05
353.7
386.35
419.05
451.7
484.35
517
549.65
582.35
615
647.65
680.3
713
745.65
778.3
810.95
843.6
876.3
908.95
941.6
974.25
1006.9
1039.6
1072.25
1104.9
1137.55
1170.25
1202.9
1235.55
1268.2
1300.85
1333.55
1366.2
1398.85
1431.5
1464.2
1496.85
1529.5
1562.15
1594.8
1627.5
1660.15
1692.8
1725.45
1758.15
1790.8
1823.45
1856.1
1888.75
1921.45
1954.1
1986.75
2019.4
2052.05
2084.65
2117.2
2149.75
2182.3
2214.85
2247.4
2279.95
2312.5
2345.05
2377.6
2410.15
2442.75
2475.3
2507.85
2540.4
2572.95
2605.5
2638.05
2670.6
2703.15
2735.7
2768.25
2800.85
2833.4
2865.95
2898.5
2931.05
2963.6
2996.15
3028.7
3061.25
3093.8
3126.35
3158.95
3191.5
3224.05
3256.6
3289.15
3321.7
3354.25
3386.8
3419.35
3451.9
3484.5
3517.05
3549.6
3582.15
3614.7
3647.25
3679.8
3712.35
3744.9
3777.45
3810
3842.6
3875.15
3907.7
3940.25
3972.8
4005.35
4037.9
4070.45
4103
4135.55
4168.1
4200.7
4233.25
4265.8
4298.35
4330.9
4363.45
4396
4428.55
4461.1
4493.65
4526.2
4558.8
4591.35
4623.9
4656.45
4689
4721.55
4754.1
4786.65
4819.2
4851.75
4884.3
4916.9
4949.45
4982
5014.55
5047.1
5079.65
5112.2
5144.75
5177.3
5209.85
5242.4
5275
5307.55
5340.1
5372.65
5405.2
5437.75
5470.3
5502.85
5535.4
5567.95
5600.5
5633.1
5665.65
5698.2
5730.75
5763.3
5795.85
5828.4
5860.95
5893.5
5926.05
5958.6
5991.2
6023.75
6056.3
6088.85
6121.4
6153.95
6186.5
6219.05
6251.6
6284.15
6316.7
6349.3
6381.85
6414.4
6446.95
6479.5
6512.05
6544.6
6577.15
6609.7
6642.25
6674.85
6707.4
6739.95
6772.5
6805.05
6837.6
6870.15
6902.7
6935.25
6967.8
-1000
25.6
60.5
92.95
125.75
158.25
191.05
223.65
256.4
288.95
321.65
354.3
387.05
419.6
452.3
484.9
517.65
550.25
582.95
615.55
648.3
680.9
713.6
746.2
778.85
811.55
844.25
876.85
909.55
942.15
974.95
1007.45
1040.25
1072.75
1105.6
1138.15
1170.9
1203.45
1236.15
1268.8
1301.5
1334.1
1366.8
1399.45
1432.15
1464.75
1497.45
1530.05
1562.8
1595.4
1628.1
1660.7
1693.45
1726.05
1758.75
1791.35
1824
1856.75
1889.4
1922.05
1954.7
1987.3
2020.05
2052.7
2085.4
2117.75
2150.55
2182.85
2215.7
2247.95
2280.85
2313.05
2346
2378.1
2411.1
2443.2
2476.25
2508.25
2541.3
2573.45
2606.4
2638.6
2671.5
2703.7
2736.65
2768.75
2801.75
2833.85
2866.9
2898.9
2932.05
2964.05
2997.25
3029.1
3062.4
3094.2
3127.55
3159.25
3192.7
3224.3
3257.75
3289.5
3322.8
3354.65
3387.95
3419.7
3453.1
3484.8
3518.25
3549.85
3583.4
3614.95
3648.55
3680.05
3713.75
3745.15
3778.9
3810.25
3844.05
3875.3
3909.2
3940.4
3974.15
4005.6
4039.2
4070.75
4104.35
4135.8
4169.5
4200.9
4234.65
4266
4299.8
4331.05
4364.85
4396.2
4430.1
4461.3
4495.2
4526.4
4560.35
4591.5
4625.45
4656.6
4690.4
4721.75
4755.4
4786.95
4820.55
4852
4885.7
4917.1
4950.9
4982.15
5015.9
5047.35
5080.9
5112.5
5146.1
5177.55
5211.25
5242.65
5276.45
5307.7
5341.55
5372.8
5406.65
5437.95
5471.6
5503.15
5536.8
5568.2
5601.95
5633.3
5667.1
5698.35
5732.1
5763.55
5797.1
5828.7
5862.25
5893.8
5927.4
5958.85
5992.6
6023.95
6057.75
6089
6122.8
6154.15
6188
6219.25
6253.15
6284.35
6318.3
6349.45
6383.4
6414.55
6448.35
6479.7
6513.35
6544.9
6578.5
6609.95
6643.65
6675.05
6708.8
6740.1
6773.95
6805.2
6839.05
6870.35
6904.25
6935.45
6969.35
