26.8
59.1
91.45
123.75
156.05
188.4
220.7
253.05
285.35
317.65
350
382.3
414.65
446.95
479.25
511.6
542.85
574
605.2
636.35
667.5
698.65
729.85
761
792.15
823.3
854.5
885.65
916.8
947.95
979.15
1010.3
1041.45
1072.6
1103.8
1134.95
1166.1
1197.25
1228.45
1259.6
1290.75
1321.9
1353.1
1384.25
1415.4
1446.6
1477.75
1508.9
1540.05
1571.25
1602.4
1633.55
1664.7
1695.9
1727.05
1758.2
1789.4
1820.55
1851.7
1882.85
1914.05
1945.2
1976.35
2007.5
2038.7
2069.85
2100.9
2131.95
2163
2194.05
2225.1
2256.15
2287.2
2318.25
2349.3
2380.35
2411.4
2442.45
2473.5
2504.55
2535.6
2566.65
2597.7
2628.75
2659.8
2690.85
2721.9
2752.95
2784
2815.05
2846.1
2877.15
2908.2
2939.25
2970.3
3001.35
3032.4
3063.45
3094.5
3125.55
3156.6
3187.65
3218.7
3249.75
3280.8
3311.85
3342.9
3373.95
3405
3436.05
3467.1
3498.15
3529.2
3560.25
3591.3
3622.35
3653.4
3684.45
3715.5
3746.55
3777.6
3808.65
3839.7
3870.75
3901.8
3932.85
3963.9
3994.95
4026
4057.05
4088.1
4119.15
4150.2
4181.25
4212.3
4243.35
4274.4
4305.45
4336.5
4367.55
4398.6
4429.65
4460.7
4491.75
4522.8
4553.85
4584.9
4615.95
4647
4678.05
4709.1
4740.15
4771.2
4802.25
4833.3
4864.35
4895.4
4926.45
4957.5
4988.55
5019.6
5050.65
5081.7
5112.75
5143.8
5174.85
5205.9
5236.95
5268
5299.05
5330.1
5361.15
5392.2
5423.25
5454.3
5485.35
5516.4
5547.45
5578.5
5609.55
5640.6
5671.65
5702.7
5733.75
5764.8
5795.85
5826.9
5857.95
5889
5920.05
5951.1
5982.15
6013.2
6044.25
6075.3
6106.35
6137.4
6168.45
6199.5
6230.55
6261.6
6292.65
6323.7
6354.75
6385.8
6416.85
6447.9
6478.95
6510
6541.05
6572.1
6603.15
6634.2
6665.25
6696.3
6727.35
6758.4
6789.45
6820.5
6851.55
6882.6
6913.65
-1000
25.6
56.95
88.35
119.8
151.3
182.85
214.45
246.1
277.8
309.5
341.25
373.05
404.9
436.75
468.6
500.55
532.45
564.35
596.2
628
659.8
691.5
723.2
754.85
786.5
818.1
849.65
881.2
912.75
944.25
975.75
1007.2
1038.65
1070.1
1101.5
1132.9
1164.3
1195.7
1227.05
1258.4
1289.75
1321.15
1352.45
1383.8
1415.15
1446.45
1477.7
1508.95
1540.2
1571.4
1602.6
1633.8
1665
1696.2
1727.4
1758.6
1789.75
1820.95
1852.15
1883.3
1914.5
1945.65
1976.85
2008
2039.15
2070.35
2101.5
2132.65
2163.85
2194.95
2226.1
2257.25
2288.35
2319.5
2350.6
2381.75
2412.85
2443.95
2475.1
2506.2
2537.35
2568.45
2599.6
2630.7
2661.85
2692.95
2724.1
2755.25
2786.4
2817.55
2848.75
2879.95
2911.15
2942.35
2973.6
3004.9
3036.2
3067.5
3098.9
3130.35
3161.85
3193.4
3225.05
3256.8
3288.6
3320.5
3352.5
3384.55
3416.65
3448.75
3480.9
3513.05
3545.2
3577.3
3609.35
3641.4
3673.35
3705.3
3737.15
3769
3800.75
3832.5
3864.15
3895.8
3927.45
3959
3990.55
4022.1
4053.55
4085.05
4116.5
4147.9
4179.3
4210.7
4242.05
4273.4
4304.75
4336.1
4367.4
4398.7
4429.9
4461.1
4492.3
4523.45
4554.6
4585.75
4616.9
4648
4679.15
4710.3
4741.4
4772.5
4803.65
4834.75
4865.85
4897
4928.1
4959.2
4990.35
5021.45
5052.6
5083.7
5114.85
5146
5177.15
5208.3
5239.45
5270.65
5301.8
5333
5364.25
5395.5
5426.75
5458.05
5489.4
5520.75
5552.2
5583.7
5615.25
5646.9
5678.6
5710.45
5742.3
5774.3
5806.35
5838.45
5870.55
5902.7
5934.85
5967
5999.1
6031.15
6063.2
6095.15
6127.1
6159
6190.8
6222.6
6254.3
6286
6317.65
6349.3
6380.85
6412.4
6443.95
6475.45
6506.9
6538.35
6569.75
6601.15
6632.55
6663.9
6695.3
6726.65
6757.95
6789.3
6820.55
6851.8
6883
6914.15
6945.35
6976.5
