36.35
78.95
121.55
164.15
206.8
249.4
292
334.65
377.25
419.85
462.45
505.1
539
572.35
605.7
639.05
672.4
705.75
739.15
772.5
805.9
839.25
872.65
906.05
939.4
972.8
1006.2
1039.6
1073
1106.4
1139.8
1173.2
1206.6
1240
1273.4
1306.8
1340.2
1373.6
1407
1440.4
1473.8
1507.2
1540.6
1574
1607.4
1640.85
1674.25
1707.65
1741.05
1774.45
1807.85
1841.25
1874.65
1908.05
1941.45
1974.9
2008.3
2041.7
2074.95
2108.25
2141.5
2174.75
2208
2241.3
2274.55
2307.8
2341.05
2374.35
2407.6
2440.85
2474.1
2507.4
2540.65
2573.9
2607.2
2640.45
2673.7
2706.95
2740.25
2773.5
2806.75
2840
2873.3
2906.55
2939.8
2973.1
3006.35
3039.6
3072.85
3106.15
3139.4
3172.65
3205.9
3239.2
3272.45
3305.7
3339
3372.25
3405.5
3438.75
3472.05
3505.3
3538.55
3571.85
3605.1
3638.35
3671.6
3704.9
3738.15
3771.4
3804.65
3837.95
3871.2
3904.45
3937.75
3971
4004.25
4037.5
4070.8
4104.05
4137.3
4170.55
4203.85
4237.1
4270.35
4303.65
4336.9
4370.15
4403.4
4436.7
4469.95
4503.2
4536.5
4569.75
4603
4636.25
4669.55
4702.8
4736.05
4769.3
4802.6
4835.85
4869.1
4902.4
4935.65
4968.9
5002.15
5035.45
5068.7
5101.95
5135.25
5168.5
5201.75
5235
5268.3
5301.55
5334.8
5368.05
5401.35
5434.6
5467.85
5501.15
5534.4
5567.65
5600.9
5634.2
5667.45
5700.7
5733.95
5767.25
5800.5
5833.75
5867.05
5900.3
5933.55
5966.8
6000.1
6033.35
6066.6
6099.9
6133.15
6166.4
6199.65
6232.95
6266.2
6299.45
6332.7
6366
6399.25
6432.5
6465.8
6499.05
6532.3
6565.55
6598.85
6632.1
6665.35
6698.6
6731.9
6765.15
6798.4
6831.7
6864.95
6898.2
6931.45
6964.75
6998
-1000
25.6
63
102.65
143.3
184.45
225.7
266.6
307
344.7
375.6
409.2
446.55
486.2
526.85
564.9
600.85
635.7
669.85
703.8
737.5
771.1
804.6
838.1
871.55
904.95
938.4
971.85
1005.25
1038.65
1072
1105.45
1138.85
1172.25
1205.7
1239.1
1272.5
1305.85
1339.25
1372.65
1406
1439.45
1472.85
1506.3
1539.7
1573.1
1606.55
1639.95
1673.35
1706.75
1740.15
1773.55
1806.9
1840.3
1873.75
1907.15
1940.55
1974
2007.4
2040.8
2074.2
2107.6
2140.95
2174.25
2207.55
2240.85
2274.1
2307.35
2340.65
2373.9
2407.15
2440.4
2473.7
2506.95
2540.2
2573.45
2606.75
2640
2673.25
2706.55
2739.8
2773.05
2806.3
2839.6
2872.85
2906.1
2939.35
2972.65
3005.9
3039.15
3072.45
3105.7
3138.95
3172.2
3205.5
3238.75
3272
3305.3
3338.55
3371.8
3405.05
3438.35
3471.6
3504.85
3538.1
3571.4
3604.65
3637.9
3671.2
3704.45
3737.7
3770.95
3804.25
3837.5
3870.75
3904
3937.3
3970.55
4003.8
4037.1
4070.35
4103.6
4136.85
4170.15
4203.4
4236.65
4269.95
4303.2
4336.45
4369.7
4403
4436.25
4469.5
4502.75
4536.05
4569.3
4602.55
4635.85
4669.1
4702.35
4735.6
4768.9
4802.15
4835.4
4868.65
4901.95
4935.2
4968.45
5001.75
5035
5068.25
5101.5
5134.8
5168.05
5201.3
5234.6
5267.85
5301.1
5334.35
5367.65
5400.9
5434.15
5467.4
5500.7
5533.95
5567.2
5600.5
5633.75
5667
5700.25
5733.55
5766.8
5800.05
5833.35
5866.6
5899.85
5933.1
5966.4
5999.65
6032.9
6066.15
6099.45
6132.7
6165.95
6199.25
6232.5
6265.75
6299
6332.3
6365.55
6398.8
6432.05
6465.35
6498.6
6531.85
6565.15
6598.4
6631.65
6664.9
6698.2
6731.45
6764.7
6798
6831.25
6864.5
6897.75
6931.05
6964.3
