56.7
120.65
184.65
248.65
312.65
376.6
440.6
504.6
539.05
572.45
605.75
639.05
672.4
705.8
739.2
772.65
806.1
839.55
873.05
906.55
940.1
973.65
1007.2
1040.75
1074.3
1107.85
1141.45
1175
1208.6
1242.2
1275.75
1309.35
1342.95
1376.55
1410.15
1443.75
1477.35
1510.95
1544.55
1578.15
1611.75
1645.35
1679
1712.6
1746.2
1779.8
1813.4
1847
1880.65
1914.25
1947.85
1981.45
2015.05
2048.7
2082.3
2115.9
2149.5
2183.1
2216.75
2250.35
2283.95
2317.55
2351.15
2384.8
2418.4
2452
2485.6
2519.25
2552.85
2586.45
2620.05
2653.65
2687.3
2720.9
2754.5
2788.1
2821.75
2855.35
2888.95
2922.55
2956.15
2989.8
3023.4
3057
3090.6
3124.25
3157.85
3191.45
3225.05
3258.65
3292.3
3325.9
3359.5
3393.1
3426.75
3460.35
3493.95
3527.55
3561.15
3594.8
3628.4
3662
3695.6
3729.25
3762.85
3796.45
3830.05
3863.65
3897.3
3930.9
3964.5
3998.1
4031.75
4065.35
4098.95
4132.55
4166.15
4199.8
4233.4
4267
4300.6
4334.25
4367.85
4401.45
4435.05
4468.65
4502.3
4535.9
4569.5
4603.1
4636.75
4670.35
4703.95
4737.55
4771.15
4804.8
4838.4
4872
4905.6
4939.25
4972.85
5006.45
5040.05
5073.65
5107.3
5140.9
5174.5
5208.1
5241.75
5275.35
5308.95
5342.55
5376.15
5409.8
5443.4
5477
5510.6
5544.25
5577.85
5611.45
5645.05
5678.65
5712.3
5745.9
5779.5
5813.1
5846.75
5880.35
5913.95
5947.55
5981.15
6014.8
6048.4
6082
6115.6
6149.25
6182.85
6216.45
6250.05
6283.65
6317.3
6350.9
6384.5
6418.1
6451.75
6485.35
6518.95
6552.55
6586.15
6619.8
6653.4
6687
6720.6
6754.25
6787.85
6821.45
6855.05
6888.65
6922.3
6955.9
6989.5
-1000
25.6
56.65
89.65
120.7
153.65
184.65
217.65
248.7
281.6
312.65
345.6
376.65
409.6
440.65
473.6
504.65
537.55
571.55
605.4
638.95
672.15
705.6
738.85
772.4
805.75
839.25
872.75
906.25
939.75
973.25
1006.85
1040.4
1073.95
1107.5
1141.1
1174.65
1208.25
1241.8
1275.4
1309
1342.6
1376.15
1409.75
1443.35
1476.95
1510.55
1544.2
1577.8
1611.4
1645
1678.6
1712.2
1745.8
1779.4
1813.05
1846.65
1880.25
1913.85
1947.45
1981.05
2014.7
2048.3
2081.9
2115.5
2149.15
2182.75
2216.35
2249.95
2283.55
2317.2
2350.8
2384.4
2418
2451.6
2485.25
2518.85
2552.45
2586.05
2619.7
2653.3
2686.9
2720.5
2754.1
2787.75
2821.35
2854.95
2888.55
2922.2
2955.8
2989.4
3023
3056.6
3090.25
3123.85
3157.45
3191.05
3224.7
3258.3
3291.9
3325.5
3359.1
3392.75
3426.35
3459.95
3493.55
3527.2
3560.8
3594.4
3628
3661.6
3695.25
3728.85
3762.45
3796.05
3829.7
3863.3
3896.9
3930.5
3964.1
3997.75
4031.35
4064.95
4098.55
4132.2
4165.8
4199.4
4233
4266.6
4300.25
4333.85
4367.45
4401.05
4434.7
4468.3
4501.9
4535.5
4569.1
4602.75
4636.35
4669.95
4703.55
4737.2
4770.8
4804.4
4838
4871.6
4905.25
4938.85
4972.45
5006.05
5039.7
5073.3
5106.9
5140.5
5174.1
5207.75
5241.35
5274.95
5308.55
5342.2
5375.8
5409.4
5443
5476.6
5510.25
5543.85
5577.45
5611.05
5644.7
5678.3
5711.9
5745.5
5779.1
5812.75
5846.35
5879.95
5913.55
5947.2
5980.8
6014.4
6048
6081.6
6115.25
6148.85
6182.45
6216.05
6249.7
6283.3
6316.9
6350.5
6384.1
6417.75
6451.35
6484.95
6518.55
6552.2
6585.8
6619.4
6653
6686.6
6720.25
