28.1
61.8
95.55
129.3
163.05
196.75
230.5
264.25
298
331.7
365.45
399.2
432.95
466.65
500.4
534.15
567.9
601.6
635.35
669.1
702.85
736.55
770.3
804.05
837.8
871.5
905.25
939
972.75
1006.45
1040.2
1073.95
1107.7
1141.4
1175.15
1208.9
1242.65
1276.35
1310.1
1343.85
1377.6
1411.3
1445.05
1478.8
1512.55
1546.25
1580
1613.75
1647.5
1681.2
1714.95
1748.7
1782.45
1816.15
1849.9
1883.65
1917.4
1951.1
1984.85
2018.6
2052.35
2086.05
2119.8
2153.55
2187.3
2221
2254.75
2288.5
2322.25
2355.95
2389.7
2423.45
2457.2
2490.9
2524.65
2558.4
2592.15
2625.85
2659.6
2693.35
2727.1
2760.8
2794.55
2828.3
2862.05
2895.75
2929.5
2963.25
2997
3030.7
3064.45
3098.2
3131.95
3165.65
3199.4
3233.15
3266.9
3300.6
3334.35
3368.1
3401.85
3435.55
3469.3
3503.05
3536.8
3570.5
3604.25
3638
3671.7
3705.45
3739.2
3772.95
3806.65
3840.4
3874.15
3907.9
3941.6
3975.35
4009.1
4042.85
4076.55
4110.3
4144.05
4177.8
4211.5
4245.25
4279
4312.75
4346.45
4380.2
4413.95
4447.7
4481.4
4515.15
4548.9
4582.65
4616.35
4650.1
4683.85
4717.6
4751.3
4785.05
4818.8
4852.55
4886.25
4920
4953.75
4987.5
5021.2
5054.95
5088.7
5122.45
5156.15
5189.9
5223.65
5257.4
5291.1
5324.85
5358.6
5392.35
5426.05
5459.8
5493.55
5527.3
5561
5594.75
5628.5
5662.25
5695.95
5729.7
5763.45
5797.2
5830.9
5864.65
5898.4
5932.15
5965.85
5999.6
6033.35
6067.1
6100.8
6134.55
6168.3
6202.05
6235.75
6269.5
6303.25
6337
6370.7
6404.45
6438.2
6471.95
6505.65
6539.4
6573.15
6606.9
6640.6
6674.35
6708.1
6741.85
6775.55
6809.3
6843.05
6876.8
6910.5
6944.25
6978
-1000
25.6
60.2
94.45
128.55
162.5
196.4
230.2
263.9
297.6
331.35
365.1
398.85
432.55
466.3
500.05
533.8
567.5
601.25
635
668.75
702.45
736.2
769.95
803.7
837.4
871.15
904.9
938.65
972.35
1006.1
1039.85
1073.6
1107.3
1141.05
1174.8
1208.55
1242.25
1276
1309.75
1343.5
1377.2
1410.95
1444.7
1478.45
1512.15
1545.9
1579.65
1613.4
1647.1
1680.85
1714.6
1748.35
1782.05
1815.8
1849.55
1883.3
1917
1950.75
1984.5
2018.25
2051.95
2085.75
2119.45
2153.2
2186.9
2220.7
2254.4
2288.15
2321.85
2355.65
2389.35
2423.1
2456.8
2490.6
2524.3
2558.05
2591.75
2625.55
2659.25
2692.95
2726.7
2760.45
2794.2
2827.9
2861.65
2895.4
2929.15
2962.85
2996.6
3030.35
3064.1
3097.8
3131.55
3165.3
3199.05
3232.75
3266.5
3300.25
3334
3367.7
3401.45
3435.2
3468.95
3502.65
3536.4
3570.15
3603.9
3637.6
3671.35
3705.1
3738.85
3772.55
3806.3
3840.05
3873.8
3907.5
3941.25
3975
4008.75
4042.45
4076.2
4109.95
4143.7
4177.4
4211.15
4244.9
4278.65
4312.35
4346.1
4379.85
4413.6
4447.3
4481.05
4514.8
4548.55
4582.25
4616
4649.75
4683.5
4717.2
4750.95
4784.7
4818.45
4852.15
4885.9
4919.65
4953.4
4987.1
5020.85
5054.6
5088.35
5122.05
5155.8
5189.55
5223.3
5257
5290.75
5324.5
5358.25
5391.95
5425.7
5459.45
5493.2
5526.9
5560.65
5594.4
5628.15
5661.85
5695.6
5729.35
5763.1
5796.8
5830.55
5864.3
5898.05
5931.75
5965.55
5999.25
6033
6066.7
6100.5
6134.2
6167.95
6201.65
6235.45
6269.15
6302.9
6336.6
6370.4
6404.1
6437.85
6471.55
6505.35
6539.05
6572.8
6606.5
6640.3
6674
6707.7
6741.45
6775.2
6808.95
6842.65
6876.4
6910.15
6943.9
6977.6
