36.35
78.95
121.55
164.15
206.8
249.4
292
334.65
377.25
419.85
462.45
505.1
539
572.45
605.95
639.4
672.85
706.35
739.85
773.3
806.8
840.3
873.8
907.3
940.8
974.3
1007.85
1041.35
1074.85
1108.35
1141.9
1175.4
1208.9
1242.45
1275.95
1309.5
1343
1376.5
1410.05
1443.55
1477.1
1510.6
1544.15
1577.65
1611.15
1644.7
1678.2
1711.75
1745.25
1778.8
1812.3
1845.85
1879.35
1912.85
1946.4
1979.9
2013.45
2046.95
2080.5
2114
2147.55
2181.05
2214.6
2248.1
2281.65
2315.15
2348.7
2382.2
2415.7
2449.25
2482.75
2516.3
2549.8
2583.35
2616.85
2650.4
2683.9
2717.45
2750.95
2784.5
2818
2851.55
2885.05
2918.6
2952.1
2985.6
3019.15
3052.65
3086.2
3119.7
3153.25
3186.75
3220.3
3253.8
3287.35
3320.85
3354.4
3387.9
3421.45
3454.95
3488.5
3522
3555.5
3589.05
3622.55
3656.1
3689.6
3723.15
3756.65
3790.2
3823.7
3857.25
3890.75
3924.3
3957.8
3991.35
4024.85
4058.4
4091.9
4125.4
4158.95
4192.45
4226
4259.5
4293.05
4326.55
4360.1
4393.6
4427.15
4460.65
4494.2
4527.7
4561.25
4594.75
4628.25
4661.8
4695.3
4728.85
4762.35
4795.9
4829.4
4862.95
4896.45
4930
4963.5
4997.05
5030.55
5064.1
5097.6
5131.15
5164.65
5198.15
5231.7
5265.2
5298.75
5332.25
5365.8
5399.3
5432.85
5466.35
5499.9
5533.4
5566.95
5600.45
5634
5667.5
5701.05
5734.55
5768.05
5801.6
5835.1
5868.65
5902.15
5935.7
5969.2
6002.75
6036.25
6069.8
6103.3
6136.85
6170.35
6203.9
6237.4
6270.9
6304.45
6337.95
6371.5
6405
6438.55
6472.05
6505.6
6539.1
6572.65
6606.15
6639.7
6673.2
6706.75
6740.25
6773.8
6807.3
6840.8
6874.35
6907.85
6941.4
6974.9
-1000
25.6
63.5
103.65
144.8
186.5
228.45
270.35
312.6
354.85
397.15
439.5
481.8
524.1
564
600.8
636.1
670.55
704.65
738.5
772.2
805.85
839.5
873.05
906.65
940.25
973.8
1007.35
1040.85
1074.35
1107.85
1141.4
1174.9
1208.4
1241.95
1275.45
1308.95
1342.5
1376
1409.5
1443.05
1476.55
1510.1
1543.6
1577.15
1610.65
1644.15
1677.7
1711.2
1744.75
1778.25
1811.8
1845.3
1878.85
1912.35
1945.85
1979.35
2012.9
2046.4
2079.95
2113.5
2147
2180.55
2214.05
2247.6
2281.1
2314.65
2348.15
2381.7
2415.2
2448.7
2482.2
2515.75
2549.25
2582.8
2616.35
2649.85
2683.4
2716.9
2750.45
2783.95
2817.5
2851
2884.55
2918.05
2951.6
2985.1
3018.6
3052.1
3085.65
3119.15
3152.7
3186.25
3219.75
3253.3
3286.8
3320.35
3353.85
3387.4
3420.9
3454.45
3487.95
3521.5
3555
3588.5
3622
3655.55
3689.05
3722.6
3756.15
3789.65
3823.2
3856.7
3890.25
3923.75
3957.3
3990.8
4024.35
4057.85
4091.4
4124.9
4158.4
4191.9
4225.45
4259
4292.5
4326.05
4359.55
4393.1
4426.6
4460.15
4493.65
4527.2
4560.7
4594.25
4627.75
4661.25
4694.75
4728.3
4761.8
4795.35
4828.9
4862.4
4895.95
4929.45
4963
4996.5
5030.05
5063.55
5097.1
5130.6
5164.15
5197.65
5231.15
5264.65
5298.2
5331.7
5365.25
5398.8
5432.3
5465.85
5499.35
5532.9
5566.4
5599.95
5633.45
5667
5700.5
5734.05
5767.55
5801.05
5834.55
5868.1
5901.65
5935.15
5968.7
6002.2
6035.75
6069.25
6102.8
6136.3
6169.85
6203.35
6236.9
6270.4
6303.9
6337.4
6370.95
6404.45
6438
6471.55
6505.05
6538.6
6572.1
6605.65
6639.15
6672.7
6706.2
6739.75
6773.25
6806.8
6840.3
6873.8
6907.3
6940.85
6974.35
