28.1
61.8
95.55
129.3
163.05
196.75
230.5
264.25
298
331.7
365.45
399.2
432.95
466.65
500.4
532.45
564.35
596.2
628.1
660
691.9
723.75
755.65
787.55
819.45
851.3
883.2
915.1
947
978.9
1010.75
1042.65
1074.55
1106.45
1138.35
1170.2
1202.1
1234
1265.9
1297.8
1329.65
1361.55
1393.45
1425.35
1457.25
1489.15
1521
1552.9
1584.8
1616.7
1648.6
1680.45
1712.35
1744.25
1776.15
1808.05
1839.9
1871.8
1903.7
1935.6
1967.5
1999.35
2031.25
2063.15
2095.05
2126.95
2158.85
2190.7
2222.6
2254.5
2286.4
2318.3
2350.15
2382.05
2413.95
2445.85
2477.75
2509.6
2541.5
2573.4
2605.3
2637.2
2669.1
2700.95
2732.85
2764.75
2796.65
2828.55
2860.4
2892.3
2924.2
2956.1
2988
3019.85
3051.75
3083.65
3115.55
3147.45
3179.35
3211.2
3243.1
3275
3306.9
3338.8
3370.65
3402.55
3434.45
3466.35
3498.25
3530.1
3562
3593.9
3625.8
3657.7
3689.6
3721.45
3753.35
3785.25
3817.15
3849.05
3880.9
3912.8
3944.7
3976.6
4008.5
4040.35
4072.25
4104.15
4136.05
4167.95
4199.85
4231.7
4263.6
4295.5
4327.4
4359.3
4391.15
4423.05
4454.95
4486.85
4518.75
4550.6
4582.5
4614.4
4646.3
4678.2
4710.1
4741.95
4773.85
4805.75
4837.65
4869.55
4901.4
4933.3
4965.2
4997.1
5029
5060.85
5092.75
5124.65
5156.55
5188.45
5220.35
5252.2
5284.1
5316
5347.9
5379.8
5411.65
5443.55
5475.45
5507.35
5539.25
5571.1
5603
5634.9
5666.8
5698.7
5730.6
5762.45
5794.35
5826.25
5858.15
5890.05
5921.9
5953.8
5985.7
6017.6
6049.5
6081.35
6113.25
6145.15
6177.05
6208.95
6240.85
6272.7
6304.6
6336.5
6368.4
6400.3
6432.15
6464.05
6495.95
6527.85
6559.75
6591.6
6623.5
6655.4
6687.3
6719.2
6751.1
6782.95
6814.85
6846.75
6878.65
6910.55
6942.4
6974.3
-1000
25.6
57.75
90.1
122.7
155.5
188.45
221.6
254.8
288.1
321.5
354.95
388.45
421.95
455.55
489.15
522.8
556.15
589.2
622.1
654.8
687.35
719.8
752.15
784.45
816.65
848.8
880.95
913.05
945.1
977.1
1009.15
1041.15
1073.15
1105.1
1137.05
1169.05
1201
1232.95
1264.85
1296.8
1328.75
1360.65
1392.6
1424.5
1456.45
1488.35
1520.3
1552.2
1584.15
1616.05
1647.95
1679.85
1711.75
1743.7
1775.55
1807.45
1839.4
1871.3
1903.2
1935.05
1966.95
1998.85
2030.75
2062.65
2094.55
2126.4
2158.3
2190.2
2222.1
2254
2285.9
2317.75
2349.65
2381.55
2413.45
2445.35
2477.2
2509.1
2541
2572.9
2604.8
2636.7
2668.55
2700.45
2732.35
2764.25
2796.15
2828
2859.9
2891.8
2923.7
2955.6
2987.45
3019.35
3051.25
3083.15
3115.05
3146.95
3178.8
3210.7
3242.6
3274.5
3306.4
3338.25
3370.15
3402.05
3433.95
3465.85
3497.7
3529.6
3561.5
3593.4
3625.3
3657.2
3689.05
3720.95
3752.85
3784.75
3816.65
3848.5
3880.4
3912.3
3944.2
3976.1
4007.95
4039.85
4071.75
4103.65
4135.55
4167.45
4199.3
4231.2
4263.1
4295
4326.9
4358.75
4390.65
4422.55
4454.45
4486.35
4518.2
4550.1
4582
4613.9
4645.8
4677.7
4709.55
4741.45
4773.35
4805.25
4837.15
4869
4900.9
4932.8
4964.7
4996.6
5028.45
5060.35
5092.25
5124.15
5156.05
5187.9
5219.8
5251.7
5283.6
5315.5
5347.4
5379.25
5411.15
5443.05
5474.95
5506.85
5538.7
5570.6
5602.5
5634.4
5666.3
5698.15
5730.05
5761.95
5793.85
5825.75
5857.65
5889.5
5921.4
5953.3
5985.2
6017.1
6048.95
6080.85
6112.75
6144.65
6176.55
6208.4
6240.3
6272.2
6304.1
6336
6367.9
6399.75
6431.65
6463.55
6495.45
6527.35
6559.2
6591.1
6623
6654.9
6686.8
6718.65
6750.55
6782.45
6814.35
6846.25
6878.15
6910
6941.9
6973.8
