27.75
61.1
94.5
127.85
161.2
194.6
227.95
261.35
294.7
328.05
361.45
394.8
428.2
461.55
494.9
528.3
561.65
595
628.4
661.75
695.15
728.5
761.85
795.25
828.6
862
895.35
928.7
962.1
995.45
1028.8
1062.2
1095.55
1128.95
1162.3
1195.65
1229.05
1262.4
1295.8
1329.15
1362.5
1395.9
1429.25
1462.6
1496
1529.35
1562.75
1596.1
1629.45
1662.85
1696.2
1729.6
1762.95
1796.3
1829.7
1863.05
1896.4
1929.8
1963.15
1996.55
2029.9
2063.25
2096.65
2130
2163.35
2196.75
2230.1
2263.5
2296.85
2330.2
2363.6
2396.95
2430.35
2463.7
2497.05
2530.45
2563.8
2597.15
2630.55
2663.9
2697.3
2730.65
2764
2797.4
2830.75
2864.15
2897.5
2930.85
2964.25
2997.6
3030.95
3064.35
3097.7
3131.1
3164.45
3197.8
3231.2
3264.55
3297.95
3331.3
3364.65
3398.05
3431.4
3464.75
3498.15
3531.5
3564.9
3598.25
3631.6
3665
3698.35
3731.75
3765.1
3798.45
3831.85
3865.2
3898.55
3931.95
3965.3
3998.7
4032.05
4065.4
4098.8
4132.15
4165.55
4198.9
4232.25
4265.65
4299
4332.35
4365.75
4399.1
4432.5
4465.85
4499.2
4532.6
4565.95
4599.3
4632.7
4666.05
4699.45
4732.8
4766.15
4799.55
4832.9
4866.3
4899.65
4933
4966.4
4999.75
5033.1
5066.5
5099.85
5133.25
5166.6
5199.95
5233.35
5266.7
5300.1
5333.45
5366.8
5400.2
5433.55
5466.9
5500.3
5533.65
5567.05
5600.4
5633.75
5667.15
5700.5
5733.9
5767.25
5800.6
5834
5867.35
5900.7
5934.1
5967.45
6000.85
6034.2
6067.55
6100.95
6134.3
6167.7
6201.05
6234.4
6267.8
6301.15
6334.5
6367.9
6401.25
6434.65
6468
6501.35
6534.75
6568.1
6601.5
6634.85
6668.2
6701.6
6734.95
6768.3
6801.7
6835.05
6868.45
6901.8
6935.15
6968.55
-1000
25.6
60.25
94.45
127.75
161.25
194.45
228
261.25
294.65
327.95
361.45
394.7
428.2
461.4
494.95
528.15
561.65
594.95
628.35
661.7
695.1
728.4
761.85
795.2
828.55
861.95
895.25
928.7
962
995.4
1028.8
1062.1
1095.5
1128.9
1162.2
1195.65
1228.95
1262.35
1295.75
1329.05
1362.5
1395.8
1429.2
1462.6
1495.9
1529.3
1562.7
1596
1629.45
1662.75
1696.15
1729.55
1762.85
1796.3
1829.6
1863
1896.35
1929.75
1963.05
1996.55
2029.75
2063.3
2096.55
2129.95
2163.35
2196.65
2230.05
2263.45
2296.75
2330.15
2363.55
2396.85
2430.35
2463.6
2497.05
2530.35
2563.75
2597.15
2630.45
2663.9
2697.2
2730.6
2763.95
2797.35
2830.65
2864.15
2897.4
2930.85
2964.15
2997.55
3030.95
3064.25
3097.7
3131
3164.4
3197.75
3231.15
3264.45
3297.95
3331.2
3364.65
3397.95
3431.35
3464.75
3498.05
3531.45
3564.85
3598.15
3631.6
3664.9
3698.3
3731.7
3765
3798.45
3831.75
3865.15
3898.55
3931.85
3965.25
3998.65
4031.95
4065.4
4098.7
4132.1
4165.5
4198.8
4232.25
4265.55
4298.95
4332.3
4365.7
4399
4432.5
4465.7
4499.25
4532.5
4565.9
4599.3
4632.6
4666
4699.4
4732.7
4766.1
4799.5
4832.8
4866.3
4899.55
4933
4966.3
4999.7
5033.1
5066.4
5099.85
5133.15
5166.55
5199.9
5233.3
5266.6
5300.1
5333.35
5366.8
5400.1
5433.5
5466.9
5500.2
5533.65
5566.95
5600.35
5633.7
5667.1
5700.4
5733.9
5767.15
5800.6
5833.9
5867.3
5900.7
5934
5967.4
6000.8
6034.1
6067.55
6100.85
6134.25
6167.65
6200.95
6234.4
6267.7
6301.1
6334.5
6367.8
6401.2
6434.6
6467.9
6501.35
6534.65
6568.05
6601.45
6634.75
6668.2
6701.5
6734.9
6768.25
6801.65
6834.95
6868.45
6901.65
6935.2
6968.45
