56.7
120.65
184.65
248.65
312.65
376.6
440.6
504.6
536.45
568.55
601
633.7
666.65
699.8
733.15
766.65
800.3
834.05
867.9
901.85
935.85
969.9
1003.95
1038.1
1072.3
1106.5
1140.75
1175
1209.25
1243.55
1277.85
1312.15
1346.45
1380.8
1415.1
1449.45
1483.8
1518.15
1552.45
1586.8
1621.2
1655.5
1689.9
1724.25
1758.6
1792.95
1827.3
1861.65
1896
1930.35
1964.7
1999.1
2033.45
2067.8
2102.15
2136.5
2170.85
2205.25
2239.6
2273.95
2308.3
2342.7
2377.05
2411.4
2445.75
2480.1
2514.5
2548.85
2583.2
2617.55
2651.95
2686.3
2720.65
2755
2789.4
2823.75
2858.1
2892.45
2926.85
2961.2
2995.55
3029.9
3064.25
3098.65
3133
3167.35
3201.75
3236.1
3270.45
3304.8
3339.15
3373.5
3407.9
3442.25
3476.6
3510.95
3545.35
3579.7
3614.05
3648.4
3682.8
3717.15
3751.5
3785.85
3820.25
3854.6
3888.95
3923.3
3957.7
3992.05
4026.4
4060.75
4095.15
4129.5
4163.85
4198.2
4232.55
4266.9
4301.3
4335.65
4370
4404.4
4438.75
4473.1
4507.45
4541.8
4576.15
4610.55
4644.9
4679.25
4713.6
4748
4782.35
4816.7
4851.05
4885.4
4919.8
4954.15
4988.5
5022.9
5057.25
5091.6
5125.95
5160.3
5194.65
5229.05
5263.4
5297.75
5332.1
5366.5
5400.85
5435.2
5469.55
5503.9
5538.3
5572.65
5607
5641.35
5675.7
5710.1
5744.45
5778.8
5813.15
5847.55
5881.9
5916.25
5950.6
5984.95
6019.35
6053.7
6088.05
6122.4
6156.75
6191.15
6225.5
6259.85
6294.2
6328.6
6362.95
6397.3
6431.65
6466.05
6500.4
6534.75
6569.1
6603.5
6637.85
6672.2
6706.55
6740.9
6775.3
6809.65
6844
6878.35
6912.75
6947.1
6981.45
-1000
25.6
56.65
90.25
121.45
153.75
184.75
218.15
249.3
281.8
312.85
346
377.1
409.85
440.9
474
505.05
542.5
588.35
629.65
665.7
700.3
733.05
766.85
800.1
834.1
867.6
901.85
935.35
969.75
1003.55
1037.9
1071.9
1106.2
1140.4
1174.6
1208.9
1243.2
1277.45
1311.75
1346.05
1380.4
1414.7
1449.05
1483.35
1517.7
1552.05
1586.4
1620.75
1655.1
1689.45
1723.8
1758.15
1792.5
1826.85
1861.2
1895.55
1929.9
1964.3
1998.65
2033
2067.35
2101.7
2136.05
2170.45
2204.8
2239.15
2273.5
2307.9
2342.25
2376.6
2410.95
2445.3
2479.7
2514.05
2548.4
2582.75
2617.15
2651.5
2685.85
2720.2
2754.6
2788.95
2823.3
2857.65
2892.05
2926.4
2960.75
2995.1
3029.45
3063.85
3098.2
3132.55
3166.9
3201.3
3235.65
3270
3304.35
3338.7
3373.1
3407.45
3441.8
3476.15
3510.55
3544.9
3579.25
3613.6
3648
3682.35
3716.7
3751.05
3785.45
3819.8
3854.15
3888.5
3922.9
3957.25
3991.6
4025.95
4060.3
4094.7
4129.05
4163.4
4197.75
4232.1
4266.5
4300.85
4335.2
4369.55
4403.95
4438.3
4472.65
4507
4541.35
4575.75
4610.1
4644.45
4678.8
4713.2
4747.55
4781.9
4816.25
4850.6
4885
4919.35
4953.7
4988.05
5022.45
5056.8
5091.15
5125.5
5159.85
5194.25
5228.6
5262.95
5297.3
5331.65
5366.05
5400.4
5434.75
5469.1
5503.45
5537.85
5572.2
5606.55
5640.9
5675.3
5709.65
5744
5778.35
5812.7
5847.1
5881.45
5915.8
5950.15
5984.55
6018.9
6053.25
6087.6
6121.95
6156.35
6190.7
6225.05
6259.4
6293.8
6328.15
6362.5
6396.85
6431.25
6465.6
6499.95
6534.3
6568.7
6603.05
6637.4
6671.75
6706.1
6740.5
