44.95
96.65
148.35
200.1
251.8
303.55
355.25
407
458.7
510.4
544.95
578.65
612.3
645.95
679.6
713.3
747
780.7
814.4
848.15
881.85
915.6
949.35
983.1
1016.85
1050.6
1084.4
1118.15
1151.95
1185.7
1219.5
1253.25
1287.05
1320.85
1354.6
1388.4
1422.2
1456
1489.75
1523.55
1557.35
1591.15
1624.9
1658.7
1692.5
1726.3
1760.1
1793.9
1827.65
1861.45
1895.25
1929.05
1962.85
1996.65
2030.4
2064.2
2098
2131.8
2165.6
2199.4
2233.2
2266.95
2300.75
2334.55
2368.35
2402.15
2435.95
2469.75
2503.5
2537.3
2571.1
2604.9
2638.7
2672.5
2706.3
2740.05
2773.85
2807.65
2841.45
2875.25
2909.05
2942.85
2976.6
3010.4
3044.2
3078
3111.8
3145.6
3179.4
3213.15
3246.95
3280.75
3314.55
3348.35
3382.15
3415.95
3449.7
3483.5
3517.3
3551.1
3584.9
3618.7
3652.5
3686.25
3720.05
3753.85
3787.65
3821.45
3855.25
3889.05
3922.8
3956.6
3990.4
4024.2
4058
4091.8
4125.6
4159.35
4193.15
4226.95
4260.75
4294.55
4328.35
4362.15
4395.9
4429.7
4463.5
4497.3
4531.1
4564.9
4598.7
4632.45
4666.25
4700.05
4733.85
4767.65
4801.45
4835.25
4869
4902.8
4936.6
4970.4
5004.2
5038
5071.8
5105.55
5139.35
5173.15
5206.95
5240.75
5274.55
5308.35
5342.1
5375.9
5409.7
5443.5
5477.3
5511.1
5544.9
5578.65
5612.45
5646.25
5680.05
5713.85
5747.65
5781.45
5815.2
5849
5882.8
5916.6
5950.4
5984.2
6018
6051.75
6085.55
6119.35
6153.15
6186.95
6220.75
6254.55
6288.3
6322.1
6355.9
6389.7
6423.5
6457.3
6491.1
6524.85
6558.65
6592.45
6626.25
6660.05
6693.85
6727.65
6761.4
6795.2
6829
6862.8
6896.6
6930.4
6964.2
6997.95
-1000
25.6
68.85
109.8
140.8
177.95
222.15
255.15
285.35
328.1
370.55
401.55
437.6
481.3
517.7
558.9
602.35
640.7
676.6
711.45
745.8
779.9
813.9
847.75
881.55
915.25
948.95
982.75
1016.55
1050.25
1084
1117.75
1151.6
1185.3
1219.15
1252.85
1286.7
1320.45
1354.25
1388.05
1421.8
1455.6
1489.4
1523.2
1556.95
1590.75
1624.55
1658.35
1692.15
1725.9
1759.7
1793.5
1827.3
1861.1
1894.9
1928.65
1962.45
1996.25
2030.05
2063.85
2097.65
2131.4
2165.2
2199
2232.8
2266.6
2300.4
2334.2
2367.95
2401.75
2435.55
2469.35
2503.15
2536.95
2570.75
2604.5
2638.3
2672.1
2705.9
2739.7
2773.5
2807.3
2841.05
2874.85
2908.65
2942.45
2976.25
3010.05
3043.85
3077.6
3111.4
3145.2
3179
3212.8
3246.6
3280.4
3314.15
3347.95
3381.75
3415.55
3449.35
3483.15
3516.95
3550.7
3584.5
3618.3
3652.1
3685.9
3719.7
3753.5
3787.25
3821.05
3854.85
3888.65
3922.45
3956.25
3990.05
4023.8
4057.6
4091.4
4125.2
4159
4192.8
4226.6
4260.35
4294.15
4327.95
4361.75
4395.55
4429.35
4463.15
4496.9
4530.7
4564.5
4598.3
4632.1
4665.9
4699.7
4733.45
4767.25
4801.05
4834.85
4868.65
4902.45
4936.25
4970
5003.8
5037.6
5071.4
5105.2
5139
5172.8
5206.55
5240.35
5274.15
5307.95
5341.75
5375.55
5409.35
5443.1
5476.9
5510.7
5544.5
5578.3
5612.1
5645.9
5679.65
5713.45
5747.25
5781.05
5814.85
5848.65
5882.45
5916.2
5950
5983.8
6017.6
6051.4
6085.2
6119
6152.75
6186.55
6220.35
6254.15
6287.95
6321.75
6355.55
6389.3
6423.1
6456.9
6490.7
6524.5
6558.3
6592.1
6625.85
6659.65
6693.45
6727.25
6761.05
6794.85
6828.65
6862.4
6896.2
