28.1
61.8
95.55
129.3
163.05
196.75
230.5
264.25
298
331.7
365.45
399.2
432.95
466.65
500.4
534.15
567.9
601.6
635.35
669.1
702.85
736.55
770.3
804.05
837.8
871.5
905.25
939
972.75
1006.45
1040.2
1073.95
1107.7
1141.4
1175.15
1208.9
1242.65
1276.35
1310.1
1343.85
1377.6
1411.3
1445.05
1478.8
1512.55
1546.25
1580
1613.75
1647.5
1681.2
1714.95
1748.7
1782.45
1816.15
1849.9
1883.65
1917.4
1951.1
1984.85
2018.6
2052.35
2086.05
2119.8
2153.55
2187.3
2221
2254.75
2288.5
2322.25
2355.95
2389.7
2423.45
2457.2
2490.9
2524.65
2558.4
2592.15
2625.85
2659.6
2693.35
2727.1
2760.8
2794.55
2828.3
2862.05
2895.75
2929.5
2963.25
2997
3030.7
3064.45
3098.2
3131.95
3165.65
3199.4
3233.15
3266.9
3300.6
3334.35
3368.1
3401.85
3435.55
3469.3
3503.05
3536.8
3570.5
3604.25
3638
3671.7
3705.45
3739.2
3772.95
3806.65
3840.4
3874.15
3907.9
3941.6
3975.35
4009.1
4042.85
4076.55
4110.3
4144.05
4177.8
4211.5
4245.25
4279
4312.75
4346.45
4380.2
4413.95
4447.7
4481.4
4515.15
4548.9
4582.65
4616.35
4650.1
4683.85
4717.6
4751.3
4785.05
4818.8
4852.55
4886.25
4920
4953.75
4987.5
5021.2
5054.95
5088.7
5122.45
5156.15
5189.9
5223.65
5257.4
5291.1
5324.85
5358.6
5392.35
5426.05
5459.8
5493.55
5527.3
5561
5594.75
5628.5
5662.25
5695.95
5729.7
5763.45
5797.2
5830.9
5864.65
5898.4
5932.15
5965.85
5999.6
6033.35
6067.1
6100.8
6134.55
6168.3
6202.05
6235.75
6269.5
6303.25
6337
6370.7
6404.45
6438.2
6471.95
6505.65
6539.4
6573.15
6606.9
6640.6
6674.35
6708.1
6741.85
6775.55
6809.3
6843.05
6876.8
6910.5
6944.25
6978
-1000
25.6
59.25
92.9
126.6
160.25
194
227.75
261.45
295.15
328.9
362.65
396.4
430.1
463.85
497.6
531.35
565.05
598.8
632.55
666.3
700
733.75
767.5
801.25
834.95
868.7
902.45
936.2
969.9
1003.65
1037.4
1071.15
1104.85
1138.6
1172.35
1206.1
1239.8
1273.55
1307.3
1341.05
1374.75
1408.5
1442.25
1476
1509.7
1543.45
1577.2
1610.95
1644.65
1678.4
1712.15
1745.9
1779.6
1813.35
1847.1
1880.85
1914.55
1948.3
1982.05
2015.8
2049.55
2083.25
2117
2150.75
2184.5
2218.2
2251.95
2285.7
2319.45
2353.15
2386.9
2420.65
2454.4
2488.1
2521.85
2555.6
2589.35
2623.05
2656.8
2690.5
2724.25
2758
2791.75
2825.45
2859.2
2892.95
2926.7
2960.4
2994.15
3027.9
3061.65
3095.35
3129.1
3162.85
3196.6
3230.3
3264.05
3297.8
3331.55
3365.25
3399
3432.75
3466.5
3500.2
3533.95
3567.7
3601.45
3635.15
3668.9
3702.65
3736.4
3770.1
3803.85
3837.6
3871.35
3905.05
3938.8
3972.55
4006.3
4040
4073.75
4107.5
4141.25
4174.95
4208.7
4242.45
4276.2
4309.9
4343.65
4377.4
4411.15
4444.85
4478.6
4512.35
4546.1
4579.8
4613.55
4647.3
4681.05
4714.75
4748.5
4782.25
4816
4849.7
4883.45
4917.2
4950.95
4984.65
5018.4
5052.15
5085.9
5119.6
5153.35
5187.1
5220.85
5254.55
5288.3
5322.05
5355.8
5389.5
5423.25
5457
5490.75
5524.45
5558.2
5591.95
5625.7
5659.4
5693.15
5726.9
5760.65
5794.35
5828.1
5861.85
5895.6
5929.35
5963.05
5996.8
6030.55
6064.3
6098
6131.75
6165.5
6199.25
6232.95
6266.7
6300.45
6334.2
6367.9
6401.65
6435.4
6469.15
6502.85
6536.6
6570.35
6604.05
6637.8
6671.55
6705.25
6739
6772.75
6806.5
6840.2
6873.95
6907.7
6941.45
6975.15
