53.5
114.15
174.8
235.45
296.1
356.8
417.45
478.1
538.75
571.05
603.55
636.35
669.35
702.55
735.9
769.4
803.1
836.85
870.7
904.6
938.6
972.65
1006.75
1040.9
1075.1
1109.3
1143.5
1177.8
1212.05
1246.35
1280.65
1314.95
1349.25
1383.6
1417.9
1452.25
1486.6
1520.95
1555.3
1589.65
1624
1658.35
1692.7
1727.05
1761.4
1795.8
1830.15
1864.5
1898.85
1933.25
1967.6
2001.95
2036.35
2070.7
2105.05
2139.45
2173.8
2208.15
2242.55
2276.9
2311.25
2345.65
2380
2414.35
2448.75
2483.1
2517.45
2551.85
2586.2
2620.55
2654.9
2689.3
2723.65
2758
2792.4
2826.75
2861.15
2895.5
2929.85
2964.2
2998.6
3032.95
3067.3
3101.7
3136.05
3170.45
3204.8
3239.15
3273.5
3307.9
3342.25
3376.65
3411
3445.35
3479.75
3514.1
3548.45
3582.8
3617.2
3651.55
3685.9
3720.3
3754.65
3789.05
3823.4
3857.75
3892.15
3926.5
3960.85
3995.2
4029.6
4063.95
4098.3
4132.7
4167.05
4201.45
4235.8
4270.15
4304.5
4338.9
4373.25
4407.65
4442
4476.35
4510.75
4545.1
4579.45
4613.8
4648.2
4682.55
4716.9
4751.3
4785.65
4820.05
4854.4
4888.75
4923.1
4957.5
4991.85
5026.25
5060.6
5094.95
5129.3
5163.7
5198.05
5232.4
5266.8
5301.15
5335.55
5369.9
5404.25
5438.6
5473
5507.35
5541.75
5576.1
5610.45
5644.8
5679.2
5713.55
5747.95
5782.3
5816.65
5851
5885.4
5919.75
5954.15
5988.5
6022.85
6057.2
6091.6
6125.95
6160.35
6194.7
6229.05
6263.45
6297.8
6332.15
6366.5
6400.9
6435.25
6469.6
6504
6538.35
6572.75
6607.1
6641.45
6675.8
6710.2
6744.55
6778.95
6813.3
6847.65
6882.05
6916.4
6950.75
6985.1
-1000
25.6
70.8
101.85
142.9
173.95
208.45
254.85
285.85
325.65
356.7
390.4
436.75
467.75
507.5
538.55
578.8
625.55
665.65
701.55
736.15
769.25
803.15
836.55
870.7
904.2
938.55
972.25
1006.6
1040.5
1074.85
1108.85
1143.2
1177.4
1211.7
1245.95
1280.25
1314.55
1348.85
1383.2
1417.5
1451.85
1486.15
1520.5
1554.85
1589.2
1623.55
1657.9
1692.25
1726.6
1761
1795.35
1829.7
1864.05
1898.45
1932.8
1967.15
2001.55
2035.9
2070.25
2104.6
2139
2173.35
2207.7
2242.1
2276.45
2310.8
2345.2
2379.55
2413.9
2448.3
2482.65
2517
2551.4
2585.75
2620.1
2654.45
2688.85
2723.2
2757.6
2791.95
2826.3
2860.7
2895.05
2929.4
2963.8
2998.15
3032.5
3066.9
3101.25
3135.6
3170
3204.35
3238.7
3273.1
3307.45
3341.8
3376.2
3410.55
3444.9
3479.3
3513.65
3548
3582.4
3616.75
3651.1
3685.5
3719.85
3754.2
3788.6
3822.95
3857.3
3891.7
3926.05
3960.4
3994.8
4029.15
4063.5
4097.9
4132.25
4166.6
4201
4235.35
4269.7
4304.1
4338.45
4372.8
4407.2
4441.55
4475.9
4510.3
4544.65
4579
4613.4
4647.75
4682.1
4716.5
4750.85
4785.2
4819.6
4853.95
4888.3
4922.7
4957.05
4991.4
5025.8
5060.15
5094.5
5128.9
5163.25
5197.6
5232
5266.35
5300.7
5335.1
5369.45
5403.8
5438.2
5472.55
5506.9
5541.3
5575.65
5610
5644.4
5678.75
5713.1
5747.5
5781.85
5816.2
5850.6
5884.95
5919.3
5953.7
5988.05
6022.4
6056.8
6091.15
6125.5
6159.9
6194.25
6228.6
6263
6297.35
6331.7
6366.1
6400.45
6434.8
6469.2
6503.55
6537.9
6572.3
6606.65
6641
6675.4
6709.75
6744.1
6778.5
6812.85
