36.95
80.25
123.5
166.8
210.1
253.35
296.65
339.95
383.2
426.5
469.75
513.05
546.95
580.9
614.9
648.95
683.05
717.2
751.35
785.55
819.75
854
888.3
922.55
956.85
991.1
1025.45
1059.75
1094.05
1128.4
1162.75
1197.1
1231.4
1265.75
1300.1
1334.45
1368.85
1403.2
1437.55
1471.9
1506.25
1540.6
1574.95
1609.35
1643.7
1678.05
1712.45
1746.8
1781.15
1815.5
1849.9
1884.25
1918.6
1953
1987.35
2021.7
2056.1
2090.45
2124.8
2159.2
2193.55
2227.9
2262.3
2296.65
2331
2365.4
2399.75
2434.1
2468.5
2502.85
2537.2
2571.6
2605.95
2640.3
2674.7
2709.05
2743.4
2777.8
2812.15
2846.5
2880.9
2915.25
2949.65
2984
3018.35
3052.75
3087.1
3121.45
3155.85
3190.2
3224.55
3258.95
3293.3
3327.65
3362.05
3396.4
3430.75
3465.1
3499.5
3533.85
3568.25
3602.6
3636.95
3671.35
3705.7
3740.05
3774.45
3808.8
3843.15
3877.55
3911.9
3946.25
3980.65
4015
4049.35
4083.75
4118.1
4152.45
4186.85
4221.2
4255.6
4289.95
4324.3
4358.7
4393.05
4427.4
4461.8
4496.15
4530.5
4564.9
4599.25
4633.6
4668
4702.35
4736.7
4771.1
4805.45
4839.85
4874.2
4908.55
4942.95
4977.3
5011.65
5046.05
5080.4
5114.75
5149.15
5183.5
5217.85
5252.25
5286.6
5320.95
5355.35
5389.7
5424.05
5458.45
5492.8
5527.15
5561.55
5595.9
5630.25
5664.6
5699
5733.35
5767.75
5802.1
5836.45
5870.85
5905.2
5939.55
5973.95
6008.3
6042.65
6077.05
6111.4
6145.75
6180.15
6214.5
6248.9
6283.25
6317.6
6351.95
6386.35
6420.7
6455.1
6489.45
6523.8
6558.2
6592.55
6626.9
6661.3
6695.65
6730
6764.4
6798.75
6833.1
6867.5
6901.85
6936.2
6970.6
-1000
25.6
66.05
108.3
151.2
194.15
237.45
280.75
323.9
367.3
410.6
453.9
497.2
540.3
577.95
613.4
648.2
682.75
717
750.95
785.3
819.4
853.7
887.95
922.2
956.45
990.75
1025.05
1059.35
1093.65
1128
1162.35
1196.65
1231
1265.35
1299.7
1334.05
1368.4
1402.75
1437.1
1471.45
1505.8
1540.15
1574.55
1608.9
1643.25
1677.6
1712
1746.35
1780.7
1815.05
1849.45
1883.8
1918.15
1952.55
1986.9
2021.25
2055.65
2090
2124.35
2158.75
2193.1
2227.45
2261.85
2296.2
2330.55
2364.95
2399.3
2433.65
2468.05
2502.4
2536.75
2571.15
2605.5
2639.85
2674.25
2708.6
2742.95
2777.35
2811.7
2846.1
2880.45
2914.8
2949.2
2983.55
3017.9
3052.3
3086.65
3121
3155.4
3189.75
3224.1
3258.5
3292.85
3327.2
3361.6
3395.95
3430.3
3464.7
3499.05
3533.4
3567.8
3602.15
3636.5
3670.9
3705.25
3739.6
3774
3808.35
3842.7
3877.1
3911.45
3945.8
3980.2
4014.55
4048.9
4083.3
4117.65
4152.05
4186.4
4220.75
4255.15
4289.5
4323.85
4358.25
4392.6
4426.95
4461.35
4495.7
4530.05
4564.45
4598.8
4633.15
4667.55
4701.9
4736.3
4770.65
4805
4839.4
4873.75
4908.1
4942.5
4976.85
5011.2
5045.6
5079.95
5114.3
5148.7
5183.05
5217.4
5251.8
5286.15
5320.5
5354.9
5389.25
5423.6
5458
5492.35
5526.7
5561.1
5595.45
5629.8
5664.2
5698.55
5732.9
5767.3
5801.65
5836
5870.4
5904.75
5939.1
5973.5
6007.85
6042.2
6076.6
6110.95
6145.3
6179.7
6214.05
6248.45
6282.8
6317.15
6351.55
6385.9
6420.25
6454.65
6489
6523.35
6557.75
6592.1
6626.45
6660.85
6695.2
6729.55
6763.95
6798.3
6832.65
6867.05
6901.4
6935.75
6970.15
