49.4
105.8
162.15
218.55
274.95
331.35
387.75
444.15
500.55
535.45
569.6
603.7
637.85
672.05
706.25
740.45
774.7
808.95
843.2
877.45
911.75
946.05
980.35
1014.7
1049
1083.3
1117.65
1152
1186.3
1220.65
1255
1289.35
1323.7
1358.05
1392.4
1426.75
1461.1
1495.45
1529.8
1564.15
1598.5
1632.85
1667.2
1701.6
1735.95
1770.3
1804.65
1839
1873.35
1907.75
1942.1
1976.45
2010.8
2045.15
2079.55
2113.9
2148.25
2182.6
2216.95
2251.3
2285.7
2320.05
2354.4
2388.75
2423.1
2457.5
2491.85
2526.2
2560.55
2594.9
2629.25
2663.65
2698
2732.35
2766.7
2801.05
2835.45
2869.8
2904.15
2938.5
2972.85
3007.2
3041.6
3075.95
3110.3
3144.65
3179
3213.35
3247.75
3282.1
3316.45
3350.8
3385.15
3419.55
3453.9
3488.25
3522.6
3556.95
3591.35
3625.7
3660.05
3694.4
3728.75
3763.15
3797.5
3831.85
3866.2
3900.55
3934.95
3969.3
4003.65
4038
4072.35
4106.75
4141.1
4175.45
4209.8
4244.15
4278.5
4312.9
4347.25
4381.6
4415.95
4450.3
4484.7
4519.05
4553.4
4587.75
4622.1
4656.45
4690.85
4725.2
4759.55
4793.9
4828.3
4862.65
4897
4931.35
4965.7
5000.05
5034.45
5068.8
5103.15
5137.5
5171.85
5206.25
5240.6
5274.95
5309.3
5343.65
5378
5412.4
5446.75
5481.1
5515.45
5549.8
5584.2
5618.55
5652.9
5687.25
5721.6
5755.95
5790.35
5824.7
5859.05
5893.4
5927.75
5962.15
5996.5
6030.85
6065.2
6099.55
6133.95
6168.3
6202.65
6237
6271.35
6305.7
6340.1
6374.45
6408.8
6443.15
6477.5
6511.9
6546.25
6580.6
6614.95
6649.3
6683.7
6718.05
6752.4
6786.75
6821.1
6855.5
6889.85
6924.2
6958.55
6992.9
-1000
25.6
72.65
103.7
138.75
185.75
216.8
251.7
298.65
329.7
364.5
411.4
442.45
477.3
524.25
564.6
601.2
636.5
671.2
705.75
740.15
774.3
808.6
842.8
877.1
911.4
945.7
980
1014.3
1048.6
1082.9
1117.25
1151.55
1185.9
1220.25
1254.6
1288.9
1323.25
1357.6
1391.95
1426.3
1460.65
1495
1529.35
1563.7
1598.1
1632.45
1666.8
1701.15
1735.5
1769.85
1804.2
1838.6
1872.95
1907.3
1941.65
1976
2010.35
2044.75
2079.1
2113.45
2147.8
2182.15
2216.5
2250.9
2285.25
2319.6
2353.95
2388.3
2422.7
2457.05
2491.4
2525.75
2560.1
2594.45
2628.85
2663.2
2697.55
2731.9
2766.25
2800.65
2835
2869.35
2903.7
2938.05
2972.4
3006.8
3041.15
3075.5
3109.85
3144.2
3178.6
3212.95
3247.3
3281.65
3316
3350.4
3384.75
3419.1
3453.45
3487.8
3522.2
3556.55
3590.9
3625.25
3659.6
3693.95
3728.35
3762.7
3797.05
3831.4
3865.75
3900.15
3934.5
3968.85
4003.2
4037.55
4071.95
4106.3
4140.65
4175
4209.35
4243.7
4278.1
4312.45
4346.8
4381.15
4415.5
4449.9
4484.25
4518.6
4552.95
4587.3
4621.7
4656.05
4690.4
4724.75
4759.1
4793.5
4827.85
4862.2
4896.55
4930.9
4965.25
4999.65
5034
5068.35
5102.7
5137.05
5171.45
5205.8
5240.15
5274.5
5308.85
5343.2
5377.6
5411.95
5446.3
5480.65
5515
5549.4
5583.75
5618.1
5652.45
5686.8
5721.15
5755.55
5789.9
5824.25
5858.6
5892.95
5927.35
5961.7
5996.05
6030.4
6064.75
6099.15
6133.5
6167.85
6202.2
6236.55
6270.95
6305.3
6339.65
6374
6408.35
6442.75
6477.1
6511.45
6545.8
6580.15
6614.55
6648.9
6683.25
6717.6
6751.95
6786.35
6820.7
6855.05
