44.95
96.65
148.35
200.1
251.8
303.55
355.25
407
458.7
510.4
545.2
579.15
613.05
647
680.95
714.9
748.85
782.85
816.85
850.85
884.85
918.85
952.9
986.9
1020.95
1055
1089.05
1123.1
1157.15
1191.2
1225.25
1259.3
1293.35
1327.4
1361.45
1395.5
1429.55
1463.65
1497.7
1531.75
1565.8
1599.9
1633.95
1668
1702.05
1736.15
1770.2
1804.25
1838.3
1872.4
1906.45
1940.5
1974.6
2008.65
2042.7
2076.75
2110.85
2144.9
2178.95
2213.05
2247.1
2281.15
2315.25
2349.3
2383.35
2417.4
2451.5
2485.55
2519.6
2553.7
2587.75
2621.8
2655.9
2689.95
2724
2758.1
2792.15
2826.2
2860.25
2894.35
2928.4
2962.45
2996.55
3030.6
3064.65
3098.75
3132.8
3166.85
3200.95
3235
3269.05
3303.1
3337.2
3371.25
3405.3
3439.4
3473.45
3507.5
3541.6
3575.65
3609.7
3643.8
3677.85
3711.9
3745.95
3780.05
3814.1
3848.15
3882.25
3916.3
3950.35
3984.45
4018.5
4052.55
4086.65
4120.7
4154.75
4188.8
4222.9
4256.95
4291
4325.1
4359.15
4393.2
4427.3
4461.35
4495.4
4529.5
4563.55
4597.6
4631.65
4665.75
4699.8
4733.85
4767.95
4802
4836.05
4870.15
4904.2
4938.25
4972.35
5006.4
5040.45
5074.5
5108.6
5142.65
5176.7
5210.8
5244.85
5278.9
5313
5347.05
5381.1
5415.2
5449.25
5483.3
5517.35
5551.45
5585.5
5619.55
5653.65
5687.7
5721.75
5755.85
5789.9
5823.95
5858.05
5892.1
5926.15
5960.2
5994.3
6028.35
6062.4
6096.5
6130.55
6164.6
6198.7
6232.75
6266.8
6300.9
6334.95
6369
6403.05
6437.15
6471.2
6505.25
6539.35
6573.4
6607.45
6641.55
6675.6
6709.65
6743.75
6777.8
6811.85
6845.9
6880
6914.05
6948.1
6982.2
-1000
25.6
69.55
113.1
144.15
179.85
224.2
267.25
298.3
334.55
379.1
421.6
452.6
489.25
533.95
573.55
610
645.15
679.65
714
748.2
782.35
816.4
850.4
884.4
918.4
952.45
986.45
1020.5
1054.5
1088.55
1122.6
1156.65
1190.7
1224.75
1258.8
1292.85
1326.9
1360.95
1395.05
1429.1
1463.15
1497.2
1531.25
1565.35
1599.4
1633.45
1667.5
1701.6
1735.65
1769.7
1803.75
1837.85
1871.9
1905.95
1940
1974.1
2008.15
2042.2
2076.3
2110.35
2144.4
2178.5
2212.55
2246.6
2280.65
2314.75
2348.8
2382.85
2416.95
2451
2485.05
2519.15
2553.2
2587.25
2621.3
2655.4
2689.45
2723.5
2757.6
2791.65
2825.7
2859.8
2893.85
2927.9
2962
2996.05
3030.1
3064.15
3098.25
3132.3
3166.35
3200.45
3234.5
3268.55
3302.65
3336.7
3370.75
3404.85
3438.9
3472.95
3507
3541.1
3575.15
3609.2
3643.3
3677.35
3711.4
3745.5
3779.55
3813.6
3847.7
3881.75
3915.8
3949.85
3983.95
4018
4052.05
4086.15
4120.2
4154.25
4188.35
4222.4
4256.45
4290.55
4324.6
4358.65
4392.7
4426.8
4460.85
4494.9
4529
4563.05
4597.1
4631.2
4665.25
4699.3
4733.4
4767.45
4801.5
4835.55
4869.65
4903.7
4937.75
4971.85
5005.9
5039.95
5074.05
5108.1
5142.15
5176.25
5210.3
5244.35
5278.4
5312.5
5346.55
5380.6
5414.7
5448.75
5482.8
5516.9
5550.95
5585
5619.1
5653.15
5687.2
5721.25
5755.35
5789.4
5823.45
5857.55
5891.6
5925.65
5959.75
5993.8
6027.85
6061.95
6096
6130.05
6164.1
6198.2
6232.25
6266.3
6300.4
6334.45
6368.5
6402.6
6436.65
6470.7
6504.8
6538.85
6572.9
6606.95
6641.05
6675.1
6709.15
6743.25
6777.3
6811.35
6845.45
6879.5
