60.4
128.2
196
263.8
331.65
399.45
467.25
535.05
569.65
603.2
636.65
670.1
703.65
737.2
770.75
804.4
838.05
871.7
905.4
939.1
972.8
1006.55
1040.3
1074.05
1107.8
1141.55
1175.35
1209.15
1242.95
1276.7
1310.5
1344.3
1378.1
1411.9
1445.75
1479.55
1513.35
1547.15
1581
1614.8
1648.6
1682.4
1716.25
1750.05
1783.9
1817.7
1851.5
1885.35
1919.15
1952.95
1986.8
2020.6
2054.45
2088.25
2122.05
2155.9
2189.7
2223.55
2257.35
2291.2
2325
2358.8
2392.65
2426.45
2460.3
2494.1
2527.95
2561.75
2595.55
2629.4
2663.2
2697.05
2730.85
2764.7
2798.5
2832.3
2866.15
2899.95
2933.8
2967.6
3001.45
3035.25
3069.05
3102.9
3136.7
3170.55
3204.35
3238.2
3272
3305.8
3339.65
3373.45
3407.3
3441.1
3474.95
3508.75
3542.6
3576.4
3610.2
3644.05
3677.85
3711.7
3745.5
3779.35
3813.15
3846.95
3880.8
3914.6
3948.45
3982.25
4016.1
4049.9
4083.7
4117.55
4151.35
4185.2
4219
4252.85
4286.65
4320.45
4354.3
4388.1
4421.95
4455.75
4489.6
4523.4
4557.25
4591.05
4624.85
4658.7
4692.5
4726.35
4760.15
4794
4827.8
4861.6
4895.45
4929.25
4963.1
4996.9
5030.75
5064.55
5098.35
5132.2
5166
5199.85
5233.65
5267.5
5301.3
5335.1
5368.95
5402.75
5436.6
5470.4
5504.25
5538.05
5571.9
5605.7
5639.5
5673.35
5707.15
5741
5774.8
5808.65
5842.45
5876.25
5910.1
5943.9
5977.75
6011.55
6045.4
6079.2
6113
6146.85
6180.65
6214.5
6248.3
6282.15
6315.95
6349.75
6383.6
6417.4
6451.25
6485.05
6518.9
6552.7
6586.55
6620.35
6654.15
6688
6721.8
6755.65
6789.45
6823.3
6857.1
6890.9
6924.75
6958.55
6992.4
-1000
25.6
56.65
91.85
122.9
158.85
189.9
226.3
257.35
293.95
324.95
361.65
392.7
429.4
460.45
497.2
528.25
565
600.7
635.35
669.4
703.4
736.95
770.5
804.15
837.7
871.4
905.05
938.75
972.45
1006.25
1039.9
1073.7
1107.4
1141.25
1174.95
1208.75
1242.55
1276.35
1310.15
1343.95
1377.75
1411.55
1445.35
1479.15
1512.95
1546.75
1580.6
1614.4
1648.2
1682.05
1715.85
1749.65
1783.5
1817.3
1851.1
1884.95
1918.75
1952.55
1986.4
2020.2
2054.05
2087.85
2121.7
2155.5
2189.3
2223.15
2256.95
2290.8
2324.6
2358.4
2392.25
2426.05
2459.9
2493.7
2527.55
2561.35
2595.15
2629
2662.8
2696.65
2730.45
2764.3
2798.1
2831.9
2865.75
2899.55
2933.4
2967.2
3001.05
3034.85
3068.65
3102.5
3136.3
3170.15
3203.95
3237.8
3271.6
3305.45
3339.25
3373.05
3406.9
3440.7
3474.55
3508.35
3542.2
3576
3609.8
3643.65
3677.45
3711.3
3745.1
3778.95
3812.75
3846.55
3880.4
3914.2
3948.05
3981.85
4015.7
4049.5
4083.3
4117.15
4150.95
4184.8
4218.6
4252.45
4286.25
4320.1
4353.9
4387.7
4421.55
4455.35
4489.2
4523
4556.85
4590.65
4624.45
4658.3
4692.1
4725.95
4759.75
4793.6
4827.4
4861.2
4895.05
4928.85
4962.7
4996.5
5030.35
5064.15
5097.95
5131.8
5165.6
5199.45
5233.25
5267.1
5300.9
5334.75
5368.55
5402.35
5436.2
5470
5503.85
5537.65
5571.5
5605.3
5639.1
5672.95
5706.75
5740.6
5774.4
5808.25
5842.05
5875.85
5909.7
5943.5
5977.35
6011.15
6045
6078.8
6112.6
6146.45
6180.25
6214.1
6247.9
6281.75
6315.55
6349.4
6383.2
6417
6450.85
6484.65
6518.5
6552.3
6586.15
6619.95
6653.75
6687.6
6721.4
