26.5
58.45
90.45
122.45
154.45
186.4
218.4
250.4
282.4
314.35
346.35
378.35
410.35
442.3
474.3
506.3
538.3
570.25
602.25
634.25
666.25
698.2
730.2
762.2
794.2
826.15
858.15
890.15
922.15
954.15
986.1
1018.1
1050.1
1082.1
1114.05
1146.05
1178.05
1210.05
1242
1274
1306
1338
1369.95
1401.95
1433.95
1465.95
1497.9
1529.9
1561.9
1593.9
1625.85
1657.85
1689.85
1721.85
1753.8
1785.8
1817.8
1849.8
1881.75
1913.75
1945.75
1977.75
2009.7
2041.7
2073.7
2105.7
2137.65
2169.65
2201.65
2233.65
2265.6
2297.6
2329.6
2361.6
2393.55
2425.55
2457.55
2489.55
2521.55
2553.5
2585.5
2617.5
2649.5
2681.45
2713.45
2745.45
2777.45
2809.4
2841.4
2873.4
2905.4
2937.35
2969.35
3001.35
3033.35
3065.3
3097.3
3129.3
3161.3
3193.25
3225.25
3257.25
3289.25
3321.2
3353.2
3385.2
3417.2
3449.15
3481.15
3513.15
3545.15
3577.1
3609.1
3641.1
3673.1
3705.05
3737.05
3769.05
3801.05
3833
3865
3897
3929
3960.95
3992.95
4024.95
4056.95
4088.9
4120.9
4152.9
4184.9
4216.9
4248.85
4280.85
4312.85
4344.85
4376.8
4408.8
4440.8
4472.8
4504.75
4536.75
4568.75
4600.75
4632.7
4664.7
4696.7
4728.7
4760.65
4792.65
4824.65
4856.65
4888.6
4920.6
4952.6
4984.6
5016.55
5048.55
5080.55
5112.55
5144.5
5176.5
5208.5
5240.5
5272.45
5304.45
5336.45
5368.45
5400.4
5432.4
5464.4
5496.4
5528.35
5560.35
5592.35
5624.35
5656.3
5688.3
5720.3
5752.3
5784.25
5816.25
5848.25
5880.25
5912.25
5944.2
5976.2
6008.2
6040.2
6072.15
6104.15
6136.15
6168.15
6200.1
6232.1
6264.1
6296.1
6328.05
6360.05
6392.05
6424.05
6456
6488
6520
6552
6583.95
6615.95
6647.95
6679.95
6711.9
6743.9
6775.9
6807.9
6839.85
6871.85
6903.85
6935.85
-1000
25.6
62.4
99.9
144.65
183.4
218.5
253.3
284.9
315.85
347.3
379.65
411.4
443.45
475.4
507.45
539.45
571.35
603.4
635.35
667.4
699.3
731.4
763.3
795.4
827.25
859.35
891.25
923.35
955.2
987.3
1019.2
1051.3
1083.15
1115.25
1147.15
1179.25
1211.1
1243.2
1275.1
1307.25
1339
1371.2
1403.05
1435.25
1466.9
1499.15
1530.95
1563.1
1595
1627
1659
1691
1723
1754.9
1787
1818.9
1851
1882.85
1914.95
1946.85
1978.95
2010.8
2042.9
2074.8
2106.9
2138.75
2170.85
2202.75
2234.85
2266.7
2298.8
2330.7
2362.8
2394.65
2426.75
2458.65
2490.75
2522.6
2554.7
2586.6
2618.7
2650.55
2682.65
2714.55
2746.65
2778.5
2810.6
2842.5
2874.6
2906.45
2938.55
2970.45
3002.6
3034.35
3066.55
3098.4
3130.6
3162.25
3194.5
3226.3
3258.45
3290.35
3322.35
3354.35
3386.35
3418.35
3450.25
3482.35
3514.25
3546.35
3578.2
3610.3
3642.2
3674.3
3706.15
3738.25
3770.15
3802.25
3834.1
3866.2
3898.1
3930.2
3962.05
3994.15
4026.05
4058.15
4090
4122.1
4154
4186.1
4217.95
4250.05
4281.95
4314.05
4345.9
4378
4409.9
4442
4473.85
4505.95
4537.85
4569.95
4601.8
4633.9
4665.8
4697.95
4729.7
4761.9
4793.75
4825.95
4857.6
4889.85
4921.65
4953.8
4985.7
5017.7
5049.7
5081.7
5113.7
5145.6
5177.7
5209.6
5241.7
5273.55
5305.65
5337.55
5369.65
5401.5
5433.6
5465.5
5497.6
5529.45
5561.55
5593.45
5625.55
5657.4
5689.5
5721.4
5753.5
5785.35
5817.45
5849.35
5881.45
5913.3
5945.4
5977.3
6009.4
6041.25
6073.35
6105.25
6137.35
6169.2
6201.3
6233.2
6265.3
6297.15
6329.25
6361.15
6393.3
6425.05
6457.25
6489.1
6521.3
6553
6585.2
6617.05
6649.15
6681.05
6713
6745.05
6777.05
6809.05
6840.95
6873.05
6904.95
6937.05
6968.9
