42.15
90.95
139.7
188.5
237.3
286.1
334.85
383.65
432.45
481.25
530
562.6
594.4
626.05
657.75
689.45
721.2
752.95
784.7
816.45
848.25
880
911.8
943.6
975.4
1007.25
1039.05
1070.9
1102.7
1134.55
1166.4
1198.2
1230.05
1261.9
1293.75
1325.6
1357.45
1389.3
1421.15
1453
1484.85
1516.7
1548.55
1580.4
1612.25
1644.1
1675.95
1707.8
1739.65
1771.5
1803.35
1835.2
1867.05
1898.9
1930.75
1962.6
1994.5
2026.35
2058.2
2090.05
2121.9
2153.75
2185.6
2217.45
2249.3
2281.15
2313
2344.9
2376.75
2408.6
2440.45
2472.3
2504.15
2536
2567.85
2599.7
2631.55
2663.45
2695.3
2727.15
2759
2790.85
2822.7
2854.55
2886.4
2918.25
2950.1
2981.95
3013.85
3045.7
3077.55
3109.4
3141.25
3173.1
3204.95
3236.8
3268.65
3300.5
3332.4
3364.25
3396.1
3427.95
3459.8
3491.65
3523.5
3555.35
3587.2
3619.05
3650.95
3682.8
3714.65
3746.5
3778.35
3810.2
3842.05
3873.9
3905.75
3937.6
3969.5
4001.35
4033.2
4065.05
4096.9
4128.75
4160.6
4192.45
4224.3
4256.15
4288.05
4319.9
4351.75
4383.6
4415.45
4447.3
4479.15
4511
4542.85
4574.7
4606.6
4638.45
4670.3
4702.15
4734
4765.85
4797.7
4829.55
4861.4
4893.25
4925.15
4957
4988.85
5020.7
5052.55
5084.4
5116.25
5148.1
5179.95
5211.8
5243.7
5275.55
5307.4
5339.25
5371.1
5402.95
5434.8
5466.65
5498.5
5530.35
5562.25
5594.1
5625.95
5657.8
5689.65
5721.5
5753.35
5785.2
5817.05
5848.9
5880.8
5912.65
5944.5
5976.35
6008.2
6040.05
6071.9
6103.75
6135.6
6167.45
6199.3
6231.2
6263.05
6294.9
6326.75
6358.6
6390.45
6422.3
6454.15
6486
6517.85
6549.75
6581.6
6613.45
6645.3
6677.15
6709
6740.85
6772.7
6804.55
6836.4
6868.3
6900.15
6932
6963.85
6995.7
-1000
25.6
59.9
90.95
122.55
156.95
188
219.9
254.25
285.3
317.2
351.65
382.7
414.65
449.05
480.05
512
546.45
580.8
614.8
648.45
681.7
714.7
747.5
780.1
812.55
844.9
877.15
909.35
941.45
973.55
1005.6
1037.6
1069.55
1101.55
1133.5
1165.45
1197.35
1229.3
1261.2
1293.1
1325.05
1356.95
1388.8
1420.7
1452.55
1484.45
1516.3
1548.15
1580
1611.85
1643.7
1675.55
1707.4
1739.25
1771.1
1803
1834.85
1866.7
1898.55
1930.4
1962.25
1994.1
2025.95
2057.8
2089.65
2121.5
2153.35
2185.2
2217.1
2248.95
2280.8
2312.65
2344.5
2376.35
2408.2
2440.05
2471.9
2503.75
2535.6
2567.5
2599.35
2631.2
2663.05
2694.9
2726.75
2758.6
2790.45
2822.3
2854.15
2886.05
2917.9
2949.75
2981.6
3013.45
3045.3
3077.15
3109
3140.85
3172.7
3204.6
3236.45
3268.3
3300.15
3332
3363.85
3395.7
3427.55
3459.4
3491.25
3523.15
3555
3586.85
3618.7
3650.55
3682.4
3714.25
3746.1
3777.95
3809.8
3841.65
3873.55
3905.4
3937.25
3969.1
4000.95
4032.8
4064.65
4096.5
4128.35
4160.2
4192.1
4223.95
4255.8
4287.65
4319.5
4351.35
4383.2
4415.05
4446.9
4478.75
4510.65
4542.5
4574.35
4606.2
4638.05
4669.9
4701.75
4733.6
4765.45
4797.3
4829.2
4861.05
4892.9
4924.75
4956.6
4988.45
5020.3
5052.15
5084
5115.85
5147.75
5179.6
5211.45
5243.3
5275.15
5307
5338.85
5370.7
5402.55
5434.4
5466.3
5498.15
5530
5561.85
5593.7
5625.55
5657.4
5689.25
5721.1
5752.95
5784.85
5816.7
5848.55
5880.4
5912.25
5944.1
5975.95
6007.8
6039.65
6071.5
6103.4
6135.25
6167.1
6198.95
6230.8
6262.65
6294.5
6326.35
6358.2
6390.05
6421.95
6453.8
6485.65
6517.5
6549.35
6581.2
6613.05
6644.9
6676.75
6708.6
6740.5
6772.35
6804.2
6836.05
