43.95
94.65
145.35
196.05
246.75
297.45
348.15
398.85
449.55
500.2
534.65
568.4
602.05
635.75
669.45
703.15
736.9
770.65
804.4
838.15
871.95
905.7
939.5
973.3
1007.1
1040.9
1074.7
1108.5
1142.3
1176.1
1209.95
1243.75
1277.55
1311.4
1345.2
1379.05
1412.85
1446.7
1480.5
1514.35
1548.15
1582
1615.8
1649.65
1683.45
1717.3
1751.1
1784.95
1818.75
1852.6
1886.4
1920.25
1954.05
1987.9
2021.7
2055.55
2089.4
2123.2
2157.05
2190.85
2224.7
2258.5
2292.35
2326.15
2360
2393.85
2427.65
2461.5
2495.3
2529.15
2562.95
2596.8
2630.65
2664.45
2698.3
2732.1
2765.95
2799.75
2833.6
2867.4
2901.25
2935.1
2968.9
3002.75
3036.55
3070.4
3104.2
3138.05
3171.9
3205.7
3239.55
3273.35
3307.2
3341
3374.85
3408.65
3442.5
3476.35
3510.15
3544
3577.8
3611.65
3645.45
3679.3
3713.15
3746.95
3780.8
3814.6
3848.45
3882.25
3916.1
3949.9
3983.75
4017.6
4051.4
4085.25
4119.05
4152.9
4186.7
4220.55
4254.4
4288.2
4322.05
4355.85
4389.7
4423.5
4457.35
4491.15
4525
4558.85
4592.65
4626.5
4660.3
4694.15
4727.95
4761.8
4795.65
4829.45
4863.3
4897.1
4930.95
4964.75
4998.6
5032.4
5066.25
5100.1
5133.9
5167.75
5201.55
5235.4
5269.2
5303.05
5336.9
5370.7
5404.55
5438.35
5472.2
5506
5539.85
5573.65
5607.5
5641.35
5675.15
5709
5742.8
5776.65
5810.45
5844.3
5878.15
5911.95
5945.8
5979.6
6013.45
6047.25
6081.1
6114.9
6148.75
6182.6
6216.4
6250.25
6284.05
6317.9
6351.7
6385.55
6419.4
6453.2
6487.05
6520.85
6554.7
6588.5
6622.35
6656.15
6690
6723.85
6757.65
6791.5
6825.3
6859.15
6892.95
6926.8
6960.65
6994.45
-1000
25.6
68.25
111.35
142.4
177.2
220.2
263.5
294.55
329.35
372.35
415.7
446.75
481.5
524.5
563.05
599
633.9
668.2
702.25
736.3
770.2
804.05
837.8
871.6
905.3
939.15
972.9
1006.7
1040.5
1074.3
1108.1
1141.95
1175.75
1209.55
1243.35
1277.2
1311
1344.8
1378.65
1412.45
1446.3
1480.1
1513.9
1547.75
1581.55
1615.4
1649.2
1683.05
1716.9
1750.7
1784.55
1818.35
1852.2
1886
1919.85
1953.65
1987.5
2021.3
2055.15
2088.95
2122.8
2156.65
2190.45
2224.3
2258.1
2291.95
2325.75
2359.6
2393.4
2427.25
2461.1
2494.9
2528.75
2562.55
2596.4
2630.2
2664.05
2697.9
2731.7
2765.55
2799.35
2833.2
2867
2900.85
2934.65
2968.5
3002.35
3036.15
3070
3103.8
3137.65
3171.45
3205.3
3239.15
3272.95
3306.8
3340.6
3374.45
3408.25
3442.1
3475.9
3509.75
3543.6
3577.4
3611.25
3645.05
3678.9
3712.7
3746.55
3780.4
3814.2
3848.05
3881.85
3915.7
3949.5
3983.35
4017.15
4051
4084.85
4118.65
4152.5
4186.3
4220.15
4253.95
4287.8
4321.65
4355.45
4389.3
4423.1
4456.95
4490.75
4524.6
4558.4
4592.25
4626.1
4659.9
4693.75
4727.55
4761.4
4795.2
4829.05
4862.9
4896.7
4930.55
4964.35
4998.2
5032
5065.85
5099.65
5133.5
5167.35
5201.15
5235
5268.8
5302.65
5336.45
5370.3
5404.15
5437.95
5471.8
5505.6
5539.45
5573.25
5607.1
5640.9
5674.75
5708.6
5742.4
5776.25
5810.05
5843.9
5877.7
5911.55
5945.4
5979.2
6013.05
6046.85
6080.7
6114.5
6148.35
6182.15
6216
6249.85
6283.65
6317.5
6351.3
6385.15
6418.95
6452.8
6486.65
6520.45
6554.3
6588.1
6621.95
6655.75
6689.6
6723.4
6757.25
6791.1
6824.9
6858.75
6892.55
