47.05
100.95
154.9
208.85
262.75
316.7
370.65
424.55
478.5
532.45
565.85
598.25
630.55
662.85
695.2
727.55
759.95
792.35
824.75
857.15
889.6
922.05
954.5
986.95
1019.45
1051.9
1084.4
1116.9
1149.4
1181.9
1214.4
1246.9
1279.4
1311.9
1344.4
1376.9
1409.45
1441.95
1474.45
1506.95
1539.5
1572
1604.5
1637.05
1669.55
1702.05
1734.6
1767.1
1799.6
1832.15
1864.65
1897.2
1929.7
1962.2
1994.75
2027.25
2059.8
2092.3
2124.8
2157.35
2189.85
2222.4
2254.9
2287.4
2319.95
2352.45
2385
2417.5
2450.05
2482.55
2515.05
2547.6
2580.1
2612.65
2645.15
2677.65
2710.2
2742.7
2775.25
2807.75
2840.3
2872.8
2905.3
2937.85
2970.35
3002.9
3035.4
3067.9
3100.45
3132.95
3165.5
3198
3230.55
3263.05
3295.55
3328.1
3360.6
3393.15
3425.65
3458.15
3490.7
3523.2
3555.75
3588.25
3620.8
3653.3
3685.8
3718.35
3750.85
3783.4
3815.9
3848.4
3880.95
3913.45
3946
3978.5
4011.05
4043.55
4076.05
4108.6
4141.1
4173.65
4206.15
4238.65
4271.2
4303.7
4336.25
4368.75
4401.3
4433.8
4466.3
4498.85
4531.35
4563.9
4596.4
4628.9
4661.45
4693.95
4726.5
4759
4791.55
4824.05
4856.55
4889.1
4921.6
4954.15
4986.65
5019.15
5051.7
5084.2
5116.75
5149.25
5181.8
5214.3
5246.8
5279.35
5311.85
5344.4
5376.9
5409.4
5441.95
5474.45
5507
5539.5
5572.05
5604.55
5637.05
5669.6
5702.1
5734.65
5767.15
5799.65
5832.2
5864.7
5897.25
5929.75
5962.3
5994.8
6027.3
6059.85
6092.35
6124.9
6157.4
6189.9
6222.45
6254.95
6287.5
6320
6352.55
6385.05
6417.55
6450.1
6482.6
6515.15
6547.65
6580.15
6612.7
6645.2
6677.75
6710.25
6742.8
6775.3
6807.8
6840.35
6872.85
6905.4
6937.9
6970.4
-1000
25.6
63.55
94.55
128.8
164.75
195.7
232.1
263.15
295
332.75
363.8
398.15
433.95
464.9
501.35
532.4
564.6
597.35
630.05
662.65
695.05
727.35
759.75
792.1
824.5
856.95
889.35
921.8
954.25
986.7
1019.15
1051.6
1084.1
1116.6
1149.05
1181.55
1214.05
1246.55
1279.05
1311.6
1344.1
1376.6
1409.1
1441.6
1474.15
1506.65
1539.15
1571.65
1604.2
1636.7
1669.2
1701.75
1734.25
1766.75
1799.3
1831.8
1864.3
1896.85
1929.35
1961.9
1994.4
2026.9
2059.45
2091.95
2124.5
2157
2189.5
2222.05
2254.55
2287.1
2319.6
2352.1
2384.65
2417.15
2449.7
2482.2
2514.75
2547.25
2579.75
2612.3
2644.8
2677.35
2709.85
2742.35
2774.9
2807.4
2839.95
2872.45
2905
2937.5
2970
3002.55
3035.05
3067.6
3100.1
3132.6
3165.15
3197.65
3230.2
3262.7
3295.25
3327.75
3360.25
3392.8
3425.3
3457.85
3490.35
3522.85
3555.4
3587.9
3620.45
3652.95
3685.5
3718
3750.5
3783.05
3815.55
3848.1
3880.6
3913.1
3945.65
3978.15
4010.7
4043.2
4075.75
4108.25
4140.75
4173.3
4205.8
4238.35
4270.85
4303.35
4335.9
4368.4
4400.95
4433.45
4466
4498.5
4531
4563.55
4596.05
4628.6
4661.1
4693.6
4726.15
4758.65
4791.2
4823.7
4856.25
4888.75
4921.25
4953.8
4986.3
5018.85
5051.35
5083.85
5116.4
5148.9
5181.45
5213.95
5246.5
5279
5311.5
5344.05
5376.55
5409.1
5441.6
5474.1
5506.65
5539.15
5571.7
5604.2
5636.75
5669.25
5701.75
5734.3
5766.8
5799.35
5831.85
5864.35
5896.9
5929.4
5961.95
5994.45
6027
6059.5
6092
6124.55
6157.05
6189.6
6222.1
6254.6
6287.15
6319.65
6352.2
6384.7
6417.25
6449.75
6482.25
6514.8
6547.3
6579.85
6612.35
6644.85
6677.4
6709.9
6742.45
6774.95
