26.2
57.85
89.5
121.15
152.85
184.5
216.15
247.85
279.5
311.15
342.8
374.5
406.15
437.8
469.45
501.15
532.8
564.45
596.15
627.8
659.45
691.1
722.8
754.45
786.1
817.75
849.45
881.1
912.75
944.4
976.1
1007.75
1039.4
1071.1
1102.75
1134.4
1166.05
1197.75
1229.4
1261.05
1292.7
1324.4
1356.05
1387.7
1419.4
1451.05
1482.7
1514.35
1546.05
1577.7
1609.35
1641
1672.7
1704.35
1736
1767.65
1799.35
1831
1862.65
1894.35
1926
1957.65
1989.3
2021
2052.65
2084.3
2115.95
2147.65
2179.3
2210.95
2242.6
2274.3
2305.95
2337.6
2369.3
2400.95
2432.6
2464.25
2495.95
2527.6
2559.25
2590.9
2622.6
2654.25
2685.9
2717.6
2749.25
2780.9
2812.55
2844.25
2875.9
2907.55
2939.2
2970.9
3002.55
3034.2
3065.85
3097.55
3129.2
3160.85
3192.55
3224.2
3255.85
3287.5
3319.2
3350.85
3382.5
3414.15
3445.85
3477.5
3509.15
3540.8
3572.5
3604.15
3635.8
3667.5
3699.15
3730.8
3762.45
3794.15
3825.8
3857.45
3889.1
3920.8
3952.45
3984.1
4015.8
4047.45
4079.1
4110.75
4142.45
4174.1
4205.75
4237.4
4269.1
4300.75
4332.4
4364.05
4395.75
4427.4
4459.05
4490.75
4522.4
4554.05
4585.7
4617.4
4649.05
4680.7
4712.35
4744.05
4775.7
4807.35
4839
4870.7
4902.35
4934
4965.7
4997.35
5029
5060.65
5092.35
5124
5155.65
5187.3
5219
5250.65
5282.3
5314
5345.65
5377.3
5408.95
5440.65
5472.3
5503.95
5535.6
5567.3
5598.95
5630.6
5662.25
5693.95
5725.6
5757.25
5788.95
5820.6
5852.25
5883.9
5915.6
5947.25
5978.9
6010.55
6042.25
6073.9
6105.55
6137.25
6168.9
6200.55
6232.2
6263.9
6295.55
6327.2
6358.85
6390.55
6422.2
6453.85
6485.5
6517.2
6548.85
6580.5
6612.2
6643.85
6675.5
6707.15
6738.85
6770.5
6802.15
6833.8
6865.5
6897.15
6928.8
6960.45
6992.15
-1000
25.6
57.25
88.85
120.5
152.15
183.8
215.4
247.05
278.7
310.3
341.95
373.6
405.25
436.9
468.55
500.2
531.85
563.5
595.15
626.8
658.45
690.1
721.75
753.4
785.05
816.7
848.35
880
911.65
943.3
974.95
1006.65
1038.25
1069.95
1101.6
1133.25
1164.9
1196.55
1228.25
1259.9
1291.55
1323.2
1354.85
1386.5
1418.2
1449.85
1481.5
1513.15
1544.8
1576.5
1608.15
1639.8
1671.45
1703.15
1734.8
1766.45
1798.1
1829.8
1861.45
1893.1
1924.75
1956.4
1988.1
2019.75
2051.4
2083.05
2114.75
2146.4
2178.05
2209.7
2241.4
2273.05
2304.7
2336.35
2368.05
2399.7
2431.35
2463.05
2494.7
2526.35
2558
2589.7
2621.35
2653
2684.65
2716.35
2748
2779.65
2811.35
2843
2874.65
2906.3
2938
2969.65
3001.3
3032.95
3064.65
3096.3
3127.95
3159.6
3191.3
3222.95
3254.6
3286.3
3317.95
3349.6
3381.25
3412.95
3444.6
3476.25
3507.9
3539.6
3571.25
3602.9
3634.55
3666.25
3697.9
3729.55
3761.2
3792.9
3824.55
3856.2
3887.9
3919.55
3951.2
3982.85
4014.55
4046.2
4077.85
4109.55
4141.2
4172.85
4204.5
4236.2
4267.85
4299.5
4331.15
4362.85
4394.5
4426.15
4457.8
4489.5
4521.15
4552.8
4584.5
4616.15
4647.8
4679.45
4711.15
4742.8
4774.45
4806.1
4837.8
4869.45
4901.1
4932.75
4964.45
4996.1
5027.75
5059.4
5091.1
5122.75
5154.4
5186.05
5217.75
5249.4
5281.05
5312.75
5344.4
5376.05
5407.7
5439.4
5471.05
5502.7
5534.4
5566.05
5597.7
5629.35
5661.05
5692.7
5724.35
5756
5787.7
5819.35
5851
5882.7
5914.35
5946
5977.65
6009.35
6041
6072.65
6104.3
6136
6167.65
6199.3
6230.95
6262.65
6294.3
6325.95
6357.6
6389.3
6420.95
6452.6
6484.25
6515.95
6547.6
6579.25
6610.95
6642.6
6674.25
6705.9
6737.6
6769.25
6800.9
6832.6
6864.25
6895.9
6927.55
6959.25
6990.9
