35.75
77.7
119.65
161.65
203.6
245.6
287.55
329.5
371.5
413.45
455.45
497.4
531.8
565.85
599.9
634
668.05
702.15
736.25
770.3
804.4
838.5
872.6
906.7
940.8
974.9
1009
1043.1
1077.2
1111.3
1145.4
1179.5
1213.65
1247.75
1281.85
1315.95
1350.05
1384.15
1418.3
1452.4
1486.5
1520.6
1554.7
1588.85
1622.95
1657.05
1691.15
1725.3
1759.4
1793.5
1827.6
1861.7
1895.85
1929.95
1964.05
1998.15
2032.3
2066.4
2100.4
2134.35
2168.3
2202.25
2236.25
2270.2
2304.15
2338.15
2372.1
2406.05
2440.05
2474
2507.95
2541.95
2575.9
2609.85
2643.85
2677.8
2711.75
2745.7
2779.7
2813.65
2847.6
2881.6
2915.55
2949.5
2983.5
3017.45
3051.4
3085.4
3119.35
3153.3
3187.3
3221.25
3255.2
3289.2
3323.15
3357.1
3391.1
3425.05
3459
3493
3526.95
3560.9
3594.9
3628.85
3662.8
3696.8
3730.75
3764.7
3798.7
3832.65
3866.6
3900.55
3934.55
3968.5
4002.45
4036.45
4070.4
4104.35
4138.35
4172.3
4206.25
4240.25
4274.2
4308.15
4342.15
4376.1
4410.05
4444.05
4478
4511.95
4545.95
4579.9
4613.85
4647.85
4681.8
4715.75
4749.75
4783.7
4817.65
4851.65
4885.6
4919.55
4953.55
4987.5
5021.45
5055.45
5089.4
5123.35
5157.3
5191.3
5225.25
5259.2
5293.2
5327.15
5361.1
5395.1
5429.05
5463
5497
5530.95
5564.9
5598.9
5632.85
5666.8
5700.8
5734.75
5768.7
5802.7
5836.65
5870.6
5904.6
5938.55
5972.5
6006.5
6040.45
6074.4
6108.4
6142.35
6176.3
6210.3
6244.25
6278.2
6312.2
6346.15
6380.1
6414.05
6448.05
6482
6515.95
6549.95
6583.9
6617.85
6651.85
6685.8
6719.75
6753.75
6787.7
6821.65
6855.65
6889.6
6923.55
6957.55
6991.5
-1000
25.6
64.95
105.75
147.35
189.2
231.1
273.05
314.9
356.95
398.9
440.9
482.9
524.7
562.25
597.9
632.75
667.25
701.6
735.85
769.95
804.05
838.15
872.2
906.35
940.4
974.55
1008.65
1042.75
1076.85
1111
1145.05
1179.15
1213.25
1247.35
1281.45
1315.6
1349.75
1383.8
1417.9
1452
1486.15
1520.3
1554.35
1588.45
1622.55
1656.7
1690.85
1724.9
1759
1793.1
1827.3
1861.35
1895.45
1929.55
1963.7
1997.85
2031.9
2066
2100.15
2134.05
2168.05
2202
2235.95
2269.9
2303.9
2337.85
2371.8
2405.8
2439.75
2473.7
2507.7
2541.65
2575.6
2609.6
2643.55
2677.5
2711.5
2745.45
2779.4
2813.35
2847.4
2881.25
2915.3
2949.3
2983.2
3017.15
3051.2
3085.1
3119.1
3153.05
3187.05
3220.95
3254.95
3288.9
3322.85
3356.85
3390.8
3424.75
3458.75
3492.7
3526.65
3560.65
3594.6
3628.55
3662.55
3696.5
3730.45
3764.45
3798.4
3832.35
3866.35
3900.3
3934.25
3968.2
4002.25
4036.1
4070.15
4104.15
4138.05
4172
4206.05
4239.95
4273.95
4307.9
4341.9
4375.8
4409.8
4443.75
4477.7
4511.7
4545.65
4579.6
4613.6
4647.55
4681.5
4715.5
4749.45
4783.4
4817.4
4851.35
4885.3
4919.3
4953.25
4987.2
5021.2
5055.15
5089.1
5123.1
5157.05
5191
5224.95
5259
5292.85
5326.9
5360.9
5394.8
5428.75
5462.8
5496.7
5530.7
5564.65
5598.65
5632.55
5666.55
5700.5
5734.45
5768.45
5802.4
5836.35
5870.35
5904.3
5938.25
5972.25
6006.2
6040.15
6074.15
6108.1
6142.05
6176.05
6210
6243.95
6277.95
6311.9
6345.85
6379.85
6413.8
6447.75
6481.7
6515.75
6549.6
6583.65
6617.65
6651.55
6685.5
6719.55
6753.45
6787.45
6821.4
6855.4
6889.3
6923.3
6957.25
6991.2
