28.45
62.55
96.65
130.8
164.9
199
233.15
267.25
301.35
335.45
369.6
403.7
437.8
471.95
506.05
538
569.75
601.5
633.25
665
696.75
728.5
760.25
792
823.75
855.5
887.25
919
950.75
982.5
1014.25
1046
1077.8
1109.55
1141.3
1173.05
1204.8
1236.55
1268.3
1300.05
1331.8
1363.55
1395.3
1427.1
1458.85
1490.6
1522.35
1554.1
1585.85
1617.6
1649.35
1681.1
1712.85
1744.65
1776.4
1808.15
1839.9
1871.65
1903.4
1935.15
1966.9
1998.65
2030.4
2062.2
2093.85
2125.45
2157.1
2188.75
2220.35
2252
2283.65
2315.25
2346.9
2378.55
2410.2
2441.8
2473.45
2505.1
2536.7
2568.35
2600
2631.65
2663.25
2694.9
2726.55
2758.15
2789.8
2821.45
2853.1
2884.7
2916.35
2948
2979.6
3011.25
3042.9
3074.55
3106.15
3137.8
3169.45
3201.05
3232.7
3264.35
3296
3327.6
3359.25
3390.9
3422.5
3454.15
3485.8
3517.45
3549.05
3580.7
3612.35
3643.95
3675.6
3707.25
3738.9
3770.5
3802.15
3833.8
3865.4
3897.05
3928.7
3960.35
3991.95
4023.6
4055.25
4086.85
4118.5
4150.15
4181.8
4213.4
4245.05
4276.7
4308.3
4339.95
4371.6
4403.25
4434.85
4466.5
4498.15
4529.75
4561.4
4593.05
4624.7
4656.3
4687.95
4719.6
4751.2
4782.85
4814.5
4846.15
4877.75
4909.4
4941.05
4972.65
5004.3
5035.95
5067.6
5099.2
5130.85
5162.5
5194.1
5225.75
5257.4
5289.05
5320.65
5352.3
5383.95
5415.55
5447.2
5478.85
5510.5
5542.1
5573.75
5605.4
5637
5668.65
5700.3
5731.95
5763.55
5795.2
5826.85
5858.45
5890.1
5921.75
5953.4
5985
6016.65
6048.3
6079.9
6111.55
6143.2
6174.85
6206.45
6238.1
6269.75
6301.35
6333
6364.65
6396.3
6427.9
6459.55
6491.2
6522.8
6554.45
6586.1
6617.75
6649.35
6681
6712.65
6744.25
6775.9
6807.55
6839.2
6870.8
6902.45
6934.1
6965.7
6997.35
-1000
25.6
57.45
89.5
121.8
154.35
187.05
219.95
252.95
286.1
319.3
352.55
385.85
419.15
452.5
485.8
519.05
552.35
585.6
618.8
651.9
684.9
717.75
750.45
783.05
815.6
848
880.35
912.65
944.9
977.05
1009.15
1041.25
1073.25
1105.3
1137.25
1169.2
1201.1
1233
1264.9
1296.8
1328.65
1360.5
1392.35
1424.2
1456
1487.8
1519.6
1551.4
1583.2
1615
1646.8
1678.6
1710.35
1742.15
1773.95
1805.7
1837.5
1869.25
1901
1932.8
1964.55
1996.3
2028.1
2059.85
2091.6
2123.35
2155.1
2186.8
2218.55
2250.25
2281.95
2313.65
2345.35
2377.05
2408.7
2440.4
2472.05
2503.75
2535.4
2567.1
2598.75
2630.4
2662.05
2693.75
2725.4
2757.05
2788.7
2820.35
2852
2883.65
2915.3
2946.95
2978.6
3010.25
3041.9
3073.55
3105.2
3136.85
3168.5
3200.15
3231.8
3263.45
3295.1
3326.75
3358.4
3390
3421.65
3453.3
3484.95
3516.6
3548.25
3579.9
3611.55
3643.15
3674.8
3706.45
3738.1
3769.75
3801.4
3833
3864.65
3896.3
3927.95
3959.6
3991.25
4022.85
4054.5
4086.15
4117.8
4149.4
4181.05
4212.7
4244.35
4275.95
4307.6
4339.25
4370.9
4402.55
4434.15
4465.8
4497.45
4529.05
4560.7
4592.35
4624
4655.65
4687.25
4718.9
4750.55
4782.15
4813.8
4845.45
4877.1
4908.7
4940.35
4972
5003.65
5035.25
5066.9
5098.55
5130.2
5161.8
5193.45
5225.1
5256.7
5288.35
5320
5351.65
5383.25
5414.9
5446.55
5478.15
5509.8
5541.45
5573.1
5604.7
5636.35
5668
5699.6
5731.25
5762.9
5794.55
5826.15
5857.8
5889.45
5921.05
5952.7
5984.35
6016
6047.6
6079.25
6110.9
6142.5
6174.15
6205.8
6237.45
6269.05
6300.7
6332.35
6363.95
6395.6
6427.25
6458.9
6490.5
6522.15
6553.8
6585.4
6617.05
6648.7
6680.35
6711.95
6743.6
6775.25
6806.85
6838.5
6870.15
6901.8
6933.4
6965.05
6996.7
