34.6
75.35
116.1
156.85
197.6
238.35
279.1
319.85
360.6
401.35
442.1
482.85
523.6
557.65
591.7
625.8
659.95
694.1
728.25
762.45
796.65
830.85
865.1
899.35
933.6
967.85
1002.1
1036.35
1070.65
1104.9
1139.2
1173.45
1207.75
1242.05
1276.3
1310.6
1344.9
1379.2
1413.5
1447.8
1482.1
1516.4
1550.65
1584.95
1619.25
1653.6
1687.85
1722.15
1756.45
1790.8
1825.05
1859.4
1893.7
1927.95
1962.3
1996.55
2030.9
2065.2
2099.45
2133.8
2168.1
2202.4
2236.65
2271
2305.3
2339.55
2373.9
2408.2
2442.5
2476.75
2511.1
2545.4
2579.7
2614
2648.25
2682.6
2716.9
2751.2
2785.45
2819.8
2854.1
2888.4
2922.7
2956.95
2991.3
3025.6
3059.9
3094.2
3128.45
3162.8
3197.1
3231.4
3265.65
3300
3334.3
3368.6
3402.85
3437.2
3471.5
3505.8
3540.1
3574.35
3608.7
3643
3677.3
3711.55
3745.9
3780.2
3814.5
3848.8
3883.1
3917.35
3951.7
3986
4020.3
4054.55
4088.9
4123.2
4157.5
4191.75
4226.1
4260.4
4294.7
4328.95
4363.3
4397.6
4431.9
4466.15
4500.5
4534.8
4569.1
4603.4
4637.65
4672
4706.3
4740.6
4774.9
4809.2
4843.45
4877.8
4912.1
4946.4
4980.65
5015
5049.3
5083.6
5117.85
5152.2
5186.5
5220.8
5255.05
5289.4
5323.7
5358
5392.3
5426.55
5460.9
5495.2
5529.5
5563.75
5598.1
5632.4
5666.7
5701
5735.25
5769.6
5803.9
5838.2
5872.5
5906.75
5941.1
5975.4
6009.7
6044
6078.25
6112.6
6146.9
6181.2
6215.5
6249.75
6284.1
6318.4
6352.7
6387
6421.25
6455.6
6489.9
6524.2
6558.45
6592.8
6627.1
6661.4
6695.7
6729.95
6764.3
6798.6
6832.9
6867.15
6901.5
6935.8
6970.1
-1000
25.6
64.6
104.7
145.2
185.85
226.45
267.15
307.9
348.65
389.4
430.25
471.05
511.85
552.6
589.3
624.55
659.2
693.7
728
762.1
796.35
830.5
864.8
898.95
933.25
967.5
1001.75
1036
1070.3
1104.5
1138.85
1173.05
1207.4
1241.65
1275.95
1310.25
1344.55
1378.85
1413.1
1447.4
1481.7
1516
1550.3
1584.6
1618.9
1653.2
1687.5
1721.8
1756.1
1790.4
1824.7
1859
1893.3
1927.6
1961.9
1996.2
2030.5
2064.8
2099.1
2133.4
2167.7
2202
2236.3
2270.6
2304.9
2339.2
2373.5
2407.8
2442.1
2476.4
2510.7
2545
2579.3
2613.6
2647.9
2682.2
2716.5
2750.8
2785.1
2819.4
2853.7
2888
2922.3
2956.6
2990.9
3025.2
3059.5
3093.8
3128.1
3162.4
3196.7
3231
3265.3
3299.6
3333.9
3368.2
3402.5
3436.8
3471.1
3505.4
3539.7
3574
3608.3
3642.6
3676.9
3711.2
3745.5
3779.8
3814.1
3848.4
3882.7
3917
3951.3
3985.6
4019.9
4054.2
4088.5
4122.8
4157.1
4191.4
4225.7
4260
4294.3
4328.6
4362.9
4397.2
4431.5
4465.8
4500.1
4534.4
4568.7
4603
4637.3
4671.6
4705.9
4740.2
4774.5
4808.8
4843.1
4877.4
4911.7
4946
4980.3
5014.6
5048.9
5083.2
5117.5
5151.8
5186.1
5220.4
5254.7
5289
5323.3
5357.6
5391.9
5426.2
5460.5
5494.8
5529.1
5563.4
5597.7
5632
5666.3
5700.6
5734.9
5769.2
5803.5
5837.8
5872.1
5906.4
5940.7
5975
6009.3
6043.6
6077.9
6112.2
6146.5
6180.8
6215.1
6249.4
6283.7
6318
6352.3
6386.6
6420.9
6455.2
6489.5
6523.8
6558.1
6592.4
6626.7
6661
6695.3
6729.6
6763.9
6798.2
6832.5
6866.8
6901.1
6935.4
6969.7
