43.05
92.75
142.45
192.2
241.9
291.6
341.35
391.05
440.8
490.5
529.7
562.3
594.3
626.25
658.2
690.2
722.2
754.2
786.25
818.3
850.35
882.4
914.45
946.55
978.65
1010.7
1042.8
1074.9
1107
1139.1
1171.2
1203.3
1235.45
1267.55
1299.65
1331.8
1363.9
1396
1428.15
1460.25
1492.4
1524.5
1556.6
1588.75
1620.85
1653
1685.1
1717.25
1749.35
1781.5
1813.6
1845.75
1877.85
1910
1942.1
1974.25
2006.35
2038.5
2070.65
2102.75
2134.9
2167
2199.15
2231.25
2263.4
2295.5
2327.65
2359.75
2391.9
2424
2456.15
2488.25
2520.4
2552.55
2584.65
2616.8
2648.9
2681.05
2713.15
2745.3
2777.4
2809.55
2841.65
2873.8
2905.9
2938.05
2970.15
3002.3
3034.45
3066.55
3098.7
3130.8
3162.95
3195.05
3227.2
3259.3
3291.45
3323.55
3355.7
3387.8
3419.95
3452.1
3484.2
3516.35
3548.45
3580.6
3612.7
3644.85
3676.95
3709.1
3741.2
3773.35
3805.45
3837.6
3869.75
3901.85
3934
3966.1
3998.25
4030.35
4062.5
4094.6
4126.75
4158.85
4191
4223.1
4255.25
4287.35
4319.5
4351.65
4383.75
4415.9
4448
4480.15
4512.25
4544.4
4576.5
4608.65
4640.75
4672.9
4705
4737.15
4769.3
4801.4
4833.55
4865.65
4897.8
4929.9
4962.05
4994.15
5026.3
5058.4
5090.55
5122.65
5154.8
5186.95
5219.05
5251.2
5283.3
5315.45
5347.55
5379.7
5411.8
5443.95
5476.05
5508.2
5540.3
5572.45
5604.55
5636.7
5668.85
5700.95
5733.1
5765.2
5797.35
5829.45
5861.6
5893.7
5925.85
5957.95
5990.1
6022.2
6054.35
6086.5
6118.6
6150.75
6182.85
6215
6247.1
6279.25
6311.35
6343.5
6375.6
6407.75
6439.85
6472
6504.15
6536.25
6568.4
6600.5
6632.65
6664.75
6696.9
6729
6761.15
6793.25
6825.4
6857.5
6889.65
6921.75
6953.9
6986.05
-1000
25.6
61.1
92.15
124.3
159.9
190.95
223.15
258.8
289.8
322.15
357.8
388.8
421.2
456.85
487.9
520.35
554.3
587.95
621.25
654.2
686.95
719.55
752
784.4
816.75
849
881.25
913.5
945.7
977.9
1010.1
1042.25
1074.45
1106.6
1138.7
1170.85
1202.95
1235.05
1267.15
1299.25
1331.35
1363.5
1395.6
1427.7
1459.85
1491.95
1524.1
1556.2
1588.35
1620.45
1652.55
1684.7
1716.8
1748.95
1781.05
1813.2
1845.3
1877.45
1909.55
1941.7
1973.8
2005.95
2038.05
2070.2
2102.3
2134.45
2166.55
2198.7
2230.85
2262.95
2295.1
2327.2
2359.35
2391.45
2423.6
2455.7
2487.85
2519.95
2552.1
2584.2
2616.35
2648.45
2680.6
2712.75
2744.85
2777
2809.1
2841.25
2873.35
2905.5
2937.6
2969.75
3001.85
3034
3066.1
3098.25
3130.35
3162.5
3194.65
3226.75
3258.9
3291
3323.15
3355.25
3387.4
3419.5
3451.65
3483.75
3515.9
3548
3580.15
3612.3
3644.4
3676.55
3708.65
3740.8
3772.9
3805.05
3837.15
3869.3
3901.4
3933.55
3965.65
3997.8
4029.95
4062.05
4094.2
4126.3
4158.45
4190.55
4222.7
4254.8
4286.95
4319.05
4351.2
4383.3
4415.45
4447.55
4479.7
4511.85
4543.95
4576.1
4608.2
4640.35
4672.45
4704.6
4736.7
4768.85
4800.95
4833.1
4865.2
4897.35
4929.5
4961.6
4993.75
5025.85
5058
5090.1
5122.25
5154.35
5186.5
5218.6
5250.75
5282.85
5315
5347.15
5379.25
5411.4
5443.5
5475.65
5507.75
5539.9
5572
5604.15
5636.25
5668.4
5700.5
5732.65
5764.75
5796.9
5829.05
5861.15
5893.3
5925.4
5957.55
5989.65
6021.8
6053.9
6086.05
6118.15
6150.3
6182.4
6214.55
6246.7
6278.8
6310.95
6343.05
6375.2
6407.3
6439.45
6471.55
6503.7
6535.8
6567.95
6600.05
6632.2
6664.35
6696.45
6728.6
6760.7
6792.85
6824.95
