27.4
60.45
93.45
126.45
159.45
192.45
225.5
258.5
291.5
324.5
357.5
390.55
423.55
456.55
489.55
522.6
555.6
588.6
621.6
654.6
687.65
720.65
753.65
786.65
819.65
852.7
885.7
918.7
951.7
984.7
1017.75
1050.75
1083.75
1116.75
1149.75
1182.8
1215.8
1248.8
1281.8
1314.85
1347.85
1380.85
1413.85
1446.85
1479.9
1512.9
1545.9
1578.9
1611.9
1644.95
1677.95
1710.95
1743.95
1776.95
1810
1843
1876
1909
1942.05
1975.05
2008.05
2041.05
2074.05
2107.1
2140.1
2173.1
2206.1
2239.1
2272.15
2305.15
2338.15
2371.15
2404.15
2437.2
2470.2
2503.2
2536.2
2569.2
2602.25
2635.25
2668.25
2701.25
2734.3
2767.3
2800.3
2833.3
2866.3
2899.35
2932.35
2965.35
2998.35
3031.35
3064.4
3097.4
3130.4
3163.4
3196.4
3229.45
3262.45
3295.45
3328.45
3361.5
3394.5
3427.5
3460.5
3493.5
3526.55
3559.55
3592.55
3625.55
3658.55
3691.6
3724.6
3757.6
3790.6
3823.6
3856.65
3889.65
3922.65
3955.65
3988.7
4021.7
4054.7
4087.7
4120.7
4153.75
4186.75
4219.75
4252.75
4285.75
4318.8
4351.8
4384.8
4417.8
4450.8
4483.85
4516.85
4549.85
4582.85
4615.85
4648.9
4681.9
4714.9
4747.9
4780.95
4813.95
4846.95
4879.95
4912.95
4946
4979
5012
5045
5078
5111.05
5144.05
5177.05
5210.05
5243.05
5276.1
5309.1
5342.1
5375.1
5408.15
5441.15
5474.15
5507.15
5540.15
5573.2
5606.2
5639.2
5672.2
5705.2
5738.25
5771.25
5804.25
5837.25
5870.25
5903.3
5936.3
5969.3
6002.3
6035.35
6068.35
6101.35
6134.35
6167.35
6200.4
6233.4
6266.4
6299.4
6332.4
6365.45
6398.45
6431.45
6464.45
6497.45
6530.5
6563.5
6596.5
6629.5
6662.5
6695.55
6728.55
6761.55
6794.55
6827.6
6860.6
6893.6
6926.6
6959.6
6992.65
-1000
25.6
58.25
90.95
123.7
156.5
189.4
222.3
255.25
288.2
321.15
354.1
387.1
420.1
453.05
486.1
519.1
552.1
585.1
618.1
651.1
684.15
717.15
750.15
783.15
816.15
849.2
882.2
915.2
948.2
981.2
1014.25
1047.25
1080.25
1113.25
1146.3
1179.3
1212.3
1245.3
1278.3
1311.35
1344.35
1377.35
1410.35
1443.35
1476.4
1509.4
1542.4
1575.4
1608.4
1641.45
1674.45
1707.45
1740.45
1773.5
1806.5
1839.5
1872.5
1905.5
1938.55
1971.55
2004.55
2037.55
2070.55
2103.6
2136.6
2169.6
2202.6
2235.6
2268.65
2301.65
2334.65
2367.65
2400.65
2433.7
2466.7
2499.7
2532.7
2565.75
2598.75
2631.75
2664.75
2697.75
2730.8
2763.8
2796.8
2829.8
2862.8
2895.85
2928.85
2961.85
2994.85
3027.85
3060.9
3093.9
3126.9
3159.9
3192.95
3225.95
3258.95
3291.95
3324.95
3358
3391
3424
3457
3490
3523.05
3556.05
3589.05
3622.05
3655.05
3688.1
3721.1
3754.1
3787.1
3820.1
3853.15
3886.15
3919.15
3952.15
3985.2
4018.2
4051.2
4084.2
4117.2
4150.25
4183.25
4216.25
4249.25
4282.25
4315.3
4348.3
4381.3
4414.3
4447.3
4480.35
4513.35
4546.35
4579.35
4612.4
4645.4
4678.4
4711.4
4744.4
4777.45
4810.45
4843.45
4876.45
4909.45
4942.5
4975.5
5008.5
5041.5
5074.5
5107.55
5140.55
5173.55
5206.55
5239.6
5272.6
5305.6
5338.6
5371.6
5404.65
5437.65
5470.65
5503.65
5536.65
5569.7
5602.7
5635.7
5668.7
5701.7
5734.75
5767.75
5800.75
5833.75
5866.75
5899.8
5932.8
5965.8
5998.8
6031.85
6064.85
6097.85
6130.85
6163.85
6196.9
6229.9
6262.9
6295.9
6328.9
6361.95
6394.95
6427.95
6460.95
6493.95
6527
6560
6593
6626
6659.05
6692.05
6725.05
6758.05
6791.05
6824.1
6857.1
6890.1
6923.1
6956.1
6989.15
