35.15
76.5
117.85
159.2
200.55
241.9
283.25
324.6
365.95
407.3
448.65
490
523.85
557.35
590.85
624.35
657.85
691.35
724.85
758.4
791.9
825.4
858.95
892.45
926
959.55
993.05
1026.6
1060.15
1093.65
1127.2
1160.75
1194.25
1227.8
1261.35
1294.9
1328.45
1361.95
1395.5
1429.05
1462.6
1496.15
1529.65
1563.2
1596.75
1630.3
1663.85
1697.35
1730.9
1764.45
1798
1831.55
1865.1
1898.6
1932.15
1965.7
1999.25
2032.8
2066.35
2099.75
2133.15
2166.55
2199.95
2233.35
2266.75
2300.15
2333.55
2366.95
2400.35
2433.75
2467.15
2500.55
2533.95
2567.35
2600.75
2634.15
2667.55
2700.95
2734.35
2767.75
2801.15
2834.55
2867.95
2901.35
2934.75
2968.15
3001.55
3034.95
3068.35
3101.75
3135.15
3168.55
3201.95
3235.35
3268.75
3302.15
3335.55
3368.95
3402.35
3435.75
3469.15
3502.55
3535.95
3569.35
3602.75
3636.15
3669.55
3702.95
3736.35
3769.75
3803.15
3836.55
3869.95
3903.35
3936.75
3970.15
4003.55
4036.95
4070.35
4103.75
4137.15
4170.55
4203.95
4237.35
4270.75
4304.15
4337.55
4370.95
4404.35
4437.75
4471.15
4504.55
4537.95
4571.35
4604.75
4638.15
4671.55
4704.95
4738.35
4771.75
4805.15
4838.55
4871.95
4905.35
4938.75
4972.15
5005.55
5038.95
5072.35
5105.75
5139.15
5172.55
5205.95
5239.35
5272.75
5306.15
5339.55
5372.95
5406.35
5439.75
5473.15
5506.55
5539.95
5573.35
5606.75
5640.15
5673.55
5706.95
5740.35
5773.75
5807.15
5840.55
5873.95
5907.35
5940.75
5974.15
6007.55
6040.95
6074.35
6107.75
6141.15
6174.55
6207.95
6241.35
6274.75
6308.15
6341.55
6374.95
6408.35
6441.75
6475.15
6508.55
6541.95
6575.35
6608.75
6642.15
6675.55
6708.95
6742.35
6775.75
6809.15
6842.55
6875.95
6909.35
6942.75
6976.15
-1000
25.6
63.75
103.6
144.25
185.25
226.45
267.7
309
350.35
391.7
433.05
474.4
515.75
553.15
588.55
623.05
657.2
691.1
724.65
758.15
791.65
825.2
858.7
892.2
925.8
959.25
992.85
1026.4
1059.85
1093.45
1126.95
1160.5
1194.05
1227.6
1261.15
1294.65
1328.2
1361.75
1395.3
1428.8
1462.4
1495.85
1529.45
1562.95
1596.55
1630.05
1663.6
1697.15
1730.7
1764.25
1797.75
1831.3
1864.85
1898.4
1931.95
1965.5
1999
2032.55
2066.1
2099.65
2132.9
2166.45
2199.7
2233.2
2266.5
2300
2333.35
2366.8
2400.15
2433.6
2466.95
2500.4
2533.8
2567.2
2600.6
2634
2667.4
2700.8
2734.2
2767.6
2801
2834.4
2867.8
2901.2
2934.6
2968
3001.4
3034.8
3068.2
3101.6
3135
3168.4
3201.8
3235.2
3268.6
3302
3335.4
3368.8
3402.2
3435.6
3469
3502.4
3535.8
3569.2
3602.6
3636
3669.4
3702.8
3736.2
3769.6
3803
3836.4
3869.8
3903.2
3936.6
3970
4003.4
4036.8
4070.2
4103.6
4137
4170.4
4203.8
4237.2
4270.6
4304
4337.4
4370.8
4404.2
4437.6
4471
4504.4
4537.8
4571.2
4604.6
4638
4671.4
4704.8
4738.2
4771.6
4805
4838.4
4871.8
4905.2
4938.6
4972
5005.4
5038.8
5072.2
5105.6
5139
5172.4
5205.8
5239.2
5272.6
5306
5339.4
5372.8
5406.2
5439.6
5473
5506.4
5539.8
5573.2
5606.6
5640
5673.4
5706.8
5740.2
5773.6
5807
5840.4
5873.8
5907.2
5940.6
5974
6007.4
6040.8
6074.2
6107.6
6141
6174.4
6207.8
6241.2
6274.6
6308
6341.4
6374.8
6408.2
6441.6
6475
6508.4
6541.8
6575.2
6608.6
6642
6675.4
6708.8
6742.2
6775.6
6809
6842.4
6875.8
6909.2
6942.6
6976
