38.3
83
127.7
172.35
217.05
261.75
306.45
351.15
395.85
440.55
485.25
529.95
563.45
596.3
629.05
661.85
694.6
727.4
760.2
793
825.85
858.65
891.5
924.35
957.15
990
1022.85
1055.7
1088.55
1121.4
1154.25
1187.1
1219.95
1252.8
1285.65
1318.55
1351.4
1384.25
1417.1
1449.95
1482.85
1515.7
1548.55
1581.4
1614.3
1647.15
1680
1712.9
1745.75
1778.6
1811.45
1844.35
1877.2
1910.05
1942.95
1975.8
2008.65
2041.5
2074.25
2107
2139.7
2172.45
2205.15
2237.9
2270.6
2303.35
2336.05
2368.8
2401.5
2434.25
2466.95
2499.7
2532.4
2565.15
2597.85
2630.6
2663.3
2696.05
2728.75
2761.5
2794.2
2826.95
2859.65
2892.4
2925.1
2957.85
2990.55
3023.3
3056
3088.75
3121.45
3154.2
3186.9
3219.65
3252.35
3285.1
3317.8
3350.55
3383.25
3416
3448.7
3481.45
3514.15
3546.9
3579.6
3612.35
3645.05
3677.8
3710.5
3743.25
3775.95
3808.7
3841.4
3874.15
3906.85
3939.6
3972.3
4005.05
4037.75
4070.5
4103.2
4135.95
4168.65
4201.4
4234.1
4266.85
4299.55
4332.3
4365
4397.75
4430.45
4463.2
4495.9
4528.65
4561.35
4594.1
4626.8
4659.55
4692.25
4725
4757.7
4790.45
4823.15
4855.9
4888.6
4921.35
4954.05
4986.8
5019.5
5052.25
5084.95
5117.7
5150.4
5183.15
5215.85
5248.6
5281.3
5314.05
5346.75
5379.5
5412.2
5444.95
5477.65
5510.4
5543.1
5575.85
5608.55
5641.3
5674
5706.75
5739.45
5772.2
5804.9
5837.65
5870.35
5903.1
5935.8
5968.55
6001.25
6034
6066.7
6099.45
6132.15
6164.9
6197.6
6230.35
6263.05
6295.8
6328.5
6361.25
6393.95
6426.7
6459.4
6492.15
6524.85
6557.6
6590.3
6623.05
6655.75
6688.5
6721.2
6753.95
6786.65
6819.4
6852.1
6884.85
6917.55
6950.3
6983
-1000
25.6
62.6
101.6
138.9
169.9
203.25
240.65
279.7
316.2
347.15
381
418.75
457.65
492.8
523.65
558.25
592.45
626.25
659.7
692.95
726.05
759.1
792.1
825.05
858
890.9
923.8
956.7
989.55
1022.4
1055.25
1088.1
1120.9
1153.75
1186.65
1219.5
1252.35
1285.2
1318.05
1350.9
1383.75
1416.65
1449.5
1482.35
1515.2
1548.05
1580.95
1613.8
1646.65
1679.5
1712.4
1745.25
1778.1
1811
1843.85
1876.7
1909.55
1942.45
1975.3
2008.15
2041.05
2073.9
2106.7
2139.4
2172.15
2204.85
2237.6
2270.3
2303.05
2335.75
2368.5
2401.2
2433.95
2466.65
2499.4
2532.1
2564.85
2597.55
2630.3
2663
2695.75
2728.45
2761.2
2793.9
2826.65
2859.35
2892.1
2924.8
2957.55
2990.25
3023
3055.7
3088.45
3121.15
3153.9
3186.6
3219.35
3252.05
3284.8
3317.5
3350.25
3382.95
3415.7
3448.4
3481.15
3513.85
3546.6
3579.3
3612.05
3644.75
3677.5
3710.2
3742.95
3775.65
3808.4
3841.1
3873.85
3906.55
3939.3
3972
4004.75
4037.45
4070.2
4102.9
4135.65
4168.35
4201.1
4233.8
4266.55
4299.25
4332
4364.7
4397.45
4430.15
4462.9
4495.6
4528.35
4561.05
4593.8
4626.5
4659.25
4691.95
4724.7
4757.4
4790.15
4822.85
4855.6
4888.3
4921.05
4953.75
4986.5
5019.2
5051.95
5084.65
5117.4
5150.1
5182.85
5215.55
5248.3
5281
5313.75
5346.45
5379.2
5411.9
5444.65
5477.35
5510.1
5542.8
5575.55
5608.25
5641
5673.7
5706.45
5739.15
5771.9
5804.6
5837.35
5870.05
5902.8
5935.5
5968.25
6000.95
6033.7
6066.4
6099.15
6131.85
6164.6
6197.3
6230.05
6262.75
6295.5
6328.2
6360.95
6393.65
6426.4
6459.1
6491.85
6524.55
6557.3
6590
6622.75
6655.45
6688.2
6720.9
6753.65
6786.35
6819.1
6851.8
6884.55
