29.55
64.85
100.15
135.5
170.8
206.1
241.4
276.75
312.05
347.35
382.7
418
453.3
488.6
523.95
557.5
590.95
624.4
657.85
691.3
724.75
758.2
791.65
825.1
858.55
892
925.45
958.9
992.35
1025.8
1059.25
1092.7
1126.15
1159.6
1193.05
1226.5
1259.95
1293.45
1326.9
1360.35
1393.8
1427.25
1460.7
1494.15
1527.6
1561.05
1594.5
1627.95
1661.4
1694.85
1728.3
1761.75
1795.2
1828.65
1862.1
1895.55
1929
1962.5
1995.95
2029.4
2062.85
2096.15
2129.5
2162.8
2196.15
2229.45
2262.8
2296.1
2329.45
2362.75
2396.1
2429.4
2462.75
2496.05
2529.35
2562.7
2596
2629.35
2662.65
2696
2729.3
2762.65
2795.95
2829.3
2862.6
2895.95
2929.25
2962.6
2995.9
3029.2
3062.55
3095.85
3129.2
3162.5
3195.85
3229.15
3262.5
3295.8
3329.15
3362.45
3395.8
3429.1
3462.45
3495.75
3529.05
3562.4
3595.7
3629.05
3662.35
3695.7
3729
3762.35
3795.65
3829
3862.3
3895.65
3928.95
3962.3
3995.6
4028.9
4062.25
4095.55
4128.9
4162.2
4195.55
4228.85
4262.2
4295.5
4328.85
4362.15
4395.5
4428.8
4462.15
4495.45
4528.75
4562.1
4595.4
4628.75
4662.05
4695.4
4728.7
4762.05
4795.35
4828.7
4862
4895.35
4928.65
4962
4995.3
5028.6
5061.95
5095.25
5128.6
5161.9
5195.25
5228.55
5261.9
5295.2
5328.55
5361.85
5395.2
5428.5
5461.85
5495.15
5528.45
5561.8
5595.1
5628.45
5661.75
5695.1
5728.4
5761.75
5795.05
5828.4
5861.7
5895.05
5928.35
5961.7
5995
6028.3
6061.65
6094.95
6128.3
6161.6
6194.95
6228.25
6261.6
6294.9
6328.25
6361.55
6394.9
6428.2
6461.55
6494.85
6528.15
6561.5
6594.8
6628.15
6661.45
6694.8
6728.1
6761.45
6794.75
6828.1
6861.4
6894.75
6928.05
6961.4
6994.7
-1000
25.6
60.35
95.3
130.45
165.7
200.9
236.2
271.55
306.85
342.1
377.45
412.75
448.1
483.4
518.7
554.05
588.55
622.65
656.55
690.2
723.85
757.4
791
824.55
858.1
891.6
925.05
958.5
991.95
1025.4
1058.85
1092.3
1125.75
1159.2
1192.65
1226.1
1259.55
1293
1326.45
1359.9
1393.35
1426.8
1460.25
1493.7
1527.15
1560.6
1594.05
1627.5
1661
1694.45
1727.9
1761.35
1794.8
1828.25
1861.7
1895.15
1928.6
1962.05
1995.5
2028.95
2062.4
2095.85
2129.2
2162.5
2195.85
2229.1
2262.5
2295.75
2329.15
2362.4
2395.8
2429.05
2462.45
2495.7
2529.05
2562.4
2595.7
2629.05
2662.3
2695.7
2728.95
2762.35
2795.6
2829
2862.25
2895.65
2928.9
2962.25
2995.6
3028.9
3062.25
3095.55
3128.9
3162.15
3195.55
3228.8
3262.2
3295.45
3328.85
3362.1
3395.5
3428.75
3462.15
3495.4
3528.75
3562.1
3595.4
3628.75
3662
3695.4
3728.65
3762.05
3795.3
3828.7
3861.95
3895.35
3928.6
3962
3995.25
4028.6
4061.95
4095.25
4128.6
4161.9
4195.25
4228.5
4261.9
4295.15
4328.55
4361.8
4395.2
4428.45
4461.85
4495.1
4528.45
4561.8
4595.1
4628.45
4661.75
4695.1
4728.35
4761.75
4795
4828.4
4861.65
4895.05
4928.3
4961.7
4994.95
5028.3
5061.65
5094.95
5128.3
5161.6
5194.95
5228.2
5261.6
5294.85
5328.25
5361.5
5394.9
5428.15
5461.55
5494.8
5528.15
5561.5
5594.8
5628.15
5661.45
5694.8
5728.05
5761.45
5794.7
5828.1
5861.35
5894.75
5928
5961.4
5994.65
6028
6061.35
6094.65
6128
6161.3
6194.65
6227.9
6261.3
6294.55
6327.95
6361.2
6394.6
6427.85
6461.25
6494.5
6527.85
6561.2
6594.5
6627.85
6661.15
6694.5
6727.75
6761.15
6794.4
6827.8
6861.05
6894.45
6927.7
6961.1
6994.35
