27.75
61.1
94.5
127.85
161.2
194.6
227.95
261.35
294.7
328.05
361.45
394.8
428.2
461.55
494.9
526.5
558.05
589.6
621.15
652.7
684.25
715.85
747.4
778.95
810.5
842.05
873.6
905.15
936.7
968.3
999.85
1031.4
1062.95
1094.5
1126.05
1157.6
1189.2
1220.75
1252.3
1283.85
1315.4
1346.95
1378.55
1410.1
1441.65
1473.2
1504.75
1536.3
1567.85
1599.45
1631
1662.55
1694.1
1725.65
1757.2
1788.8
1820.35
1851.9
1883.45
1915
1946.55
1978.15
2009.7
2041.25
2072.7
2104.15
2135.6
2167
2198.45
2229.9
2261.35
2292.8
2324.2
2355.65
2387.1
2418.55
2450
2481.4
2512.85
2544.3
2575.75
2607.2
2638.65
2670.05
2701.5
2732.95
2764.4
2795.85
2827.25
2858.7
2890.15
2921.6
2953.05
2984.5
3015.9
3047.35
3078.8
3110.25
3141.7
3173.1
3204.55
3236
3267.45
3298.9
3330.35
3361.75
3393.2
3424.65
3456.1
3487.55
3518.95
3550.4
3581.85
3613.3
3644.75
3676.15
3707.6
3739.05
3770.5
3801.95
3833.4
3864.8
3896.25
3927.7
3959.15
3990.6
4022
4053.45
4084.9
4116.35
4147.8
4179.25
4210.65
4242.1
4273.55
4305
4336.45
4367.85
4399.3
4430.75
4462.2
4493.65
4525.1
4556.5
4587.95
4619.4
4650.85
4682.3
4713.7
4745.15
4776.6
4808.05
4839.5
4870.95
4902.35
4933.8
4965.25
4996.7
5028.15
5059.55
5091
5122.45
5153.9
5185.35
5216.75
5248.2
5279.65
5311.1
5342.55
5374
5405.4
5436.85
5468.3
5499.75
5531.2
5562.6
5594.05
5625.5
5656.95
5688.4
5719.85
5751.25
5782.7
5814.15
5845.6
5877.05
5908.45
5939.9
5971.35
6002.8
6034.25
6065.7
6097.1
6128.55
6160
6191.45
6222.9
6254.3
6285.75
6317.2
6348.65
6380.1
6411.5
6442.95
6474.4
6505.85
6537.3
6568.75
6600.15
6631.6
6663.05
6694.5
6725.95
6757.35
6788.8
6820.25
6851.7
6883.15
6914.6
6946
6977.45
-1000
25.6
57.35
89.25
121.35
153.6
185.95
218.45
251.05
283.75
316.5
349.35
382.25
415.2
448.2
481.2
514.3
547.2
579.95
612.6
645.1
677.45
709.75
741.95
774.05
806.1
838.05
870
901.9
933.75
965.6
997.4
1029.15
1060.9
1092.65
1124.35
1156.05
1187.75
1219.45
1251.1
1282.75
1314.4
1346.05
1377.7
1409.35
1441
1472.6
1504.25
1535.85
1567.5
1599.05
1630.65
1662.2
1693.8
1725.35
1756.95
1788.5
1820.05
1851.6
1883.15
1914.75
1946.3
1977.85
2009.4
2040.95
2072.5
2104
2135.5
2166.95
2198.4
2229.85
2261.3
2292.75
2324.2
2355.65
2387.1
2418.5
2449.95
2481.4
2512.85
2544.3
2575.75
2607.15
2638.6
2670.05
2701.5
2732.95
2764.35
2795.8
2827.25
2858.7
2890.15
2921.6
2953
2984.45
3015.9
3047.35
3078.8
3110.2
3141.65
3173.1
3204.55
3236
3267.4
3298.85
3330.3
3361.75
3393.2
3424.65
3456.05
3487.5
3518.95
3550.4
3581.85
3613.25
3644.7
3676.15
3707.6
3739.05
3770.5
3801.9
3833.35
3864.8
3896.25
3927.7
3959.1
3990.55
4022
4053.45
4084.9
4116.35
4147.75
4179.2
4210.65
4242.1
4273.55
4304.95
4336.4
4367.85
4399.3
4430.75
4462.15
4493.6
4525.05
4556.5
4587.95
4619.4
4650.8
4682.25
4713.7
4745.15
4776.6
4808
4839.45
4870.9
4902.35
4933.8
4965.25
4996.65
5028.1
5059.55
5091
5122.45
5153.85
5185.3
5216.75
5248.2
5279.65
5311.1
5342.5
5373.95
5405.4
5436.85
5468.3
5499.7
5531.15
5562.6
5594.05
5625.5
5656.95
5688.35
5719.8
5751.25
5782.7
5814.15
5845.55
5877
5908.45
5939.9
5971.35
6002.75
6034.2
6065.65
6097.1
6128.55
6160
6191.4
6222.85
6254.3
6285.75
6317.2
6348.6
6380.05
6411.5
6442.95
6474.4
6505.85
6537.25
6568.7
6600.15
6631.6
6663.05
6694.45
6725.9
6757.35
6788.8
6820.25
6851.7
6883.1
6914.55
6946
6977.45
