34.05
74.2
114.4
154.55
194.75
234.9
275.1
315.25
355.45
395.6
435.8
475.95
516.15
550.8
585.2
619.55
653.9
688.3
722.65
757
791.4
825.75
860.15
894.5
928.9
963.25
997.65
1032.05
1066.4
1100.8
1135.2
1169.55
1203.95
1238.35
1272.7
1307.1
1341.5
1375.85
1410.25
1444.65
1479
1513.4
1547.8
1582.2
1616.55
1650.95
1685.35
1719.7
1754.1
1788.5
1822.9
1857.25
1891.65
1926.05
1960.45
1994.8
2029.2
2063.6
2097.85
2132.1
2166.3
2200.55
2234.8
2269.05
2303.3
2337.55
2371.75
2406
2440.25
2474.5
2508.75
2543
2577.2
2611.45
2645.7
2679.95
2714.2
2748.45
2782.7
2816.9
2851.15
2885.4
2919.65
2953.9
2988.15
3022.35
3056.6
3090.85
3125.1
3159.35
3193.6
3227.85
3262.05
3296.3
3330.55
3364.8
3399.05
3433.3
3467.5
3501.75
3536
3570.25
3604.5
3638.75
3673
3707.2
3741.45
3775.7
3809.95
3844.2
3878.45
3912.65
3946.9
3981.15
4015.4
4049.65
4083.9
4118.1
4152.35
4186.6
4220.85
4255.1
4289.35
4323.6
4357.8
4392.05
4426.3
4460.55
4494.8
4529.05
4563.25
4597.5
4631.75
4666
4700.25
4734.5
4768.75
4802.95
4837.2
4871.45
4905.7
4939.95
4974.2
5008.4
5042.65
5076.9
5111.15
5145.4
5179.65
5213.9
5248.1
5282.35
5316.6
5350.85
5385.1
5419.35
5453.55
5487.8
5522.05
5556.3
5590.55
5624.8
5659.05
5693.25
5727.5
5761.75
5796
5830.25
5864.5
5898.7
5932.95
5967.2
6001.45
6035.7
6069.95
6104.15
6138.4
6172.65
6206.9
6241.15
6275.4
6309.65
6343.85
6378.1
6412.35
6446.6
6480.85
6515.1
6549.3
6583.55
6617.8
6652.05
6686.3
6720.55
6754.8
6789
6823.25
6857.5
6891.75
6926
6960.25
6994.45
-1000
25.6
63.85
103.35
143.15
183.25
223.4
263.6
303.75
343.95
384.1
424.3
464.45
504.65
544.8
581.75
617.3
652.2
686.9
721.45
755.85
790.35
824.75
859.2
893.6
928
962.4
996.8
1031.15
1065.5
1099.9
1134.25
1168.65
1203.05
1237.4
1271.8
1306.2
1340.55
1374.95
1409.35
1443.7
1478.1
1512.5
1546.9
1581.3
1615.7
1650.1
1684.45
1718.8
1753.2
1787.6
1821.95
1856.35
1890.75
1925.1
1959.5
1993.9
2028.3
2062.65
2097.05
2131.4
2165.75
2200.05
2234.35
2268.6
2302.8
2337.05
2371.3
2405.55
2439.8
2474.05
2508.25
2542.5
2576.75
2611
2645.25
2679.5
2713.7
2747.95
2782.2
2816.45
2850.7
2884.95
2919.15
2953.35
2987.65
3021.9
3056.15
3090.4
3124.65
3158.85
3193.1
3227.35
3261.6
3295.85
3330.1
3364.3
3398.55
3432.8
3467.05
3501.3
3535.55
3569.8
3604
3638.25
3672.5
3706.75
3741
3775.25
3809.45
3843.7
3877.95
3912.2
3946.45
3980.7
4014.9
4049.1
4083.4
4117.65
4151.9
4186.15
4220.4
4254.6
4288.85
4323.1
4357.35
4391.6
4425.85
4460.05
4494.25
4528.55
4562.8
4597.05
4631.3
4665.55
4699.75
4734
4768.25
4802.5
4836.75
4871
4905.2
4939.4
4973.7
5007.95
5042.2
5076.45
5110.7
5144.9
5179.15
5213.4
5247.65
5281.9
5316.15
5350.35
5384.6
5418.85
5453.1
5487.35
5521.6
5555.85
5590.05
5624.3
5658.55
5692.8
5727.05
5761.3
5795.5
5829.75
5864
5898.25
5932.5
5966.75
6000.95
6035.15
6069.45
6103.7
6137.95
6172.2
6206.45
6240.65
6274.9
6309.15
6343.4
6377.65
6411.9
6446.1
6480.3
6514.6
6548.85
6583.1
6617.35
6651.6
6685.8
6720.05
6754.3
6788.55
6822.8
6857.05
6891.25
6925.45
6959.75
6994
