56.7
120.65
184.65
248.65
312.65
376.6
440.6
504.6
538.5
571.3
604.05
636.8
669.6
702.4
735.25
768.15
801.05
834
866.95
899.9
932.9
965.9
998.9
1031.95
1064.95
1098
1131.05
1164.1
1197.15
1230.2
1263.25
1296.3
1329.35
1362.45
1395.5
1428.55
1461.65
1494.7
1527.8
1560.85
1593.95
1627.05
1660.1
1693.2
1726.25
1759.35
1792.4
1825.5
1858.6
1891.65
1924.75
1957.85
1990.9
2024
2057.1
2090.15
2123.25
2156.35
2189.4
2222.5
2255.6
2288.65
2321.75
2354.8
2387.9
2421
2454.05
2487.15
2520.25
2553.35
2586.4
2619.5
2652.55
2685.65
2718.75
2751.8
2784.9
2818
2851.1
2884.15
2917.25
2950.3
2983.4
3016.5
3049.6
3082.65
3115.75
3148.8
3181.9
3215
3248.1
3281.15
3314.25
3347.3
3380.4
3413.5
3446.55
3479.65
3512.75
3545.85
3578.9
3612
3645.05
3678.15
3711.25
3744.35
3777.4
3810.5
3843.55
3876.65
3909.75
3942.85
3975.9
4009
4042.05
4075.15
4108.25
4141.35
4174.4
4207.5
4240.55
4273.65
4306.75
4339.85
4372.9
4406
4439.05
4472.15
4505.25
4538.35
4571.4
4604.5
4637.55
4670.65
4703.75
4736.85
4769.9
4803
4836.05
4869.15
4902.25
4935.35
4968.4
5001.5
5034.55
5067.65
5100.75
5133.85
5166.9
5200
5233.05
5266.15
5299.25
5332.35
5365.4
5398.5
5431.55
5464.65
5497.75
5530.8
5563.9
5597
5630.1
5663.15
5696.25
5729.3
5762.4
5795.5
5828.6
5861.65
5894.75
5927.8
5960.9
5994
6027.1
6060.15
6093.25
6126.3
6159.4
6192.5
6225.6
6258.65
6291.75
6324.8
6357.9
6391
6424.1
6457.15
6490.25
6523.3
6556.4
6589.5
6622.6
6655.65
6688.75
6721.8
6754.9
6788
6821.1
6854.15
6887.25
6920.3
6953.4
6986.5
-1000
25.6
56.65
89.2
120.2
153.3
184.3
217.3
248.35
281.25
312.3
345.25
376.3
409.25
440.3
473.25
504.3
537.2
570.45
603.65
636.65
669.35
702.15
735.05
767.85
800.75
833.7
866.6
899.6
932.55
965.55
998.55
1031.55
1064.55
1097.6
1130.6
1163.65
1196.7
1229.75
1262.8
1295.85
1328.9
1362
1395.05
1428.15
1461.2
1494.25
1527.35
1560.4
1593.5
1626.55
1659.6
1692.7
1725.8
1758.9
1791.95
1825.05
1858.1
1891.15
1924.25
1957.35
1990.4
2023.5
2056.6
2089.65
2122.75
2155.85
2188.95
2222
2255.1
2288.2
2321.25
2354.35
2387.45
2420.5
2453.6
2486.7
2519.75
2552.85
2585.95
2619
2652.1
2685.2
2718.25
2751.35
2784.45
2817.5
2850.6
2883.7
2916.75
2949.85
2982.95
3016
3049.1
3082.2
3115.25
3148.35
3181.45
3214.5
3247.6
3280.7
3313.75
3346.85
3379.95
3413
3446.1
3479.2
3512.25
3545.35
3578.45
3611.5
3644.6
3677.7
3710.75
3743.85
3776.95
3810
3843.1
3876.2
3909.25
3942.35
3975.45
4008.5
4041.6
4074.7
4107.75
4140.85
4173.95
4207
4240.1
4273.2
4306.25
4339.35
4372.45
4405.5
4438.6
4471.7
4504.75
4537.85
4570.95
4604
4637.1
4670.2
4703.25
4736.35
4769.45
4802.5
4835.6
4868.7
4901.75
4934.85
4967.95
5001
5034.1
5067.2
5100.25
5133.35
5166.45
5199.5
5232.6
5265.7
5298.75
5331.85
5364.95
5398
5431.1
5464.2
5497.25
5530.35
5563.45
5596.5
5629.6
5662.7
5695.75
5728.85
5761.95
5795
5828.1
5861.2
5894.25
5927.35
5960.45
5993.5
6026.6
6059.7
6092.75
6125.85
6158.95
6192
6225.1
6258.2
6291.25
6324.35
6357.45
6390.5
6423.6
6456.7
6489.75
6522.85
6555.95
6589
6622.1
6655.2
6688.25
6721.35
