30.75
67.35
104
140.6
177.2
213.85
250.45
287.05
323.7
360.3
396.95
433.55
470.15
506.8
538.55
570.1
601.6
633.1
664.6
696.1
727.65
759.15
790.7
822.2
853.7
885.25
916.75
948.3
979.8
1011.35
1042.9
1074.4
1105.95
1137.45
1169
1200.5
1232.05
1263.6
1295.1
1326.65
1358.2
1389.7
1421.25
1452.8
1484.3
1515.85
1547.35
1578.9
1610.45
1641.95
1673.5
1705.05
1736.55
1768.1
1799.65
1831.15
1862.7
1894.25
1925.75
1957.3
1988.85
2020.35
2051.9
2083.45
2114.95
2146.5
2178.05
2209.55
2241.1
2272.65
2304.15
2335.7
2367.25
2398.75
2430.3
2461.85
2493.35
2524.9
2556.45
2587.95
2619.5
2651
2682.55
2714.1
2745.6
2777.15
2808.7
2840.2
2871.75
2903.3
2934.85
2966.35
2997.9
3029.4
3060.95
3092.5
3124
3155.55
3187.1
3218.6
3250.15
3281.7
3313.2
3344.75
3376.3
3407.8
3439.35
3470.9
3502.4
3533.95
3565.5
3597.05
3628.55
3660.1
3691.6
3723.15
3754.7
3786.2
3817.75
3849.3
3880.8
3912.35
3943.9
3975.4
4006.95
4038.5
4070.05
4101.55
4133.1
4164.6
4196.15
4227.7
4259.2
4290.75
4322.3
4353.8
4385.35
4416.9
4448.4
4479.95
4511.5
4543.05
4574.55
4606.1
4637.6
4669.15
4700.7
4732.2
4763.75
4795.3
4826.8
4858.35
4889.9
4921.4
4952.95
4984.5
5016
5047.55
5079.1
5110.65
5142.15
5173.7
5205.2
5236.75
5268.3
5299.8
5331.35
5362.9
5394.4
5425.95
5457.5
5489
5520.55
5552.1
5583.65
5615.15
5646.7
5678.2
5709.75
5741.3
5772.8
5804.35
5835.9
5867.4
5898.95
5930.5
5962
5993.55
6025.1
6056.65
6088.15
6119.7
6151.2
6182.75
6214.3
6245.8
6277.35
6308.9
6340.4
6371.95
6403.5
6435
6466.55
6498.1
6529.6
6561.15
6592.7
6624.2
6655.75
6687.3
6718.85
6750.35
6781.9
6813.4
6844.95
6876.5
6908
6939.55
6971.1
-1000
25.6
57.65
90.3
123.35
156.65
189.9
222.7
254.4
285.3
317
349.25
382.05
415.25
448.5
481.7
514.2
546.9
579.8
612.85
646.1
679.4
712.7
745.9
778.9
811.8
844.45
877.05
909.5
941.8
974.05
1006.2
1038.25
1070.3
1102.25
1134.15
1166
1197.85
1229.65
1261.45
1293.15
1324.9
1356.6
1388.3
1419.95
1451.6
1483.3
1514.95
1546.6
1578.25
1609.85
1641.5
1673.1
1704.7
1736.25
1767.85
1799.4
1830.9
1862.45
1894
1925.55
1957.05
1988.6
2020.15
2051.65
2083.2
2114.75
2146.25
2177.8
2209.35
2240.85
2272.4
2303.95
2335.45
2367
2398.55
2430.05
2461.6
2493.15
2524.65
2556.2
2587.7
2619.25
2650.8
2682.3
2713.85
2745.4
2776.9
2808.45
2840
2871.5
2903.05
2934.6
2966.1
2997.65
3029.2
3060.7
3092.25
3123.8
3155.3
3186.85
3218.4
3249.9
3281.45
3313
3344.5
3376.05
3407.6
3439.1
3470.65
3502.2
3533.7
3565.25
3596.8
3628.3
3659.85
3691.4
3722.9
3754.45
3786
3817.5
3849.05
3880.6
3912.1
3943.65
3975.2
4006.7
4038.25
4069.8
4101.3
4132.85
4164.4
4195.9
4227.45
4259
4290.5
4322.05
4353.6
4385.1
4416.65
4448.2
4479.7
4511.25
4542.8
4574.3
4605.85
4637.4
4668.9
4700.45
4732
4763.5
4795.05
4826.6
4858.1
4889.65
4921.2
4952.7
4984.25
5015.8
5047.3
5078.85
5110.4
5141.9
5173.45
5205
5236.5
5268.05
5299.6
5331.1
5362.65
5394.2
5425.7
5457.25
5488.8
5520.3
5551.85
5583.4
5614.9
5646.45
5678
5709.5
5741.05
5772.6
5804.1
5835.65
5867.2
5898.7
5930.25
5961.8
5993.3
6024.85
6056.4
6087.9
6119.45
6151
6182.5
6214.05
6245.6
6277.1
6308.65
6340.2
6371.7
6403.25
6434.8
6466.3
6497.85
6529.4
6560.9
6592.45
6624
6655.5
6687.05
6718.6
6750.1
6781.65
6813.2
6844.7
6876.25
6907.8
6939.3
