29.15
64.05
98.95
133.85
168.75
203.65
238.6
273.5
308.4
343.3
378.2
413.1
448
482.9
517.8
550.1
582.2
614.25
646.3
678.4
710.5
742.55
774.65
806.7
838.8
870.85
902.95
935.05
967.1
999.2
1031.25
1063.35
1095.45
1127.5
1159.6
1191.65
1223.75
1255.85
1287.9
1320
1352.1
1384.15
1416.25
1448.35
1480.4
1512.5
1544.55
1576.65
1608.75
1640.8
1672.9
1705
1737.05
1769.15
1801.25
1833.3
1865.4
1897.5
1929.55
1961.65
1993.75
2025.8
2057.9
2089.85
2121.8
2153.8
2185.75
2217.7
2249.65
2281.6
2313.6
2345.55
2377.5
2409.45
2441.4
2473.4
2505.35
2537.3
2569.25
2601.2
2633.15
2665.15
2697.1
2729.05
2761
2792.95
2824.95
2856.9
2888.85
2920.8
2952.75
2984.75
3016.7
3048.65
3080.6
3112.55
3144.55
3176.5
3208.45
3240.4
3272.35
3304.35
3336.3
3368.25
3400.2
3432.15
3464.15
3496.1
3528.05
3560
3591.95
3623.95
3655.9
3687.85
3719.8
3751.75
3783.75
3815.7
3847.65
3879.6
3911.55
3943.55
3975.5
4007.45
4039.4
4071.35
4103.3
4135.3
4167.25
4199.2
4231.15
4263.1
4295.1
4327.05
4359
4390.95
4422.9
4454.9
4486.85
4518.8
4550.75
4582.7
4614.7
4646.65
4678.6
4710.55
4742.5
4774.5
4806.45
4838.4
4870.35
4902.3
4934.3
4966.25
4998.2
5030.15
5062.1
5094.1
5126.05
5158
5189.95
5221.9
5253.9
5285.85
5317.8
5349.75
5381.7
5413.7
5445.65
5477.6
5509.55
5541.5
5573.5
5605.45
5637.4
5669.35
5701.3
5733.25
5765.25
5797.2
5829.15
5861.1
5893.05
5925.05
5957
5988.95
6020.9
6052.85
6084.85
6116.8
6148.75
6180.7
6212.65
6244.65
6276.6
6308.55
6340.5
6372.45
6404.45
6436.4
6468.35
6500.3
6532.25
6564.25
6596.2
6628.15
6660.1
6692.05
6724.05
6756
6787.95
6819.9
6851.85
6883.85
6915.8
6947.75
6979.7
-1000
25.6
58.3
91.45
125
158.85
192.95
227.25
261.65
296.2
330.8
365.45
400.2
434.9
469.6
504.4
539.25
573.55
607.35
640.7
673.85
706.7
739.4
772
804.5
836.9
869.25
901.55
933.75
966
998.25
1030.45
1062.65
1094.8
1127
1159.15
1191.3
1223.4
1255.5
1287.55
1319.65
1351.7
1383.8
1415.9
1447.95
1480.05
1512.15
1544.2
1576.3
1608.4
1640.45
1672.55
1704.65
1736.7
1768.8
1800.85
1832.95
1865.05
1897.1
1929.2
1961.3
1993.35
2025.45
2057.55
2089.6
2121.65
2153.6
2185.55
2217.5
2249.45
2281.45
2313.4
2345.35
2377.3
2409.25
2441.25
2473.2
2505.15
2537.1
2569.05
2601.05
2633
2664.95
2696.9
2728.85
2760.85
2792.8
2824.75
2856.7
2888.65
2920.65
2952.6
2984.55
3016.5
3048.45
3080.4
3112.4
3144.35
3176.3
3208.25
3240.2
3272.2
3304.15
3336.1
3368.05
3400
3432
3463.95
3495.9
3527.85
3559.8
3591.8
3623.75
3655.7
3687.65
3719.6
3751.6
3783.55
3815.5
3847.45
3879.4
3911.4
3943.35
3975.3
4007.25
4039.2
4071.2
4103.15
4135.1
4167.05
4199
4231
4262.95
4294.9
4326.85
4358.8
4390.8
4422.75
4454.7
4486.65
4518.6
4550.55
4582.55
4614.5
4646.45
4678.4
4710.35
4742.35
4774.3
4806.25
4838.2
4870.15
4902.15
4934.1
4966.05
4998
5029.95
5061.95
5093.9
5125.85
5157.8
5189.75
5221.75
5253.7
5285.65
5317.6
5349.55
5381.55
5413.5
5445.45
5477.4
5509.35
5541.35
5573.3
5605.25
5637.2
5669.15
5701.15
5733.1
5765.05
5797
5828.95
5860.95
5892.9
5924.85
5956.8
5988.75
6020.75
6052.7
6084.65
6116.6
6148.55
6180.5
6212.5
6244.45
6276.4
6308.35
6340.3
6372.3
6404.25
6436.2
6468.15
6500.1
6532.1
6564.05
6596
6627.95
6659.9
6691.9
6723.85
6755.8
6787.75
6819.7
6851.7
6883.65
6915.6
6947.55
6979.5
