42.15
90.95
139.7
188.5
237.3
286.1
334.85
383.65
432.45
481.25
530
564.4
598.2
631.95
665.7
699.5
733.3
767.1
800.9
834.75
868.6
902.45
936.3
970.15
1004
1037.9
1071.75
1105.65
1139.5
1173.4
1207.3
1241.15
1275.05
1308.95
1342.85
1376.7
1410.6
1444.5
1478.4
1512.3
1546.2
1580.05
1613.95
1647.85
1681.75
1715.65
1749.55
1783.45
1817.35
1851.2
1885.1
1919
1952.9
1986.8
2020.7
2054.6
2088.5
2122.4
2156.3
2190.2
2224.1
2257.95
2291.85
2325.75
2359.65
2393.55
2427.45
2461.35
2495.25
2529.15
2563.05
2596.95
2630.85
2664.75
2698.65
2732.5
2766.4
2800.3
2834.2
2868.1
2902
2935.9
2969.8
3003.7
3037.6
3071.5
3105.4
3139.3
3173.15
3207.05
3240.95
3274.85
3308.75
3342.65
3376.55
3410.45
3444.35
3478.25
3512.15
3546.05
3579.95
3613.8
3647.7
3681.6
3715.5
3749.4
3783.3
3817.2
3851.1
3885
3918.9
3952.8
3986.7
4020.6
4054.45
4088.35
4122.25
4156.15
4190.05
4223.95
4257.85
4291.75
4325.65
4359.55
4393.45
4427.35
4461.25
4495.15
4529
4562.9
4596.8
4630.7
4664.6
4698.5
4732.4
4766.3
4800.2
4834.1
4868
4901.9
4935.8
4969.7
5003.55
5037.45
5071.35
5105.25
5139.15
5173.05
5206.95
5240.85
5274.75
5308.65
5342.55
5376.45
5410.35
5444.25
5478.15
5512
5545.9
5579.8
5613.7
5647.6
5681.5
5715.4
5749.3
5783.2
5817.1
5851
5884.9
5918.75
5952.65
5986.55
6020.45
6054.35
6088.25
6122.15
6156.05
6189.95
6223.85
6257.75
6291.65
6325.55
6359.45
6393.3
6427.2
6461.1
6495
6528.9
6562.8
6596.7
6630.6
6664.5
6698.4
6732.3
6766.2
6800.1
6833.95
6867.85
6901.75
6935.65
6969.55
-1000
25.6
68.05
113.25
157.75
188.8
221.65
263.6
308.7
353.5
384.95
416.4
458.6
503.75
548.45
590.7
628.15
663.65
698.3
732.6
766.75
800.65
834.45
868.35
902.1
936
969.85
1003.75
1037.55
1071.45
1105.35
1139.15
1173.1
1206.95
1240.85
1274.75
1308.6
1342.45
1376.4
1410.3
1444.2
1478.05
1511.95
1545.85
1579.75
1613.65
1647.55
1681.45
1715.3
1749.2
1783.1
1817
1850.9
1884.8
1918.7
1952.6
1986.5
2020.4
2054.25
2088.15
2122.05
2155.95
2189.85
2223.75
2257.65
2291.55
2325.45
2359.35
2393.25
2427.15
2461.05
2494.95
2528.8
2562.7
2596.6
2630.5
2664.4
2698.3
2732.2
2766.1
2800
2833.9
2867.8
2901.7
2935.6
2969.45
3003.35
3037.25
3071.15
3105.05
3138.95
3172.85
3206.75
3240.65
3274.55
3308.45
3342.35
3376.25
3410.1
3444
3477.9
3511.8
3545.7
3579.6
3613.5
3647.4
3681.3
3715.2
3749.1
3783
3816.9
3850.75
3884.65
3918.55
3952.45
3986.35
4020.25
4054.15
4088.05
4121.95
4155.85
4189.75
4223.65
4257.55
4291.45
4325.3
4359.2
4393.1
4427
4460.9
4494.8
4528.7
4562.6
4596.5
4630.4
4664.3
4698.2
4732.1
4766
4799.85
4833.75
4867.65
4901.55
4935.45
4969.35
5003.25
5037.15
5071.05
5104.95
5138.85
5172.75
5206.65
5240.55
5274.4
5308.3
5342.2
5376.1
5410
5443.9
5477.8
5511.7
5545.6
5579.5
5613.4
5647.3
5681.2
5715.05
5748.95
5782.85
5816.75
5850.65
5884.55
5918.45
5952.35
5986.25
6020.15
6054.05
6087.95
6121.85
6155.7
6189.6
6223.5
6257.4
6291.3
6325.2
6359.1
6393
6426.9
6460.8
6494.7
6528.6
6562.5
6596.35
6630.25
6664.15
6698.05
6731.95
6765.85
6799.75
6833.65
6867.55
6901.45
