48.2
103.3
158.45
213.55
268.7
323.8
378.95
434.1
489.2
544.35
579.1
613.15
647.15
681.2
715.25
749.35
783.45
817.55
851.7
885.85
920.05
954.2
988.4
1022.55
1056.75
1090.95
1125.2
1159.4
1193.6
1227.85
1262.05
1296.3
1330.5
1364.75
1399
1433.2
1467.45
1501.7
1535.9
1570.15
1604.4
1638.65
1672.85
1707.1
1741.35
1775.6
1809.85
1844.1
1878.3
1912.55
1946.8
1981.05
2015.3
2049.5
2083.75
2118
2152.25
2186.5
2220.75
2255
2289.2
2323.45
2357.7
2391.95
2426.2
2460.45
2494.65
2528.9
2563.15
2597.4
2631.65
2665.9
2700.15
2734.4
2768.6
2802.85
2837.1
2871.35
2905.6
2939.8
2974.05
3008.3
3042.55
3076.8
3111.05
3145.3
3179.5
3213.75
3248
3282.25
3316.5
3350.75
3385
3419.25
3453.45
3487.7
3521.95
3556.2
3590.45
3624.7
3658.9
3693.15
3727.4
3761.65
3795.9
3830.15
3864.35
3898.6
3932.85
3967.1
4001.35
4035.6
4069.85
4104.1
4138.3
4172.55
4206.8
4241.05
4275.3
4309.55
4343.75
4378
4412.25
4446.5
4480.75
4515
4549.2
4583.45
4617.7
4651.95
4686.2
4720.45
4754.65
4788.9
4823.15
4857.4
4891.65
4925.9
4960.15
4994.35
5028.6
5062.85
5097.1
5131.35
5165.6
5199.85
5234.05
5268.3
5302.55
5336.8
5371.05
5405.3
5439.5
5473.75
5508
5542.25
5576.5
5610.75
5645
5679.2
5713.45
5747.7
5781.95
5816.2
5850.45
5884.65
5918.9
5953.15
5987.4
6021.65
6055.9
6090.15
6124.35
6158.6
6192.85
6227.1
6261.35
6295.6
6329.8
6364.05
6398.3
6432.55
6466.8
6501.05
6535.25
6569.5
6603.75
6638
6672.25
6706.5
6740.75
6775
6809.2
6843.45
6877.7
6911.95
6946.2
6980.4
-1000
25.6
72.35
103.4
136.8
183.2
214.45
246.6
293.15
324.2
357.1
403.35
434.4
467.4
513.85
545
577.45
612.25
646.8
681.1
714.8
749.15
783.05
817.35
851.35
885.65
919.7
953.9
988.05
1022.25
1056.45
1090.65
1124.85
1159.05
1193.3
1227.55
1261.7
1296
1330.15
1364.45
1398.6
1432.9
1467.1
1501.35
1535.6
1569.85
1604.1
1638.25
1672.55
1706.8
1741.05
1775.3
1809.45
1843.75
1878
1912.25
1946.5
1980.65
2014.95
2049.2
2083.45
2117.7
2151.95
2186.1
2220.4
2254.6
2288.9
2323.15
2357.4
2391.65
2425.8
2460.1
2494.35
2528.6
2562.85
2597.1
2631.35
2665.5
2699.8
2734.05
2768.3
2802.55
2836.8
2870.95
2905.25
2939.5
2973.75
3008
3042.25
3076.5
3110.65
3144.95
3179.2
3213.45
3247.7
3281.95
3316.2
3350.35
3384.65
3418.9
3453.15
3487.4
3521.65
3555.8
3590.1
3624.3
3658.6
3692.85
3727.1
3761.35
3795.5
3829.8
3864.05
3898.3
3932.55
3966.8
4001.05
4035.2
4069.5
4103.75
4138
4172.25
4206.5
4240.65
4274.95
4309.2
4343.45
4377.7
4411.95
4446.1
4480.4
4514.6
4548.9
4583.15
4617.4
4651.55
4685.85
4720.05
4754.35
4788.6
4822.85
4857.1
4891.25
4925.55
4959.75
4994.05
5028.3
5062.55
5096.8
5130.95
5165.25
5199.45
5233.75
5268
5302.25
5336.4
5370.7
5404.9
5439.2
5473.45
5507.7
5541.95
5576.1
5610.4
5644.65
5678.9
5713.15
5747.4
5781.55
5815.85
5850.05
5884.35
5918.6
5952.85
5987.1
6021.25
6055.55
6089.8
6124.05
6158.3
6192.55
6226.7
6261
6295.2
6329.5
6363.75
6398
6432.25
6466.4
6500.7
6534.95
6569.2
6603.45
6637.7
6671.95
6706.1
6740.4
6774.65
6808.9
