62.45
132.4
202.35
272.3
342.25
412.2
482.15
552.1
585.05
616.7
648.15
679.65
711.15
742.7
774.3
805.9
837.55
869.25
900.95
932.65
964.4
996.15
1027.95
1059.75
1091.55
1123.35
1155.15
1186.95
1218.8
1250.65
1282.45
1314.3
1346.15
1378
1409.85
1441.7
1473.55
1505.4
1537.25
1569.15
1601
1632.85
1664.7
1696.6
1728.45
1760.3
1792.2
1824.05
1855.9
1887.8
1919.65
1951.55
1983.4
2015.25
2047.15
2079
2110.9
2142.75
2174.6
2206.5
2238.35
2270.25
2302.1
2333.95
2365.85
2397.7
2429.6
2461.45
2493.35
2525.2
2557.05
2588.95
2620.8
2652.7
2684.55
2716.4
2748.3
2780.15
2812.05
2843.9
2875.8
2907.65
2939.5
2971.4
3003.25
3035.15
3067
3098.9
3130.75
3162.6
3194.5
3226.35
3258.25
3290.1
3322
3353.85
3385.7
3417.6
3449.45
3481.35
3513.2
3545.1
3576.95
3608.8
3640.7
3672.55
3704.45
3736.3
3768.2
3800.05
3831.9
3863.8
3895.65
3927.55
3959.4
3991.3
4023.15
4055
4086.9
4118.75
4150.65
4182.5
4214.4
4246.25
4278.1
4310
4341.85
4373.75
4405.6
4437.5
4469.35
4501.2
4533.1
4564.95
4596.85
4628.7
4660.6
4692.45
4724.3
4756.2
4788.05
4819.95
4851.8
4883.7
4915.55
4947.4
4979.3
5011.15
5043.05
5074.9
5106.8
5138.65
5170.5
5202.4
5234.25
5266.15
5298
5329.9
5361.75
5393.6
5425.5
5457.35
5489.25
5521.1
5553
5584.85
5616.7
5648.6
5680.45
5712.35
5744.2
5776.1
5807.95
5839.8
5871.7
5903.55
5935.45
5967.3
5999.2
6031.05
6062.9
6094.8
6126.65
6158.55
6190.4
6222.3
6254.15
6286
6317.9
6349.75
6381.65
6413.5
6445.4
6477.25
6509.1
6541
6572.85
6604.75
6636.6
6668.5
6700.35
6732.2
6764.1
6795.95
6827.85
6859.7
6891.6
6923.45
6955.3
6987.2
-1000
25.6
56.65
89.3
120.35
154.05
185.1
219.5
250.55
284.85
315.85
348.75
379.7
410.75
442.7
473.75
506.9
537.9
572
605.95
639.5
672.65
705.55
738.15
770.6
802.9
835.1
867.25
899.3
931.25
963.25
995.2
1027.15
1059.05
1091
1122.9
1154.75
1186.6
1218.45
1250.25
1282.1
1313.95
1345.8
1377.65
1409.45
1441.3
1473.2
1505.05
1536.9
1568.75
1600.6
1632.45
1664.3
1696.2
1728.05
1759.9
1791.75
1823.65
1855.5
1887.35
1919.25
1951.1
1982.95
2014.85
2046.7
2078.55
2110.45
2142.3
2174.2
2206.05
2237.9
2269.8
2301.65
2333.55
2365.4
2397.3
2429.15
2461
2492.9
2524.75
2556.65
2588.5
2620.4
2652.25
2684.1
2716
2747.85
2779.75
2811.6
2843.45
2875.35
2907.2
2939.1
2970.95
3002.85
3034.7
3066.55
3098.45
3130.3
3162.2
3194.05
3225.95
3257.8
3289.65
3321.55
3353.4
3385.3
3417.15
3449.05
3480.9
3512.75
3544.65
3576.5
3608.4
3640.25
3672.15
3704
3735.85
3767.75
3799.6
3831.5
3863.35
3895.2
3927.1
3958.95
3990.85
4022.7
4054.6
4086.45
4118.3
4150.2
4182.05
4213.95
4245.8
4277.7
4309.55
4341.4
4373.3
4405.15
4437.05
4468.9
4500.8
4532.65
4564.5
4596.4
4628.25
4660.15
4692
4723.9
4755.75
4787.6
4819.5
4851.35
4883.25
4915.1
4947
4978.85
5010.7
5042.6
5074.45
5106.35
5138.2
5170.1
5201.95
5233.8
5265.7
5297.55
5329.45
5361.3
5393.2
5425.05
5456.9
5488.8
5520.65
5552.55
5584.4
5616.3
5648.15
5680
5711.9
5743.75
5775.65
5807.5
5839.4
5871.25
5903.1
5935
5966.85
5998.75
6030.6
6062.5
6094.35
6126.2
6158.1
6189.95
6221.85
6253.7
6285.6
6317.45
6349.3
6381.2
6413.05
6444.95
6476.8
6508.7
6540.55
6572.4
6604.3
6636.15
6668.05
6699.9
