49.4
105.8
162.15
218.55
274.95
331.35
387.75
444.15
500.55
534.6
567.8
600.95
634.1
667.3
700.5
733.75
767
800.25
833.55
866.85
900.15
933.5
966.85
1000.15
1033.5
1066.85
1100.25
1133.6
1166.95
1200.35
1233.7
1267.05
1300.45
1333.85
1367.2
1400.6
1434
1467.35
1500.75
1534.15
1567.55
1600.9
1634.3
1667.7
1701.1
1734.45
1767.85
1801.25
1834.65
1868.05
1901.4
1934.8
1968.2
2001.6
2035
2068.4
2101.75
2135.15
2168.55
2201.95
2235.35
2268.75
2302.15
2335.5
2368.9
2402.3
2435.7
2469.1
2502.5
2535.85
2569.25
2602.65
2636.05
2669.45
2702.85
2736.2
2769.6
2803
2836.4
2869.8
2903.2
2936.6
2969.95
3003.35
3036.75
3070.15
3103.55
3136.95
3170.3
3203.7
3237.1
3270.5
3303.9
3337.3
3370.7
3404.05
3437.45
3470.85
3504.25
3537.65
3571.05
3604.45
3637.8
3671.2
3704.6
3738
3771.4
3804.8
3838.15
3871.55
3904.95
3938.35
3971.75
4005.15
4038.55
4071.9
4105.3
4138.7
4172.1
4205.5
4238.9
4272.25
4305.65
4339.05
4372.45
4405.85
4439.25
4472.65
4506
4539.4
4572.8
4606.2
4639.6
4673
4706.4
4739.75
4773.15
4806.55
4839.95
4873.35
4906.75
4940.1
4973.5
5006.9
5040.3
5073.7
5107.1
5140.5
5173.85
5207.25
5240.65
5274.05
5307.45
5340.85
5374.2
5407.6
5441
5474.4
5507.8
5541.2
5574.6
5607.95
5641.35
5674.75
5708.15
5741.55
5774.95
5808.3
5841.7
5875.1
5908.5
5941.9
5975.3
6008.7
6042.05
6075.45
6108.85
6142.25
6175.65
6209.05
6242.45
6275.8
6309.2
6342.6
6376
6409.4
6442.8
6476.15
6509.55
6542.95
6576.35
6609.75
6643.15
6676.55
6709.9
6743.3
6776.7
6810.1
6843.5
6876.9
6910.25
6943.65
6977.05
-1000
25.6
67.85
98.9
134.95
174.7
205.7
244.65
275.85
307.65
349.65
380.7
416.85
456.45
487.45
526.5
563.15
598.2
632.4
666.25
699.9
733.45
766.7
800
833.25
866.6
899.9
933.2
966.5
999.85
1033.2
1066.55
1099.9
1133.25
1166.6
1200
1233.35
1266.7
1300.1
1333.45
1366.85
1400.25
1433.6
1467
1500.4
1533.75
1567.15
1600.55
1633.95
1667.3
1700.7
1734.1
1767.5
1800.9
1834.25
1867.65
1901.05
1934.45
1967.85
2001.2
2034.6
2068
2101.4
2134.8
2168.2
2201.6
2234.95
2268.35
2301.75
2335.15
2368.55
2401.95
2435.3
2468.7
2502.1
2535.5
2568.9
2602.3
2635.65
2669.05
2702.45
2735.85
2769.25
2802.65
2836.05
2869.4
2902.8
2936.2
2969.6
3003
3036.4
3069.75
3103.15
3136.55
3169.95
3203.35
3236.75
3270.15
3303.5
3336.9
3370.3
3403.7
3437.1
3470.5
3503.9
3537.25
3570.65
3604.05
3637.45
3670.85
3704.25
3737.6
3771
3804.4
3837.8
3871.2
3904.6
3938
3971.35
4004.75
4038.15
4071.55
4104.95
4138.35
4171.7
4205.1
4238.5
4271.9
4305.3
4338.7
4372.1
4405.45
4438.85
4472.25
4505.65
4539.05
4572.45
4605.85
4639.2
4672.6
4706
4739.4
4772.8
4806.2
4839.55
4872.95
4906.35
4939.75
4973.15
5006.55
5039.95
5073.3
5106.7
5140.1
5173.5
5206.9
5240.3
5273.65
5307.05
5340.45
5373.85
5407.25
5440.65
5474.05
5507.4
5540.8
5574.2
5607.6
5641
5674.4
5707.75
5741.15
5774.55
5807.95
5841.35
5874.75
5908.15
5941.5
5974.9
6008.3
6041.7
6075.1
6108.5
6141.85
6175.25
6208.65
6242.05
6275.45
6308.85
6342.25
6375.6
6409
6442.4
6475.8
6509.2
6542.6
6575.95
6609.35
6642.75
6676.15
6709.55
6742.95
6776.35
6809.7
