36.95
80.25
123.5
166.8
210.1
253.35
296.65
339.95
383.2
426.5
469.75
513.05
546.7
579.9
613
646.15
679.3
712.45
745.6
778.8
811.95
845.15
878.3
911.5
944.7
977.9
1011.1
1044.3
1077.5
1110.7
1143.9
1177.1
1210.3
1243.5
1276.7
1309.9
1343.1
1376.3
1409.5
1442.7
1475.95
1509.15
1542.35
1575.55
1608.75
1641.95
1675.2
1708.4
1741.6
1774.8
1808
1841.2
1874.45
1907.65
1940.85
1974.05
2007.25
2040.5
2073.7
2106.9
2140.1
2173.3
2206.55
2239.75
2272.95
2306.15
2339.35
2372.6
2405.8
2439
2472.2
2505.4
2538.65
2571.85
2605.05
2638.25
2671.45
2704.7
2737.9
2771.1
2804.3
2837.5
2870.75
2903.95
2937.15
2970.35
3003.55
3036.8
3070
3103.2
3136.4
3169.6
3202.85
3236.05
3269.25
3302.45
3335.65
3368.9
3402.1
3435.3
3468.5
3501.7
3534.95
3568.15
3601.35
3634.55
3667.75
3701
3734.2
3767.4
3800.6
3833.8
3867.05
3900.25
3933.45
3966.65
3999.85
4033.1
4066.3
4099.5
4132.7
4165.9
4199.15
4232.35
4265.55
4298.75
4331.95
4365.2
4398.4
4431.6
4464.8
4498
4531.25
4564.45
4597.65
4630.85
4664.05
4697.3
4730.5
4763.7
4796.9
4830.1
4863.35
4896.55
4929.75
4962.95
4996.15
5029.4
5062.6
5095.8
5129
5162.2
5195.45
5228.65
5261.85
5295.05
5328.25
5361.5
5394.7
5427.9
5461.1
5494.3
5527.55
5560.75
5593.95
5627.15
5660.35
5693.6
5726.8
5760
5793.2
5826.4
5859.65
5892.85
5926.05
5959.25
5992.45
6025.7
6058.9
6092.1
6125.3
6158.5
6191.75
6224.95
6258.15
6291.35
6324.55
6357.8
6391
6424.2
6457.4
6490.6
6523.85
6557.05
6590.25
6623.45
6656.65
6689.9
6723.1
6756.3
6789.5
6822.7
6855.95
6889.15
6922.35
6955.55
6988.75
-1000
25.6
63.25
103.3
144.3
185.35
226.15
264.55
295.5
328.95
366.45
406.4
447.4
488.65
529.35
569.5
606.75
642.15
676.6
710.55
744.2
777.7
811.15
844.55
877.9
911.15
944.35
977.5
1010.7
1043.9
1077.1
1110.3
1143.5
1176.7
1209.9
1243.1
1276.3
1309.5
1342.7
1375.9
1409.15
1442.35
1475.55
1508.75
1541.95
1575.15
1608.35
1641.6
1674.8
1708
1741.2
1774.4
1807.65
1840.85
1874.05
1907.25
1940.45
1973.7
2006.9
2040.1
2073.3
2106.5
2139.7
2172.95
2206.15
2239.35
2272.55
2305.75
2339
2372.2
2405.4
2438.6
2471.8
2505.05
2538.25
2571.45
2604.65
2637.85
2671.1
2704.3
2737.5
2770.7
2803.9
2837.15
2870.35
2903.55
2936.75
2969.95
3003.2
3036.4
3069.6
3102.8
3136
3169.25
3202.45
3235.65
3268.85
3302.05
3335.3
3368.5
3401.7
3434.9
3468.1
3501.35
3534.55
3567.75
3600.95
3634.15
3667.4
3700.6
3733.8
3767
3800.2
3833.45
3866.65
3899.85
3933.05
3966.25
3999.5
4032.7
4065.9
4099.1
4132.3
4165.55
4198.75
4231.95
4265.15
4298.35
4331.6
4364.8
4398
4431.2
4464.45
4497.65
4530.85
4564.05
4597.25
4630.5
4663.7
4696.9
4730.1
4763.3
4796.55
4829.75
4862.95
4896.15
4929.35
4962.6
4995.8
5029
5062.2
5095.4
5128.65
5161.85
5195.05
5228.25
5261.45
5294.7
5327.9
5361.1
5394.3
5427.5
5460.75
5493.95
5527.15
5560.35
5593.55
5626.8
5660
5693.2
5726.4
5759.6
5792.85
5826.05
5859.25
5892.45
5925.65
5958.9
5992.1
6025.3
6058.5
6091.7
6124.95
6158.15
6191.35
6224.55
6257.75
6291
6324.2
6357.4
6390.6
6423.8
6457.05
6490.25
6523.45
6556.65
6589.85
6623.1
6656.3
6689.5
6722.7
6755.9
6789.15
6822.35
6855.55
6888.75
6921.95
6955.2
