43.05
92.75
142.45
192.2
241.9
291.6
341.35
391.05
440.8
490.5
525.2
558.2
591
623.8
656.65
689.5
722.35
755.2
788.1
821
853.9
886.8
919.7
952.65
985.55
1018.5
1051.4
1084.35
1117.3
1150.25
1183.2
1216.15
1249.1
1282.05
1315
1347.95
1380.9
1413.85
1446.8
1479.75
1512.7
1545.65
1578.6
1611.55
1644.5
1677.45
1710.45
1743.4
1776.35
1809.3
1842.25
1875.2
1908.15
1941.15
1974.1
2007.05
2040
2072.95
2105.9
2138.9
2171.85
2204.8
2237.75
2270.7
2303.65
2336.6
2369.6
2402.55
2435.5
2468.45
2501.4
2534.35
2567.35
2600.3
2633.25
2666.2
2699.15
2732.1
2765.1
2798.05
2831
2863.95
2896.9
2929.85
2962.85
2995.8
3028.75
3061.7
3094.65
3127.6
3160.6
3193.55
3226.5
3259.45
3292.4
3325.35
3358.35
3391.3
3424.25
3457.2
3490.15
3523.1
3556.1
3589.05
3622
3654.95
3687.9
3720.85
3753.85
3786.8
3819.75
3852.7
3885.65
3918.6
3951.6
3984.55
4017.5
4050.45
4083.4
4116.35
4149.35
4182.3
4215.25
4248.2
4281.15
4314.1
4347.1
4380.05
4413
4445.95
4478.9
4511.85
4544.85
4577.8
4610.75
4643.7
4676.65
4709.6
4742.6
4775.55
4808.5
4841.45
4874.4
4907.35
4940.35
4973.3
5006.25
5039.2
5072.15
5105.1
5138.1
5171.05
5204
5236.95
5269.9
5302.85
5335.85
5368.8
5401.75
5434.7
5467.65
5500.6
5533.6
5566.55
5599.5
5632.45
5665.4
5698.35
5731.35
5764.3
5797.25
5830.2
5863.15
5896.1
5929.1
5962.05
5995
6027.95
6060.9
6093.85
6126.85
6159.8
6192.75
6225.7
6258.65
6291.6
6324.6
6357.55
6390.5
6423.45
6456.4
6489.35
6522.35
6555.3
6588.25
6621.2
6654.15
6687.1
6720.1
6753.05
6786
6818.95
6851.9
6884.85
6917.85
6950.8
6983.75
-1000
25.6
64.95
100.95
131.8
168.6
208.6
239.65
273.2
312.85
347.5
378.15
415.9
455.35
486.4
520.55
554.95
588.85
622.35
655.65
688.85
722
754.95
787.85
820.7
853.6
886.5
919.4
952.35
985.25
1018.2
1051.1
1084.05
1116.95
1149.9
1182.85
1215.8
1248.75
1281.7
1314.65
1347.6
1380.55
1413.5
1446.45
1479.4
1512.35
1545.3
1578.3
1611.25
1644.2
1677.15
1710.1
1743.05
1776
1808.95
1841.95
1874.9
1907.85
1940.8
1973.75
2006.7
2039.65
2072.65
2105.6
2138.55
2171.5
2204.45
2237.4
2270.4
2303.35
2336.3
2369.25
2402.2
2435.15
2468.1
2501.1
2534.05
2567
2599.95
2632.9
2665.85
2698.85
2731.8
2764.75
2797.7
2830.65
2863.6
2896.6
2929.55
2962.5
2995.45
3028.4
3061.35
3094.35
3127.3
3160.25
3193.2
3226.15
3259.1
3292.1
3325.05
3358
3390.95
3423.9
3456.85
3489.85
3522.8
3555.75
3588.7
3621.65
3654.6
3687.6
3720.55
3753.5
3786.45
3819.4
3852.35
3885.35
3918.3
3951.25
3984.2
4017.15
4050.1
4083.1
4116.05
4149
4181.95
4214.9
4247.85
4280.85
4313.8
4346.75
4379.7
4412.65
4445.6
4478.6
4511.55
4544.5
4577.45
4610.4
4643.35
4676.35
4709.3
4742.25
4775.2
4808.15
4841.1
4874.1
4907.05
4940
4972.95
5005.9
5038.85
5071.85
5104.8
5137.75
5170.7
5203.65
5236.6
5269.6
5302.55
5335.5
5368.45
5401.4
5434.35
5467.35
5500.3
5533.25
5566.2
5599.15
5632.1
5665.1
5698.05
5731
5763.95
5796.9
5829.85
5862.85
5895.8
5928.75
5961.7
5994.65
6027.6
6060.6
6093.55
6126.5
6159.45
6192.4
6225.35
6258.35
6291.3
6324.25
6357.2
6390.15
6423.1
6456.1
6489.05
6522
6554.95
6587.9
6620.85
6653.85
6686.8
6719.75
6752.7
6785.65
6818.6
6851.6
