30.35
66.5
102.65
138.85
175
211.2
247.35
283.55
319.7
355.85
392.05
428.2
464.4
500.55
533.35
566
598.65
631.3
663.95
696.6
729.25
761.9
794.55
827.25
859.9
892.55
925.2
957.85
990.55
1023.2
1055.85
1088.5
1121.2
1153.85
1186.5
1219.15
1251.85
1284.5
1317.15
1349.8
1382.5
1415.15
1447.8
1480.45
1513.15
1545.8
1578.45
1611.15
1643.8
1676.45
1709.1
1741.8
1774.45
1807.1
1839.75
1872.45
1905.1
1937.75
1970.45
2003.1
2035.75
2068.4
2100.95
2133.5
2166.05
2198.6
2231.1
2263.65
2296.2
2328.7
2361.25
2393.8
2426.35
2458.85
2491.4
2523.95
2556.45
2589
2621.55
2654.1
2686.6
2719.15
2751.7
2784.25
2816.75
2849.3
2881.85
2914.35
2946.9
2979.45
3012
3044.5
3077.05
3109.6
3142.1
3174.65
3207.2
3239.75
3272.25
3304.8
3337.35
3369.9
3402.4
3434.95
3467.5
3500
3532.55
3565.1
3597.65
3630.15
3662.7
3695.25
3727.8
3760.3
3792.85
3825.4
3857.9
3890.45
3923
3955.55
3988.05
4020.6
4053.15
4085.7
4118.2
4150.75
4183.3
4215.8
4248.35
4280.9
4313.45
4345.95
4378.5
4411.05
4443.6
4476.1
4508.65
4541.2
4573.7
4606.25
4638.8
4671.35
4703.85
4736.4
4768.95
4801.5
4834
4866.55
4899.1
4931.6
4964.15
4996.7
5029.25
5061.75
5094.3
5126.85
5159.4
5191.9
5224.45
5257
5289.5
5322.05
5354.6
5387.15
5419.65
5452.2
5484.75
5517.25
5549.8
5582.35
5614.9
5647.4
5679.95
5712.5
5745.05
5777.55
5810.1
5842.65
5875.15
5907.7
5940.25
5972.8
6005.3
6037.85
6070.4
6102.95
6135.45
6168
6200.55
6233.05
6265.6
6298.15
6330.7
6363.2
6395.75
6428.3
6460.85
6493.35
6525.9
6558.45
6590.95
6623.5
6656.05
6688.6
6721.1
6753.65
6786.2
6818.75
6851.25
6883.8
6916.35
6948.85
6981.4
-1000
25.6
59.7
94.45
129.8
165.4
201.25
237.2
273.25
309.35
345.4
381.55
417.75
453.9
490.05
526.15
561.1
595.25
628.9
662.2
695.3
728.3
761.25
794.2
827
859.6
892.3
924.95
957.65
990.25
1022.95
1055.55
1088.3
1120.9
1153.6
1186.2
1218.95
1251.55
1284.25
1316.9
1349.6
1382.2
1414.9
1447.55
1480.25
1512.85
1545.55
1578.2
1610.9
1643.5
1676.2
1708.9
1741.5
1774.2
1806.85
1839.55
1872.15
1904.85
1937.5
1970.2
2002.8
2035.5
2068.2
2100.8
2133.35
2165.85
2198.4
2230.95
2263.5
2296
2328.55
2361.1
2393.65
2426.15
2458.7
2491.25
2523.75
2556.3
2588.85
2621.4
2653.9
2686.45
2719
2751.5
2784.05
2816.6
2849.15
2881.65
2914.2
2946.75
2979.3
3011.8
3044.35
3076.9
3109.4
3141.95
3174.5
3207.05
3239.55
3272.1
3304.65
3337.2
3369.7
3402.25
3434.8
3467.3
3499.85
3532.4
3564.95
3597.45
3630
3662.55
3695.1
3727.6
3760.15
3792.7
3825.2
3857.75
3890.3
3922.85
3955.35
3987.9
4020.45
4052.95
4085.5
4118.05
4150.6
4183.1
4215.65
4248.2
4280.75
4313.25
4345.8
4378.35
4410.85
4443.4
4475.95
4508.5
4541
4573.55
4606.1
4638.65
4671.15
4703.7
4736.25
4768.75
4801.3
4833.85
4866.4
4898.9
4931.45
4964
4996.55
5029.05
5061.6
5094.15
5126.65
5159.2
5191.75
5224.3
5256.8
5289.35
5321.9
5354.45
5386.95
5419.5
5452.05
5484.55
5517.1
5549.65
5582.2
5614.7
5647.25
5679.8
5712.35
5744.85
5777.4
5809.95
5842.45
5875
5907.55
5940.1
5972.6
6005.15
6037.7
6070.25
6102.75
6135.3
6167.85
6200.35
6232.9
6265.45
6298
6330.5
6363.05
6395.6
6428.1
6460.65
6493.2
6525.75
6558.25
6590.8
6623.35
6655.9
6688.4
6720.95
6753.5
6786
6818.55
6851.1
6883.65
6916.15
6948.7
6981.25
