32.05
70.1
108.15
146.2
184.25
222.3
260.35
298.4
336.45
374.5
412.55
450.55
488.6
525.65
559.05
592.2
625.3
658.45
691.6
724.7
757.85
791
824.15
857.25
890.4
923.55
956.7
989.85
1023
1056.15
1089.25
1122.4
1155.55
1188.7
1221.85
1255
1288.15
1321.3
1354.45
1387.6
1420.75
1453.9
1487.05
1520.2
1553.35
1586.5
1619.65
1652.8
1685.95
1719.1
1752.25
1785.4
1818.55
1851.7
1884.85
1918
1951.15
1984.3
2017.45
2050.6
2083.6
2116.6
2149.65
2182.65
2215.65
2248.7
2281.7
2314.7
2347.7
2380.75
2413.75
2446.75
2479.8
2512.8
2545.8
2578.8
2611.85
2644.85
2677.85
2710.9
2743.9
2776.9
2809.95
2842.95
2875.95
2908.95
2942
2975
3008
3041.05
3074.05
3107.05
3140.1
3173.1
3206.1
3239.1
3272.15
3305.15
3338.15
3371.2
3404.2
3437.2
3470.25
3503.25
3536.25
3569.25
3602.3
3635.3
3668.3
3701.35
3734.35
3767.35
3800.4
3833.4
3866.4
3899.45
3932.45
3965.45
3998.45
4031.5
4064.5
4097.5
4130.55
4163.55
4196.55
4229.6
4262.6
4295.6
4328.6
4361.65
4394.65
4427.65
4460.7
4493.7
4526.7
4559.75
4592.75
4625.75
4658.75
4691.8
4724.8
4757.8
4790.85
4823.85
4856.85
4889.9
4922.9
4955.9
4988.9
5021.95
5054.95
5087.95
5121
5154
5187
5220.05
5253.05
5286.05
5319.05
5352.1
5385.1
5418.1
5451.15
5484.15
5517.15
5550.2
5583.2
5616.2
5649.2
5682.25
5715.25
5748.25
5781.3
5814.3
5847.3
5880.35
5913.35
5946.35
5979.4
6012.4
6045.4
6078.4
6111.45
6144.45
6177.45
6210.5
6243.5
6276.5
6309.55
6342.55
6375.55
6408.55
6441.6
6474.6
6507.6
6540.65
6573.65
6606.65
6639.7
6672.7
6705.7
6738.7
6771.75
6804.75
6837.75
6870.8
6903.8
6936.8
6969.85
-1000
25.6
60.7
97
134.05
171.35
209
246.8
284.75
322.75
360.8
398.85
436.85
474.9
512.95
550.6
586.5
621.25
655.45
689.25
722.8
756.25
789.55
822.85
856.1
889.35
922.55
955.75
988.9
1022.1
1055.3
1088.45
1121.65
1154.8
1188
1221.15
1254.3
1287.45
1320.55
1353.7
1386.85
1420
1453.15
1486.3
1519.5
1552.65
1585.8
1618.95
1652.1
1685.25
1718.4
1751.55
1784.7
1817.85
1851
1884.15
1917.3
1950.45
1983.6
2016.75
2049.9
2083.05
2116.2
2149.25
2182.25
2215.25
2248.3
2281.3
2314.3
2347.35
2380.35
2413.35
2446.35
2479.4
2512.4
2545.4
2578.45
2611.45
2644.45
2677.5
2710.5
2743.5
2776.5
2809.55
2842.55
2875.55
2908.6
2941.6
2974.6
3007.65
3040.65
3073.65
3106.65
3139.7
3172.7
3205.7
3238.75
3271.75
3304.75
3337.8
3370.8
3403.8
3436.8
3469.85
3502.85
3535.85
3568.9
3601.9
3634.9
3667.95
3700.95
3733.95
3766.95
3800
3833
3866
3899.05
3932.05
3965.05
3998.1
4031.1
4064.1
4097.1
4130.15
4163.15
4196.15
4229.2
4262.2
4295.2
4328.25
4361.25
4394.25
4427.3
4460.3
4493.3
4526.3
4559.35
4592.35
4625.35
4658.4
4691.4
4724.4
4757.45
4790.45
4823.45
4856.45
4889.5
4922.5
4955.5
4988.55
5021.55
5054.55
5087.6
5120.6
5153.6
5186.6
5219.65
5252.65
5285.65
5318.7
5351.7
5384.7
5417.75
5450.75
5483.75
5516.75
5549.8
5582.8
5615.8
5648.85
5681.85
5714.85
5747.9
5780.9
5813.9
5846.9
5879.95
5912.95
5945.95
5979
6012
6045
6078.05
6111.05
6144.05
6177.05
6210.1
6243.1
6276.1
6309.15
6342.15
6375.15
6408.2
6441.2
6474.2
6507.25
6540.25
6573.25
6606.25
6639.3
6672.3
6705.3
6738.35
6771.35
6804.35
6837.4
6870.4
6903.4
6936.4
6969.45
