38.3
83
127.7
172.35
217.05
261.75
306.45
351.15
395.85
440.55
485.25
529.95
562.15
593.7
625.2
656.65
688.15
719.7
751.2
782.75
814.3
845.85
877.4
909
940.55
972.15
1003.7
1035.3
1066.9
1098.45
1130.05
1161.65
1193.25
1224.85
1256.45
1288.05
1319.65
1351.25
1382.85
1414.45
1446.05
1477.65
1509.3
1540.9
1572.5
1604.1
1635.7
1667.3
1698.9
1730.55
1762.15
1793.75
1825.35
1856.95
1888.55
1920.2
1951.8
1983.4
2015
2046.6
2078.2
2109.85
2141.45
2173.05
2204.65
2236.25
2267.9
2299.5
2331.1
2362.7
2394.3
2425.95
2457.55
2489.15
2520.75
2552.35
2584
2615.6
2647.2
2678.8
2710.4
2742
2773.65
2805.25
2836.85
2868.45
2900.05
2931.7
2963.3
2994.9
3026.5
3058.1
3089.75
3121.35
3152.95
3184.55
3216.15
3247.8
3279.4
3311
3342.6
3374.2
3405.85
3437.45
3469.05
3500.65
3532.25
3563.85
3595.5
3627.1
3658.7
3690.3
3721.9
3753.55
3785.15
3816.75
3848.35
3879.95
3911.6
3943.2
3974.8
4006.4
4038
4069.65
4101.25
4132.85
4164.45
4196.05
4227.7
4259.3
4290.9
4322.5
4354.1
4385.7
4417.35
4448.95
4480.55
4512.15
4543.75
4575.4
4607
4638.6
4670.2
4701.8
4733.45
4765.05
4796.65
4828.25
4859.85
4891.5
4923.1
4954.7
4986.3
5017.9
5049.55
5081.15
5112.75
5144.35
5175.95
5207.55
5239.2
5270.8
5302.4
5334
5365.6
5397.25
5428.85
5460.45
5492.05
5523.65
5555.3
5586.9
5618.5
5650.1
5681.7
5713.35
5744.95
5776.55
5808.15
5839.75
5871.4
5903
5934.6
5966.2
5997.8
6029.4
6061.05
6092.65
6124.25
6155.85
6187.45
6219.1
6250.7
6282.3
6313.9
6345.5
6377.15
6408.75
6440.35
6471.95
6503.55
6535.2
6566.8
6598.4
6630
6661.6
6693.25
6724.85
6756.45
6788.05
6819.65
6851.25
6882.9
6914.5
6946.1
6977.7
-1000
25.6
58.6
91.3
122.3
154.4
187.75
218.95
249.95
282.85
315.7
346.75
378.75
412.05
443.5
474.4
507.15
540.1
573.25
606.45
639.75
673.05
706.25
739.3
772.2
804.9
837.5
869.95
902.3
934.55
966.75
998.85
1030.9
1062.85
1094.8
1126.75
1158.6
1190.45
1222.25
1254.05
1285.8
1317.55
1349.25
1381
1412.7
1444.45
1476.1
1507.8
1539.5
1571.15
1602.85
1634.5
1666.15
1697.8
1729.5
1761.15
1792.8
1824.4
1856.05
1887.7
1919.35
1951
1982.65
2014.3
2045.95
2077.55
2109.2
2140.85
2172.45
2204.1
2235.7
2267.35
2298.95
2330.6
2362.2
2393.8
2425.45
2457.05
2488.65
2520.3
2551.9
2583.5
2615.1
2646.75
2678.35
2709.95
2741.55
2773.2
2804.8
2836.4
2868
2899.6
2931.25
2962.85
2994.45
3026.05
3057.65
3089.3
3120.9
3152.5
3184.1
3215.7
3247.35
3278.95
3310.55
3342.15
3373.75
3405.35
3437
3468.6
3500.2
3531.8
3563.4
3595.05
3626.65
3658.25
3689.85
3721.45
3753.1
3784.7
3816.3
3847.9
3879.5
3911.15
3942.75
3974.35
4005.95
4037.55
4069.2
4100.8
4132.4
4164
4195.6
4227.2
4258.85
4290.45
4322.05
4353.65
4385.25
4416.9
4448.5
4480.1
4511.7
4543.3
4574.95
4606.55
4638.15
4669.75
4701.35
4733
4764.6
4796.2
4827.8
4859.4
4891
4922.65
4954.25
4985.85
5017.45
5049.05
5080.7
5112.3
5143.9
5175.5
5207.1
5238.75
5270.35
5301.95
5333.55
5365.15
5396.8
5428.4
5460
5491.6
5523.2
5554.85
5586.45
5618.05
5649.65
5681.25
5712.85
5744.5
5776.1
5807.7
5839.3
5870.9
5902.55
5934.15
5965.75
5997.35
6028.95
6060.6
6092.2
6123.8
6155.4
6187
6218.65
6250.25
6281.85
6313.45
6345.05
6376.65
6408.3
6439.9
6471.5
6503.1
6534.7
6566.35
6597.95
6629.55
6661.15
6692.75
6724.4
6756
6787.6
6819.2
6850.8
