60.4
128.2
196
263.8
331.65
399.45
467.25
535.05
570.05
604
637.95
671.9
705.85
739.9
773.95
808.05
842.2
876.35
910.5
944.7
978.9
1013.1
1047.3
1081.55
1115.8
1150.05
1184.3
1218.55
1252.85
1287.1
1321.4
1355.65
1389.95
1424.25
1458.5
1492.8
1527.1
1561.4
1595.7
1630
1664.25
1698.55
1732.85
1767.15
1801.45
1835.75
1870.05
1904.35
1938.65
1972.95
2007.25
2041.55
2075.85
2110.15
2144.45
2178.75
2213.05
2247.35
2281.65
2315.95
2350.25
2384.55
2418.85
2453.15
2487.45
2521.75
2556.05
2590.35
2624.65
2658.95
2693.25
2727.55
2761.85
2796.15
2830.45
2864.75
2899.05
2933.35
2967.65
3001.95
3036.25
3070.55
3104.85
3139.15
3173.45
3207.75
3242.05
3276.35
3310.65
3344.95
3379.25
3413.55
3447.85
3482.15
3516.45
3550.75
3585.05
3619.35
3653.65
3687.95
3722.25
3756.55
3790.85
3825.15
3859.45
3893.75
3928.05
3962.35
3996.65
4030.95
4065.25
4099.55
4133.85
4168.15
4202.45
4236.75
4271.05
4305.35
4339.65
4373.95
4408.25
4442.55
4476.85
4511.15
4545.45
4579.75
4614.05
4648.35
4682.65
4716.95
4751.25
4785.55
4819.85
4854.2
4888.5
4922.8
4957.1
4991.35
5025.65
5059.95
5094.3
5128.6
5162.9
5197.15
5231.45
5265.8
5300.1
5334.4
5368.65
5402.95
5437.25
5471.6
5505.9
5540.2
5574.45
5608.75
5643.05
5677.35
5711.7
5746
5780.3
5814.6
5848.85
5883.15
5917.45
5951.8
5986.1
6020.4
6054.65
6088.95
6123.25
6157.55
6191.9
6226.2
6260.5
6294.8
6329.05
6363.35
6397.65
6432
6466.3
6500.6
6534.9
6569.15
6603.45
6637.75
6672.1
6706.4
6740.7
6774.95
6809.25
6843.55
6877.85
6912.2
6946.5
6980.8
-1000
25.6
56.65
92.6
123.6
160
191.05
227.7
258.75
295.45
326.45
363.2
394.25
431
462.05
498.85
529.85
566.65
602.4
637.25
671.75
705.55
739.75
773.6
807.9
841.8
876.1
910.15
944.4
978.55
1012.8
1046.95
1081.25
1115.4
1149.7
1183.95
1218.25
1252.45
1286.75
1321.05
1355.25
1389.6
1423.85
1458.15
1492.45
1526.75
1561
1595.3
1629.6
1663.9
1698.2
1732.5
1766.8
1801.1
1835.4
1869.7
1904
1938.3
1972.55
2006.85
2041.15
2075.45
2109.75
2144.05
2178.35
2212.65
2246.95
2281.25
2315.55
2349.85
2384.15
2418.45
2452.75
2487.05
2521.35
2555.65
2589.95
2624.25
2658.55
2692.85
2727.15
2761.45
2795.75
2830.05
2864.35
2898.65
2932.95
2967.25
3001.55
3035.85
3070.15
3104.45
3138.75
3173.05
3207.35
3241.65
3275.95
3310.25
3344.55
3378.85
3413.15
3447.45
3481.75
3516.05
3550.35
3584.65
3618.95
3653.25
3687.55
3721.85
3756.15
3790.45
3824.75
3859.05
3893.35
3927.65
3961.95
3996.25
4030.55
4064.85
4099.15
4133.45
4167.8
4202.1
4236.4
4270.7
4305
4339.3
4373.6
4407.9
4442.2
4476.5
4510.8
4545.1
4579.4
4613.7
4648
4682.3
4716.6
4750.9
4785.2
4819.5
4853.8
4888.1
4922.4
4956.7
4991
5025.3
5059.6
5093.9
5128.2
5162.5
5196.8
5231.1
5265.4
5299.7
5334
5368.3
5402.6
5436.9
5471.2
5505.5
5539.8
5574.1
5608.4
5642.7
5677
5711.3
5745.6
5779.9
5814.2
5848.5
5882.8
5917.1
5951.4
5985.7
6020
6054.3
6088.6
6122.9
6157.2
6191.5
6225.8
6260.1
6294.4
6328.7
6363
6397.3
6431.6
6465.9
6500.2
6534.5
6568.8
6603.1
6637.4
6671.7
6706
