39
84.45
129.9
175.35
220.8
266.25
311.7
357.15
402.55
448
493.45
526
557.8
589.5
621.25
652.95
684.7
716.45
748.2
780
811.75
843.55
875.35
907.15
938.95
970.75
1002.55
1034.35
1066.2
1098
1129.8
1161.65
1193.45
1225.3
1257.1
1288.95
1320.75
1352.6
1384.4
1416.25
1448.1
1479.9
1511.75
1543.55
1575.4
1607.25
1639.05
1670.9
1702.75
1734.55
1766.4
1798.25
1830.05
1861.9
1893.75
1925.55
1957.4
1989.25
2021.05
2052.9
2084.75
2116.55
2148.4
2180.25
2212.05
2243.9
2275.75
2307.55
2339.4
2371.25
2403.1
2434.9
2466.75
2498.6
2530.4
2562.25
2594.1
2625.9
2657.75
2689.6
2721.4
2753.25
2785.1
2816.9
2848.75
2880.6
2912.4
2944.25
2976.1
3007.95
3039.75
3071.6
3103.45
3135.25
3167.1
3198.95
3230.75
3262.6
3294.45
3326.25
3358.1
3389.95
3421.75
3453.6
3485.45
3517.3
3549.1
3580.95
3612.8
3644.6
3676.45
3708.3
3740.1
3771.95
3803.8
3835.6
3867.45
3899.3
3931.1
3962.95
3994.8
4026.65
4058.45
4090.3
4122.15
4153.95
4185.8
4217.65
4249.45
4281.3
4313.15
4344.95
4376.8
4408.65
4440.45
4472.3
4504.15
4536
4567.8
4599.65
4631.5
4663.3
4695.15
4727
4758.8
4790.65
4822.5
4854.3
4886.15
4918
4949.8
4981.65
5013.5
5045.3
5077.15
5109
5140.85
5172.65
5204.5
5236.35
5268.15
5300
5331.85
5363.65
5395.5
5427.35
5459.15
5491
5522.85
5554.65
5586.5
5618.35
5650.2
5682
5713.85
5745.7
5777.5
5809.35
5841.2
5873
5904.85
5936.7
5968.5
6000.35
6032.2
6064
6095.85
6127.7
6159.55
6191.35
6223.2
6255.05
6286.85
6318.7
6350.55
6382.35
6414.2
6446.05
6477.85
6509.7
6541.55
6573.35
6605.2
6637.05
6668.9
6700.7
6732.55
6764.4
6796.2
6828.05
6859.9
6891.7
6923.55
6955.4
6987.2
-1000
25.6
59.6
93.15
124.15
156.8
191.25
222.55
253.55
287.45
321.2
352.2
384.7
419.15
450.75
481.65
515.35
548.9
582.1
615.05
647.8
680.35
712.75
745.05
777.3
809.45
841.55
873.6
905.6
937.6
969.55
1001.5
1033.45
1065.4
1097.3
1129.2
1161.1
1193
1224.9
1256.75
1288.6
1320.4
1352.25
1384.1
1415.9
1447.75
1479.55
1511.4
1543.25
1575.05
1606.9
1638.7
1670.55
1702.4
1734.2
1766.05
1797.9
1829.7
1861.55
1893.4
1925.2
1957.05
1988.9
2020.7
2052.55
2084.4
2116.2
2148.05
2179.9
2211.7
2243.55
2275.4
2307.2
2339.05
2370.9
2402.7
2434.55
2466.4
2498.2
2530.05
2561.9
2593.75
2625.55
2657.4
2689.25
2721.05
2752.9
2784.75
2816.55
2848.4
2880.25
2912.05
2943.9
2975.75
3007.55
3039.4
3071.25
3103.1
3134.9
3166.75
3198.6
3230.4
3262.25
3294.1
3325.9
3357.75
3389.6
3421.4
3453.25
3485.1
3516.9
3548.75
3580.6
3612.4
3644.25
3676.1
3707.95
3739.75
3771.6
3803.45
3835.25
3867.1
3898.95
3930.75
3962.6
3994.45
4026.25
4058.1
4089.95
4121.75
4153.6
4185.45
4217.3
4249.1
4280.95
4312.8
4344.6
4376.45
4408.3
4440.1
4471.95
4503.8
4535.6
4567.45
4599.3
4631.1
4662.95
4694.8
4726.65
4758.45
4790.3
4822.15
4853.95
4885.8
4917.65
4949.45
4981.3
5013.15
5044.95
5076.8
5108.65
5140.45
5172.3
5204.15
5236
5267.8
5299.65
5331.5
5363.3
5395.15
5427
5458.8
5490.65
5522.5
5554.3
5586.15
5618
5649.8
5681.65
5713.5
5745.3
5777.15
5809
5840.85
5872.65
5904.5
5936.35
5968.15
6000
6031.85
6063.65
6095.5
6127.35
6159.15
6191
6222.85
6254.65
6286.5
6318.35
6350.2
6382
6413.85
6445.7
6477.5
6509.35
6541.2
6573
6604.85
6636.7
6668.5
6700.35
6732.2
6764
6795.85
6827.7
6859.55
