38.3
83
127.7
172.35
217.05
261.75
306.45
351.15
395.85
440.55
485.25
529.95
563.5
596.5
629.45
662.4
695.4
728.35
761.35
794.35
827.35
860.4
893.4
926.4
959.45
992.45
1025.5
1058.55
1091.6
1124.6
1157.65
1190.7
1223.75
1256.8
1289.85
1322.9
1355.9
1388.95
1422
1455.05
1488.1
1521.15
1554.2
1587.25
1620.3
1653.35
1686.4
1719.45
1752.5
1785.55
1818.6
1851.65
1884.7
1917.75
1950.8
1983.85
2016.9
2049.95
2083.05
2116.1
2149.15
2182.2
2215.25
2248.3
2281.35
2314.4
2347.45
2380.5
2413.55
2446.6
2479.65
2512.7
2545.75
2578.8
2611.85
2644.9
2677.95
2711
2744.05
2777.1
2810.15
2843.2
2876.3
2909.35
2942.4
2975.45
3008.5
3041.55
3074.6
3107.65
3140.7
3173.75
3206.8
3239.85
3272.9
3305.95
3339
3372.05
3405.1
3438.15
3471.2
3504.25
3537.3
3570.35
3603.4
3636.45
3669.55
3702.6
3735.65
3768.7
3801.75
3834.8
3867.85
3900.9
3933.95
3967
4000.05
4033.1
4066.15
4099.2
4132.25
4165.3
4198.35
4231.4
4264.45
4297.5
4330.55
4363.6
4396.65
4429.75
4462.8
4495.85
4528.9
4561.95
4595
4628.05
4661.1
4694.15
4727.2
4760.25
4793.3
4826.35
4859.4
4892.45
4925.5
4958.55
4991.6
5024.65
5057.7
5090.75
5123.8
5156.85
5189.95
5223
5256.05
5289.1
5322.15
5355.2
5388.25
5421.3
5454.35
5487.4
5520.45
5553.5
5586.55
5619.6
5652.65
5685.7
5718.75
5751.8
5784.85
5817.9
5850.95
5884
5917.05
5950.1
5983.2
6016.25
6049.3
6082.35
6115.4
6148.45
6181.5
6214.55
6247.6
6280.65
6313.7
6346.75
6379.8
6412.85
6445.9
6478.95
6512
6545.05
6578.1
6611.15
6644.2
6677.25
6710.3
6743.4
6776.45
6809.5
6842.55
6875.6
6908.65
6941.7
6974.75
-1000
25.6
63.25
103.2
142.85
174.95
205.55
242.75
282.55
322.4
356.3
386.85
423
462.25
502.15
538.1
576.7
616.5
654.15
690
724.7
758.75
792.4
825.9
859.2
892.45
925.6
958.75
991.9
1025.05
1058.1
1091.15
1124.2
1157.25
1190.25
1223.3
1256.35
1289.4
1322.45
1355.5
1388.55
1421.6
1454.65
1487.7
1520.75
1553.8
1586.85
1619.9
1652.95
1686
1719.05
1752.1
1785.15
1818.2
1851.25
1884.3
1917.35
1950.4
1983.45
2016.5
2049.55
2082.6
2115.65
2148.7
2181.75
2214.8
2247.85
2280.9
2313.95
2347
2380.05
2413.1
2446.15
2479.2
2512.3
2545.35
2578.4
2611.45
2644.5
2677.55
2710.6
2743.65
2776.7
2809.75
2842.8
2875.85
2908.9
2941.95
2975
3008.05
3041.1
3074.15
3107.2
3140.25
3173.3
3206.35
3239.4
3272.5
3305.55
3338.6
3371.65
3404.7
3437.75
3470.8
3503.85
3536.9
3569.95
3603
3636.05
3669.1
3702.15
3735.2
3768.25
3801.3
3834.35
3867.4
3900.45
3933.5
3966.55
3999.6
4032.65
4065.75
4098.8
4131.85
4164.9
4197.95
4231
4264.05
4297.1
4330.15
4363.2
4396.25
4429.3
4462.35
4495.4
4528.45
4561.5
4594.55
4627.6
4660.65
4693.7
4726.75
4759.8
4792.85
4825.95
4859
4892.05
4925.1
4958.15
4991.2
5024.25
5057.3
5090.35
5123.4
5156.45
5189.5
5222.55
5255.6
5288.65
5321.7
5354.75
5387.8
5420.85
5453.9
5486.95
5520
5553.05
5586.15
5619.2
5652.25
5685.3
5718.35
5751.4
5784.45
5817.5
5850.55
5883.6
5916.65
5949.7
5982.75
6015.8
6048.85
6081.9
6114.95
6148
6181.05
6214.1
6247.15
6280.2
6313.25
6346.3
6379.4
6412.45
6445.5
6478.55
6511.6
6544.65
6577.7
6610.75
6643.8
6676.85
6709.9
6742.95
6776
6809.05
6842.1
6875.15
6908.2
