29.55
64.85
100.15
135.5
170.8
206.1
241.4
276.75
312.05
347.35
382.7
418
453.3
488.6
523.95
556.9
589.7
622.5
655.35
688.15
721
753.8
786.6
819.45
852.25
885.1
917.9
950.7
983.55
1016.35
1049.2
1082
1114.85
1147.65
1180.5
1213.3
1246.15
1278.95
1311.75
1344.6
1377.4
1410.25
1443.05
1475.9
1508.7
1541.55
1574.35
1607.2
1640
1672.85
1705.65
1738.5
1771.3
1804.1
1836.95
1869.75
1902.6
1935.4
1968.25
2001.05
2033.9
2066.7
2099.55
2132.35
2165.2
2198
2230.85
2263.65
2296.5
2329.3
2362.15
2394.95
2427.75
2460.6
2493.4
2526.25
2559.05
2591.9
2624.7
2657.55
2690.35
2723.2
2756
2788.85
2821.65
2854.5
2887.3
2920.15
2952.95
2985.8
3018.6
3051.45
3084.25
3117.05
3149.9
3182.7
3215.55
3248.35
3281.2
3314
3346.85
3379.65
3412.5
3445.3
3478.15
3510.95
3543.8
3576.6
3609.45
3642.25
3675.05
3707.9
3740.7
3773.55
3806.35
3839.2
3872
3904.85
3937.65
3970.5
4003.3
4036.15
4068.95
4101.8
4134.6
4167.45
4200.25
4233.1
4265.9
4298.75
4331.55
4364.35
4397.2
4430
4462.85
4495.65
4528.5
4561.3
4594.15
4626.95
4659.8
4692.6
4725.45
4758.25
4791.1
4823.9
4856.75
4889.55
4922.35
4955.2
4988
5020.85
5053.65
5086.5
5119.3
5152.15
5184.95
5217.8
5250.6
5283.45
5316.25
5349.1
5381.9
5414.75
5447.55
5480.4
5513.2
5546.05
5578.85
5611.65
5644.5
5677.3
5710.15
5742.95
5775.8
5808.6
5841.45
5874.25
5907.1
5939.9
5972.75
6005.55
6038.4
6071.2
6104.05
6136.85
6169.7
6202.5
6235.3
6268.15
6300.95
6333.8
6366.6
6399.45
6432.25
6465.1
6497.9
6530.75
6563.55
6596.4
6629.2
6662.05
6694.85
6727.7
6760.5
6793.3
6826.15
6858.95
6891.8
6924.6
6957.45
6990.25
-1000
25.6
59.45
93.7
128.4
163.3
198.3
233.5
268.7
304
339.2
374.5
409.8
445.15
480.45
515.75
551.1
585.55
619.45
653
686.3
719.45
752.55
785.55
818.5
851.45
884.4
917.35
950.2
983.1
1015.9
1048.75
1081.6
1114.4
1147.25
1180.05
1212.9
1245.7
1278.55
1311.35
1344.2
1377
1409.8
1442.65
1475.45
1508.3
1541.1
1573.95
1606.75
1639.6
1672.4
1705.25
1738.05
1770.9
1803.7
1836.55
1869.35
1902.15
1935
1967.8
2000.65
2033.45
2066.3
2099.1
2131.95
2164.75
2197.6
2230.4
2263.25
2296.05
2328.9
2361.7
2394.55
2427.35
2460.2
2493
2525.8
2558.65
2591.45
2624.3
2657.1
2689.95
2722.75
2755.6
2788.4
2821.25
2854.05
2886.9
2919.7
2952.55
2985.35
3018.2
3051
3083.85
3116.65
3149.45
3182.3
3215.1
3247.95
3280.75
3313.6
3346.4
3379.25
3412.05
3444.9
3477.7
3510.55
3543.35
3576.2
3609
3641.85
3674.65
3707.5
3740.3
3773.1
3805.95
3838.75
3871.6
3904.4
3937.25
3970.05
4002.9
4035.7
4068.55
4101.35
4134.2
4167
4199.85
4232.65
4265.5
4298.3
4331.15
4363.95
4396.75
4429.6
4462.4
4495.25
4528.05
4560.9
4593.7
4626.55
4659.35
4692.2
4725
4757.85
4790.65
4823.5
4856.3
4889.15
4921.95
4954.8
4987.6
5020.4
5053.25
5086.05
5118.9
5151.7
5184.55
5217.35
5250.2
5283
5315.85
5348.65
5381.5
5414.3
5447.15
5479.95
5512.8
5545.6
5578.45
5611.25
5644.05
5676.9
5709.7
5742.55
5775.35
5808.2
5841
5873.85
5906.65
5939.5
5972.3
6005.15
6037.95
6070.8
6103.6
6136.45
6169.25
6202.1
6234.9
6267.7
6300.55
6333.35
6366.2
6399
6431.85
6464.65
6497.5
6530.3
6563.15
6595.95
6628.8
6661.6
6694.45
6727.25
6760.1
6792.9
6825.75
6858.55
6891.35
6924.2
6957
6989.85
