26.8
59.1
91.45
123.75
156.05
188.4
220.7
253.05
285.35
317.65
350
382.3
414.65
446.95
479.25
511.6
543.9
576.25
608.55
640.85
673.2
705.5
737.85
770.15
802.45
834.8
867.1
899.45
931.75
964.05
996.4
1028.7
1061.05
1093.35
1125.65
1158
1190.3
1222.65
1254.95
1287.25
1319.6
1351.9
1384.25
1416.55
1448.85
1481.2
1513.5
1545.85
1578.15
1610.45
1642.8
1675.1
1707.45
1739.75
1772.05
1804.4
1836.7
1869.05
1901.35
1933.65
1966
1998.3
2030.65
2062.95
2095.25
2127.6
2159.9
2192.25
2224.55
2256.85
2289.2
2321.5
2353.85
2386.15
2418.45
2450.8
2483.1
2515.45
2547.75
2580.05
2612.4
2644.7
2677.05
2709.35
2741.7
2774
2806.3
2838.65
2870.95
2903.3
2935.6
2967.9
3000.25
3032.55
3064.9
3097.2
3129.5
3161.85
3194.15
3226.5
3258.8
3291.1
3323.45
3355.75
3388.1
3420.4
3452.7
3485.05
3517.35
3549.7
3582
3614.3
3646.65
3678.95
3711.3
3743.6
3775.9
3808.25
3840.55
3872.9
3905.2
3937.5
3969.85
4002.15
4034.5
4066.8
4099.1
4131.45
4163.75
4196.1
4228.4
4260.7
4293.05
4325.35
4357.7
4390
4422.3
4454.65
4486.95
4519.3
4551.6
4583.9
4616.25
4648.55
4680.9
4713.2
4745.5
4777.85
4810.15
4842.5
4874.8
4907.1
4939.45
4971.75
5004.1
5036.4
5068.7
5101.05
5133.35
5165.7
5198
5230.3
5262.65
5294.95
5327.3
5359.6
5391.9
5424.25
5456.55
5488.9
5521.2
5553.55
5585.85
5618.15
5650.5
5682.8
5715.15
5747.45
5779.75
5812.1
5844.4
5876.75
5909.05
5941.35
5973.7
6006
6038.35
6070.65
6102.95
6135.3
6167.6
6199.95
6232.25
6264.55
6296.9
6329.2
6361.55
6393.85
6426.15
6458.5
6490.8
6523.15
6555.45
6587.75
6620.1
6652.4
6684.75
6717.05
6749.35
6781.7
6814
6846.35
6878.65
6910.95
6943.3
6975.6
-1000
25.6
59.3
91.95
124.15
156.5
188.85
221.1
253.5
285.75
318.1
350.45
382.7
415.1
447.35
479.7
512.05
544.3
576.7
608.95
641.3
673.65
705.9
738.3
770.55
802.9
835.25
867.5
899.9
932.15
964.5
996.85
1029.1
1061.5
1093.75
1126.1
1158.45
1190.7
1223.1
1255.35
1287.7
1320.05
1352.3
1384.7
1416.95
1449.3
1481.65
1513.9
1546.3
1578.55
1610.9
1643.25
1675.5
1707.9
1740.15
1772.5
1804.85
1837.1
1869.5
1901.75
1934.1
1966.4
1998.75
2031.1
2063.35
2095.75
2128
2160.35
2192.7
2224.95
2257.35
2289.6
2321.95
2354.3
2386.55
2418.95
2451.2
2483.55
2515.9
2548.15
2580.55
2612.8
2645.15
2677.5
2709.75
2742.15
2774.4
2806.75
2839.1
2871.35
2903.75
2936
2968.35
3000.7
3032.95
3065.35
3097.6
3129.95
3162.3
3194.55
3226.95
3259.2
3291.55
3323.9
3356.15
3388.55
3420.8
3453.15
3485.5
3517.75
3550.15
3582.4
3614.75
3647.1
3679.35
3711.75
3744
3776.35
3808.7
3840.95
3873.35
3905.6
3937.95
3970.3
4002.55
4034.95
4067.2
4099.55
4131.9
4164.15
4196.55
4228.8
4261.15
4293.5
4325.75
4358.15
4390.4
4422.75
4455.1
4487.35
4519.75
4552
4584.35
4616.7
4648.95
4681.35
4713.6
4745.95
4778.25
4810.6
4842.95
4875.2
4907.6
4939.85
4972.2
5004.55
5036.8
5069.2
5101.45
5133.8
5166.15
5198.4
5230.8
5263.05
5295.4
5327.75
5360
5392.4
5424.65
5457
5489.35
5521.6
5554
5586.25
5618.6
5650.95
5683.2
5715.6
5747.85
5780.2
5812.55
5844.8
5877.2
5909.45
5941.8
5974.15
6006.4
6038.8
6071.05
6103.4
6135.75
6168
6200.4
6232.65
6265
6297.35
6329.6
6362
6394.25
6426.6
6458.95
6491.2
6523.6
6555.85
6588.2
6620.55
6652.8
6685.2
6717.45
6749.8
6782.15
6814.4
6846.8
6879.05
6911.4
6943.75
6976
