34.05
74.2
114.4
154.55
194.75
234.9
275.1
315.25
355.45
395.6
435.8
475.95
516.15
550.3
584.5
618.75
652.95
687.25
721.5
755.8
790.1
824.4
858.75
893.05
927.4
961.75
996.1
1030.45
1064.8
1099.15
1133.55
1167.9
1202.25
1236.65
1271
1305.4
1339.75
1374.15
1408.5
1442.9
1477.25
1511.65
1546.05
1580.4
1614.8
1649.15
1683.55
1717.95
1752.3
1786.7
1821.05
1855.45
1889.85
1924.2
1958.6
1992.95
2027.35
2061.75
2096
2130.25
2164.5
2198.75
2233
2267.25
2301.5
2335.8
2370.05
2404.3
2438.55
2472.8
2507.05
2541.35
2575.6
2609.85
2644.1
2678.35
2712.65
2746.9
2781.15
2815.4
2849.65
2883.9
2918.2
2952.45
2986.7
3020.95
3055.2
3089.5
3123.75
3158
3192.25
3226.5
3260.75
3295.05
3329.3
3363.55
3397.8
3432.05
3466.35
3500.6
3534.85
3569.1
3603.35
3637.65
3671.9
3706.15
3740.4
3774.65
3808.95
3843.2
3877.45
3911.7
3945.95
3980.2
4014.5
4048.75
4083
4117.25
4151.5
4185.8
4220.05
4254.3
4288.55
4322.8
4357.1
4391.35
4425.6
4459.85
4494.1
4528.4
4562.65
4596.9
4631.15
4665.4
4699.65
4733.95
4768.2
4802.45
4836.7
4870.95
4905.25
4939.5
4973.75
5008
5042.25
5076.55
5110.8
5145.05
5179.3
5213.55
5247.85
5282.1
5316.35
5350.6
5384.85
5419.1
5453.4
5487.65
5521.9
5556.15
5590.4
5624.7
5658.95
5693.2
5727.45
5761.7
5796
5830.25
5864.5
5898.75
5933
5967.3
6001.55
6035.8
6070.05
6104.3
6138.55
6172.85
6207.1
6241.35
6275.6
6309.85
6344.15
6378.4
6412.65
6446.9
6481.15
6515.45
6549.7
6583.95
6618.2
6652.45
6686.7
6721
6755.25
6789.5
6823.75
6858
6892.3
6926.55
6960.8
6995.05
-1000
25.6
64.2
103.85
143.75
183.9
224.05
264.25
304.4
344.6
384.75
424.95
465.1
505.3
545.45
582.05
617.3
652.05
686.65
721.1
755.45
789.7
824
858.35
892.65
927
961.35
995.7
1030
1064.4
1098.75
1133.1
1167.45
1201.85
1236.2
1270.55
1304.95
1339.3
1373.7
1408.05
1442.45
1476.8
1511.2
1545.55
1579.95
1614.35
1648.7
1683.1
1717.45
1751.85
1786.25
1820.6
1855
1889.35
1923.75
1958.15
1992.5
2026.9
2061.25
2095.65
2129.85
2164.15
2198.4
2232.65
2266.95
2301.15
2335.45
2369.7
2403.95
2438.2
2472.5
2506.7
2541
2575.25
2609.5
2643.75
2678.05
2712.25
2746.55
2780.8
2815.05
2849.3
2883.6
2917.8
2952.1
2986.35
3020.6
3054.9
3089.1
3123.4
3157.65
3191.9
3226.2
3260.4
3294.7
3328.95
3363.2
3397.45
3431.75
3465.95
3500.25
3534.5
3568.75
3603.05
3637.25
3671.55
3705.8
3740.05
3774.35
3808.55
3842.85
3877.1
3911.35
3945.65
3979.85
4014.15
4048.4
4082.65
4116.9
4151.2
4185.4
4219.7
4253.95
4288.2
4322.5
4356.7
4391
4425.25
4459.5
4493.8
4528
4562.3
4596.55
4630.8
4665.1
4699.3
4733.6
4767.85
4802.1
4836.35
4870.65
4904.85
4939.15
4973.4
5007.65
5041.95
5076.15
5110.45
5144.7
5178.95
5213.25
5247.45
5281.75
5316
5350.25
5384.55
5418.75
5453.05
5487.3
5521.55
5555.8
5590.1
5624.3
5658.6
5692.85
5727.1
5761.4
5795.6
5829.9
5864.15
5898.4
5932.7
5966.9
6001.2
6035.45
6069.7
6103.95
6138.25
6172.45
6206.75
6241
6275.25
6309.55
6343.75
6378.05
6412.3
6446.55
6480.85
6515.05
6549.35
6583.6
6617.85
6652.15
6686.35
6720.65
6754.9
6789.15
6823.45
6857.65
6891.95
6926.2
6960.45
6994.7
