39
84.45
129.9
175.35
220.8
266.25
311.7
357.15
402.55
448
493.45
526.65
559.15
591.6
624.05
656.5
688.95
721.4
753.9
786.4
818.9
851.4
883.9
916.4
948.9
981.45
1013.95
1046.5
1079
1111.55
1144.05
1176.6
1209.15
1241.65
1274.2
1306.75
1339.25
1371.8
1404.35
1436.9
1469.4
1501.95
1534.5
1567.05
1599.6
1632.1
1664.65
1697.2
1729.75
1762.3
1794.85
1827.35
1859.9
1892.45
1925
1957.55
1990.1
2022.6
2055.15
2087.7
2120.25
2152.8
2185.35
2217.9
2250.4
2282.95
2315.5
2348.05
2380.6
2413.15
2445.65
2478.2
2510.75
2543.3
2575.85
2608.4
2640.95
2673.45
2706
2738.55
2771.1
2803.65
2836.2
2868.75
2901.25
2933.8
2966.35
2998.9
3031.45
3064
3096.5
3129.05
3161.6
3194.15
3226.7
3259.25
3291.8
3324.3
3356.85
3389.4
3421.95
3454.5
3487.05
3519.6
3552.1
3584.65
3617.2
3649.75
3682.3
3714.85
3747.4
3779.9
3812.45
3845
3877.55
3910.1
3942.65
3975.15
4007.7
4040.25
4072.8
4105.35
4137.9
4170.45
4202.95
4235.5
4268.05
4300.6
4333.15
4365.7
4398.25
4430.75
4463.3
4495.85
4528.4
4560.95
4593.5
4626
4658.55
4691.1
4723.65
4756.2
4788.75
4821.3
4853.8
4886.35
4918.9
4951.45
4984
5016.55
5049.1
5081.6
5114.15
5146.7
5179.25
5211.8
5244.35
5276.9
5309.4
5341.95
5374.5
5407.05
5439.6
5472.15
5504.65
5537.2
5569.75
5602.3
5634.85
5667.4
5699.95
5732.45
5765
5797.55
5830.1
5862.65
5895.2
5927.75
5960.25
5992.8
6025.35
6057.9
6090.45
6123
6155.5
6188.05
6220.6
6253.15
6285.7
6318.25
6350.8
6383.3
6415.85
6448.4
6480.95
6513.5
6546.05
6578.6
6611.1
6643.65
6676.2
6708.75
6741.3
6773.85
6806.4
6838.9
6871.45
6904
6936.55
6969.1
-1000
25.6
62.1
99.9
131.2
162.4
198.75
236.6
268.2
299.1
335.35
373.2
405.1
435.85
471.95
509.85
547.25
583.3
618.1
652.15
685.75
719
752.05
784.9
817.75
850.5
883.2
915.9
948.5
981.1
1013.6
1046.15
1078.65
1111.2
1143.7
1176.25
1208.75
1241.3
1273.85
1306.4
1338.9
1371.45
1404
1436.5
1469.05
1501.6
1534.15
1566.7
1599.2
1631.75
1664.3
1696.85
1729.4
1761.9
1794.45
1827
1859.55
1892.1
1924.65
1957.15
1989.7
2022.25
2054.8
2087.35
2119.9
2152.45
2184.95
2217.5
2250.05
2282.6
2315.15
2347.7
2380.2
2412.75
2445.3
2477.85
2510.4
2542.95
2575.5
2608
2640.55
2673.1
2705.65
2738.2
2770.75
2803.25
2835.8
2868.35
2900.9
2933.45
2966
2998.55
3031.05
3063.6
3096.15
3128.7
3161.25
3193.8
3226.35
3258.85
3291.4
3323.95
3356.5
3389.05
3421.6
3454.15
3486.65
3519.2
3551.75
3584.3
3616.85
3649.4
3681.9
3714.45
3747
3779.55
3812.1
3844.65
3877.2
3909.7
3942.25
3974.8
4007.35
4039.9
4072.45
4105
4137.5
4170.05
4202.6
4235.15
4267.7
4300.25
4332.75
4365.3
4397.85
4430.4
4462.95
4495.5
4528.05
4560.55
4593.1
4625.65
4658.2
4690.75
4723.3
4755.85
4788.35
4820.9
4853.45
4886
4918.55
4951.1
4983.65
5016.15
5048.7
5081.25
5113.8
5146.35
5178.9
5211.4
5243.95
5276.5
5309.05
5341.6
5374.15
5406.7
5439.2
5471.75
5504.3
5536.85
5569.4
5601.95
5634.5
5667
5699.55
5732.1
5764.65
5797.2
5829.75
5862.25
5894.8
5927.35
5959.9
5992.45
6025
6057.55
6090.05
6122.6
6155.15
6187.7
6220.25
6252.8
6285.35
6317.85
6350.4
6382.95
6415.5
6448.05
6480.6
6513.15
6545.65
6578.2
6610.75
6643.3
6675.85
6708.4
6740.9
6773.45
6806
6838.55
6871.1
