29.55
64.85
100.15
135.5
170.8
206.1
241.4
276.75
312.05
347.35
382.7
418
453.3
488.6
523.95
558.3
592.7
627.05
661.45
695.8
730.2
764.55
798.95
833.35
867.7
902.1
936.45
970.85
1005.25
1039.6
1074
1108.35
1142.75
1177.15
1211.5
1245.9
1280.3
1314.65
1349.05
1383.4
1417.8
1452.2
1486.55
1520.95
1555.35
1589.7
1624.1
1658.45
1692.85
1727.25
1761.6
1796
1830.4
1864.75
1899.15
1933.5
1967.9
2002.3
2036.65
2071.05
2105.45
2139.8
2174.2
2208.55
2242.95
2277.35
2311.7
2346.1
2380.5
2414.85
2449.25
2483.6
2518
2552.4
2586.75
2621.15
2655.55
2689.9
2724.3
2758.7
2793.05
2827.45
2861.8
2896.2
2930.6
2964.95
2999.35
3033.75
3068.1
3102.5
3136.85
3171.25
3205.65
3240
3274.4
3308.8
3343.15
3377.55
3411.9
3446.3
3480.7
3515.05
3549.45
3583.85
3618.2
3652.6
3686.95
3721.35
3755.75
3790.1
3824.5
3858.9
3893.25
3927.65
3962.05
3996.4
4030.8
4065.15
4099.55
4133.95
4168.3
4202.7
4237.1
4271.45
4305.85
4340.2
4374.6
4409
4443.35
4477.75
4512.15
4546.5
4580.9
4615.25
4649.65
4684.05
4718.4
4752.8
4787.2
4821.55
4855.95
4890.35
4924.7
4959.1
4993.45
5027.85
5062.25
5096.6
5131
5165.4
5199.75
5234.15
5268.5
5302.9
5337.3
5371.65
5406.05
5440.45
5474.8
5509.2
5543.55
5577.95
5612.35
5646.7
5681.1
5715.5
5749.85
5784.25
5818.65
5853
5887.4
5921.75
5956.15
5990.55
6024.9
6059.3
6093.7
6128.05
6162.45
6196.8
6231.2
6265.6
6299.95
6334.35
6368.75
6403.1
6437.5
6471.9
6506.25
6540.65
6575
6609.4
6643.8
6678.15
6712.55
6746.95
6781.3
6815.7
6850.05
6884.45
6918.85
6953.2
6987.6
-1000
25.6
61.65
97.25
132.75
168.15
203.45
238.8
274.15
309.45
344.75
380.1
415.4
450.7
486.05
521.35
556.65
591.5
626.15
660.75
695.25
729.75
764.1
798.5
832.85
867.25
901.65
936
970.4
1004.75
1039.15
1073.55
1107.9
1142.3
1176.65
1211.05
1245.45
1279.8
1314.2
1348.6
1382.95
1417.35
1451.7
1486.1
1520.5
1554.85
1589.25
1623.65
1658
1692.4
1726.75
1761.15
1795.55
1829.9
1864.3
1898.7
1933.05
1967.45
2001.8
2036.2
2070.6
2104.95
2139.35
2173.75
2208.1
2242.5
2276.85
2311.25
2345.65
2380
2414.4
2448.8
2483.15
2517.55
2551.95
2586.3
2620.7
2655.05
2689.45
2723.85
2758.2
2792.6
2827
2861.35
2895.75
2930.1
2964.5
2998.9
3033.25
3067.65
3102.05
3136.4
3170.8
3205.15
3239.55
3273.95
3308.3
3342.7
3377.1
3411.45
3445.85
3480.25
3514.6
3549
3583.35
3617.75
3652.15
3686.5
3720.9
3755.3
3789.65
3824.05
3858.4
3892.8
3927.2
3961.55
3995.95
4030.35
4064.7
4099.1
4133.45
4167.85
4202.25
4236.6
4271
4305.4
4339.75
4374.15
4408.55
4442.9
4477.3
4511.65
4546.05
4580.45
4614.8
4649.2
4683.6
4717.95
4752.35
4786.7
4821.1
4855.5
4889.85
4924.25
4958.65
4993
5027.4
5061.75
5096.15
5130.55
5164.9
5199.3
5233.7
5268.05
5302.45
5336.85
5371.2
5405.6
5439.95
5474.35
5508.75
5543.1
5577.5
5611.9
5646.25
5680.65
5715
5749.4
5783.8
5818.15
5852.55
5886.95
5921.3
5955.7
5990.05
6024.45
6058.85
6093.2
6127.6
6162
6196.35
6230.75
6265.15
6299.5
6333.9
6368.25
6402.65
6437.05
6471.4
6505.8
6540.2
6574.55
6608.95
6643.3
6677.7
6712.1
6746.45
6780.85
6815.25
6849.6
6884
6918.35
6952.75
6987.15
