56.7
120.65
184.65
248.65
312.65
376.6
440.6
504.6
539.1
572.65
606.1
639.6
673.15
706.7
740.25
773.9
807.5
841.15
874.85
908.55
942.25
975.95
1009.7
1043.45
1077.15
1110.9
1144.7
1178.45
1212.2
1245.95
1279.75
1313.5
1347.3
1381.1
1414.85
1448.65
1482.45
1516.25
1550
1583.8
1617.6
1651.4
1685.15
1718.95
1752.75
1786.55
1820.35
1854.15
1887.95
1921.7
1955.5
1989.3
2023.1
2056.9
2090.7
2124.5
2158.3
2192.1
2225.85
2259.65
2293.45
2327.25
2361.05
2394.85
2428.65
2462.45
2496.25
2530.05
2563.8
2597.6
2631.4
2665.2
2699
2732.8
2766.6
2800.4
2834.2
2868
2901.75
2935.55
2969.35
3003.15
3036.95
3070.75
3104.55
3138.35
3172.15
3205.95
3239.75
3273.5
3307.3
3341.1
3374.9
3408.7
3442.5
3476.3
3510.1
3543.9
3577.7
3611.5
3645.25
3679.05
3712.85
3746.65
3780.45
3814.25
3848.05
3881.85
3915.65
3949.45
3983.2
4017
4050.8
4084.6
4118.4
4152.2
4186
4219.8
4253.6
4287.4
4321.15
4354.95
4388.75
4422.55
4456.35
4490.15
4523.95
4557.75
4591.55
4625.35
4659.1
4692.9
4726.7
4760.5
4794.3
4828.1
4861.9
4895.7
4929.5
4963.3
4997.1
5030.85
5064.65
5098.45
5132.25
5166.05
5199.85
5233.65
5267.45
5301.25
5335.05
5368.85
5402.6
5436.4
5470.2
5504
5537.8
5571.6
5605.4
5639.2
5673
5706.8
5740.55
5774.35
5808.15
5841.95
5875.75
5909.55
5943.35
5977.15
6010.95
6044.75
6078.5
6112.3
6146.1
6179.9
6213.7
6247.5
6281.3
6315.1
6348.9
6382.7
6416.5
6450.25
6484.05
6517.85
6551.65
6585.45
6619.25
6653.05
6686.85
6720.65
6754.45
6788.2
6822
6855.8
6889.6
6923.4
6957.2
6991
-1000
25.6
56.65
89.8
120.85
153.7
184.75
217.75
248.8
281.7
312.7
345.7
376.75
409.7
440.75
473.7
504.75
537.65
571.85
605.85
639.5
672.85
706.45
739.95
773.65
807.2
840.9
874.5
908.2
941.9
975.65
1009.35
1043.05
1076.85
1110.55
1144.3
1178.05
1211.8
1245.65
1279.35
1313.15
1346.95
1380.7
1414.5
1448.3
1482.05
1515.85
1549.65
1583.45
1617.2
1651
1684.8
1718.6
1752.4
1786.15
1819.95
1853.75
1887.55
1921.35
1955.15
1988.95
2022.75
2056.5
2090.3
2124.1
2157.9
2191.7
2225.5
2259.3
2293.1
2326.9
2360.7
2394.45
2428.25
2462.05
2495.85
2529.65
2563.45
2597.25
2631.05
2664.85
2698.65
2732.4
2766.2
2800
2833.8
2867.6
2901.4
2935.2
2969
3002.8
3036.6
3070.35
3104.15
3137.95
3171.75
3205.55
3239.35
3273.15
3306.95
3340.75
3374.55
3408.35
3442.1
3475.9
3509.7
3543.5
3577.3
3611.1
3644.9
3678.7
3712.5
3746.3
3780.05
3813.85
3847.65
3881.45
3915.25
3949.05
3982.85
4016.65
4050.45
4084.25
4118
4151.8
4185.6
4219.4
4253.2
4287
4320.8
4354.6
4388.4
4422.2
4456
4489.75
4523.55
4557.35
4591.15
4624.95
4658.75
4692.55
4726.35
4760.15
4793.95
4827.7
4861.5
4895.3
4929.1
4962.9
4996.7
5030.5
5064.3
5098.1
5131.9
5165.7
5199.45
5233.25
5267.05
5300.85
5334.65
5368.45
5402.25
5436.05
5469.85
5503.65
5537.4
5571.2
5605
5638.8
5672.6
5706.4
5740.2
5774
5807.8
5841.6
5875.4
5909.15
5942.95
5976.75
6010.55
6044.35
6078.15
6111.95
6145.75
6179.55
6213.35
6247.1
6280.9
6314.7
6348.5
6382.3
6416.1
6449.9
6483.7
6517.5
6551.3
6585.1
6618.85
6652.65
6686.45
6720.25
