62.45
132.4
202.35
272.3
342.25
412.2
482.15
552.1
587.25
621.4
655.4
689.4
723.5
757.6
791.75
825.9
860.1
894.35
928.6
962.85
997.1
1031.4
1065.7
1100
1134.35
1168.65
1203
1237.35
1271.7
1306.05
1340.4
1374.75
1409.1
1443.45
1477.85
1512.2
1546.55
1580.9
1615.3
1649.65
1684.05
1718.4
1752.8
1787.15
1821.5
1855.9
1890.25
1924.65
1959
1993.4
2027.75
2062.15
2096.5
2130.9
2165.25
2199.65
2234
2268.4
2302.8
2337.15
2371.55
2405.9
2440.3
2474.65
2509.05
2543.4
2577.8
2612.15
2646.55
2680.9
2715.3
2749.65
2784.05
2818.4
2852.8
2887.15
2921.55
2955.9
2990.3
3024.65
3059.05
3093.45
3127.8
3162.2
3196.55
3230.95
3265.3
3299.7
3334.05
3368.45
3402.8
3437.2
3471.55
3505.95
3540.3
3574.7
3609.05
3643.45
3677.8
3712.2
3746.6
3780.95
3815.35
3849.7
3884.1
3918.45
3952.85
3987.2
4021.6
4055.95
4090.35
4124.7
4159.1
4193.45
4227.85
4262.2
4296.6
4330.95
4365.35
4399.75
4434.1
4468.5
4502.85
4537.25
4571.6
4606
4640.35
4674.75
4709.1
4743.5
4777.85
4812.25
4846.6
4881
4915.35
4949.75
4984.1
5018.5
5052.85
5087.25
5121.65
5156
5190.4
5224.75
5259.15
5293.5
5327.9
5362.25
5396.65
5431
5465.4
5499.75
5534.15
5568.5
5602.9
5637.25
5671.65
5706
5740.4
5774.75
5809.15
5843.55
5877.9
5912.3
5946.65
5981.05
6015.4
6049.8
6084.15
6118.55
6152.9
6187.3
6221.65
6256.05
6290.4
6324.8
6359.15
6393.55
6427.9
6462.3
6496.7
6531.05
6565.45
6599.8
6634.2
6668.55
6702.95
6737.3
6771.7
6806.05
6840.45
6874.8
6909.2
6943.55
6977.95
-1000
25.6
56.65
93.7
124.75
162.85
193.9
232.6
263.6
302.45
333.5
372.4
403.45
442.35
473.35
512.3
543.3
582.25
618.9
654.15
688.85
723.3
757.2
791.5
825.55
859.85
893.95
928.25
962.5
996.75
1031.05
1065.35
1099.65
1133.95
1168.25
1202.6
1236.9
1271.25
1305.6
1339.95
1374.3
1408.65
1443.05
1477.4
1511.75
1546.1
1580.5
1614.85
1649.2
1683.6
1717.95
1752.35
1786.7
1821.05
1855.45
1889.8
1924.2
1958.55
1992.95
2027.3
2061.7
2096.05
2130.45
2164.8
2199.2
2233.55
2267.95
2302.3
2336.7
2371.1
2405.45
2439.85
2474.2
2508.6
2542.95
2577.35
2611.7
2646.1
2680.45
2714.85
2749.2
2783.6
2817.95
2852.35
2886.7
2921.1
2955.45
2989.85
3024.2
3058.6
3092.95
3127.35
3161.75
3196.1
3230.5
3264.85
3299.25
3333.6
3368
3402.35
3436.75
3471.1
3505.5
3539.85
3574.25
3608.6
3643
3677.35
3711.75
3746.1
3780.5
3814.9
3849.25
3883.65
3918
3952.4
3986.75
4021.15
4055.5
4089.9
4124.25
4158.65
4193
4227.4
4261.75
4296.15
4330.5
4364.9
4399.25
4433.65
4468.05
4502.4
4536.8
4571.15
4605.55
4639.9
4674.3
4708.65
4743.05
4777.4
4811.8
4846.15
4880.55
4914.9
4949.3
4983.65
5018.05
5052.4
5086.8
5121.15
5155.55
5189.95
5224.3
5258.7
5293.05
5327.45
5361.8
5396.2
5430.55
5464.95
5499.3
5533.7
5568.05
5602.45
5636.8
5671.2
5705.55
5739.95
5774.3
5808.7
5843.05
5877.45
5911.85
5946.2
5980.6
6014.95
6049.35
6083.7
6118.1
6152.45
6186.85
6221.2
6255.6
6289.95
6324.35
6358.7
6393.1
6427.45
6461.85
6496.2
6530.6
6565
6599.35
6633.75
6668.1
6702.5
