50.65
108.4
166.15
223.85
281.6
339.3
397.05
454.8
512.5
545.4
577.25
609.05
640.85
672.65
704.5
736.4
768.3
800.2
832.15
864.15
896.1
928.1
960.1
992.1
1024.1
1056.15
1088.2
1120.2
1152.25
1184.3
1216.35
1248.4
1280.45
1312.5
1344.6
1376.65
1408.7
1440.8
1472.85
1504.9
1537
1569.05
1601.15
1633.2
1665.3
1697.35
1729.45
1761.5
1793.6
1825.65
1857.75
1889.8
1921.9
1953.95
1986.05
2018.1
2050.2
2082.25
2114.35
2146.4
2178.5
2210.55
2242.65
2274.7
2306.8
2338.9
2370.95
2403.05
2435.1
2467.2
2499.25
2531.35
2563.4
2595.5
2627.6
2659.65
2691.75
2723.8
2755.9
2787.95
2820.05
2852.1
2884.2
2916.25
2948.35
2980.45
3012.5
3044.6
3076.65
3108.75
3140.8
3172.9
3204.95
3237.05
3269.15
3301.2
3333.3
3365.35
3397.45
3429.5
3461.6
3493.65
3525.75
3557.85
3589.9
3622
3654.05
3686.15
3718.2
3750.3
3782.35
3814.45
3846.5
3878.6
3910.7
3942.75
3974.85
4006.9
4039
4071.05
4103.15
4135.2
4167.3
4199.4
4231.45
4263.55
4295.6
4327.7
4359.75
4391.85
4423.9
4456
4488.1
4520.15
4552.25
4584.3
4616.4
4648.45
4680.55
4712.6
4744.7
4776.75
4808.85
4840.95
4873
4905.1
4937.15
4969.25
5001.3
5033.4
5065.45
5097.55
5129.65
5161.7
5193.8
5225.85
5257.95
5290
5322.1
5354.15
5386.25
5418.35
5450.4
5482.5
5514.55
5546.65
5578.7
5610.8
5642.85
5674.95
5707.05
5739.1
5771.2
5803.25
5835.35
5867.4
5899.5
5931.55
5963.65
5995.7
6027.8
6059.9
6091.95
6124.05
6156.1
6188.2
6220.25
6252.35
6284.4
6316.5
6348.6
6380.65
6412.75
6444.8
6476.9
6508.95
6541.05
6573.1
6605.2
6637.3
6669.35
6701.45
6733.5
6765.6
6797.65
6829.75
6861.8
6893.9
6926
6958.05
6990.15
-1000
25.6
60.15
91.1
126.55
157.55
191.35
222.4
254.65
288.05
318.95
354.55
385.6
420
451.05
483.75
515.65
546.55
577.8
609.3
640.95
672.7
704.5
736.3
768.15
800.1
832
863.95
895.9
927.9
959.85
991.85
1023.85
1055.9
1087.9
1119.9
1151.95
1184
1216.05
1248.1
1280.15
1312.2
1344.25
1376.3
1408.4
1440.45
1472.5
1504.6
1536.65
1568.7
1600.8
1632.85
1664.95
1697
1729.1
1761.15
1793.25
1825.3
1857.4
1889.45
1921.55
1953.6
1985.7
2017.75
2049.85
2081.9
2114
2146.05
2178.15
2210.2
2242.3
2274.35
2306.45
2338.55
2370.6
2402.7
2434.75
2466.85
2498.9
2531
2563.05
2595.15
2627.25
2659.3
2691.4
2723.45
2755.55
2787.6
2819.7
2851.75
2883.85
2915.9
2948
2980.1
3012.15
3044.25
3076.3
3108.4
3140.45
3172.55
3204.6
3236.7
3268.8
3300.85
3332.95
3365
3397.1
3429.15
3461.25
3493.3
3525.4
3557.5
3589.55
3621.65
3653.7
3685.8
3717.85
3749.95
3782
3814.1
3846.15
3878.25
3910.35
3942.4
3974.5
4006.55
4038.65
4070.7
4102.8
4134.85
4166.95
4199.05
4231.1
4263.2
4295.25
4327.35
4359.4
4391.5
4423.55
4455.65
4487.75
4519.8
4551.9
4583.95
4616.05
4648.1
4680.2
4712.25
4744.35
4776.45
4808.5
4840.6
4872.65
4904.75
4936.8
4968.9
5000.95
5033.05
5065.1
5097.2
5129.3
5161.35
5193.45
5225.5
5257.6
5289.65
5321.75
5353.8
5385.9
5418
5450.05
5482.15
5514.2
5546.3
5578.35
5610.45
5642.5
5674.6
5706.7
5738.75
5770.85
5802.9
5835
5867.05
5899.15
5931.2
5963.3
5995.4
6027.45
6059.55
6091.6
6123.7
6155.75
6187.85
6219.9
6252
6284.05
6316.15
6348.25
6380.3
6412.4
6444.45
6476.55
6508.6
6540.7
6572.75
6604.85
6636.95
6669
6701.1
6733.15
6765.25
