43.05
92.75
142.45
192.2
241.9
291.6
341.35
391.05
440.8
490.5
531.8
563.9
595.3
626.65
658
689.35
720.7
752.1
783.55
814.95
846.4
877.85
909.3
940.75
972.25
1003.75
1035.2
1066.7
1098.2
1129.7
1161.2
1192.7
1224.2
1255.7
1287.2
1318.75
1350.25
1381.75
1413.25
1444.8
1476.3
1507.85
1539.35
1570.85
1602.4
1633.9
1665.45
1696.95
1728.45
1760
1791.5
1823.05
1854.55
1886.1
1917.6
1949.15
1980.65
2012.15
2043.7
2075.2
2106.75
2138.25
2169.8
2201.3
2232.85
2264.35
2295.9
2327.4
2358.95
2390.45
2422
2453.5
2485.05
2516.55
2548.1
2579.6
2611.1
2642.65
2674.15
2705.7
2737.2
2768.75
2800.25
2831.8
2863.3
2894.85
2926.35
2957.9
2989.4
3020.95
3052.45
3084
3115.5
3147.05
3178.55
3210.1
3241.6
3273.15
3304.65
3336.15
3367.7
3399.2
3430.75
3462.25
3493.8
3525.3
3556.85
3588.35
3619.9
3651.4
3682.95
3714.45
3746
3777.5
3809.05
3840.55
3872.1
3903.6
3935.15
3966.65
3998.15
4029.7
4061.2
4092.75
4124.25
4155.8
4187.3
4218.85
4250.35
4281.9
4313.4
4344.95
4376.45
4408
4439.5
4471.05
4502.55
4534.1
4565.6
4597.15
4628.65
4660.2
4691.7
4723.2
4754.75
4786.25
4817.8
4849.3
4880.85
4912.35
4943.9
4975.4
5006.95
5038.45
5070
5101.5
5133.05
5164.55
5196.1
5227.6
5259.15
5290.65
5322.2
5353.7
5385.25
5416.75
5448.25
5479.8
5511.3
5542.85
5574.35
5605.9
5637.4
5668.95
5700.45
5732
5763.5
5795.05
5826.55
5858.1
5889.6
5921.15
5952.65
5984.2
6015.7
6047.25
6078.75
6110.3
6141.8
6173.3
6204.85
6236.35
6267.9
6299.4
6330.95
6362.45
6394
6425.5
6457.05
6488.55
6520.1
6551.6
6583.15
6614.65
6646.2
6677.7
6709.25
6740.75
6772.3
6803.8
6835.35
6866.85
6898.35
6929.9
6961.4
6992.95
-1000
25.6
58.9
89.95
121.75
155
186.05
218.25
251.1
282.1
314.75
346.85
377.8
410.8
441.9
473.05
506.3
538.7
571.15
603.85
636.85
670.05
703.35
736.65
769.9
802.95
835.85
868.55
901.1
933.55
965.9
998.1
1030.25
1062.3
1094.25
1126.2
1158.1
1189.9
1221.7
1253.5
1285.25
1316.95
1348.65
1380.35
1412.05
1443.7
1475.35
1507
1538.65
1570.3
1601.9
1633.5
1665.1
1696.7
1728.25
1759.75
1791.3
1822.8
1854.35
1885.9
1917.4
1948.95
1980.45
2011.95
2043.5
2075
2106.55
2138.05
2169.6
2201.1
2232.65
2264.15
2295.7
2327.2
2358.75
2390.25
2421.8
2453.3
2484.85
2516.35
2547.9
2579.4
2610.9
2642.45
2673.95
2705.5
2737
2768.55
2800.05
2831.6
2863.1
2894.65
2926.15
2957.7
2989.2
3020.75
3052.25
3083.8
3115.3
3146.85
3178.35
3209.9
3241.4
3272.95
3304.45
3335.95
3367.5
3399
3430.55
3462.05
3493.6
3525.1
3556.65
3588.15
3619.7
3651.2
3682.75
3714.25
3745.8
3777.3
3808.85
3840.35
3871.9
3903.4
3934.95
3966.45
3998
4029.5
4061
4092.55
4124.05
4155.6
4187.1
4218.65
4250.15
4281.7
4313.2
4344.75
4376.25
4407.8
4439.3
4470.85
4502.35
4533.9
4565.4
4596.95
4628.45
4660
4691.5
4723
4754.55
4786.05
4817.6
4849.1
4880.65
4912.15
4943.7
4975.2
5006.75
5038.25
5069.8
5101.3
5132.85
5164.35
5195.9
5227.4
5258.95
5290.45
5322
5353.5
5385.05
5416.55
5448.05
5479.6
5511.1
5542.65
5574.15
5605.7
5637.2
5668.75
5700.25
5731.8
5763.3
5794.85
5826.35
5857.9
5889.4
5920.95
5952.45
5984
6015.5
6047.05
6078.55
6110.1
6141.6
6173.1
6204.65
6236.15
6267.7
6299.2
6330.75
6362.25
6393.8
6425.3
6456.85
6488.35
6519.9
6551.4
6582.95
6614.45
6646
6677.5
6709.05
6740.55
6772.1
6803.6
6835.15
