37.6
81.6
125.55
169.55
213.5
257.5
301.45
345.45
389.4
433.4
477.35
521.35
555.55
589.2
622.85
656.45
690.1
723.75
757.4
791.05
824.7
858.4
892.05
925.75
959.4
993.1
1026.75
1060.45
1094.15
1127.85
1161.5
1195.2
1228.9
1262.6
1296.3
1330
1363.65
1397.35
1431.05
1464.75
1498.45
1532.15
1565.85
1599.55
1633.25
1666.95
1700.65
1734.3
1768
1801.7
1835.4
1869.1
1902.8
1936.5
1970.2
2003.9
2037.6
2071.3
2104.85
2138.4
2171.95
2205.5
2239.05
2272.6
2306.15
2339.7
2373.25
2406.8
2440.35
2473.9
2507.45
2541
2574.55
2608.1
2641.65
2675.2
2708.75
2742.3
2775.85
2809.4
2842.95
2876.5
2910.05
2943.6
2977.15
3010.7
3044.25
3077.8
3111.35
3144.9
3178.45
3212
3245.55
3279.1
3312.65
3346.2
3379.75
3413.3
3446.85
3480.4
3513.95
3547.5
3581.05
3614.6
3648.15
3681.7
3715.25
3748.8
3782.35
3815.9
3849.45
3883
3916.55
3950.1
3983.65
4017.2
4050.75
4084.3
4117.85
4151.4
4184.95
4218.5
4252.05
4285.6
4319.15
4352.7
4386.25
4419.8
4453.35
4486.9
4520.45
4554
4587.55
4621.1
4654.65
4688.2
4721.75
4755.3
4788.85
4822.4
4855.95
4889.5
4923.05
4956.6
4990.15
5023.7
5057.25
5090.8
5124.35
5157.9
5191.45
5225
5258.55
5292.1
5325.65
5359.2
5392.75
5426.3
5459.85
5493.4
5526.95
5560.5
5594.05
5627.6
5661.15
5694.7
5728.25
5761.8
5795.35
5828.9
5862.45
5896
5929.55
5963.1
5996.65
6030.2
6063.75
6097.3
6130.85
6164.4
6197.95
6231.5
6265.05
6298.6
6332.15
6365.7
6399.25
6432.8
6466.35
6499.9
6533.45
6567
6600.55
6634.1
6667.65
6701.2
6734.75
6768.3
6801.85
6835.4
6868.95
6902.5
6936.05
6969.6
-1000
25.6
64.65
106.15
148.65
191.65
234.85
278.2
321.55
364.85
408.05
451
493.15
532.1
575.35
615.35
652.1
687.35
721.85
755.95
789.9
823.8
857.6
891.4
925.2
958.9
992.65
1026.3
1060
1093.65
1127.35
1161.05
1194.75
1228.45
1262.1
1295.8
1329.5
1363.2
1396.9
1430.6
1464.3
1497.95
1531.65
1565.35
1599.05
1632.75
1666.45
1700.15
1733.85
1767.55
1801.25
1834.95
1868.65
1902.3
1936
1969.65
2003.35
2037.1
2070.8
2104.5
2138.1
2171.65
2205.2
2238.75
2272.3
2305.85
2339.4
2372.95
2406.5
2440.05
2473.6
2507.15
2540.7
2574.25
2607.8
2641.35
2674.9
2708.45
2742
2775.55
2809.1
2842.65
2876.2
2909.75
2943.3
2976.85
3010.4
3043.95
3077.5
3111.05
3144.6
3178.15
3211.7
3245.25
3278.8
3312.35
3345.9
3379.45
3413
3446.55
3480.1
3513.65
3547.2
3580.75
3614.3
3647.85
3681.4
3714.95
3748.5
3782.05
3815.6
3849.15
3882.7
3916.25
3949.8
3983.35
4016.9
4050.45
4084
4117.55
4151.1
4184.65
4218.2
4251.75
4285.3
4318.85
4352.4
4385.95
4419.5
4453.05
4486.6
4520.15
4553.7
4587.25
4620.8
4654.35
4687.9
4721.45
4755
4788.55
4822.1
4855.65
4889.2
4922.75
4956.3
4989.85
5023.4
5056.95
5090.5
5124.05
5157.6
5191.15
5224.7
5258.25
5291.8
5325.35
5358.9
5392.45
5426
5459.55
5493.1
5526.65
5560.2
5593.75
5627.3
5660.85
5694.4
5727.95
5761.5
5795.05
5828.6
5862.15
5895.7
5929.25
5962.8
5996.35
6029.9
6063.45
6097
6130.55
6164.1
6197.65
6231.2
6264.75
6298.3
6331.85
6365.4
6398.95
6432.5
6466.05
6499.6
6533.15
6566.7
6600.25
6633.8
6667.35
6700.9
6734.45
6768
6801.55
6835.1
6868.65
6902.2
6935.75
6969.3
