32.05
70.1
108.15
146.2
184.25
222.3
260.35
298.4
336.45
374.5
412.55
450.55
488.6
526.65
561.1
595.35
629.55
663.75
698
732.2
766.45
800.7
834.9
869.15
903.35
937.6
971.8
1006.05
1040.3
1074.5
1108.75
1143
1177.2
1211.45
1245.7
1279.9
1314.15
1348.4
1382.6
1416.85
1451.1
1485.3
1519.55
1553.8
1588
1622.25
1656.5
1690.7
1724.95
1759.2
1793.4
1827.65
1861.9
1896.1
1930.35
1964.6
1998.8
2033.05
2067.3
2101.5
2135.75
2170
2204.2
2238.45
2272.7
2306.9
2341.15
2375.4
2409.6
2443.85
2478.1
2512.35
2546.55
2580.8
2615.05
2649.25
2683.5
2717.75
2751.95
2786.2
2820.45
2854.65
2888.9
2923.15
2957.35
2991.6
3025.85
3060.05
3094.3
3128.55
3162.75
3197
3231.25
3265.45
3299.7
3333.95
3368.15
3402.4
3436.65
3470.9
3505.1
3539.35
3573.6
3607.8
3642.05
3676.3
3710.5
3744.75
3779
3813.2
3847.45
3881.7
3915.9
3950.15
3984.4
4018.6
4052.85
4087.1
4121.3
4155.55
4189.8
4224
4258.25
4292.5
4326.7
4360.95
4395.2
4429.45
4463.65
4497.9
4532.15
4566.35
4600.6
4634.85
4669.05
4703.3
4737.55
4771.75
4806
4840.25
4874.45
4908.7
4942.95
4977.15
5011.4
5045.65
5079.85
5114.1
5148.35
5182.55
5216.8
5251.05
5285.25
5319.5
5353.75
5388
5422.2
5456.45
5490.7
5524.9
5559.15
5593.4
5627.6
5661.85
5696.1
5730.3
5764.55
5798.8
5833
5867.25
5901.5
5935.7
5969.95
6004.2
6038.4
6072.65
6106.9
6141.1
6175.35
6209.6
6243.8
6278.05
6312.3
6346.55
6380.75
6415
6449.25
6483.45
6517.7
6551.95
6586.15
6620.4
6654.65
6688.85
6723.1
6757.35
6791.55
6825.8
6860.05
6894.25
6928.5
6962.75
6996.95
-1000
25.6
62.8
100.5
138.4
176.3
214.25
252.3
290.4
328.5
366.55
404.6
442.65
480.7
518.75
556.8
592.75
627.85
662.5
697
731.35
765.75
800.05
834.4
868.65
902.9
937.15
971.35
1005.6
1039.8
1074.05
1108.3
1142.5
1176.75
1211
1245.2
1279.45
1313.7
1347.9
1382.15
1416.4
1450.6
1484.85
1519.1
1553.3
1587.55
1621.8
1656
1690.25
1724.5
1758.7
1792.95
1827.2
1861.4
1895.65
1929.9
1964.1
1998.35
2032.6
2066.8
2101.05
2135.3
2169.5
2203.75
2238
2272.25
2306.45
2340.7
2374.95
2409.15
2443.4
2477.65
2511.85
2546.1
2580.35
2614.55
2648.8
2683.05
2717.25
2751.5
2785.75
2819.95
2854.2
2888.45
2922.65
2956.9
2991.15
3025.35
3059.6
3093.85
3128.05
3162.3
3196.55
3230.8
3265
3299.25
3333.5
3367.7
3401.95
3436.2
3470.4
3504.65
3538.9
3573.1
3607.35
3641.6
3675.8
3710.05
3744.3
3778.5
3812.75
3847
3881.2
3915.45
3949.7
3983.9
4018.15
4052.4
4086.6
4120.85
4155.1
4189.35
4223.55
4257.8
4292.05
4326.25
4360.5
4394.75
4428.95
4463.2
4497.45
4531.65
4565.9
4600.15
4634.35
4668.6
4702.85
4737.05
4771.3
4805.55
4839.75
4874
4908.25
4942.45
4976.7
5010.95
5045.15
5079.4
5113.65
5147.9
5182.1
5216.35
5250.6
5284.8
5319.05
5353.3
5387.5
5421.75
5456
5490.2
5524.45
5558.7
5592.9
5627.15
5661.4
5695.6
5729.85
5764.1
5798.3
5832.55
5866.8
5901
5935.25
5969.5
6003.7
6037.95
6072.2
6106.45
6140.65
6174.9
6209.15
6243.35
6277.6
6311.85
6346.05
6380.3
6414.55
6448.75
6483
6517.25
6551.45
6585.7
6619.95
6654.15
6688.4
6722.65
6756.85
6791.1
6825.35
6859.55
6893.8
6928.05
6962.25
6996.5
