33
72.1
111.15
150.25
189.3
228.4
267.45
306.55
345.6
384.7
423.75
462.85
501.9
534
565.6
597.2
628.8
660.4
692
723.65
755.25
786.85
818.5
850.1
881.75
913.35
945
976.65
1008.25
1039.9
1071.55
1103.2
1134.8
1166.45
1198.1
1229.75
1261.35
1293
1324.65
1356.3
1387.95
1419.6
1451.25
1482.85
1514.5
1546.15
1577.8
1609.45
1641.1
1672.75
1704.4
1736
1767.65
1799.3
1830.95
1862.6
1894.25
1925.9
1957.55
1989.15
2020.8
2052.45
2084.1
2115.75
2147.4
2179.05
2210.7
2242.35
2273.95
2305.6
2337.25
2368.9
2400.55
2432.2
2463.85
2495.5
2527.15
2558.75
2590.4
2622.05
2653.7
2685.35
2717
2748.65
2780.3
2811.95
2843.55
2875.2
2906.85
2938.5
2970.15
3001.8
3033.45
3065.1
3096.75
3128.35
3160
3191.65
3223.3
3254.95
3286.6
3318.25
3349.9
3381.55
3413.15
3444.8
3476.45
3508.1
3539.75
3571.4
3603.05
3634.7
3666.35
3697.95
3729.6
3761.25
3792.9
3824.55
3856.2
3887.85
3919.5
3951.15
3982.75
4014.4
4046.05
4077.7
4109.35
4141
4172.65
4204.3
4235.95
4267.55
4299.2
4330.85
4362.5
4394.15
4425.8
4457.45
4489.1
4520.75
4552.35
4584
4615.65
4647.3
4678.95
4710.6
4742.25
4773.9
4805.55
4837.15
4868.8
4900.45
4932.1
4963.75
4995.4
5027.05
5058.7
5090.35
5121.95
5153.6
5185.25
5216.9
5248.55
5280.2
5311.85
5343.5
5375.15
5406.75
5438.4
5470.05
5501.7
5533.35
5565
5596.65
5628.3
5659.95
5691.55
5723.2
5754.85
5786.5
5818.15
5849.8
5881.45
5913.1
5944.75
5976.35
6008
6039.65
6071.3
6102.95
6134.6
6166.25
6197.9
6229.55
6261.2
6292.8
6324.45
6356.1
6387.75
6419.4
6451.05
6482.7
6514.35
6546
6577.6
6609.25
6640.9
6672.55
6704.2
6735.85
6767.5
6799.15
6830.8
6862.4
6894.05
6925.7
6957.35
6989
-1000
25.6
57.95
91.05
124.3
156.6
187.55
219.25
251.8
285.05
318.15
350
380.9
412.8
445.6
478.85
511.85
544.85
578.1
611.45
644.75
677.95
711.05
744
776.8
809.5
842
874.45
906.8
939.05
971.2
1003.3
1035.35
1067.35
1099.3
1131.25
1163.15
1195
1226.85
1258.65
1290.45
1322.25
1354.05
1385.75
1417.5
1449.25
1481
1512.7
1544.4
1576.1
1607.8
1639.5
1671.2
1702.9
1734.55
1766.25
1797.95
1829.6
1861.25
1892.95
1924.6
1956.25
1987.95
2019.6
2051.25
2082.9
2114.55
2146.2
2177.9
2209.55
2241.2
2272.85
2304.5
2336.2
2367.85
2399.5
2431.1
2462.8
2494.45
2526.1
2557.75
2589.4
2621.05
2652.7
2684.35
2716
2747.65
2779.3
2810.95
2842.6
2874.25
2905.9
2937.55
2969.2
3000.8
3032.45
3064.1
3095.75
3127.4
3159.05
3190.7
3222.35
3254
3285.65
3317.3
3348.95
3380.6
3412.25
3443.9
3475.55
3507.2
3538.85
3570.5
3602.15
3633.8
3665.4
3697.05
3728.7
3760.35
3792
3823.65
3855.3
3886.95
3918.6
3950.25
3981.9
4013.55
4045.15
4076.8
4108.45
4140.1
4171.75
4203.4
4235.05
4266.7
4298.35
4330
4361.65
4393.3
4424.9
4456.55
4488.2
4519.85
4551.5
4583.15
4614.8
4646.45
4678.1
4709.7
4741.35
4773
4804.65
4836.3
4867.95
4899.6
4931.25
4962.9
4994.5
5026.15
5057.8
5089.45
5121.1
5152.75
5184.4
5216.05
5247.7
5279.3
5310.95
5342.6
5374.25
5405.9
5437.55
5469.2
5500.85
5532.5
5564.1
5595.75
5627.4
5659.05
5690.7
5722.35
5754
5785.65
5817.3
5848.9
5880.55
5912.2
5943.85
5975.5
6007.15
6038.8
6070.45
6102.1
6133.7
6165.35
6197
6228.65
6260.3
6291.95
6323.6
6355.25
6386.9
6418.5
6450.15
6481.8
6513.45
6545.1
6576.75
6608.4
6640.05
6671.7
6703.3
6734.95
6766.6
6798.25
6829.9
6861.55
6893.2
6924.85
