49.4
105.8
162.15
218.55
274.95
331.35
387.75
444.15
500.55
533.9
566.3
598.6
630.9
663.25
695.6
728
760.4
792.85
825.3
857.75
890.25
922.7
955.2
987.7
1020.2
1052.75
1085.25
1117.8
1150.3
1182.85
1215.4
1247.95
1280.5
1313.05
1345.6
1378.15
1410.7
1443.25
1475.8
1508.35
1540.9
1573.45
1606
1638.55
1671.1
1703.7
1736.25
1768.8
1801.35
1833.9
1866.45
1899.05
1931.6
1964.15
1996.7
2029.25
2061.85
2094.4
2126.95
2159.5
2192.05
2224.65
2257.2
2289.75
2322.3
2354.85
2387.45
2420
2452.55
2485.1
2517.65
2550.25
2582.8
2615.35
2647.9
2680.5
2713.05
2745.6
2778.15
2810.7
2843.3
2875.85
2908.4
2940.95
2973.5
3006.1
3038.65
3071.2
3103.75
3136.35
3168.9
3201.45
3234
3266.55
3299.15
3331.7
3364.25
3396.8
3429.35
3461.95
3494.5
3527.05
3559.6
3592.2
3624.75
3657.3
3689.85
3722.4
3755
3787.55
3820.1
3852.65
3885.2
3917.8
3950.35
3982.9
4015.45
4048.05
4080.6
4113.15
4145.7
4178.25
4210.85
4243.4
4275.95
4308.5
4341.05
4373.65
4406.2
4438.75
4471.3
4503.9
4536.45
4569
4601.55
4634.1
4666.7
4699.25
4731.8
4764.35
4796.9
4829.5
4862.05
4894.6
4927.15
4959.75
4992.3
5024.85
5057.4
5089.95
5122.55
5155.1
5187.65
5220.2
5252.75
5285.35
5317.9
5350.45
5383
5415.6
5448.15
5480.7
5513.25
5545.8
5578.4
5610.95
5643.5
5676.05
5708.6
5741.2
5773.75
5806.3
5838.85
5871.45
5904
5936.55
5969.1
6001.65
6034.25
6066.8
6099.35
6131.9
6164.45
6197.05
6229.6
6262.15
6294.7
6327.3
6359.85
6392.4
6424.95
6457.5
6490.1
6522.65
6555.2
6587.75
6620.3
6652.9
6685.45
6718
6750.55
6783.15
6815.7
6848.25
6880.8
6913.35
6945.95
6978.5
-1000
25.6
63.1
94.1
130.05
161.1
193.85
230.85
261.9
298.3
329.3
362.25
398.8
429.8
466.55
497.6
530.8
564
597
629.8
662.55
695.2
727.8
760.2
792.6
825.05
857.5
889.95
922.4
954.9
987.4
1019.9
1052.4
1084.9
1117.45
1149.95
1182.5
1215.05
1247.55
1280.1
1312.65
1345.2
1377.75
1410.3
1442.85
1475.4
1507.95
1540.5
1573.1
1605.65
1638.2
1670.75
1703.3
1735.85
1768.4
1801
1833.55
1866.1
1898.65
1931.2
1963.8
1996.35
2028.9
2061.45
2094
2126.55
2159.15
2191.7
2224.25
2256.8
2289.4
2321.95
2354.5
2387.05
2419.6
2452.2
2484.75
2517.3
2549.85
2582.4
2615
2647.55
2680.1
2712.65
2745.2
2777.8
2810.35
2842.9
2875.45
2908.05
2940.6
2973.15
3005.7
3038.25
3070.85
3103.4
3135.95
3168.5
3201.05
3233.65
3266.2
3298.75
3331.3
3363.9
3396.45
3429
3461.55
3494.1
3526.7
3559.25
3591.8
3624.35
3656.9
3689.5
3722.05
3754.6
3787.15
3819.75
3852.3
3884.85
3917.4
3949.95
3982.55
4015.1
4047.65
4080.2
4112.75
4145.35
4177.9
4210.45
4243
4275.6
4308.15
4340.7
4373.25
4405.8
4438.4
4470.95
4503.5
4536.05
4568.6
4601.2
4633.75
4666.3
4698.85
4731.45
4764
4796.55
4829.1
4861.65
4894.25
4926.8
4959.35
4991.9
5024.45
5057.05
5089.6
5122.15
5154.7
5187.3
5219.85
5252.4
5284.95
5317.5
5350.1
5382.65
5415.2
5447.75
5480.3
5512.9
5545.45
5578
5610.55
5643.15
5675.7
5708.25
5740.8
5773.35
5805.95
5838.5
5871.05
5903.6
5936.15
5968.75
6001.3
6033.85
6066.4
6099
6131.55
6164.1
6196.65
6229.2
6261.8
6294.35
6326.9
6359.45
6392
6424.6
6457.15
6489.7
6522.25
6554.85
6587.4
6619.95
6652.5
6685.05
6717.65
6750.2
6782.75
