28.1
61.8
95.55
129.3
163.05
196.75
230.5
264.25
298
331.7
365.45
399.2
432.95
466.65
500.4
532.55
564.65
596.8
628.95
661.05
693.2
725.3
757.45
789.6
821.7
853.85
885.95
918.1
950.25
982.35
1014.5
1046.6
1078.75
1110.9
1143
1175.15
1207.3
1239.4
1271.55
1303.65
1335.8
1367.95
1400.05
1432.2
1464.35
1496.45
1528.6
1560.7
1592.85
1625
1657.1
1689.25
1721.4
1753.5
1785.65
1817.75
1849.9
1882.05
1914.15
1946.3
1978.45
2010.55
2042.7
2074.7
2106.75
2138.75
2170.75
2202.75
2234.75
2266.8
2298.8
2330.8
2362.8
2394.8
2426.85
2458.85
2490.85
2522.85
2554.9
2586.9
2618.9
2650.9
2682.9
2714.95
2746.95
2778.95
2810.95
2843
2875
2907
2939
2971
3003.05
3035.05
3067.05
3099.05
3131.1
3163.1
3195.1
3227.1
3259.1
3291.15
3323.15
3355.15
3387.15
3419.2
3451.2
3483.2
3515.2
3547.2
3579.25
3611.25
3643.25
3675.25
3707.3
3739.3
3771.3
3803.3
3835.3
3867.35
3899.35
3931.35
3963.35
3995.35
4027.4
4059.4
4091.4
4123.4
4155.45
4187.45
4219.45
4251.45
4283.45
4315.5
4347.5
4379.5
4411.5
4443.55
4475.55
4507.55
4539.55
4571.55
4603.6
4635.6
4667.6
4699.6
4731.65
4763.65
4795.65
4827.65
4859.65
4891.7
4923.7
4955.7
4987.7
5019.75
5051.75
5083.75
5115.75
5147.75
5179.8
5211.8
5243.8
5275.8
5307.85
5339.85
5371.85
5403.85
5435.85
5467.9
5499.9
5531.9
5563.9
5595.95
5627.95
5659.95
5691.95
5723.95
5756
5788
5820
5852
5884.05
5916.05
5948.05
5980.05
6012.05
6044.1
6076.1
6108.1
6140.1
6172.1
6204.15
6236.15
6268.15
6300.15
6332.2
6364.2
6396.2
6428.2
6460.2
6492.25
6524.25
6556.25
6588.25
6620.3
6652.3
6684.3
6716.3
6748.3
6780.35
6812.35
6844.35
6876.35
6908.4
6940.4
6972.4
-1000
25.6
58.05
90.8
123.7
156.8
190.05
223.4
256.85
290.35
323.9
357.5
391.15
424.8
458.45
492.15
525.9
559.2
592.3
625.1
657.85
690.45
722.95
755.4
787.75
820.05
852.35
884.65
916.9
949.1
981.35
1013.55
1045.75
1077.95
1110.15
1142.35
1174.5
1206.7
1238.85
1271
1303.2
1335.35
1367.45
1399.6
1431.75
1463.85
1496
1528.15
1560.25
1592.4
1624.55
1656.65
1688.8
1720.95
1753.05
1785.2
1817.3
1849.45
1881.6
1913.7
1945.85
1978
2010.1
2042.25
2074.35
2106.45
2138.5
2170.5
2202.5
2234.55
2266.55
2298.55
2330.55
2362.55
2394.6
2426.6
2458.6
2490.6
2522.65
2554.65
2586.65
2618.65
2650.65
2682.7
2714.7
2746.7
2778.7
2810.75
2842.75
2874.75
2906.75
2938.75
2970.8
3002.8
3034.8
3066.8
3098.85
3130.85
3162.85
3194.85
3226.85
3258.9
3290.9
3322.9
3354.9
3386.95
3418.95
3450.95
3482.95
3514.95
3547
3579
3611
3643
3675.05
3707.05
3739.05
3771.05
3803.05
3835.1
3867.1
3899.1
3931.1
3963.15
3995.15
4027.15
4059.15
4091.15
4123.2
4155.2
4187.2
4219.2
4251.2
4283.25
4315.25
4347.25
4379.25
4411.3
4443.3
4475.3
4507.3
4539.3
4571.35
4603.35
4635.35
4667.35
4699.4
4731.4
4763.4
4795.4
4827.4
4859.45
4891.45
4923.45
4955.45
4987.5
5019.5
5051.5
5083.5
5115.5
5147.55
5179.55
5211.55
5243.55
5275.6
5307.6
5339.6
5371.6
5403.6
5435.65
5467.65
5499.65
5531.65
5563.7
5595.7
5627.7
5659.7
5691.7
5723.75
5755.75
5787.75
5819.75
5851.8
5883.8
5915.8
5947.8
5979.8
6011.85
6043.85
6075.85
6107.85
6139.9
6171.9
6203.9
6235.9
6267.9
6299.95
6331.95
6363.95
6395.95
6427.95
6460
6492
6524
6556
6588.05
6620.05
6652.05
6684.05
6716.05
6748.1
6780.1
6812.1
6844.1
6876.15
6908.15
6940.15
6972.15
