32.55
71.1
109.65
148.2
186.75
225.3
263.85
302.4
340.95
379.5
418.05
456.6
495.15
526.6
557.6
588.55
619.5
650.5
681.45
712.45
743.4
774.4
805.4
836.35
867.35
898.35
929.35
960.35
991.35
1022.35
1053.35
1084.35
1115.35
1146.35
1177.35
1208.35
1239.35
1270.35
1301.4
1332.4
1363.4
1394.4
1425.4
1456.4
1487.4
1518.45
1549.45
1580.45
1611.45
1642.45
1673.5
1704.5
1735.5
1766.5
1797.5
1828.55
1859.55
1890.55
1921.55
1952.55
1983.6
2014.6
2045.6
2076.5
2107.4
2138.3
2169.15
2200.05
2230.95
2261.85
2292.7
2323.6
2354.5
2385.4
2416.3
2447.15
2478.05
2508.95
2539.85
2570.7
2601.6
2632.5
2663.4
2694.3
2725.15
2756.05
2786.95
2817.85
2848.7
2879.6
2910.5
2941.4
2972.3
3003.15
3034.05
3064.95
3095.85
3126.7
3157.6
3188.5
3219.4
3250.3
3281.15
3312.05
3342.95
3373.85
3404.7
3435.6
3466.5
3497.4
3528.3
3559.15
3590.05
3620.95
3651.85
3682.7
3713.6
3744.5
3775.4
3806.3
3837.15
3868.05
3898.95
3929.85
3960.7
3991.6
4022.5
4053.4
4084.3
4115.15
4146.05
4176.95
4207.85
4238.7
4269.6
4300.5
4331.4
4362.3
4393.15
4424.05
4454.95
4485.85
4516.75
4547.6
4578.5
4609.4
4640.3
4671.15
4702.05
4732.95
4763.85
4794.75
4825.6
4856.5
4887.4
4918.3
4949.15
4980.05
5010.95
5041.85
5072.75
5103.6
5134.5
5165.4
5196.3
5227.15
5258.05
5288.95
5319.85
5350.75
5381.6
5412.5
5443.4
5474.3
5505.15
5536.05
5566.95
5597.85
5628.75
5659.6
5690.5
5721.4
5752.3
5783.15
5814.05
5844.95
5875.85
5906.75
5937.6
5968.5
5999.4
6030.3
6061.2
6092.05
6122.95
6153.85
6184.75
6215.6
6246.5
6277.4
6308.3
6339.2
6370.05
6400.95
6431.85
6462.75
6493.6
6524.5
6555.4
6586.3
6617.2
6648.05
6678.95
6709.85
6740.75
6771.6
6802.5
6833.4
6864.3
6895.2
6926.05
-1000
25.6
57.3
89.35
121.5
153
184
215.4
247.25
279.4
311.35
342.45
373.5
405.15
437.15
469.35
500.95
532.6
564.3
596.1
628
659.95
692.05
724.15
756.3
788.5
820.65
852.8
884.9
916.95
948.95
980.9
1012.75
1044.6
1076.4
1108.15
1139.8
1171.45
1203.1
1234.65
1266.2
1297.75
1329.2
1360.65
1392.1
1423.5
1454.9
1486.25
1517.6
1548.95
1580.3
1611.55
1642.8
1674
1705.15
1736.3
1767.45
1798.6
1829.75
1860.85
1892
1923.1
1954.2
1985.35
2016.5
2047.6
2078.75
2109.95
2141.15
2172.4
2203.65
2235
2266.45
2297.95
2329.55
2361.25
2393.05
2424.95
2457
2489.05
2521.2
2553.35
2585.55
2617.7
2649.8
2681.85
2713.85
2745.8
2777.7
2809.5
2841.3
2873
2904.65
2936.25
2967.85
2999.35
3030.85
3062.3
3093.75
3125.15
3156.5
3187.85
3219.2
3250.5
3281.7
3312.85
3344
3375.15
3406.3
3437.45
3468.55
3499.75
3530.9
3562.15
3593.4
3624.7
3656.05
3687.5
3719.05
3750.65
3782.4
3814.25
3846.2
3878.25
3910.35
3942.5
3974.65
4006.85
4038.95
4071.05
4103.1
4135.1
4167.05
4198.9
4230.7
4262.45
4294.15
4325.8
4357.4
4388.95
4420.45
4451.95
4483.4
4514.8
4546.2
4577.55
4608.9
4640.25
4671.5
4702.7
4733.85
4765
4796.15
4827.25
4858.4
4889.55
4920.75
4951.9
4983.15
5014.4
5045.75
5077.15
5108.6
5140.15
5171.85
5203.6
5235.5
5267.45
5299.5
5331.65
5363.8
5396
5428.15
5460.25
5492.35
5524.35
5556.35
5588.25
5620.1
5651.9
5683.6
5715.3
5746.9
5778.5
5810.05
5841.55
5873
5904.45
5935.85
5967.25
5998.6
6029.95
6061.25
6092.5
6123.65
6154.85
6185.95
6217.1
6248.25
6279.4
6310.55
6341.7
6372.9
6404.15
6435.45
6466.8
6498.2
6529.7
6561.3
6593
6624.8
6656.75
6688.75
6720.8
6752.95
6785.1
6817.3
6849.4
6881.55
6913.6
6945.65
6977.6
