27.75
61.1
94.5
127.85
161.2
194.6
227.95
261.35
294.7
328.05
361.45
394.8
428.2
461.55
494.9
528.3
561.65
595
628.4
661.75
695.15
728.5
761.85
795.25
828.6
862
895.35
928.7
962.1
995.45
1028.8
1062.2
1095.55
1128.95
1162.3
1195.65
1229.05
1262.4
1295.8
1329.15
1362.5
1395.9
1429.25
1462.6
1496
1529.35
1562.75
1596.1
1629.45
1662.85
1696.2
1729.6
1762.95
1796.3
1829.7
1863.05
1896.4
1929.8
1963.15
1996.55
2029.9
2063.25
2096.65
2130
2163.35
2196.75
2230.1
2263.5
2296.85
2330.2
2363.6
2396.95
2430.35
2463.7
2497.05
2530.45
2563.8
2597.15
2630.55
2663.9
2697.3
2730.65
2764
2797.4
2830.75
2864.15
2897.5
2930.85
2964.25
2997.6
3030.95
3064.35
3097.7
3131.1
3164.45
3197.8
3231.2
3264.55
3297.95
3331.3
3364.65
3398.05
3431.4
3464.75
3498.15
3531.5
3564.9
3598.25
3631.6
3665
3698.35
3731.75
3765.1
3798.45
3831.85
3865.2
3898.55
3931.95
3965.3
3998.7
4032.05
4065.4
4098.8
4132.15
4165.55
4198.9
4232.25
4265.65
4299
4332.35
4365.75
4399.1
4432.5
4465.85
4499.2
4532.6
4565.95
4599.3
4632.7
4666.05
4699.45
4732.8
4766.15
4799.55
4832.9
4866.3
4899.65
4933
4966.4
4999.75
5033.1
5066.5
5099.85
5133.25
5166.6
5199.95
5233.35
5266.7
5300.1
5333.45
5366.8
5400.2
5433.55
5466.9
5500.3
5533.65
5567.05
5600.4
5633.75
5667.15
5700.5
5733.9
5767.25
5800.6
5834
5867.35
5900.7
5934.1
5967.45
6000.85
6034.2
6067.55
6100.95
6134.3
6167.7
6201.05
6234.4
6267.8
6301.15
6334.5
6367.9
6401.25
6434.65
6468
6501.35
6534.75
6568.1
6601.5
6634.85
6668.2
6701.6
6734.95
6768.3
6801.7
6835.05
6868.45
6901.8
6935.15
6968.55
-1000
25.6
59.35
93
126.55
160.05
193.5
226.9
260.35
293.75
327.15
360.55
393.95
427.35
460.75
494.1
527.5
560.9
594.3
627.65
661
694.4
727.8
761.15
794.5
827.9
861.25
894.65
928
961.35
994.75
1028.15
1061.5
1094.9
1128.25
1161.6
1194.95
1228.35
1261.7
1295.1
1328.45
1361.8
1395.2
1428.55
1461.95
1495.3
1528.7
1562.05
1595.4
1628.75
1662.15
1695.5
1728.9
1762.25
1795.6
1829
1862.35
1895.7
1929.1
1962.45
1995.85
2029.2
2062.55
2095.95
2129.3
2162.7
2196.05
2229.4
2262.8
2296.15
2329.5
2362.9
2396.25
2429.65
2463
2496.35
2529.75
2563.1
2596.5
2629.85
2663.2
2696.6
2729.95
2763.3
2796.7
2830.05
2863.45
2896.8
2930.15
2963.55
2996.9
3030.3
3063.65
3097
3130.4
3163.75
3197.1
3230.5
3263.85
3297.25
3330.6
3363.95
3397.35
3430.7
3464.1
3497.45
3530.85
3564.2
3597.55
3630.9
3664.3
3697.65
3731.05
3764.4
3797.75
3831.15
3864.5
3897.9
3931.25
3964.65
3998
4031.35
4064.7
4098.1
4131.45
4164.85
4198.2
4231.55
4264.95
4298.3
4331.65
4365.05
4398.4
4431.8
4465.15
4498.5
4531.9
4565.25
4598.65
4632
4665.35
4698.75
4732.1
4765.45
4798.85
4832.2
4865.6
4898.95
4932.3
4965.7
4999.05
5032.45
5065.8
5099.15
5132.55
5165.9
5199.25
5232.65
5266
5299.4
5332.75
5366.1
5399.5
5432.85
5466.25
5499.6
5532.95
5566.35
5599.7
5633.05
5666.45
5699.8
5733.2
5766.55
5799.9
5833.3
5866.65
5900.05
5933.4
5966.8
6000.15
6033.5
6066.85
6100.25
6133.6
6167
6200.35
6233.7
6267.1
6300.45
6333.85
6367.2
6400.6
6433.95
6467.3
6500.65
6534.05
6567.4
6600.8
6634.15
6667.5
6700.9
6734.25
6767.6
6801
6834.35
6867.75
6901.1
6934.45
6967.85
