64.7
136.95
209.25
281.5
353.8
426.05
498.3
530.9
562.2
593.3
624.4
655.55
686.75
718.05
749.35
780.65
812.05
843.45
874.85
906.3
937.75
969.2
1000.7
1032.2
1063.7
1095.25
1126.75
1158.3
1189.85
1221.4
1252.95
1284.5
1316.05
1347.65
1379.2
1410.75
1442.35
1473.9
1505.5
1537.1
1568.65
1600.25
1631.8
1663.4
1695
1726.55
1758.15
1789.75
1821.35
1852.9
1884.5
1916.1
1947.65
1979.25
2010.85
2042.45
2074
2105.6
2137.2
2168.8
2200.4
2231.95
2263.55
2295.15
2326.75
2358.3
2389.9
2421.5
2453.1
2484.65
2516.25
2547.85
2579.45
2611.05
2642.6
2674.2
2705.8
2737.4
2768.95
2800.55
2832.15
2863.75
2895.35
2926.9
2958.5
2990.1
3021.7
3053.25
3084.85
3116.45
3148.05
3179.6
3211.2
3242.8
3274.4
3306
3337.55
3369.15
3400.75
3432.35
3463.9
3495.5
3527.1
3558.7
3590.3
3621.85
3653.45
3685.05
3716.65
3748.2
3779.8
3811.4
3843
3874.6
3906.15
3937.75
3969.35
4000.95
4032.5
4064.1
4095.7
4127.3
4158.9
4190.45
4222.05
4253.65
4285.25
4316.8
4348.4
4380
4411.6
4443.2
4474.75
4506.35
4537.95
4569.55
4601.1
4632.7
4664.3
4695.9
4727.45
4759.05
4790.65
4822.25
4853.85
4885.4
4917
4948.6
4980.2
5011.75
5043.35
5074.95
5106.55
5138.15
5169.7
5201.3
5232.9
5264.5
5296.05
5327.65
5359.25
5390.85
5422.45
5454
5485.6
5517.2
5548.8
5580.35
5611.95
5643.55
5675.15
5706.75
5738.3
5769.9
5801.5
5833.1
5864.65
5896.25
5927.85
5959.45
5991.05
6022.6
6054.2
6085.8
6117.4
6148.95
6180.55
6212.15
6243.75
6275.35
6306.9
6338.5
6370.1
6401.7
6433.25
6464.85
6496.45
6528.05
6559.6
6591.2
6622.8
6654.4
6686
6717.55
6749.15
6780.75
6812.35
6843.9
6875.5
6907.1
6938.7
6970.3
-1000
25.6
56.65
89.05
120.1
153.4
184.4
217.05
248.05
279.1
310.85
341.9
374.8
405.8
439.05
470.1
501.65
532.75
563.9
595.15
626.35
657.55
688.75
719.95
751.1
782.25
813.4
844.55
875.75
906.95
938.2
969.5
1000.85
1032.25
1063.65
1095.1
1126.6
1158.1
1189.6
1221.15
1252.7
1284.25
1315.8
1347.35
1378.9
1410.45
1442.05
1473.6
1505.15
1536.75
1568.3
1599.9
1631.45
1663.05
1694.65
1726.2
1757.8
1789.35
1820.95
1852.55
1884.15
1915.7
1947.3
1978.9
2010.5
2042.05
2073.65
2105.25
2136.85
2168.4
2200
2231.6
2263.2
2294.75
2326.35
2357.95
2389.55
2421.1
2452.7
2484.3
2515.9
2547.5
2579.05
2610.65
2642.25
2673.85
2705.4
2737
2768.6
2800.2
2831.75
2863.35
2894.95
2926.55
2958.15
2989.7
3021.3
3052.9
3084.5
3116.05
3147.65
3179.25
3210.85
3242.45
3274
3305.6
3337.2
3368.8
3400.35
3431.95
3463.55
3495.15
3526.75
3558.3
3589.9
3621.5
3653.1
3684.65
3716.25
3747.85
3779.45
3811.05
3842.6
3874.2
3905.8
3937.4
3968.95
4000.55
4032.15
4063.75
4095.35
4126.9
4158.5
4190.1
4221.7
4253.25
4284.85
4316.45
4348.05
4379.6
4411.2
4442.8
4474.4
4506
4537.55
4569.15
4600.75
4632.35
4663.9
4695.5
4727.1
4758.7
4790.3
4821.85
4853.45
4885.05
4916.65
4948.2
4979.8
5011.4
5043
5074.6
5106.15
5137.75
5169.35
5200.95
5232.5
5264.1
5295.7
5327.3
5358.9
5390.45
5422.05
5453.65
5485.25
5516.8
5548.4
5580
5611.6
5643.2
5674.75
5706.35
5737.95
5769.55
5801.1
5832.7
5864.3
5895.9
5927.45
5959.05
5990.65
6022.25
6053.85
6085.4
6117
6148.6
6180.2
6211.75
6243.35
6274.95
6306.55
6338.15
6369.7
6401.3
6432.9
6464.5
6496.05
6527.65
6559.25
6590.85
6622.45
6654
6685.6
