41.3
89.2
137.1
185
232.9
280.8
328.7
376.6
424.5
472.4
520.3
554.05
587.2
620.25
653.3
686.4
719.5
752.6
785.7
818.85
852
885.15
918.3
951.45
984.6
1017.75
1050.95
1084.1
1117.25
1150.45
1183.65
1216.8
1250
1283.15
1316.35
1349.55
1382.75
1415.9
1449.1
1482.3
1515.5
1548.65
1581.85
1615.05
1648.25
1681.45
1714.6
1747.8
1781
1814.2
1847.4
1880.6
1913.75
1946.95
1980.15
2013.35
2046.55
2079.6
2112.65
2145.65
2178.7
2211.75
2244.8
2277.8
2310.85
2343.9
2376.95
2410
2443
2476.05
2509.1
2542.15
2575.2
2608.2
2641.25
2674.3
2707.35
2740.4
2773.4
2806.45
2839.5
2872.55
2905.6
2938.6
2971.65
3004.7
3037.75
3070.8
3103.8
3136.85
3169.9
3202.95
3236
3269
3302.05
3335.1
3368.15
3401.2
3434.2
3467.25
3500.3
3533.35
3566.4
3599.4
3632.45
3665.5
3698.55
3731.6
3764.6
3797.65
3830.7
3863.75
3896.8
3929.85
3962.85
3995.9
4028.95
4062
4095.05
4128.05
4161.1
4194.15
4227.2
4260.25
4293.25
4326.3
4359.35
4392.4
4425.45
4458.45
4491.5
4524.55
4557.6
4590.65
4623.65
4656.7
4689.75
4722.8
4755.85
4788.85
4821.9
4854.95
4888
4921.05
4954.05
4987.1
5020.15
5053.2
5086.25
5119.25
5152.3
5185.35
5218.4
5251.45
5284.5
5317.5
5350.55
5383.6
5416.65
5449.7
5482.7
5515.75
5548.8
5581.85
5614.9
5647.9
5680.95
5714
5747.05
5780.1
5813.1
5846.15
5879.2
5912.25
5945.3
5978.3
6011.35
6044.4
6077.45
6110.5
6143.5
6176.55
6209.6
6242.65
6275.7
6308.7
6341.75
6374.8
6407.85
6440.9
6473.9
6506.95
6540
6573.05
6606.1
6639.15
6672.15
6705.2
6738.25
6771.3
6804.35
6837.35
6870.4
6903.45
6936.5
6969.55
-1000
25.6
65
105.8
136.85
169.9
209.2
250.3
281.45
313.35
352.75
393.85
424.9
457.05
496.45
537.55
577.4
614.4
649.6
684
717.85
751.45
784.85
818.25
851.6
884.8
917.95
951.1
984.25
1017.4
1050.6
1083.75
1116.9
1150.1
1183.25
1216.45
1249.65
1282.8
1316
1349.15
1382.35
1415.55
1448.75
1481.9
1515.1
1548.3
1581.5
1614.7
1647.85
1681.05
1714.25
1747.45
1780.65
1813.8
1847
1880.2
1913.4
1946.6
1979.8
2012.95
2046.15
2079.35
2112.4
2145.4
2178.45
2211.5
2244.55
2277.55
2310.6
2343.65
2376.7
2409.7
2442.75
2475.8
2508.85
2541.9
2574.9
2607.95
2641
2674.05
2707.1
2740.1
2773.15
2806.2
2839.25
2872.3
2905.3
2938.35
2971.4
3004.45
3037.5
3070.5
3103.55
3136.6
3169.65
3202.7
3235.7
3268.75
3301.8
3334.85
3367.9
3400.9
3433.95
3467
3500.05
3533.1
3566.1
3599.15
3632.2
3665.25
3698.3
3731.3
3764.35
3797.4
3830.45
3863.5
3896.5
3929.55
3962.6
3995.65
4028.7
4061.75
4094.75
4127.85
4160.85
4193.9
4226.95
4259.95
4293
4326.05
4359.1
4392.15
4425.15
4458.2
4491.25
4524.3
4557.35
4590.35
4623.4
4656.45
4689.5
4722.55
4755.55
4788.6
4821.65
4854.7
4887.75
4920.75
4953.8
4986.85
5019.9
5052.95
5085.95
5119
5152.05
5185.1
5218.15
5251.15
5284.2
5317.25
5350.3
5383.35
5416.4
5449.4
5482.5
5515.5
5548.55
5581.6
5614.6
5647.65
5680.7
5713.75
5746.8
5779.8
5812.85
5845.9
5878.95
5912
5945
5978.05
6011.1
6044.15
6077.2
6110.2
6143.25
6176.3
6209.35
6242.4
6275.4
6308.45
6341.5
6374.55
6407.6
6440.6
6473.65
6506.7
6539.75
6572.8
6605.8
6638.85
6671.9
6704.95
6738
6771.05
6804.05
6837.15
6870.15
