36.35
78.95
121.55
164.15
206.8
249.4
292
334.65
377.25
419.85
462.45
505.1
539.35
573.15
606.95
640.7
674.5
708.3
742.1
775.9
809.7
843.5
877.3
911.1
944.95
978.75
1012.55
1046.4
1080.2
1114.05
1147.85
1181.65
1215.5
1249.3
1283.15
1316.95
1350.8
1384.6
1418.45
1452.3
1486.1
1519.95
1553.75
1587.6
1621.4
1655.25
1689.1
1722.9
1756.75
1790.55
1824.4
1858.2
1892.05
1925.9
1959.7
1993.55
2027.35
2061.2
2094.9
2128.6
2162.25
2195.95
2229.65
2263.3
2297
2330.7
2364.35
2398.05
2431.75
2465.4
2499.1
2532.8
2566.45
2600.15
2633.85
2667.55
2701.2
2734.9
2768.6
2802.25
2835.95
2869.65
2903.3
2937
2970.7
3004.35
3038.05
3071.75
3105.45
3139.1
3172.8
3206.5
3240.15
3273.85
3307.55
3341.2
3374.9
3408.6
3442.25
3475.95
3509.65
3543.35
3577
3610.7
3644.4
3678.05
3711.75
3745.45
3779.1
3812.8
3846.5
3880.15
3913.85
3947.55
3981.25
4014.9
4048.6
4082.3
4115.95
4149.65
4183.35
4217
4250.7
4284.4
4318.1
4351.75
4385.45
4419.15
4452.8
4486.5
4520.2
4553.85
4587.55
4621.25
4654.9
4688.6
4722.3
4756
4789.65
4823.35
4857.05
4890.7
4924.4
4958.1
4991.75
5025.45
5059.15
5092.8
5126.5
5160.2
5193.9
5227.55
5261.25
5294.95
5328.6
5362.3
5396
5429.65
5463.35
5497.05
5530.75
5564.4
5598.1
5631.8
5665.45
5699.15
5732.85
5766.5
5800.2
5833.9
5867.55
5901.25
5934.95
5968.65
6002.3
6036
6069.7
6103.35
6137.05
6170.75
6204.4
6238.1
6271.8
6305.45
6339.15
6372.85
6406.55
6440.2
6473.9
6507.6
6541.25
6574.95
6608.65
6642.3
6676
6709.7
6743.4
6777.05
6810.75
6844.45
6878.1
6911.8
6945.5
6979.15
-1000
25.6
64.9
106.1
148.1
190.4
232.9
275.3
317.95
360.6
403.2
445.85
488.45
531.05
569
604.7
639.4
673.75
707.9
741.85
775.55
809.45
843.15
877.05
910.85
944.65
978.45
1012.3
1046.1
1079.9
1113.8
1147.5
1181.4
1215.2
1249.05
1282.85
1316.65
1350.5
1384.3
1418.15
1451.95
1485.8
1519.65
1553.45
1587.35
1621.05
1655
1688.75
1722.65
1756.45
1790.25
1824.15
1857.85
1891.8
1925.55
1959.45
1993.25
2027.05
2060.95
2094.7
2128.35
2162.05
2195.75
2229.4
2263.1
2296.8
2330.45
2364.15
2397.85
2431.5
2465.2
2498.9
2532.55
2566.25
2599.95
2633.65
2667.25
2701.05
2734.65
2768.4
2802
2835.8
2869.35
2903.15
2936.75
2970.5
3004.1
3037.9
3071.5
3105.2
3138.9
3172.6
3206.25
3239.95
3273.65
3307.3
3341
3374.7
3408.35
3442.05
3475.75
3509.45
3543.05
3576.85
3610.45
3644.2
3677.85
3711.6
3745.15
3778.95
3812.6
3846.25
3879.95
3913.65
3947.35
3980.95
4014.75
4048.4
4082.05
4115.75
4149.45
4183.1
4216.85
4250.5
4284.2
4317.8
4351.6
4385.2
4418.95
4452.55
4486.35
4519.9
4553.7
4587.3
4621.05
4654.65
4688.45
4722.05
4755.75
4789.45
4823.15
4856.8
4890.5
4924.2
4957.85
4991.55
5025.25
5058.9
5092.6
5126.3
5160
5193.6
5227.4
5261
5294.75
5328.35
5362.15
5395.7
5429.5
5463.1
5496.9
5530.4
5564.25
5597.85
5631.6
5665.2
5699
5732.55
5766.35
5799.95
5833.7
5867.3
5901.1
5934.7
5968.4
6002.1
6035.8
6069.45
6103.15
6136.85
6170.5
6204.2
6237.9
6271.55
6305.25
6338.95
6372.65
6406.25
6440.05
6473.65
6507.4
6541
6574.8
6608.35
6642.15
6675.75
6709.55
6743.05
6776.9
6810.5
6844.25
6877.85
6911.65
6945.2
6979
