29.55
64.85
100.15
135.5
170.8
206.1
241.4
276.75
312.05
347.35
382.7
418
453.3
488.6
523.95
558
591.95
625.95
659.9
693.9
727.85
761.85
795.8
829.8
863.75
897.7
931.7
965.65
999.65
1033.6
1067.6
1101.55
1135.55
1169.5
1203.5
1237.45
1271.45
1305.4
1339.4
1373.35
1407.35
1441.3
1475.3
1509.25
1543.25
1577.2
1611.2
1645.15
1679.15
1713.1
1747.1
1781.05
1815.05
1849
1883
1916.95
1950.95
1984.9
2018.9
2052.85
2086.7
2120.55
2154.4
2188.25
2222.1
2255.95
2289.8
2323.6
2357.45
2391.3
2425.15
2459
2492.85
2526.7
2560.5
2594.35
2628.2
2662.05
2695.9
2729.75
2763.6
2797.45
2831.25
2865.1
2898.95
2932.8
2966.65
3000.5
3034.35
3068.15
3102
3135.85
3169.7
3203.55
3237.4
3271.25
3305.1
3338.9
3372.75
3406.6
3440.45
3474.3
3508.15
3542
3575.8
3609.65
3643.5
3677.35
3711.2
3745.05
3778.9
3812.75
3846.55
3880.4
3914.25
3948.1
3981.95
4015.8
4049.65
4083.45
4117.3
4151.15
4185
4218.85
4252.7
4286.55
4320.4
4354.2
4388.05
4421.9
4455.75
4489.6
4523.45
4557.3
4591.15
4624.95
4658.8
4692.65
4726.5
4760.35
4794.2
4828.05
4861.85
4895.7
4929.55
4963.4
4997.25
5031.1
5064.95
5098.8
5132.6
5166.45
5200.3
5234.15
5268
5301.85
5335.7
5369.5
5403.35
5437.2
5471.05
5504.9
5538.75
5572.6
5606.45
5640.25
5674.1
5707.95
5741.8
5775.65
5809.5
5843.35
5877.15
5911
5944.85
5978.7
6012.55
6046.4
6080.25
6114.1
6147.9
6181.75
6215.6
6249.45
6283.3
6317.15
6351
6384.85
6418.65
6452.5
6486.35
6520.2
6554.05
6587.9
6621.75
6655.55
6689.4
6723.25
6757.1
6790.95
6824.8
6858.65
6892.5
6926.3
6960.15
6994
-1000
25.6
60.9
96.15
131.5
166.85
202.1
237.45
272.75
308.1
343.35
378.7
414.05
449.35
484.65
520
555.3
590
624.4
658.6
692.75
726.8
760.9
794.9
828.95
862.95
896.9
930.9
964.85
998.9
1032.85
1066.85
1100.8
1134.8
1168.75
1202.75
1236.7
1270.7
1304.65
1338.65
1372.6
1406.6
1440.6
1474.6
1508.55
1542.55
1576.5
1610.5
1644.5
1678.45
1712.45
1746.4
1780.4
1814.35
1848.35
1882.3
1916.3
1950.25
1984.25
2018.2
2052.2
2086.15
2120.1
2154
2187.8
2221.65
2255.5
2289.35
2323.2
2357.05
2390.9
2424.75
2458.55
2492.4
2526.25
2560.1
2593.95
2627.8
2661.65
2695.45
2729.3
2763.15
2797
2830.85
2864.7
2898.55
2932.4
2966.2
3000.05
3033.9
3067.75
3101.6
3135.45
3169.3
3203.1
3236.95
3270.8
3304.65
3338.5
3372.35
3406.2
3440.05
3473.85
3507.7
3541.55
3575.4
3609.25
3643.1
3676.95
3710.75
3744.6
3778.45
3812.3
3846.15
3880
3913.85
3947.7
3981.5
4015.35
4049.2
4083.05
4116.9
4150.75
4184.6
4218.45
4252.25
4286.1
4319.95
4353.8
4387.65
4421.5
4455.35
4489.15
4523
4556.85
4590.7
4624.55
4658.4
4692.25
4726.1
4759.9
4793.75
4827.6
4861.45
4895.3
4929.15
4963
4996.8
5030.65
5064.5
5098.35
5132.2
5166.05
5199.9
5233.75
5267.55
5301.4
5335.25
5369.1
5402.95
5436.8
5470.65
5504.45
5538.3
5572.15
5606
5639.85
5673.7
5707.55
5741.4
5775.2
5809.05
5842.9
5876.75
5910.6
5944.45
5978.3
6012.15
6045.95
6079.8
6113.65
6147.5
6181.35
6215.2
6249.05
6282.85
6316.7
6350.55
6384.4
6418.25
6452.1
6485.95
6519.8
6553.6
6587.45
6621.3
6655.15
6689
6722.85
6756.7
6790.5
6824.35
6858.2
6892.05
6925.9
6959.75
6993.6
