64.7
136.95
209.25
281.5
353.8
426.05
498.3
533.35
567.3
601.15
635.05
669
703
737.05
771.1
805.2
839.35
873.5
907.65
941.85
976.05
1010.25
1044.5
1078.7
1112.95
1147.2
1181.45
1215.7
1250
1284.25
1318.55
1352.8
1387.1
1421.35
1455.65
1489.95
1524.25
1558.5
1592.8
1627.1
1661.4
1695.65
1729.95
1764.25
1798.55
1832.85
1867.15
1901.45
1935.75
1970.05
2004.3
2038.6
2072.9
2107.2
2141.5
2175.8
2210.1
2244.4
2278.7
2313
2347.3
2381.6
2415.9
2450.2
2484.45
2518.75
2553.05
2587.35
2621.65
2655.95
2690.25
2724.55
2758.85
2793.15
2827.45
2861.75
2896.05
2930.35
2964.65
2998.9
3033.2
3067.5
3101.8
3136.1
3170.4
3204.7
3239
3273.3
3307.6
3341.9
3376.2
3410.5
3444.8
3479.1
3513.35
3547.65
3581.95
3616.25
3650.55
3684.85
3719.15
3753.45
3787.75
3822.05
3856.35
3890.65
3924.95
3959.25
3993.55
4027.8
4062.1
4096.4
4130.7
4165
4199.3
4233.6
4267.9
4302.2
4336.5
4370.8
4405.1
4439.4
4473.7
4508
4542.25
4576.55
4610.85
4645.15
4679.45
4713.75
4748.05
4782.35
4816.65
4850.95
4885.25
4919.55
4953.85
4988.15
5022.45
5056.75
5091
5125.3
5159.6
5193.9
5228.2
5262.5
5296.8
5331.1
5365.4
5399.7
5434
5468.3
5502.6
5536.9
5571.2
5605.5
5639.8
5674.05
5708.35
5742.65
5776.95
5811.25
5845.55
5879.85
5914.15
5948.45
5982.75
6017.05
6051.35
6085.65
6119.95
6154.25
6188.55
6222.8
6257.1
6291.4
6325.7
6360
6394.3
6428.6
6462.9
6497.2
6531.5
6565.8
6600.1
6634.4
6668.7
6702.95
6737.25
6771.55
6805.85
6840.15
6874.45
6908.75
6943.05
6977.35
-1000
25.6
56.65
95
126.05
166.25
197.3
238.15
269.2
310.3
341.3
382.5
413.55
454.6
485.65
526.95
564.4
599.85
634.55
669
702.6
736.95
770.7
805.05
838.95
873.25
907.3
941.6
975.6
1009.95
1044.15
1078.35
1112.65
1146.8
1181.1
1215.4
1249.6
1283.9
1318.2
1352.4
1386.75
1420.95
1455.3
1489.55
1523.85
1558.15
1592.45
1626.7
1661
1695.3
1729.6
1763.9
1798.2
1832.45
1866.75
1901.05
1935.35
1969.65
2003.95
2038.25
2072.55
2106.85
2141.15
2175.45
2209.75
2244
2278.3
2312.6
2346.9
2381.2
2415.5
2449.8
2484.1
2518.4
2552.7
2587
2621.3
2655.6
2689.9
2724.15
2758.45
2792.75
2827.05
2861.35
2895.65
2929.95
2964.25
2998.55
3032.85
3067.15
3101.45
3135.75
3170.05
3204.35
3238.6
3272.9
3307.2
3341.5
3375.8
3410.1
3444.4
3478.7
3513
3547.3
3581.6
3615.9
3650.2
3684.5
3718.8
3753.05
3787.35
3821.65
3855.95
3890.25
3924.55
3958.85
3993.15
4027.45
4061.75
4096.05
4130.35
4164.65
4198.95
4233.25
4267.5
4301.8
4336.1
4370.4
4404.7
4439
4473.3
4507.6
4541.9
4576.2
4610.5
4644.8
4679.1
4713.4
4747.7
4782
4816.25
4850.55
4884.85
4919.15
4953.45
4987.75
5022.05
5056.35
5090.65
5124.95
5159.25
5193.55
5227.85
5262.15
5296.45
5330.75
5365.05
5399.3
5433.6
5467.9
5502.2
5536.5
5570.8
5605.1
5639.4
5673.7
5708
5742.3
5776.6
5810.9
5845.2
5879.5
5913.75
5948.05
5982.35
6016.65
6050.95
6085.25
6119.55
6153.85
6188.15
6222.45
6256.75
6291.05
6325.35
6359.65
6393.95
6428.2
6462.5
6496.8
6531.1
6565.4
6599.7
6634
6668.3
6702.6
6736.9
