62.45
132.4
202.35
272.3
342.25
412.2
482.15
552.1
585.55
617.75
649.8
681.85
713.95
746.05
778.25
810.45
842.7
874.95
907.25
939.55
971.9
1004.25
1036.6
1068.95
1101.35
1133.75
1166.15
1198.55
1230.95
1263.35
1295.75
1328.2
1360.6
1393.05
1425.5
1457.9
1490.35
1522.8
1555.25
1587.7
1620.1
1652.55
1685
1717.45
1749.9
1782.35
1814.8
1847.25
1879.7
1912.15
1944.6
1977.05
2009.5
2041.95
2074.4
2106.85
2139.3
2171.75
2204.2
2236.65
2269.1
2301.55
2334
2366.45
2398.9
2431.35
2463.8
2496.25
2528.7
2561.15
2593.6
2626.05
2658.5
2690.95
2723.4
2755.85
2788.3
2820.75
2853.2
2885.65
2918.1
2950.55
2983
3015.45
3047.9
3080.35
3112.8
3145.25
3177.7
3210.15
3242.6
3275.05
3307.5
3339.95
3372.4
3404.85
3437.3
3469.75
3502.2
3534.65
3567.1
3599.55
3632
3664.45
3696.9
3729.35
3761.8
3794.25
3826.7
3859.15
3891.6
3924.05
3956.5
3988.95
4021.4
4053.85
4086.3
4118.75
4151.2
4183.65
4216.1
4248.55
4281
4313.45
4345.9
4378.35
4410.8
4443.25
4475.7
4508.15
4540.6
4573.05
4605.5
4637.95
4670.4
4702.85
4735.3
4767.75
4800.2
4832.65
4865.1
4897.55
4930
4962.45
4994.9
5027.35
5059.8
5092.25
5124.7
5157.15
5189.6
5222.05
5254.5
5286.95
5319.4
5351.85
5384.3
5416.75
5449.2
5481.65
5514.1
5546.55
5579
5611.45
5643.9
5676.35
5708.8
5741.25
5773.7
5806.15
5838.6
5871.05
5903.5
5935.95
5968.4
6000.85
6033.3
6065.75
6098.2
6130.65
6163.1
6195.55
6228
6260.45
6292.9
6325.35
6357.8
6390.25
6422.7
6455.15
6487.6
6520.05
6552.5
6584.95
6617.4
6649.85
6682.3
6714.75
6747.2
6779.65
6812.1
6844.55
6877
6909.45
6941.9
6974.35
-1000
25.6
56.65
90.2
121.25
156.3
187.35
223.4
254.45
291.05
322.1
358.9
389.9
426.55
457.6
493.45
524.5
558
591.15
625.25
661
697.75
734.05
769.4
803.85
837.65
871.05
904.15
937.05
969.85
1002.5
1035.1
1067.65
1100.15
1132.65
1165.15
1197.6
1230.1
1262.55
1295
1327.45
1359.9
1392.35
1424.8
1457.25
1489.65
1522.1
1554.55
1587
1619.45
1651.9
1684.3
1716.75
1749.2
1781.6
1814.05
1846.5
1878.95
1911.4
1943.85
1976.3
2008.75
2041.2
2073.65
2106.1
2138.55
2171
2203.4
2235.85
2268.3
2300.7
2333.15
2365.6
2398.05
2430.45
2462.9
2495.35
2527.8
2560.25
2592.7
2625.1
2657.55
2690
2722.45
2754.9
2787.35
2819.8
2852.25
2884.7
2917.15
2949.6
2982.05
3014.5
3046.95
3079.4
3111.85
3144.3
3176.75
3209.2
3241.65
3274.1
3306.55
3339
3371.5
3403.95
3436.4
3468.9
3501.35
3533.8
3566.3
3598.75
3631.2
3663.65
3696.1
3728.6
3761.05
3793.5
3825.95
3858.4
3890.85
3923.3
3955.75
3988.2
4020.65
4053.1
4085.6
4118.05
4150.5
4182.95
4215.4
4247.85
4280.3
4312.75
4345.2
4377.65
4410.1
4442.55
4475
4507.45
4539.9
4572.35
4604.8
4637.25
4669.7
4702.15
4734.6
4767.05
4799.5
4831.95
4864.4
4896.85
4929.3
4961.75
4994.2
5026.65
5059.1
5091.55
5124
5156.45
5188.9
5221.35
5253.8
5286.25
5318.7
5351.15
5383.6
5416.05
5448.5
5480.95
5513.4
5545.85
5578.3
5610.75
5643.2
5675.65
5708.1
5740.55
5773
5805.45
5837.9
5870.35
5902.8
5935.25
5967.7
6000.15
6032.6
6065.05
6097.5
6129.95
6162.4
6194.85
6227.3
6259.75
6292.2
6324.65
6357.1
6389.55
6422
6454.45
6486.9
6519.35
6551.8
6584.25
6616.7
6649.15
6681.6
6714.05
