42.15
90.95
139.7
188.5
237.3
286.1
334.85
383.65
432.45
481.25
530
564.75
598.8
632.85
666.85
700.9
734.95
769.05
803.1
837.2
871.3
905.4
939.5
973.6
1007.75
1041.85
1076
1110.1
1144.25
1178.35
1212.5
1246.65
1280.75
1314.9
1349.05
1383.2
1417.3
1451.45
1485.6
1519.75
1553.9
1588.05
1622.15
1656.3
1690.45
1724.6
1758.75
1792.9
1827.05
1861.2
1895.3
1929.45
1963.6
1997.75
2031.9
2066.05
2100.2
2134.35
2168.5
2202.65
2236.75
2270.9
2305.05
2339.2
2373.35
2407.5
2441.65
2475.8
2509.95
2544.1
2578.2
2612.35
2646.5
2680.65
2714.8
2748.95
2783.1
2817.25
2851.4
2885.55
2919.65
2953.8
2987.95
3022.1
3056.25
3090.4
3124.55
3158.7
3192.85
3227
3261.1
3295.25
3329.4
3363.55
3397.7
3431.85
3466
3500.15
3534.3
3568.45
3602.55
3636.7
3670.85
3705
3739.15
3773.3
3807.45
3841.6
3875.75
3909.9
3944
3978.15
4012.3
4046.45
4080.6
4114.75
4148.9
4183.05
4217.2
4251.35
4285.45
4319.6
4353.75
4387.9
4422.05
4456.2
4490.35
4524.5
4558.65
4592.8
4626.9
4661.05
4695.2
4729.35
4763.5
4797.65
4831.8
4865.95
4900.1
4934.25
4968.4
5002.5
5036.65
5070.8
5104.95
5139.1
5173.25
5207.4
5241.55
5275.7
5309.85
5343.95
5378.1
5412.25
5446.4
5480.55
5514.7
5548.85
5583
5617.15
5651.3
5685.4
5719.55
5753.7
5787.85
5822
5856.15
5890.3
5924.45
5958.6
5992.75
6026.85
6061
6095.15
6129.3
6163.45
6197.6
6231.75
6265.9
6300.05
6334.2
6368.3
6402.45
6436.6
6470.75
6504.9
6539.05
6573.2
6607.35
6641.5
6675.65
6709.75
6743.9
6778.05
6812.2
6846.35
6880.5
6914.65
6948.8
6982.95
-1000
25.6
68.6
114.5
160.7
204.7
235.7
270.3
313
358.75
405
449.3
480.35
514.75
557.15
594.95
630.7
665.6
700.1
734.5
768.75
802.75
836.9
870.95
905
939.15
973.3
1007.35
1041.45
1075.65
1109.7
1143.9
1177.95
1212.15
1246.25
1280.4
1314.55
1348.65
1382.8
1416.95
1451.1
1485.25
1519.35
1553.5
1587.65
1621.8
1655.95
1690.1
1724.25
1758.35
1792.5
1826.65
1860.8
1894.95
1929.1
1963.25
1997.4
2031.5
2065.65
2099.8
2133.95
2168.1
2202.25
2236.4
2270.55
2304.7
2338.85
2372.95
2407.1
2441.25
2475.4
2509.55
2543.7
2577.85
2612
2646.15
2680.3
2714.4
2748.55
2782.7
2816.85
2851
2885.15
2919.3
2953.45
2987.6
3021.75
3055.85
3090
3124.15
3158.3
3192.45
3226.6
3260.75
3294.9
3329.05
3363.2
3397.3
3431.45
3465.6
3499.75
3533.9
3568.05
3602.2
3636.35
3670.5
3704.65
3738.75
3772.9
3807.05
3841.2
3875.35
3909.5
3943.65
3977.8
4011.95
4046.1
4080.25
4114.35
4148.5
4182.65
4216.8
4250.95
4285.1
4319.25
4353.4
4387.55
4421.7
4455.8
4489.95
4524.1
4558.25
4592.4
4626.55
4660.7
4694.85
4729
4763.15
4797.25
4831.4
4865.55
4899.7
4933.85
4968
5002.15
5036.3
5070.45
5104.6
5138.7
5172.85
5207
5241.15
5275.3
5309.45
5343.6
5377.75
5411.9
5446.05
5480.15
5514.3
5548.45
5582.6
5616.75
5650.9
5685.05
5719.2
5753.35
5787.5
5821.6
5855.75
5889.9
5924.05
5958.2
5992.35
6026.5
6060.65
6094.8
6128.95
6163.05
6197.2
6231.35
6265.5
6299.65
6333.8
6367.95
6402.1
6436.25
6470.4
6504.55
6538.65
6572.8
6606.95
6641.1
6675.25
6709.4
6743.55
6777.7
6811.85
6846
6880.1
6914.25
