36.95
80.25
123.5
166.8
210.1
253.35
296.65
339.95
383.2
426.5
469.75
513.05
547.75
582.1
616.45
650.75
685.1
719.45
753.85
788.2
822.55
856.95
891.3
925.7
960.1
994.45
1028.85
1063.25
1097.65
1132
1166.4
1200.8
1235.2
1269.6
1303.95
1338.35
1372.75
1407.15
1441.55
1475.95
1510.35
1544.75
1579.15
1613.5
1647.9
1682.3
1716.7
1751.1
1785.5
1819.9
1854.3
1888.7
1923.1
1957.5
1991.9
2026.3
2060.65
2095.05
2129.45
2163.85
2198.25
2232.65
2267.05
2301.45
2335.85
2370.25
2404.65
2439.05
2473.45
2507.85
2542.25
2576.6
2611
2645.4
2679.8
2714.2
2748.6
2783
2817.4
2851.8
2886.2
2920.6
2955
2989.4
3023.8
3058.2
3092.6
3127
3161.4
3195.75
3230.15
3264.55
3298.95
3333.35
3367.75
3402.15
3436.55
3470.95
3505.35
3539.75
3574.15
3608.55
3642.95
3677.35
3711.75
3746.15
3780.5
3814.9
3849.3
3883.7
3918.1
3952.5
3986.9
4021.3
4055.7
4090.1
4124.5
4158.9
4193.3
4227.7
4262.1
4296.45
4330.85
4365.25
4399.65
4434.05
4468.45
4502.85
4537.25
4571.65
4606.05
4640.45
4674.85
4709.25
4743.65
4778.05
4812.45
4846.85
4881.25
4915.65
4950.05
4984.4
5018.8
5053.2
5087.6
5122
5156.4
5190.8
5225.2
5259.6
5294
5328.4
5362.8
5397.2
5431.6
5466
5500.35
5534.75
5569.15
5603.55
5637.95
5672.35
5706.75
5741.15
5775.55
5809.95
5844.35
5878.75
5913.15
5947.55
5981.95
6016.35
6050.75
6085.15
6119.5
6153.9
6188.3
6222.7
6257.1
6291.5
6325.9
6360.3
6394.7
6429.1
6463.5
6497.9
6532.3
6566.7
6601.1
6635.5
6669.9
6704.3
6738.7
6773.1
6807.45
6841.85
6876.25
6910.65
6945.05
6979.45
-1000
25.6
66.05
108.3
151.2
194.15
237.45
280.75
323.9
367.3
410.6
453.9
497.2
540.3
578.3
614.25
649.35
684.1
718.7
753.25
787.7
822.1
856.5
890.85
925.25
959.6
994
1028.4
1062.75
1097.15
1131.55
1165.95
1200.3
1234.7
1269.1
1303.5
1337.9
1372.3
1406.7
1441.05
1475.45
1509.85
1544.25
1578.65
1613.05
1647.45
1681.85
1716.25
1750.65
1785.05
1819.4
1853.8
1888.2
1922.6
1957
1991.4
2025.8
2060.2
2094.6
2129
2163.4
2197.8
2232.2
2266.6
2301
2335.35
2369.75
2404.15
2438.55
2472.95
2507.35
2541.75
2576.15
2610.55
2644.95
2679.35
2713.75
2748.15
2782.55
2816.95
2851.35
2885.75
2920.1
2954.5
2988.9
3023.3
3057.7
3092.1
3126.5
3160.9
3195.3
3229.7
3264.1
3298.5
3332.9
3367.3
3401.7
3436.1
3470.5
3504.85
3539.25
3573.65
3608.05
3642.45
3676.85
3711.25
3745.65
3780.05
3814.45
3848.85
3883.25
3917.65
3952.05
3986.45
4020.85
4055.2
4089.6
4124
4158.4
4192.8
4227.2
4261.6
4296
4330.4
4364.8
4399.2
4433.6
4468
4502.4
4536.8
4571.2
4605.6
4640
4674.4
4708.75
4743.15
4777.55
4811.95
4846.35
4880.75
4915.15
4949.55
4983.95
5018.35
5052.75
5087.15
5121.55
5155.95
5190.35
5224.75
5259.1
5293.5
5327.9
5362.3
5396.7
5431.1
5465.5
5499.9
5534.3
5568.7
5603.1
5637.5
5671.9
5706.3
5740.7
5775.1
5809.5
5843.9
5878.25
5912.65
5947.05
5981.45
6015.85
6050.25
6084.65
6119.05
6153.45
6187.85
6222.25
6256.65
6291.05
6325.45
6359.85
6394.25
6428.65
6463.05
6497.45
6531.85
6566.2
6600.6
6635
6669.4
6703.8
6738.2
6772.6
6807
6841.4
6875.8
6910.2
6944.6
6979
