40.5
87.55
134.6
181.65
228.7
275.75
322.75
369.8
416.85
463.9
510.95
545.45
579.35
613.2
647.1
680.95
714.85
748.75
782.65
816.55
850.5
884.4
918.35
952.3
986.25
1020.2
1054.15
1088.1
1122.05
1156
1189.95
1223.9
1257.85
1291.8
1325.75
1359.75
1393.7
1427.65
1461.6
1495.6
1529.55
1563.5
1597.45
1631.45
1665.4
1699.35
1733.35
1767.3
1801.25
1835.2
1869.2
1903.15
1937.1
1971.1
2005.05
2039
2073
2106.95
2140.9
2174.9
2208.85
2242.8
2276.8
2310.75
2344.7
2378.65
2412.65
2446.6
2480.55
2514.55
2548.5
2582.45
2616.45
2650.4
2684.35
2718.35
2752.3
2786.25
2820.25
2854.2
2888.15
2922.15
2956.1
2990.05
3024
3058
3091.95
3125.9
3159.9
3193.85
3227.8
3261.8
3295.75
3329.7
3363.7
3397.65
3431.6
3465.6
3499.55
3533.5
3567.5
3601.45
3635.4
3669.4
3703.35
3737.3
3771.25
3805.25
3839.2
3873.15
3907.15
3941.1
3975.05
4009.05
4043
4076.95
4110.95
4144.9
4178.85
4212.85
4246.8
4280.75
4314.75
4348.7
4382.65
4416.6
4450.6
4484.55
4518.5
4552.5
4586.45
4620.4
4654.4
4688.35
4722.3
4756.3
4790.25
4824.2
4858.2
4892.15
4926.1
4960.1
4994.05
5028
5062
5095.95
5129.9
5163.85
5197.85
5231.8
5265.75
5299.75
5333.7
5367.65
5401.65
5435.6
5469.55
5503.55
5537.5
5571.45
5605.45
5639.4
5673.35
5707.35
5741.3
5775.25
5809.2
5843.2
5877.15
5911.1
5945.1
5979.05
6013
6047
6080.95
6114.9
6148.9
6182.85
6216.8
6250.8
6284.75
6318.7
6352.7
6386.65
6420.6
6454.6
6488.55
6522.5
6556.45
6590.45
6624.4
6658.35
6692.35
6726.3
6760.25
6794.25
6828.2
6862.15
6896.15
6930.1
6964.05
6998.05
-1000
25.6
67.15
111.55
156.8
202.05
246.5
283.55
314.2
352.3
395.4
440.2
485.55
530.35
572
609.3
644.85
679.6
713.95
748.1
782.2
816.25
850.1
884.05
918
951.95
985.85
1019.8
1053.75
1087.7
1121.65
1155.6
1189.55
1223.5
1257.45
1291.45
1325.4
1359.35
1393.3
1427.25
1461.25
1495.2
1529.15
1563.1
1597.1
1631.05
1665
1698.95
1732.95
1766.9
1800.85
1834.85
1868.8
1902.75
1936.75
1970.7
2004.65
2038.6
2072.6
2106.55
2140.5
2174.5
2208.45
2242.4
2276.4
2310.35
2344.3
2378.3
2412.25
2446.2
2480.2
2514.15
2548.1
2582.1
2616.05
2650
2683.95
2717.95
2751.9
2785.85
2819.85
2853.8
2887.75
2921.75
2955.7
2989.65
3023.65
3057.6
3091.55
3125.55
3159.5
3193.45
3227.45
3261.4
3295.35
3329.3
3363.3
3397.25
3431.2
3465.2
3499.15
3533.1
3567.1
3601.05
3635
3669
3702.95
3736.9
3770.9
3804.85
3838.8
3872.8
3906.75
3940.7
3974.7
4008.65
4042.6
4076.55
4110.55
4144.5
4178.45
4212.45
4246.4
4280.35
4314.35
4348.3
4382.25
4416.25
4450.2
4484.15
4518.15
4552.1
4586.05
4620.05
4654
4687.95
4721.9
4755.9
4789.85
4823.8
4857.8
4891.75
4925.7
4959.7
4993.65
5027.6
5061.6
5095.55
5129.5
5163.5
5197.45
5231.4
5265.4
5299.35
5333.3
5367.3
5401.25
5435.2
5469.15
5503.15
5537.1
5571.05
5605.05
5639
5672.95
5706.95
5740.9
5774.85
5808.85
5842.8
5876.75
5910.75
5944.7
5978.65
6012.65
6046.6
6080.55
6114.5
6148.5
6182.45
6216.4
6250.4
6284.35
6318.3
6352.3
6386.25
6420.2
6454.2
6488.15
6522.1
6556.1
6590.05
6624
6658
6691.95
6725.9
6759.9
6793.85
6827.8
6861.75
6895.75
6929.7
6963.65
