28.45
62.55
96.65
130.8
164.9
199
233.15
267.25
301.35
335.45
369.6
403.7
437.8
471.95
506.05
540.15
574.3
608.4
642.5
676.65
710.75
744.85
778.95
813.1
847.2
881.3
915.45
949.55
983.65
1017.8
1051.9
1086
1120.15
1154.25
1188.35
1222.5
1256.6
1290.7
1324.8
1358.95
1393.05
1427.15
1461.3
1495.4
1529.5
1563.65
1597.75
1631.85
1666
1700.1
1734.2
1768.3
1802.45
1836.55
1870.65
1904.8
1938.9
1973
2007.15
2041.25
2075.35
2109.5
2143.6
2177.7
2211.85
2245.95
2280.05
2314.15
2348.3
2382.4
2416.5
2450.65
2484.75
2518.85
2553
2587.1
2621.2
2655.35
2689.45
2723.55
2757.65
2791.8
2825.9
2860
2894.15
2928.25
2962.35
2996.5
3030.6
3064.7
3098.85
3132.95
3167.05
3201.15
3235.3
3269.4
3303.5
3337.65
3371.75
3405.85
3440
3474.1
3508.2
3542.35
3576.45
3610.55
3644.7
3678.8
3712.9
3747
3781.15
3815.25
3849.35
3883.5
3917.6
3951.7
3985.85
4019.95
4054.05
4088.2
4122.3
4156.4
4190.5
4224.65
4258.75
4292.85
4327
4361.1
4395.2
4429.35
4463.45
4497.55
4531.7
4565.8
4599.9
4634.05
4668.15
4702.25
4736.35
4770.5
4804.6
4838.7
4872.85
4906.95
4941.05
4975.2
5009.3
5043.4
5077.55
5111.65
5145.75
5179.85
5214
5248.1
5282.2
5316.35
5350.45
5384.55
5418.7
5452.8
5486.9
5521.05
5555.15
5589.25
5623.35
5657.5
5691.6
5725.7
5759.85
5793.95
5828.05
5862.2
5896.3
5930.4
5964.55
5998.65
6032.75
6066.9
6101
6135.1
6169.2
6203.35
6237.45
6271.55
6305.7
6339.8
6373.9
6408.05
6442.15
6476.25
6510.4
6544.5
6578.6
6612.7
6646.85
6680.95
6715.05
6749.2
6783.3
6817.4
6851.55
6885.65
6919.75
6953.9
6988
-1000
25.6
60.6
95.15
129.55
163.85
198.05
232.3
266.5
300.65
334.85
369
403.1
437.25
471.4
505.5
539.55
573.7
607.85
641.9
676.05
710.2
744.25
778.4
812.55
846.65
880.75
914.9
949
983.05
1017.2
1051.35
1085.4
1119.55
1153.7
1187.75
1221.9
1256.05
1290.15
1324.25
1358.4
1392.5
1426.6
1460.75
1494.85
1528.9
1563.05
1597.2
1631.25
1665.4
1699.55
1733.6
1767.75
1801.9
1836
1870.1
1904.25
1938.35
1972.4
2006.55
2040.7
2074.75
2108.9
2143.05
2177.1
2211.25
2245.4
2279.5
2313.6
2347.75
2381.85
2415.95
2450.1
2484.2
2518.25
2552.4
2586.55
2620.6
2654.75
2688.9
2723
2757.1
2791.25
2825.35
2859.45
2893.6
2927.7
2961.75
2995.9
3030.05
3064.1
3098.25
3132.4
3166.45
3200.6
3234.75
3268.85
3302.95
3337.1
3371.2
3405.25
3439.4
3473.55
3507.6
3541.75
3575.9
3609.95
3644.1
3678.25
3712.35
3746.45
3780.6
3814.7
3848.8
3882.95
3917.05
3951.1
3985.25
4019.4
4053.45
4087.6
4121.75
4155.8
4189.95
4224.1
4258.2
4292.3
4326.45
4360.55
4394.6
4428.75
4462.9
4496.95
4531.1
4565.25
4599.3
4633.45
4667.6
4701.7
4735.8
4769.95
4804.05
4838.15
4872.3
4906.4
4940.45
4974.6
5008.75
5042.8
5076.95
5111.1
5145.15
5179.3
5213.45
5247.55
5281.65
5315.8
5349.9
5383.95
5418.1
5452.25
5486.3
5520.45
5554.6
5588.65
5622.8
5656.95
5691.05
5725.15
5759.3
5793.4
5827.45
5861.6
5895.75
5929.8
5963.95
5998.1
6032.15
6066.3
6100.45
6134.55
6168.65
6202.8
6236.9
6271
6305.15
6339.25
6373.3
6407.45
6441.6
6475.65
6509.8
6543.95
6578
6612.15
6646.3
6680.4
6714.5
6748.65
6782.75
6816.8
6850.95
6885.1
6919.15
6953.3
6987.45
