33
72.1
111.15
150.25
189.3
228.4
267.45
306.55
345.6
384.7
423.75
462.85
501.9
536.15
570.55
604.9
639.3
673.7
708.15
742.55
777
811.45
845.9
880.35
914.85
949.3
983.75
1018.25
1052.7
1087.2
1121.65
1156.15
1190.65
1225.1
1259.6
1294.1
1328.55
1363.05
1397.55
1432.05
1466.5
1501
1535.5
1570
1604.45
1638.95
1673.45
1707.95
1742.45
1776.9
1811.4
1845.9
1880.4
1914.9
1949.35
1983.85
2018.35
2052.85
2087.2
2121.55
2155.95
2190.3
2224.65
2259.05
2293.4
2327.75
2362.15
2396.5
2430.9
2465.25
2499.6
2534
2568.35
2602.7
2637.1
2671.45
2705.8
2740.2
2774.55
2808.95
2843.3
2877.65
2912.05
2946.4
2980.75
3015.15
3049.5
3083.9
3118.25
3152.6
3187
3221.35
3255.7
3290.1
3324.45
3358.85
3393.2
3427.55
3461.95
3496.3
3530.65
3565.05
3599.4
3633.8
3668.15
3702.5
3736.9
3771.25
3805.65
3840
3874.35
3908.75
3943.1
3977.45
4011.85
4046.2
4080.6
4114.95
4149.3
4183.7
4218.05
4252.4
4286.8
4321.15
4355.55
4389.9
4424.25
4458.65
4493
4527.35
4561.75
4596.1
4630.5
4664.85
4699.2
4733.6
4767.95
4802.3
4836.7
4871.05
4905.45
4939.8
4974.15
5008.55
5042.9
5077.25
5111.65
5146
5180.4
5214.75
5249.1
5283.5
5317.85
5352.25
5386.6
5420.95
5455.35
5489.7
5524.05
5558.45
5592.8
5627.2
5661.55
5695.9
5730.3
5764.65
5799
5833.4
5867.75
5902.15
5936.5
5970.85
6005.25
6039.6
6073.95
6108.35
6142.7
6177.1
6211.45
6245.8
6280.2
6314.55
6348.9
6383.3
6417.65
6452.05
6486.4
6520.75
6555.15
6589.5
6623.85
6658.25
6692.6
6727
6761.35
6795.7
6830.1
6864.45
6898.8
6933.2
6967.55
-1000
25.6
63.7
102.25
141.25
180.2
219.3
258.3
297.45
336.45
375.6
414.6
453.75
492.75
531.9
568.15
603.35
638.15
672.8
707.4
741.9
776.45
810.9
845.4
879.85
914.3
948.75
983.15
1017.65
1052.15
1086.6
1121.1
1155.55
1190
1224.5
1259
1293.45
1327.95
1362.45
1396.95
1431.4
1465.9
1500.4
1534.9
1569.35
1603.85
1638.35
1672.85
1707.3
1741.8
1776.3
1810.8
1845.3
1879.75
1914.25
1948.75
1983.25
2017.75
2052.2
2086.65
2121.15
2155.5
2189.85
2224.25
2258.6
2292.95
2327.35
2361.7
2396.05
2430.45
2464.8
2499.15
2533.55
2567.9
2602.25
2636.65
2671
2705.4
2739.75
2774.1
2808.5
2842.85
2877.2
2911.6
2945.95
2980.3
3014.7
3049.05
3083.45
3117.8
3152.15
3186.55
3220.9
3255.3
3289.65
3324
3358.4
3392.75
3427.1
3461.5
3495.85
3530.25
3564.6
3598.95
3633.35
3667.7
3702.05
3736.45
3770.8
3805.2
3839.55
3873.9
3908.3
3942.65
3977
4011.4
4045.75
4080.15
4114.5
4148.85
4183.25
4217.6
4251.95
4286.35
4320.7
4355.1
4389.45
4423.8
4458.2
4492.55
4526.9
4561.3
4595.65
4630.05
4664.4
4698.75
4733.15
4767.5
4801.9
4836.25
4870.6
4905
4939.35
4973.7
5008.1
5042.45
5076.85
5111.2
5145.55
5179.95
5214.3
5248.65
5283.05
5317.4
5351.8
5386.15
5420.5
5454.9
5489.25
5523.6
5558
5592.35
5626.75
5661.1
5695.45
5729.85
5764.2
5798.55
5832.95
5867.3
5901.7
5936.05
5970.4
6004.8
6039.15
6073.5
6107.9
6142.25
6176.65
6211
6245.35
6279.75
6314.1
6348.45
6382.85
6417.2
6451.6
6485.95
6520.3
6554.7
6589.05
6623.45
6657.8
6692.15
6726.55
6760.9
6795.25
6829.65
6864
6898.4
6932.75
6967.1
