30.35
66.5
102.65
138.85
175
211.2
247.35
283.55
319.7
355.85
392.05
428.2
464.4
500.55
532.55
564.35
596.1
627.9
659.65
691.45
723.2
755
786.8
818.55
850.35
882.15
913.95
945.7
977.5
1009.3
1041.1
1072.9
1104.65
1136.45
1168.25
1200.05
1231.85
1263.65
1295.4
1327.2
1359
1390.8
1422.6
1454.4
1486.15
1517.95
1549.75
1581.55
1613.35
1645.15
1676.95
1708.75
1740.5
1772.3
1804.1
1835.9
1867.7
1899.5
1931.3
1963.05
1994.85
2026.65
2058.45
2090.15
2121.8
2153.45
2185.15
2216.8
2248.5
2280.15
2311.8
2343.5
2375.15
2406.85
2438.5
2470.15
2501.85
2533.5
2565.2
2596.85
2628.5
2660.2
2691.85
2723.55
2755.2
2786.85
2818.55
2850.2
2881.9
2913.55
2945.2
2976.9
3008.55
3040.25
3071.9
3103.55
3135.25
3166.9
3198.6
3230.25
3261.9
3293.6
3325.25
3356.95
3388.6
3420.25
3451.95
3483.6
3515.3
3546.95
3578.6
3610.3
3641.95
3673.65
3705.3
3736.95
3768.65
3800.3
3832
3863.65
3895.3
3927
3958.65
3990.35
4022
4053.65
4085.35
4117
4148.7
4180.35
4212
4243.7
4275.35
4307.05
4338.7
4370.35
4402.05
4433.7
4465.4
4497.05
4528.7
4560.4
4592.05
4623.75
4655.4
4687.05
4718.75
4750.4
4782.1
4813.75
4845.4
4877.1
4908.75
4940.45
4972.1
5003.75
5035.45
5067.1
5098.8
5130.45
5162.15
5193.8
5225.45
5257.15
5288.8
5320.5
5352.15
5383.8
5415.5
5447.15
5478.85
5510.5
5542.15
5573.85
5605.5
5637.2
5668.85
5700.5
5732.2
5763.85
5795.55
5827.2
5858.85
5890.55
5922.2
5953.9
5985.55
6017.2
6048.9
6080.55
6112.25
6143.9
6175.55
6207.25
6238.9
6270.6
6302.25
6333.9
6365.6
6397.25
6428.95
6460.6
6492.25
6523.95
6555.6
6587.3
6618.95
6650.6
6682.3
6713.95
6745.65
6777.3
6808.95
6840.65
6872.3
6904
6935.65
6967.3
6999
-1000
25.6
58.1
91.2
124.85
158.9
193.25
227.7
262.15
296.55
330.5
363.85
395.7
426.55
458.55
491.2
524.45
557.5
590.35
623
655.55
687.9
720.2
752.4
784.55
816.6
848.65
880.65
912.65
944.6
976.55
1008.5
1040.4
1072.3
1104.2
1136.1
1167.95
1199.75
1231.55
1263.35
1295.15
1326.95
1358.75
1390.5
1422.3
1454.1
1485.9
1517.7
1549.5
1581.3
1613.05
1644.85
1676.65
1708.45
1740.25
1772.05
1803.85
1835.65
1867.4
1899.2
1931
1962.8
1994.6
2026.4
2058.2
2089.95
2121.7
2153.4
2185.05
2216.7
2248.4
2280.05
2311.75
2343.4
2375.05
2406.75
2438.4
2470.1
2501.75
2533.4
2565.1
2596.75
2628.45
2660.1
2691.75
2723.45
2755.1
2786.8
2818.45
2850.1
2881.8
2913.45
2945.15
2976.8
3008.45
3040.15
3071.8
3103.5
3135.15
3166.8
3198.5
3230.15
3261.85
3293.5
3325.15
3356.85
3388.5
3420.2
3451.85
3483.5
3515.2
3546.85
3578.55
3610.2
3641.85
3673.55
3705.2
3736.9
3768.55
3800.25
3831.9
3863.55
3895.25
3926.9
3958.6
3990.25
4021.9
4053.6
4085.25
4116.95
4148.6
4180.25
4211.95
4243.6
4275.3
4306.95
4338.6
4370.3
4401.95
4433.65
4465.3
4496.95
4528.65
4560.3
4592
4623.65
4655.3
4687
4718.65
4750.35
4782
4813.65
4845.35
4877
4908.7
4940.35
4972
5003.7
5035.35
5067.05
5098.7
5130.35
5162.05
5193.7
5225.4
5257.05
5288.7
5320.4
5352.05
5383.75
5415.4
5447.05
5478.75
5510.4
5542.1
5573.75
5605.4
5637.1
5668.75
5700.45
5732.1
5763.75
5795.45
5827.1
5858.8
5890.45
5922.1
5953.8
5985.45
6017.15
6048.8
6080.45
6112.15
6143.8
6175.5
6207.15
6238.8
6270.5
6302.15
6333.85
6365.5
6397.15
6428.85
6460.5
6492.2
6523.85
6555.5
6587.2
6618.85
6650.55
6682.2
6713.85
6745.55
6777.2
6808.9
6840.55
6872.25
6903.9
6935.55
6967.25
