64.7
136.95
209.25
281.5
353.8
426.05
498.3
531.95
564.3
596.5
628.7
661
693.3
725.65
758.05
790.45
822.9
855.35
887.85
920.35
952.9
985.4
1017.95
1050.5
1083.1
1115.65
1148.25
1180.85
1213.45
1246.05
1278.65
1311.25
1343.85
1376.5
1409.1
1441.7
1474.35
1506.95
1539.6
1572.2
1604.85
1637.45
1670.1
1702.75
1735.35
1768
1800.6
1833.25
1865.9
1898.5
1931.15
1963.8
1996.4
2029.05
2061.7
2094.3
2126.95
2159.6
2192.2
2224.85
2257.5
2290.1
2322.75
2355.4
2388
2420.65
2453.3
2485.9
2518.55
2551.2
2583.8
2616.45
2649.1
2681.7
2714.35
2747
2779.6
2812.25
2844.9
2877.55
2910.15
2942.8
2975.45
3008.05
3040.7
3073.35
3105.95
3138.6
3171.25
3203.85
3236.5
3269.15
3301.75
3334.4
3367.05
3399.65
3432.3
3464.95
3497.55
3530.2
3562.85
3595.5
3628.1
3660.75
3693.4
3726
3758.65
3791.3
3823.9
3856.55
3889.2
3921.8
3954.45
3987.1
4019.7
4052.35
4085
4117.6
4150.25
4182.9
4215.5
4248.15
4280.8
4313.45
4346.05
4378.7
4411.35
4443.95
4476.6
4509.25
4541.85
4574.5
4607.15
4639.75
4672.4
4705.05
4737.65
4770.3
4802.95
4835.55
4868.2
4900.85
4933.5
4966.1
4998.75
5031.4
5064
5096.65
5129.3
5161.9
5194.55
5227.2
5259.8
5292.45
5325.1
5357.7
5390.35
5423
5455.6
5488.25
5520.9
5553.5
5586.15
5618.8
5651.45
5684.05
5716.7
5749.35
5781.95
5814.6
5847.25
5879.85
5912.5
5945.15
5977.75
6010.4
6043.05
6075.65
6108.3
6140.95
6173.55
6206.2
6238.85
6271.45
6304.1
6336.75
6369.4
6402
6434.65
6467.3
6499.9
6532.55
6565.2
6597.8
6630.45
6663.1
6695.7
6728.35
6761
6793.6
6826.25
6858.9
6891.5
6924.15
6956.8
6989.45
-1000
25.6
56.65
91.35
122.4
159.25
190.25
228.05
259.1
296.9
327.95
364.25
395.25
426.3
458.25
489.3
524.35
559
592.9
626.3
659.35
692.2
724.9
757.6
790.2
822.65
855.05
887.55
920.05
952.55
985.05
1017.6
1050.15
1082.7
1115.25
1147.85
1180.4
1213
1245.6
1278.2
1310.8
1343.45
1376.05
1408.65
1441.3
1473.9
1506.5
1539.15
1571.75
1604.4
1637
1669.65
1702.25
1734.9
1767.5
1800.15
1832.8
1865.4
1898.05
1930.65
1963.3
1995.9
2028.55
2061.2
2093.85
2126.45
2159.1
2191.75
2224.35
2257
2289.6
2322.25
2354.9
2387.5
2420.15
2452.8
2485.4
2518.05
2550.7
2583.3
2615.95
2648.6
2681.2
2713.85
2746.5
2779.1
2811.75
2844.4
2877
2909.65
2942.3
2974.95
3007.55
3040.2
3072.85
3105.5
3138.1
3170.75
3203.35
3236
3268.65
3301.25
3333.9
3366.55
3399.15
3431.8
3464.45
3497.05
3529.7
3562.35
3594.95
3627.6
3660.25
3692.9
3725.5
3758.15
3790.8
3823.45
3856.05
3888.7
3921.3
3953.95
3986.6
4019.2
4051.85
4084.5
4117.1
4149.75
4182.4
4215
4247.65
4280.3
4312.9
4345.55
4378.2
4410.85
4443.45
4476.1
4508.75
4541.4
4574
4606.65
4639.25
4671.9
4704.55
4737.15
4769.8
4802.45
4835.05
4867.7
4900.35
4932.95
4965.6
4998.25
5030.9
5063.5
5096.15
5128.8
5161.45
5194.05
5226.7
5259.3
5291.95
5324.6
5357.2
5389.85
5422.5
5455.1
5487.75
5520.4
5553
5585.65
5618.3
5650.9
5683.55
5716.2
5748.85
5781.45
5814.1
5846.75
5879.4
5912
5944.65
5977.25
6009.9
6042.55
6075.15
6107.8
6140.45
6173.05
6205.7
6238.35
6270.95
6303.6
6336.25
6368.85
6401.5
6434.15
6466.8
6499.4
6532.05
6564.7
6597.35
6629.95
6662.6
6695.2
6727.85
