39
84.45
129.9
175.35
220.8
266.25
311.7
357.15
402.55
448
493.45
527
560
593
625.95
658.95
691.95
724.95
757.95
791
824.05
857.05
890.1
923.15
956.2
989.25
1022.3
1055.35
1088.45
1121.5
1154.55
1187.6
1220.7
1253.75
1286.85
1319.9
1352.95
1386.05
1419.1
1452.2
1485.25
1518.35
1551.4
1584.5
1617.55
1650.6
1683.7
1716.75
1749.85
1782.95
1816
1849.1
1882.15
1915.2
1948.3
1981.4
2014.45
2047.55
2080.6
2113.7
2146.75
2179.85
2212.9
2246
2279.05
2312.15
2345.2
2378.3
2411.35
2444.45
2477.5
2510.6
2543.65
2576.75
2609.8
2642.9
2675.95
2709.05
2742.1
2775.2
2808.25
2841.35
2874.4
2907.5
2940.55
2973.65
3006.7
3039.8
3072.85
3105.95
3139
3172.1
3205.15
3238.25
3271.35
3304.4
3337.5
3370.55
3403.65
3436.7
3469.8
3502.85
3535.95
3569
3602.1
3635.15
3668.25
3701.3
3734.4
3767.45
3800.55
3833.6
3866.7
3899.75
3932.85
3965.9
3999
4032.05
4065.15
4098.2
4131.3
4164.35
4197.45
4230.5
4263.6
4296.7
4329.75
4362.85
4395.9
4429
4462.05
4495.15
4528.2
4561.3
4594.35
4627.45
4660.5
4693.6
4726.65
4759.75
4792.8
4825.9
4858.95
4892.05
4925.1
4958.2
4991.25
5024.35
5057.4
5090.5
5123.55
5156.65
5189.7
5222.8
5255.85
5288.95
5322
5355.1
5388.15
5421.25
5454.35
5487.4
5520.5
5553.55
5586.65
5619.7
5652.8
5685.85
5718.95
5752
5785.1
5818.15
5851.25
5884.3
5917.4
5950.45
5983.55
6016.6
6049.7
6082.75
6115.85
6148.9
6182
6215.05
6248.15
6281.2
6314.3
6347.35
6380.45
6413.5
6446.6
6479.65
6512.75
6545.8
6578.9
6611.95
6645.05
6678.15
6711.2
6744.3
6777.35
6810.45
6843.5
6876.6
6909.65
6942.75
6975.8
-1000
25.6
63.5
103.65
142.05
173.05
206.6
244.85
285
322.9
353.9
387.8
426.25
466.4
503.8
543.75
582.75
619.4
654.55
688.8
722.65
756.2
789.6
822.85
856.1
889.3
922.45
955.65
988.75
1021.85
1054.95
1088
1121.05
1154.1
1187.2
1220.25
1253.3
1286.4
1319.45
1352.5
1385.6
1418.65
1451.75
1484.8
1517.9
1550.95
1584.05
1617.1
1650.15
1683.25
1716.3
1749.35
1782.45
1815.5
1848.6
1881.65
1914.75
1947.8
1980.9
2013.95
2047.05
2080.1
2113.2
2146.25
2179.35
2212.4
2245.5
2278.55
2311.65
2344.75
2377.85
2410.9
2444
2477.05
2510.15
2543.2
2576.3
2609.35
2642.45
2675.5
2708.6
2741.65
2774.75
2807.8
2840.9
2873.95
2907.05
2940.1
2973.2
3006.25
3039.35
3072.4
3105.5
3138.55
3171.6
3204.7
3237.75
3270.85
3303.9
3337
3370.05
3403.15
3436.25
3469.35
3502.4
3535.5
3568.55
3601.65
3634.7
3667.8
3700.85
3733.95
3767
3800.1
3833.15
3866.25
3899.3
3932.4
3965.45
3998.55
4031.6
4064.7
4097.75
4130.85
4163.9
4197
4230.05
4263.1
4296.2
4329.25
4362.35
4395.4
4428.5
4461.55
4494.65
4527.7
4560.8
4593.9
4627
4660.05
4693.15
4726.2
4759.3
4792.35
4825.45
4858.5
4891.6
4924.65
4957.75
4990.8
5023.9
5056.95
5090.05
5123.1
5156.2
5189.25
5222.35
5255.4
5288.5
5321.55
5354.65
5387.7
5420.75
5453.85
5486.9
5520
5553.05
5586.15
5619.2
5652.3
5685.35
5718.45
5751.5
5784.6
5817.7
5850.8
5883.85
5916.95
5950
5983.1
6016.15
6049.25
6082.3
6115.4
6148.45
6181.55
6214.6
6247.7
6280.75
6313.85
6346.9
6380
6413.05
6446.15
6479.2
6512.3
6545.35
6578.45
6611.5
6644.55
6677.65
6710.7
6743.8
6776.85
6809.95
6843
6876.1
6909.15
