43.95
94.65
145.35
196.05
246.75
297.45
348.15
398.85
449.55
500.2
533.55
566.05
598.45
630.85
663.3
695.75
728.25
760.75
793.25
825.75
858.25
890.8
923.35
955.9
988.45
1021
1053.55
1086.1
1118.7
1151.25
1183.85
1216.4
1249
1281.55
1314.15
1346.7
1379.3
1411.9
1444.5
1477.05
1509.65
1542.25
1574.8
1607.4
1640
1672.6
1705.2
1737.75
1770.35
1802.95
1835.55
1868.15
1900.7
1933.3
1965.9
1998.5
2031.1
2063.65
2096.25
2128.85
2161.45
2194.05
2226.65
2259.2
2291.8
2324.4
2357
2389.6
2422.15
2454.75
2487.35
2519.95
2552.55
2585.15
2617.7
2650.3
2682.9
2715.5
2748.1
2780.7
2813.25
2845.85
2878.45
2911.05
2943.65
2976.25
3008.8
3041.4
3074
3106.6
3139.2
3171.75
3204.35
3236.95
3269.55
3302.15
3334.75
3367.3
3399.9
3432.5
3465.1
3497.7
3530.3
3562.85
3595.45
3628.05
3660.65
3693.25
3725.85
3758.4
3791
3823.6
3856.2
3888.8
3921.35
3953.95
3986.55
4019.15
4051.75
4084.35
4116.9
4149.5
4182.1
4214.7
4247.3
4279.9
4312.45
4345.05
4377.65
4410.25
4442.85
4475.45
4508
4540.6
4573.2
4605.8
4638.4
4670.95
4703.55
4736.15
4768.75
4801.35
4833.95
4866.5
4899.1
4931.7
4964.3
4996.9
5029.5
5062.05
5094.65
5127.25
5159.85
5192.45
5225.05
5257.6
5290.2
5322.8
5355.4
5388
5420.55
5453.15
5485.75
5518.35
5550.95
5583.55
5616.1
5648.7
5681.3
5713.9
5746.5
5779.1
5811.65
5844.25
5876.85
5909.45
5942.05
5974.65
6007.2
6039.8
6072.4
6105
6137.6
6170.15
6202.75
6235.35
6267.95
6300.55
6333.15
6365.7
6398.3
6430.9
6463.5
6496.1
6528.7
6561.25
6593.85
6626.45
6659.05
6691.65
6724.25
6756.8
6789.4
6822
6854.6
6887.2
6919.75
6952.35
6984.95
-1000
25.6
63.2
94.25
126.8
164.45
195.45
228.15
265.9
296.9
329.55
367.3
398.35
431
468.7
499.75
532.4
565.1
597.85
630.5
663.05
695.5
727.95
760.4
792.9
825.4
857.95
890.45
923
955.5
988.05
1020.6
1053.2
1085.75
1118.3
1150.85
1183.45
1216
1248.6
1281.15
1313.75
1346.3
1378.9
1411.45
1444.05
1476.65
1509.25
1541.8
1574.4
1607
1639.6
1672.15
1704.75
1737.35
1769.95
1802.55
1835.1
1867.7
1900.3
1932.9
1965.5
1998.05
2030.65
2063.25
2095.85
2128.45
2161
2193.6
2226.2
2258.8
2291.4
2324
2356.55
2389.15
2421.75
2454.35
2486.95
2519.5
2552.1
2584.7
2617.3
2649.9
2682.5
2715.05
2747.65
2780.25
2812.85
2845.45
2878.05
2910.6
2943.2
2975.8
3008.4
3041
3073.6
3106.15
3138.75
3171.35
3203.95
3236.55
3269.1
3301.7
3334.3
3366.9
3399.5
3432.1
3464.65
3497.25
3529.85
3562.45
3595.05
3627.65
3660.2
3692.8
3725.4
3758
3790.6
3823.2
3855.75
3888.35
3920.95
3953.55
3986.15
4018.7
4051.3
4083.9
4116.5
4149.1
4181.7
4214.25
4246.85
4279.45
4312.05
4344.65
4377.25
4409.8
4442.4
4475
4507.6
4540.2
4572.8
4605.35
4637.95
4670.55
4703.15
4735.75
4768.3
4800.9
4833.5
4866.1
4898.7
4931.3
4963.85
4996.45
5029.05
5061.65
5094.25
5126.85
5159.4
5192
5224.6
5257.2
5289.8
5322.4
5354.95
5387.55
5420.15
5452.75
5485.35
5517.9
5550.5
5583.1
5615.7
5648.3
5680.9
5713.45
5746.05
5778.65
5811.25
5843.85
5876.45
5909
5941.6
5974.2
6006.8
6039.4
6072
6104.55
6137.15
6169.75
6202.35
6234.95
6267.5
6300.1
6332.7
6365.3
6397.9
6430.5
6463.05
6495.65
6528.25
6560.85
6593.45
6626.05
6658.6
6691.2
6723.8
6756.4
6789
6821.6
