39.75
85.95
132.2
178.4
224.65
270.85
317.1
363.35
409.55
455.8
502
534.35
565.95
597.45
628.9
660.45
691.95
723.5
755.05
786.6
818.15
849.75
881.3
912.9
944.5
976.1
1007.7
1039.3
1070.9
1102.5
1134.1
1165.75
1197.35
1228.95
1260.6
1292.2
1323.85
1355.45
1387.05
1418.7
1450.3
1481.95
1513.55
1545.2
1576.8
1608.45
1640.1
1671.7
1703.35
1734.95
1766.6
1798.2
1829.85
1861.45
1893.1
1924.75
1956.35
1988
2019.6
2051.25
2082.9
2114.5
2146.15
2177.75
2209.4
2241
2272.65
2304.3
2335.9
2367.55
2399.15
2430.8
2462.45
2494.05
2525.7
2557.3
2588.95
2620.55
2652.2
2683.85
2715.45
2747.1
2778.7
2810.35
2842
2873.6
2905.25
2936.85
2968.5
3000.15
3031.75
3063.4
3095
3126.65
3158.25
3189.9
3221.55
3253.15
3284.8
3316.4
3348.05
3379.7
3411.3
3442.95
3474.55
3506.2
3537.85
3569.45
3601.1
3632.7
3664.35
3695.95
3727.6
3759.25
3790.85
3822.5
3854.1
3885.75
3917.4
3949
3980.65
4012.25
4043.9
4075.55
4107.15
4138.8
4170.4
4202.05
4233.65
4265.3
4296.95
4328.55
4360.2
4391.8
4423.45
4455.1
4486.7
4518.35
4549.95
4581.6
4613.25
4644.85
4676.5
4708.1
4739.75
4771.35
4803
4834.65
4866.25
4897.9
4929.5
4961.15
4992.8
5024.4
5056.05
5087.65
5119.3
5150.95
5182.55
5214.2
5245.8
5277.45
5309.05
5340.7
5372.35
5403.95
5435.6
5467.2
5498.85
5530.5
5562.1
5593.75
5625.35
5657
5688.65
5720.25
5751.9
5783.5
5815.15
5846.75
5878.4
5910.05
5941.65
5973.3
6004.9
6036.55
6068.2
6099.8
6131.45
6163.05
6194.7
6226.35
6257.95
6289.6
6321.2
6352.85
6384.45
6416.1
6447.75
6479.35
6511
6542.6
6574.25
6605.9
6637.5
6669.15
6700.75
6732.4
6764.05
6795.65
6827.3
6858.9
6890.55
6922.15
6953.8
6985.45
-1000
25.6
58.7
90.6
121.55
154.3
187.05
218.05
250.3
283.55
314.6
346.35
379.65
410.8
441.9
475
506.95
538.65
570.35
602.15
634
666.05
698.25
730.65
763.3
796.15
829.3
862.55
895.85
929.1
962.3
995.4
1028.3
1061.05
1093.7
1126.2
1158.6
1190.95
1223.15
1255.3
1287.4
1319.45
1351.45
1383.4
1415.3
1447.15
1479
1510.8
1542.65
1574.4
1606.2
1637.95
1669.65
1701.4
1733.15
1764.85
1796.55
1828.25
1859.95
1891.6
1923.3
1954.95
1986.65
2018.3
2050
2081.65
2113.3
2144.95
2176.65
2208.3
2239.95
2271.6
2303.25
2334.9
2366.55
2398.2
2429.85
2461.5
2493.15
2524.8
2556.45
2588.1
2619.75
2651.4
2683
2714.65
2746.3
2777.95
2809.6
2841.2
2872.85
2904.5
2936.15
2967.8
2999.4
3031.05
3062.7
3094.35
3125.95
3157.6
3189.25
3220.85
3252.5
3284.15
3315.8
3347.4
3379.05
3410.65
3442.3
3473.95
3505.6
3537.2
3568.85
3600.45
3632.1
3663.75
3695.35
3727
3758.6
3790.25
3821.9
3853.5
3885.15
3916.75
3948.4
3980.05
4011.65
4043.3
4074.9
4106.55
4138.2
4169.8
4201.45
4233.1
4264.7
4296.35
4327.95
4359.6
4391.25
4422.85
4454.5
4486.1
4517.75
4549.35
4581
4612.65
4644.25
4675.9
4707.5
4739.15
4770.8
4802.4
4834.05
4865.65
4897.3
4928.95
4960.55
4992.2
5023.8
5055.45
5087.1
5118.7
5150.35
5181.95
5213.6
5245.2
5276.85
5308.5
5340.1
5371.75
5403.35
5435
5466.65
5498.25
5529.9
5561.5
5593.15
5624.8
5656.4
5688.05
5719.65
5751.3
5782.9
5814.55
5846.2
5877.8
5909.45
5941.05
5972.7
6004.35
6035.95
6067.6
6099.2
6130.85
6162.5
6194.1
6225.75
6257.35
6289
6320.6
6352.25
6383.9
6415.5
6447.15
6478.75
6510.4
6542.05
6573.65
6605.3
6636.9
6668.55
6700.2
6731.8
6763.45
6795.05
6826.7
6858.3
