42.15
90.95
139.7
188.5
237.3
286.1
334.85
383.65
432.45
481.25
530
563.5
596.35
629.15
661.95
694.75
727.6
760.45
793.35
826.25
859.1
892
924.9
957.85
990.75
1023.7
1056.6
1089.55
1122.5
1155.4
1188.35
1221.3
1254.25
1287.2
1320.15
1353.1
1386.05
1419
1451.95
1484.9
1517.85
1550.8
1583.75
1616.7
1649.65
1682.6
1715.6
1748.55
1781.5
1814.45
1847.4
1880.35
1913.3
1946.25
1979.25
2012.2
2045.15
2078.1
2111.05
2144
2176.95
2209.95
2242.9
2275.85
2308.8
2341.75
2374.7
2407.7
2440.65
2473.6
2506.55
2539.5
2572.45
2605.45
2638.4
2671.35
2704.3
2737.25
2770.2
2803.15
2836.15
2869.1
2902.05
2935
2967.95
3000.95
3033.9
3066.85
3099.8
3132.75
3165.7
3198.65
3231.65
3264.6
3297.55
3330.5
3363.45
3396.4
3429.4
3462.35
3495.3
3528.25
3561.2
3594.15
3627.15
3660.1
3693.05
3726
3758.95
3791.9
3824.85
3857.85
3890.8
3923.75
3956.7
3989.65
4022.6
4055.6
4088.55
4121.5
4154.45
4187.4
4220.35
4253.35
4286.3
4319.25
4352.2
4385.15
4418.1
4451.1
4484.05
4517
4549.95
4582.9
4615.85
4648.8
4681.8
4714.75
4747.7
4780.65
4813.6
4846.55
4879.55
4912.5
4945.45
4978.4
5011.35
5044.3
5077.3
5110.25
5143.2
5176.15
5209.1
5242.05
5275
5308
5340.95
5373.9
5406.85
5439.8
5472.75
5505.75
5538.7
5571.65
5604.6
5637.55
5670.5
5703.5
5736.45
5769.4
5802.35
5835.3
5868.25
5901.2
5934.2
5967.15
6000.1
6033.05
6066
6098.95
6131.95
6164.9
6197.85
6230.8
6263.75
6296.7
6329.7
6362.65
6395.6
6428.55
6461.5
6494.45
6527.4
6560.4
6593.35
6626.3
6659.25
6692.2
6725.15
6758.15
6791.1
6824.05
6857
6889.95
6922.9
6955.9
6988.85
-1000
25.6
64.55
102.85
133.85
168.75
208.7
242.8
273.45
311.05
350.95
382
415.35
454.5
492.4
523.35
558.55
593.05
626.95
660.45
693.75
726.95
760.1
793.1
825.95
858.85
891.75
924.65
957.55
990.45
1023.4
1056.3
1089.25
1122.15
1155.1
1188.05
1221
1253.9
1286.85
1319.8
1352.75
1385.7
1418.65
1451.6
1484.55
1517.5
1550.45
1583.4
1616.35
1649.35
1682.3
1715.25
1748.2
1781.15
1814.1
1847.05
1880
1913
1945.95
1978.9
2011.85
2044.8
2077.75
2110.7
2143.7
2176.65
2209.6
2242.55
2275.5
2308.45
2341.45
2374.4
2407.35
2440.3
2473.25
2506.2
2539.2
2572.15
2605.1
2638.05
2671
2703.95
2736.9
2769.9
2802.85
2835.8
2868.75
2901.7
2934.65
2967.65
3000.6
3033.55
3066.5
3099.45
3132.4
3165.4
3198.35
3231.3
3264.25
3297.2
3330.15
3363.15
3396.1
3429.05
3462
3494.95
3527.9
3560.85
3593.85
3626.8
3659.75
3692.7
3725.65
3758.6
3791.6
3824.55
3857.5
3890.45
3923.4
3956.35
3989.35
4022.3
4055.25
4088.2
4121.15
4154.1
4187.1
4220.05
4253
4285.95
4318.9
4351.85
4384.8
4417.8
4450.75
4483.7
4516.65
4549.6
4582.55
4615.55
4648.5
4681.45
4714.4
4747.35
4780.3
4813.3
4846.25
4879.2
4912.15
4945.1
4978.05
5011
5044
5076.95
5109.9
5142.85
5175.8
5208.75
5241.75
5274.7
5307.65
5340.6
5373.55
5406.5
5439.5
5472.45
5505.4
5538.35
5571.3
5604.25
5637.2
5670.2
5703.15
5736.1
5769.05
5802
5834.95
5867.95
5900.9
5933.85
5966.8
5999.75
6032.7
6065.7
6098.65
6131.6
6164.55
6197.5
6230.45
6263.4
6296.4
6329.35
6362.3
6395.25
6428.2
6461.15
6494.15
6527.1
6560.05
6593
6625.95
6658.9
6691.9
6724.85
6757.8
6790.75
6823.7
6856.65
