35.75
77.7
119.65
161.65
203.6
245.6
287.55
329.5
371.5
413.45
455.45
497.4
531.4
565.4
599.45
633.55
667.7
701.85
736
770.2
804.45
838.7
872.9
907.2
941.45
975.7
1010
1044.3
1078.6
1112.9
1147.2
1181.5
1215.8
1250.15
1284.45
1318.75
1353.1
1387.4
1421.75
1456.05
1490.4
1524.7
1559.05
1593.35
1627.7
1662
1696.35
1730.65
1765
1799.35
1833.65
1868
1902.3
1936.65
1971
2005.3
2039.65
2073.95
2108.3
2142.6
2176.95
2211.3
2245.6
2279.95
2314.25
2348.6
2382.95
2417.25
2451.6
2485.9
2520.25
2554.6
2588.9
2623.25
2657.6
2691.9
2726.25
2760.55
2794.9
2829.2
2863.55
2897.9
2932.2
2966.55
3000.9
3035.2
3069.55
3103.85
3138.2
3172.55
3206.85
3241.2
3275.5
3309.85
3344.2
3378.5
3412.85
3447.15
3481.5
3515.8
3550.15
3584.5
3618.8
3653.15
3687.5
3721.8
3756.15
3790.45
3824.8
3859.15
3893.45
3927.8
3962.1
3996.45
4030.8
4065.1
4099.45
4133.75
4168.1
4202.4
4236.75
4271.1
4305.4
4339.75
4374.1
4408.4
4442.75
4477.05
4511.4
4545.7
4580.05
4614.4
4648.7
4683.05
4717.4
4751.7
4786.05
4820.35
4854.7
4889.05
4923.35
4957.7
4992
5026.35
5060.65
5095
5129.35
5163.65
5198
5232.35
5266.65
5301
5335.3
5369.65
5403.95
5438.3
5472.65
5506.95
5541.3
5575.6
5609.95
5644.3
5678.6
5712.95
5747.3
5781.6
5815.95
5850.25
5884.6
5918.95
5953.25
5987.6
6021.9
6056.25
6090.6
6124.9
6159.25
6193.55
6227.9
6262.25
6296.55
6330.9
6365.2
6399.55
6433.9
6468.2
6502.55
6536.85
6571.2
6605.55
6639.85
6674.2
6708.5
6742.85
6777.15
6811.5
6845.85
6880.15
6914.5
6948.85
6983.15
-1000
25.6
65.35
106.35
148.05
189.9
231.85
273.8
315.65
357.7
399.7
441.7
483.65
525.5
562.65
598.05
632.8
667.35
701.55
735.65
769.95
804.1
838.35
872.55
906.85
941.1
975.35
1009.65
1043.95
1078.2
1112.5
1146.8
1181.1
1215.45
1249.75
1284.05
1318.35
1352.7
1387
1421.35
1455.65
1490
1524.3
1558.65
1592.95
1627.3
1661.6
1695.95
1730.25
1764.6
1798.9
1833.25
1867.6
1901.9
1936.25
1970.55
2004.9
2039.2
2073.55
2107.9
2142.2
2176.55
2210.85
2245.2
2279.55
2313.85
2348.2
2382.55
2416.85
2451.2
2485.5
2519.85
2554.2
2588.5
2622.85
2657.15
2691.5
2725.85
2760.15
2794.5
2828.8
2863.15
2897.5
2931.8
2966.15
3000.45
3034.8
3069.15
3103.45
3137.8
3172.1
3206.45
3240.8
3275.1
3309.45
3343.75
3378.1
3412.45
3446.75
3481.1
3515.4
3549.75
3584.1
3618.4
3652.75
3687.05
3721.4
3755.75
3790.05
3824.4
3858.7
3893.05
3927.4
3961.7
3996.05
4030.35
4064.7
4099
4133.35
4167.7
4202
4236.35
4270.7
4305
4339.35
4373.65
4408
4442.3
4476.65
4511
4545.3
4579.65
4614
4648.3
4682.65
4716.95
4751.3
4785.65
4819.95
4854.3
4888.6
4922.95
4957.25
4991.6
5025.95
5060.25
5094.6
5128.95
5163.25
5197.6
5231.9
5266.25
5300.55
5334.9
5369.25
5403.55
5437.9
5472.25
5506.55
5540.9
5575.2
5609.55
5643.9
5678.2
5712.55
5746.85
5781.2
5815.55
5849.85
5884.2
5918.5
5952.85
5987.2
6021.5
6055.85
6090.15
6124.5
6158.85
6193.15
6227.5
6261.8
6296.15
6330.5
6364.8
6399.15
6433.45
6467.8
6502.15
6536.45
6570.8
6605.1
6639.45
6673.75
6708.1
6742.45
6776.75
6811.1
6845.45
6879.75
6914.1
6948.4
6982.75
