50.65
108.4
166.15
223.85
281.6
339.3
397.05
454.8
512.5
545
576.25
607.35
638.45
669.55
700.7
731.85
763.05
794.25
825.5
856.75
888
919.3
950.6
981.9
1013.2
1044.5
1075.8
1107.15
1138.5
1169.8
1201.15
1232.5
1263.85
1295.2
1326.55
1357.9
1389.25
1420.6
1451.95
1483.3
1514.65
1546
1577.4
1608.75
1640.1
1671.45
1702.8
1734.2
1765.55
1796.9
1828.25
1859.65
1891
1922.35
1953.75
1985.1
2016.45
2047.8
2079.2
2110.55
2141.9
2173.3
2204.65
2236
2267.4
2298.75
2330.1
2361.45
2392.85
2424.2
2455.55
2486.95
2518.3
2549.65
2581.05
2612.4
2643.75
2675.15
2706.5
2737.85
2769.2
2800.6
2831.95
2863.3
2894.7
2926.05
2957.4
2988.8
3020.15
3051.5
3082.9
3114.25
3145.6
3177
3208.35
3239.7
3271.05
3302.45
3333.8
3365.15
3396.55
3427.9
3459.25
3490.65
3522
3553.35
3584.75
3616.1
3647.45
3678.85
3710.2
3741.55
3772.9
3804.3
3835.65
3867
3898.4
3929.75
3961.1
3992.5
4023.85
4055.2
4086.6
4117.95
4149.3
4180.7
4212.05
4243.4
4274.75
4306.15
4337.5
4368.85
4400.25
4431.6
4462.95
4494.35
4525.7
4557.05
4588.45
4619.8
4651.15
4682.55
4713.9
4745.25
4776.6
4808
4839.35
4870.7
4902.1
4933.45
4964.8
4996.2
5027.55
5058.9
5090.3
5121.65
5153
5184.4
5215.75
5247.1
5278.45
5309.85
5341.2
5372.55
5403.95
5435.3
5466.65
5498.05
5529.4
5560.75
5592.15
5623.5
5654.85
5686.25
5717.6
5748.95
5780.3
5811.7
5843.05
5874.4
5905.8
5937.15
5968.5
5999.9
6031.25
6062.6
6094
6125.35
6156.7
6188.1
6219.45
6250.8
6282.15
6313.55
6344.9
6376.25
6407.65
6439
6470.35
6501.75
6533.1
6564.45
6595.85
6627.2
6658.55
6689.95
6721.3
6752.65
6784
6815.4
6846.75
6878.1
6909.5
6940.85
6972.2
-1000
25.6
57.35
88.35
120.5
151.5
183.6
214.65
246.5
277.55
309.05
340.1
371.2
402.85
433.85
465.95
496.95
529.1
561.25
593.35
625.45
657.5
689.45
721.4
753.3
785.15
817
848.75
880.5
912.2
943.9
975.55
1007.2
1038.85
1070.45
1102.05
1133.6
1165.15
1196.7
1228.2
1259.75
1291.25
1322.75
1354.25
1385.7
1417.2
1448.65
1480.1
1511.6
1543.05
1574.5
1605.9
1637.35
1668.8
1700.2
1731.65
1763.05
1794.45
1825.9
1857.3
1888.7
1920.1
1951.5
1982.9
2014.3
2045.7
2077.1
2108.5
2139.9
2171.3
2202.7
2234.1
2265.45
2296.85
2328.25
2359.6
2391
2422.4
2453.75
2485.15
2516.55
2547.9
2579.3
2610.7
2642.05
2673.45
2704.8
2736.2
2767.55
2798.95
2830.3
2861.7
2893.05
2924.45
2955.8
2987.2
3018.55
3049.9
3081.3
3112.65
3144.05
3175.4
3206.8
3238.15
3269.5
3300.9
3332.25
3363.65
3395
3426.35
3457.75
3489.1
3520.5
3551.85
3583.2
3614.6
3645.95
3677.3
3708.7
3740.05
3771.4
3802.8
3834.15
3865.55
3896.9
3928.25
3959.65
3991
4022.35
4053.75
4085.1
4116.45
4147.85
4179.2
4210.55
4241.95
4273.3
4304.65
4336.05
4367.4
4398.75
4430.15
4461.5
4492.85
4524.25
4555.6
4586.95
4618.35
4649.7
4681.05
4712.45
4743.8
4775.15
4806.55
4837.9
4869.25
4900.65
4932
4963.35
4994.75
5026.1
5057.45
5088.8
5120.2
5151.55
5182.9
5214.3
5245.65
5277
5308.4
5339.75
5371.1
5402.5
5433.85
5465.2
5496.6
5527.95
5559.3
5590.7
5622.05
5653.4
5684.75
5716.15
5747.5
5778.85
5810.25
5841.6
5872.95
5904.35
5935.7
5967.05
5998.45
6029.8
6061.15
6092.55
6123.9
6155.25
6186.65
6218
6249.35
6280.7
6312.1
6343.45
6374.8
6406.2
6437.55
6468.9
6500.3
6531.65
6563
6594.4
6625.75
6657.1
6688.5
6719.85
6751.2
