38.3
83
127.7
172.35
217.05
261.75
306.45
351.15
395.85
440.55
485.25
529.95
564.85
599.25
633.65
668
702.4
736.8
771.15
805.55
839.95
874.4
908.8
943.2
977.65
1012.05
1046.5
1080.9
1115.35
1149.75
1184.2
1218.6
1253.05
1287.5
1321.9
1356.35
1390.8
1425.2
1459.65
1494.1
1528.55
1562.95
1597.4
1631.85
1666.3
1700.7
1735.15
1769.6
1804
1838.45
1872.9
1907.35
1941.75
1976.2
2010.65
2045.1
2079.4
2113.65
2147.95
2182.25
2216.55
2250.8
2285.1
2319.4
2353.65
2387.95
2422.25
2456.55
2490.8
2525.1
2559.4
2593.65
2627.95
2662.25
2696.55
2730.8
2765.1
2799.4
2833.65
2867.95
2902.25
2936.55
2970.8
3005.1
3039.4
3073.7
3107.95
3142.25
3176.55
3210.8
3245.1
3279.4
3313.7
3347.95
3382.25
3416.55
3450.8
3485.1
3519.4
3553.7
3587.95
3622.25
3656.55
3690.85
3725.1
3759.4
3793.7
3827.95
3862.25
3896.55
3930.85
3965.1
3999.4
4033.7
4068
4102.25
4136.55
4170.85
4205.1
4239.4
4273.7
4308
4342.25
4376.55
4410.85
4445.15
4479.4
4513.7
4548
4582.25
4616.55
4650.85
4685.15
4719.4
4753.7
4788
4822.25
4856.55
4890.85
4925.15
4959.4
4993.7
5028
5062.3
5096.55
5130.85
5165.15
5199.4
5233.7
5268
5302.3
5336.55
5370.85
5405.15
5439.45
5473.7
5508
5542.3
5576.55
5610.85
5645.15
5679.45
5713.7
5748
5782.3
5816.6
5850.85
5885.15
5919.45
5953.7
5988
6022.3
6056.6
6090.85
6125.15
6159.45
6193.7
6228
6262.3
6296.6
6330.85
6365.15
6399.45
6433.75
6468
6502.3
6536.6
6570.85
6605.15
6639.45
6673.75
6708
6742.3
6776.6
6810.9
6845.15
6879.45
6913.75
6948
6982.3
-1000
25.6
66.9
110.3
154.5
198.95
243.55
288.2
332.9
377.6
422.3
466.8
511.4
556.1
595
631.25
666.45
701.25
735.9
770.45
805
839.45
873.9
908.3
942.7
977.15
1011.55
1046
1080.4
1114.85
1149.25
1183.7
1218.1
1252.55
1286.95
1321.4
1355.85
1390.25
1424.7
1459.15
1493.6
1528
1562.45
1596.9
1631.3
1665.75
1700.2
1734.65
1769.05
1803.5
1837.95
1872.4
1906.8
1941.25
1975.7
2010.15
2044.55
2079
2113.3
2147.6
2181.9
2216.1
2250.45
2284.75
2319
2353.3
2387.6
2421.85
2456.15
2490.45
2524.75
2559
2593.3
2627.6
2661.85
2696.15
2730.45
2764.75
2799
2833.3
2867.6
2901.9
2936.1
2970.45
3004.75
3039
3073.3
3107.6
3141.9
3176.15
3210.45
3244.75
3279.05
3313.25
3347.6
3381.9
3416.15
3450.45
3484.75
3519.05
3553.3
3587.6
3621.9
3656.15
3690.45
3724.75
3759.05
3793.3
3827.6
3861.9
3896.2
3930.4
3964.75
3999.05
4033.3
4067.6
4101.9
4136.2
4170.45
4204.75
4239.05
4273.35
4307.55
4341.9
4376.2
4410.45
4444.75
4479.05
4513.35
4547.6
4581.9
4616.2
4650.5
4684.7
4719.05
4753.35
4787.6
4821.9
4856.2
4890.5
4924.75
4959.05
4993.35
5027.6
5061.9
5096.2
5130.5
5164.75
5199.05
5233.35
5267.65
5301.85
5336.2
5370.5
5404.75
5439.05
5473.35
5507.65
5541.9
5576.2
5610.5
5644.8
5679
5713.35
5747.65
5781.9
5816.2
5850.5
5884.8
5919.05
5953.35
5987.65
6021.95
6056.15
6090.5
6124.8
6159.05
6193.35
6227.65
6261.95
6296.2
6330.5
6364.8
6399.05
6433.35
6467.65
6501.95
6536.2
6570.5
6604.8
6639.1
6673.3
6707.65
6741.95
6776.2
6810.5
6844.8
6879.1
6913.35
6947.65
6981.95
