27.1
59.75
92.4
125.1
157.75
190.4
223.05
255.7
288.4
321.05
353.7
386.35
419.05
451.7
484.35
517
549.65
582.35
615
647.65
680.3
713
745.65
778.3
810.95
843.6
876.3
908.95
941.6
974.25
1006.9
1039.6
1072.25
1104.9
1137.55
1170.25
1202.9
1235.55
1268.2
1300.85
1333.55
1366.2
1398.85
1431.5
1464.2
1496.85
1529.5
1562.15
1594.8
1627.5
1660.15
1692.8
1725.45
1758.15
1790.8
1823.45
1856.1
1888.75
1921.45
1954.1
1986.75
2019.4
2052.05
2084.75
2117.4
2150.05
2182.7
2215.4
2248.05
2280.7
2313.35
2346
2378.7
2411.35
2444
2476.65
2509.35
2542
2574.65
2607.3
2639.95
2672.65
2705.3
2737.95
2770.6
2803.25
2835.95
2868.6
2901.25
2933.9
2966.6
2999.25
3031.9
3064.55
3097.2
3129.9
3162.55
3195.2
3227.85
3260.55
3293.2
3325.85
3358.5
3391.15
3423.85
3456.5
3489.15
3521.8
3554.5
3587.15
3619.8
3652.45
3685.1
3717.8
3750.45
3783.1
3815.75
3848.4
3881.1
3913.75
3946.4
3979.05
4011.75
4044.4
4077.05
4109.7
4142.35
4175.05
4207.7
4240.35
4273
4305.7
4338.35
4371
4403.65
4436.3
4469
4501.65
4534.3
4566.95
4599.6
4632.3
4664.95
4697.6
4730.25
4762.95
4795.6
4828.25
4860.9
4893.55
4926.25
4958.9
4991.55
5024.2
5056.9
5089.55
5122.2
5154.85
5187.5
5220.2
5252.85
5285.5
5318.15
5350.85
5383.5
5416.15
5448.8
5481.45
5514.15
5546.8
5579.45
5612.1
5644.75
5677.45
5710.1
5742.75
5775.4
5808.1
5840.75
5873.4
5906.05
5938.7
5971.4
6004.05
6036.7
6069.35
6102.05
6134.7
6167.35
6200
6232.65
6265.35
6298
6330.65
6363.3
6395.95
6428.65
6461.3
6493.95
6526.6
6559.3
6591.95
6624.6
6657.25
6689.9
6722.6
6755.25
6787.9
6820.55
6853.25
6885.9
6918.55
6951.2
6983.85
-1000
25.6
58.9
92.1
125.05
157.6
190.3
222.95
255.6
288.25
320.9
353.6
386.25
418.9
451.55
484.2
516.9
549.55
582.2
614.85
647.55
680.2
712.85
745.5
778.15
810.85
843.5
876.15
908.8
941.45
974.2
1006.8
1039.45
1072.1
1104.8
1137.45
1170.1
1202.75
1235.4
1268.1
1300.75
1333.4
1366.05
1398.75
1431.4
1464.05
1496.7
1529.35
1562.05
1594.7
1627.35
1660
1692.7
1725.35
1758
1790.65
1823.3
1856
1888.65
1921.3
1953.95
1986.6
2019.3
2051.95
2084.6
2117.25
2149.95
2182.6
2215.25
2247.9
2280.55
2313.25
2345.9
2378.55
2411.2
2443.9
2476.55
2509.2
2541.85
2574.5
2607.2
2639.85
2672.5
2705.15
2737.85
2770.5
2803.15
2835.8
2868.45
2901.15
2933.8
2966.45
2999.1
3031.75
3064.45
3097.1
3129.75
3162.4
3195.1
3227.75
3260.4
3293.05
3325.7
3358.4
3391.05
3423.7
3456.35
3489.05
3521.7
3554.35
3587
3619.65
3652.35
3685
3717.65
3750.3
3782.95
3815.65
3848.3
3880.95
3913.6
3946.3
3978.95
4011.6
4044.25
4076.9
4109.6
4142.25
4174.9
4207.55
4240.25
4272.9
4305.55
4338.2
4370.85
4403.55
4436.2
4468.85
4501.5
4534.2
4566.85
4599.5
4632.15
4664.8
4697.5
4730.15
4762.8
4795.45
4828.1
4860.8
4893.45
4926.1
4958.75
4991.45
5024.1
5056.75
5089.4
5122.05
5154.75
5187.4
5220.05
5252.7
5285.4
5318.05
5350.7
5383.35
5416
5448.7
5481.35
5514
5546.65
5579.3
5612
5644.65
5677.3
5709.95
5742.65
5775.3
5807.95
5840.6
5873.25
5905.95
5938.6
5971.25
6003.9
6036.6
6069.25
6101.9
6134.55
6167.2
6199.9
6232.55
6265.2
6297.85
6330.55
6363.2
6395.85
6428.5
6461.15
6493.85
6526.5
6559.15
6591.8
6624.45
6657.15
6689.8
6722.45
6755.1
6787.8
6820.45
6853.1
6885.75
6918.4
6951.1
6983.75
