42.15
90.95
139.7
188.5
237.3
286.1
334.85
383.65
432.45
481.25
530
563.35
596.75
630.3
663.95
697.65
731.45
765.35
799.3
833.25
867.3
901.35
935.45
969.55
1003.7
1037.85
1072
1106.2
1140.4
1174.65
1208.85
1243.1
1277.35
1311.55
1345.85
1380.1
1414.35
1448.6
1482.85
1517.1
1551.4
1585.65
1619.9
1654.2
1688.45
1722.7
1757
1791.25
1825.55
1859.8
1894.1
1928.35
1962.65
1996.9
2031.2
2065.45
2099.75
2134
2168.3
2202.6
2236.85
2271.15
2305.4
2339.7
2373.95
2408.25
2442.5
2476.8
2511.05
2545.35
2579.6
2613.9
2648.15
2682.45
2716.7
2751
2785.25
2819.55
2853.8
2888.1
2922.35
2956.65
2990.9
3025.2
3059.5
3093.75
3128.05
3162.3
3196.6
3230.85
3265.15
3299.4
3333.7
3367.95
3402.25
3436.5
3470.8
3505.05
3539.35
3573.65
3607.9
3642.2
3676.45
3710.75
3745
3779.3
3813.55
3847.85
3882.1
3916.4
3950.65
3984.95
4019.2
4053.5
4087.75
4122.05
4156.3
4190.6
4224.9
4259.15
4293.45
4327.7
4362
4396.25
4430.55
4464.8
4499.1
4533.35
4567.65
4601.9
4636.2
4670.5
4704.75
4739.05
4773.3
4807.6
4841.85
4876.15
4910.4
4944.7
4978.95
5013.25
5047.5
5081.8
5116.05
5150.35
5184.6
5218.9
5253.15
5287.45
5321.75
5356
5390.3
5424.55
5458.85
5493.1
5527.4
5561.65
5595.95
5630.2
5664.5
5698.75
5733.05
5767.3
5801.6
5835.85
5870.15
5904.4
5938.7
5972.95
6007.25
6041.5
6075.8
6110.1
6144.35
6178.65
6212.9
6247.2
6281.45
6315.75
6350
6384.3
6418.55
6452.85
6487.1
6521.4
6555.7
6589.95
6624.25
6658.5
6692.8
6727.05
6761.35
6795.6
6829.9
6864.15
6898.45
6932.7
6967
-1000
25.6
69.15
115.55
162.7
209.75
255.1
286.15
319.55
362.5
408.7
455.55
502.65
548.55
591.05
628.1
663.15
697.7
731.2
765.35
798.9
833.2
866.9
901.2
935
969.35
1003.3
1037.6
1071.7
1105.95
1140.1
1174.3
1208.5
1242.8
1276.95
1311.25
1345.45
1379.75
1414
1448.25
1482.5
1516.75
1551.05
1585.25
1619.55
1653.85
1688.05
1722.35
1756.65
1790.9
1825.2
1859.4
1893.75
1927.95
1962.3
1996.5
2030.85
2065.05
2099.4
2133.65
2167.95
2202.2
2236.5
2270.75
2305.05
2339.3
2373.6
2407.85
2442.15
2476.4
2510.7
2544.95
2579.25
2613.55
2647.75
2682.1
2716.3
2750.65
2784.85
2819.2
2853.4
2887.75
2921.95
2956.3
2990.55
3024.85
3059.1
3093.4
3127.7
3161.95
3196.25
3230.45
3264.8
3299
3333.35
3367.55
3401.9
3436.1
3470.45
3504.7
3539
3573.25
3607.55
3641.8
3676.1
3710.35
3744.65
3778.95
3813.15
3847.5
3881.7
3916.05
3950.25
3984.6
4018.8
4053.15
4087.35
4121.7
4155.95
4190.25
4224.5
4258.8
4293.1
4327.3
4361.65
4395.85
4430.2
4464.4
4498.75
4532.95
4567.3
4601.55
4635.85
4670.1
4704.4
4738.65
4772.95
4807.2
4841.5
4875.75
4910.05
4944.35
4978.55
5012.9
5047.1
5081.45
5115.65
5150
5184.2
5218.55
5252.75
5287.1
5321.35
5355.65
5389.9
5424.2
5458.45
5492.75
5527
5561.3
5595.55
5629.85
5664.15
5698.35
5732.7
5766.9
5801.25
5835.45
5869.8
5904
5938.35
5972.55
6006.9
6041.15
6075.45
6109.75
6143.95
6178.3
6212.5
6246.85
6281.05
6315.4
6349.6
6383.95
6418.15
6452.5
6486.75
6521.05
6555.3
6589.6
6623.85
6658.15
6692.45
6726.65
6761
6795.2
6829.55
6863.75
6898.1
6932.3
