25.6
56.65
87.7
118.75
149.75
180.8
211.85
242.9
273.9
304.95
336
367.05
398.05
429.1
460.15
491.2
522.2
553.25
584.3
615.35
646.35
677.4
708.45
739.5
770.5
801.55
832.6
863.65
894.65
925.7
956.75
987.8
1018.85
1049.85
1080.9
1111.95
1143
1174
1205.05
1236.1
1267.15
1298.15
1329.2
1360.25
1391.3
1422.3
1453.35
1484.4
1515.45
1546.45
1577.5
1608.55
1639.6
1670.6
1701.65
1732.7
1763.75
1794.75
1825.8
1856.85
1887.9
1918.95
1949.95
1981
2012.05
2043.1
2074.1
2105.15
2136.2
2167.25
2198.25
2229.3
2260.35
2291.4
2322.4
2353.45
2384.5
2415.55
2446.55
2477.6
2508.65
2539.7
2570.7
2601.75
2632.8
2663.85
2694.85
2725.9
2756.95
2788
2819
2850.05
2881.1
2912.15
2943.2
2974.2
3005.25
3036.3
3067.35
3098.35
3129.4
3160.45
3191.5
3222.5
3253.55
3284.6
3315.65
3346.65
3377.7
3408.75
3439.8
3470.8
3501.85
3532.9
3563.95
3594.95
3626
3657.05
3688.1
3719.1
3750.15
3781.2
3812.25
3843.3
3874.3
3905.35
3936.4
3967.45
3998.45
4029.5
4060.55
4091.6
4122.6
4153.65
4184.7
4215.75
4246.75
4277.8
4308.85
4339.9
4370.9
4401.95
4433
4464.05
4495.05
4526.1
4557.15
4588.2
4619.2
4650.25
4681.3
4712.35
4743.35
4774.4
4805.45
4836.5
4867.55
4898.55
4929.6
4960.65
4991.7
5022.7
5053.75
5084.8
5115.85
5146.85
5177.9
5208.95
5240
5271
5302.05
5333.1
5364.15
5395.15
5426.2
5457.25
5488.3
5519.3
5550.35
5581.4
5612.45
5643.45
5674.5
5705.55
5736.6
5767.65
5798.65
5829.7
5860.75
5891.8
5922.8
5953.85
5984.9
6015.95
6046.95
6078
6109.05
6140.1
6171.1
6202.15
6233.2
6264.25
6295.25
6326.3
6357.35
6388.4
6419.4
6450.45
6481.5
6512.55
6543.55
6574.6
6605.65
6636.7
6667.7
6698.75
6729.8
6760.85
6791.9
-1000
25.6
57.05
88.4
119.65
150.9
182.15
213.35
244.55
275.8
307
338.3
369.6
400.95
432.35
463.9
495.6
527.5
559.75
592.3
625.25
658.45
691.75
725
758.15
791.1
823.8
856.3
888.65
920.8
952.85
984.8
1016.6
1048.35
1080.05
1111.7
1143.25
1174.6
1205.9
1237.15
1268.4
1299.6
1330.8
1362.05
1393.25
1424.5
1455.8
1487.1
1518.5
1550
1581.6
1613.4
1645.5
1677.95
1710.75
1743.8
1777.1
1810.4
1843.6
1876.6
1909.4
1942
1974.45
2006.65
2038.75
2070.75
2102.6
2134.4
2166.1
2197.75
2229.4
2260.8
2292.1
2323.4
2354.65
2385.85
2417.1
2448.3
2479.5
2510.75
2542
2573.3
2604.65
2636.1
2667.65
2699.4
2731.4
2763.65
2796.3
2829.3
2862.5
2895.8
2929.05
2962.15
2995.05
3027.7
3060.2
3092.5
3124.7
3156.7
3188.65
3220.45
3252.2
3283.85
3315.5
3347
3378.35
3409.65
3440.9
3472.1
3503.35
3534.55
3565.75
3597
3628.25
3659.5
3690.85
3722.25
3753.8
3785.4
3817.3
3849.45
3881.95
3914.8
3947.95
3981.25
4014.55
4047.7
4080.65
4113.45
4146
4178.4
4210.6
4242.7
4274.65
4306.5
4338.25
4369.95
4401.6
4433.2
4464.55
4495.9
4527.15
4558.35
4589.6
4620.8
4652
4683.25
4714.5
4745.75
4777.1
4808.45
4839.95
4871.55
4903.3
4935.35
4967.75
5000.5
5033.55
5066.85
5100.15
5133.35
5166.4
5199.25
5231.85
5264.3
5296.55
5328.7
5360.65
5392.55
5424.35
5456.05
5487.7
5519.35
5550.75
5582.1
5613.4
5644.65
5675.85
5707.05
5738.3
5769.5
5800.75
5832
5863.3
5894.65
5926.1
5957.6
5989.35
6021.3
6053.55
6086.2
6119.1
6152.3
6185.65
6218.9
6252
6284.9
6317.6
6350.15
6382.45
6414.6
6446.65
6478.55
6510.4
6542.15
6573.8
6605.45
6636.95
6668.35
6699.65
6730.9
6762.1
6793.35
6824.55
6855.75
6887
6918.25
6949.5
6980.85
