32.55
71.1
109.65
148.2
186.75
225.3
263.85
302.4
340.95
379.5
418.05
456.6
495.15
529.75
564.1
598.5
632.85
667.2
701.6
735.95
770.3
804.7
839.05
873.45
907.8
942.2
976.55
1010.95
1045.35
1079.7
1114.1
1148.45
1182.85
1217.2
1251.6
1286
1320.35
1354.75
1389.1
1423.5
1457.85
1492.25
1526.65
1561
1595.4
1629.75
1664.15
1698.55
1732.9
1767.3
1801.65
1836.05
1870.45
1904.8
1939.2
1973.55
2007.95
2042.3
2076.7
2111.1
2145.45
2179.85
2214.2
2248.6
2283
2317.35
2351.75
2386.1
2420.5
2454.9
2489.25
2523.65
2558
2592.4
2626.8
2661.15
2695.55
2729.9
2764.3
2798.7
2833.05
2867.45
2901.8
2936.2
2970.6
3004.95
3039.35
3073.7
3108.1
3142.5
3176.85
3211.25
3245.6
3280
3314.4
3348.75
3383.15
3417.5
3451.9
3486.3
3520.65
3555.05
3589.4
3623.8
3658.2
3692.55
3726.95
3761.3
3795.7
3830.1
3864.45
3898.85
3933.2
3967.6
4002
4036.35
4070.75
4105.1
4139.5
4173.85
4208.25
4242.65
4277
4311.4
4345.75
4380.15
4414.55
4448.9
4483.3
4517.65
4552.05
4586.45
4620.8
4655.2
4689.55
4723.95
4758.35
4792.7
4827.1
4861.45
4895.85
4930.25
4964.6
4999
5033.35
5067.75
5102.15
5136.5
5170.9
5205.25
5239.65
5274.05
5308.4
5342.8
5377.15
5411.55
5445.95
5480.3
5514.7
5549.05
5583.45
5617.85
5652.2
5686.6
5720.95
5755.35
5789.75
5824.1
5858.5
5892.85
5927.25
5961.65
5996
6030.4
6064.75
6099.15
6133.55
6167.9
6202.3
6236.65
6271.05
6305.4
6339.8
6374.2
6408.55
6442.95
6477.3
6511.7
6546.1
6580.45
6614.85
6649.2
6683.6
6718
6752.35
6786.75
6821.1
6855.5
6889.9
6924.25
6958.65
6993
-1000
25.6
63.4
101.6
140.05
178.45
216.95
255.5
294.05
332.7
371.3
409.85
448.4
486.95
525.5
561.7
596.95
631.75
666.3
700.9
735.4
769.9
804.25
838.6
873
907.35
941.75
976.1
1010.5
1044.85
1079.25
1113.65
1148
1182.4
1216.75
1251.15
1285.5
1319.9
1354.3
1388.65
1423.05
1457.4
1491.8
1526.15
1560.55
1594.95
1629.3
1663.7
1698.05
1732.45
1766.85
1801.2
1835.6
1869.95
1904.35
1938.75
1973.1
2007.5
2041.85
2076.25
2110.65
2145
2179.4
2213.75
2248.15
2282.55
2316.9
2351.3
2385.65
2420.05
2454.4
2488.8
2523.2
2557.55
2591.95
2626.3
2660.7
2695.1
2729.45
2763.85
2798.2
2832.6
2867
2901.35
2935.75
2970.1
3004.5
3038.9
3073.25
3107.65
3142
3176.4
3210.8
3245.15
3279.55
3313.9
3348.3
3382.7
3417.05
3451.45
3485.8
3520.2
3554.6
3588.95
3623.35
3657.7
3692.1
3726.5
3760.85
3795.25
3829.6
3864
3898.4
3932.75
3967.15
4001.5
4035.9
4070.3
4104.65
4139.05
4173.4
4207.8
4242.2
4276.55
4310.95
4345.3
4379.7
4414.1
4448.45
4482.85
4517.2
4551.6
4585.95
4620.35
4654.75
4689.1
4723.5
4757.85
4792.25
4826.65
4861
4895.4
4929.75
4964.15
4998.55
5032.9
5067.3
5101.65
5136.05
5170.45
5204.8
5239.2
5273.55
5307.95
5342.35
5376.7
5411.1
5445.45
5479.85
5514.25
5548.6
5583
5617.35
5651.75
5686.15
5720.5
5754.9
5789.25
5823.65
5858.05
5892.4
5926.8
5961.15
5995.55
6029.95
6064.3
6098.7
6133.05
6167.45
6201.85
6236.2
6270.6
6304.95
6339.35
6373.75
6408.1
6442.5
6476.85
6511.25
6545.65
6580
6614.4
6648.75
6683.15
6717.5
6751.9
6786.3
6820.65
6855.05
6889.4
6923.8
6958.2
6992.55
