35.15
76.5
117.85
159.2
200.55
241.9
283.25
324.6
365.95
407.3
448.65
490
526.1
560.2
594.3
628.4
662.55
696.75
730.95
765.15
799.4
833.65
867.95
902.2
936.5
970.75
1005.05
1039.35
1073.7
1108
1142.3
1176.65
1210.95
1245.25
1279.6
1313.9
1348.25
1382.6
1416.9
1451.25
1485.6
1519.9
1554.25
1588.6
1622.9
1657.25
1691.6
1725.95
1760.25
1794.6
1828.95
1863.25
1897.6
1931.95
1966.3
2000.65
2034.95
2069.3
2103.65
2138
2172.3
2206.65
2241
2275.35
2309.65
2344
2378.35
2412.7
2447
2481.35
2515.7
2550.05
2584.35
2618.7
2653.05
2687.4
2721.7
2756.05
2790.4
2824.75
2859.1
2893.4
2927.75
2962.1
2996.45
3030.75
3065.1
3099.45
3133.8
3168.1
3202.45
3236.8
3271.15
3305.5
3339.8
3374.15
3408.5
3442.85
3477.15
3511.5
3545.85
3580.2
3614.5
3648.85
3683.2
3717.55
3751.85
3786.2
3820.55
3854.9
3889.25
3923.55
3957.9
3992.25
4026.6
4060.9
4095.25
4129.6
4163.95
4198.25
4232.6
4266.95
4301.3
4335.65
4369.95
4404.3
4438.65
4473
4507.3
4541.65
4576
4610.35
4644.65
4679
4713.35
4747.7
4782
4816.35
4850.7
4885.05
4919.35
4953.7
4988.05
5022.4
5056.7
5091.05
5125.4
5159.75
5194.1
5228.4
5262.75
5297.1
5331.45
5365.75
5400.1
5434.45
5468.8
5503.1
5537.45
5571.8
5606.15
5640.45
5674.8
5709.15
5743.5
5777.85
5812.15
5846.5
5880.85
5915.2
5949.5
5983.85
6018.2
6052.55
6086.85
6121.2
6155.55
6189.9
6224.2
6258.55
6292.9
6327.25
6361.6
6395.9
6430.25
6464.6
6498.95
6533.25
6567.6
6601.95
6636.3
6670.6
6704.95
6739.3
6773.65
6808
6842.3
6876.65
6911
6945.35
6979.65
-1000
25.6
64.85
105.4
146.45
187.7
229
270.3
311.65
353
394.35
435.7
477.05
518.4
556.65
592.5
627.4
662
696.5
730.6
764.85
799.05
833.35
867.6
901.85
936.1
970.4
1004.7
1039
1073.3
1107.6
1141.9
1176.25
1210.55
1244.85
1279.2
1313.5
1347.85
1382.2
1416.5
1450.85
1485.15
1519.5
1553.85
1588.15
1622.5
1656.85
1691.2
1725.5
1759.85
1794.2
1828.5
1862.85
1897.2
1931.55
1965.85
2000.2
2034.55
2068.9
2103.2
2137.55
2171.9
2206.25
2240.55
2274.9
2309.25
2343.6
2377.95
2412.25
2446.6
2480.95
2515.3
2549.6
2583.95
2618.3
2652.65
2686.95
2721.3
2755.65
2790
2824.3
2858.65
2893
2927.35
2961.7
2996
3030.35
3064.7
3099.05
3133.35
3167.7
3202.05
3236.4
3270.7
3305.05
3339.4
3373.75
3408.05
3442.4
3476.75
3511.1
3545.45
3579.75
3614.1
3648.45
3682.8
3717.1
3751.45
3785.8
3820.15
3854.45
3888.8
3923.15
3957.5
3991.85
4026.15
4060.5
4094.85
4129.2
4163.5
4197.85
4232.2
4266.55
4300.85
4335.2
4369.55
4403.9
4438.2
4472.55
4506.9
4541.25
4575.55
4609.9
4644.25
4678.6
4712.9
4747.25
4781.6
4815.95
4850.3
4884.6
4918.95
4953.3
4987.65
5021.95
5056.3
5090.65
5125
5159.3
5193.65
5228
5262.35
5296.65
5331
5365.35
5399.7
5434.05
5468.35
5502.7
5537.05
5571.4
5605.7
5640.05
5674.4
5708.75
5743.05
5777.4
5811.75
5846.1
5880.4
5914.75
5949.1
5983.45
6017.8
6052.1
6086.45
6120.8
6155.15
6189.45
6223.8
6258.15
6292.5
6326.8
6361.15
6395.5
6429.85
6464.2
6498.5
6532.85
6567.2
6601.55
6635.85
6670.2
6704.55
6738.9
6773.2
6807.55
6841.9
6876.25
6910.6
6944.9
6979.25
