28.45
62.55
96.65
130.8
164.9
199
233.15
267.25
301.35
335.45
369.6
403.7
437.8
471.95
506.05
539.1
572.1
605.05
638
671
703.95
736.95
769.9
802.9
835.85
868.85
901.8
934.8
967.75
1000.75
1033.7
1066.7
1099.65
1132.6
1165.6
1198.55
1231.55
1264.5
1297.5
1330.45
1363.45
1396.4
1429.4
1462.35
1495.35
1528.3
1561.3
1594.25
1627.25
1660.2
1693.2
1726.15
1759.15
1792.1
1825.05
1858.05
1891
1924
1956.95
1989.95
2022.9
2055.9
2088.75
2121.6
2154.45
2187.3
2220.15
2253
2285.85
2318.7
2351.55
2384.4
2417.25
2450.1
2482.95
2515.8
2548.65
2581.5
2614.35
2647.2
2680.05
2712.9
2745.75
2778.6
2811.45
2844.3
2877.15
2910
2942.85
2975.7
3008.55
3041.4
3074.25
3107.1
3139.95
3172.8
3205.65
3238.5
3271.35
3304.2
3337.05
3369.9
3402.75
3435.6
3468.45
3501.3
3534.15
3567
3599.85
3632.7
3665.55
3698.4
3731.25
3764.1
3796.95
3829.8
3862.65
3895.5
3928.35
3961.2
3994.05
4026.9
4059.75
4092.6
4125.45
4158.3
4191.15
4224
4256.85
4289.7
4322.55
4355.4
4388.25
4421.1
4453.95
4486.8
4519.65
4552.5
4585.35
4618.2
4651.05
4683.9
4716.75
4749.6
4782.45
4815.3
4848.15
4881
4913.85
4946.7
4979.55
5012.4
5045.25
5078.1
5110.95
5143.8
5176.65
5209.5
5242.35
5275.2
5308.05
5340.9
5373.75
5406.6
5439.45
5472.3
5505.15
5538
5570.85
5603.7
5636.55
5669.4
5702.25
5735.1
5767.95
5800.8
5833.65
5866.5
5899.35
5932.2
5965.05
5997.9
6030.75
6063.6
6096.45
6129.3
6162.15
6195
6227.85
6260.7
6293.55
6326.4
6359.25
6392.05
6424.9
6457.75
6490.6
6523.45
6556.3
6589.15
6622
6654.85
6687.7
6720.55
6753.4
6786.25
6819.1
6851.95
6884.8
6917.65
6950.5
6983.35
-1000
25.6
59.05
92.7
126.55
160.45
194.4
228.45
262.55
296.6
330.7
364.8
398.9
433.05
467.15
501.25
535.3
569.05
602.6
635.9
669.15
702.3
735.4
768.5
801.55
834.55
867.6
900.6
933.6
966.6
999.6
1032.6
1065.55
1098.55
1131.5
1164.5
1197.45
1230.45
1263.4
1296.4
1329.35
1362.35
1395.3
1428.3
1461.3
1494.3
1527.25
1560.25
1593.2
1626.2
1659.15
1692.15
1725.1
1758.1
1791.1
1824
1857
1889.95
1922.95
1955.9
1988.85
2021.8
2054.8
2087.8
2120.7
2153.65
2186.55
2219.45
2252.35
2285.25
2318.15
2351
2383.85
2416.75
2449.6
2482.45
2515.3
2548.15
2581
2613.85
2646.7
2679.55
2712.4
2745.25
2778.1
2810.95
2843.8
2876.65
2909.5
2942.35
2975.2
3008.05
3040.9
3073.75
3106.6
3139.45
3172.3
3205.15
3238
3270.85
3303.7
3336.55
3369.4
3402.25
3435.1
3467.95
3500.8
3533.65
3566.5
3599.35
3632.2
3665.05
3697.9
3730.75
3763.6
3796.45
3829.3
3862.15
3895
3927.85
3960.7
3993.55
4026.4
4059.25
4092.1
4124.95
4157.8
4190.65
4223.5
4256.35
4289.2
4322.05
4354.9
4387.75
4420.6
4453.45
4486.3
4519.15
4552
4584.85
4617.7
4650.55
4683.4
4716.25
4749.1
4781.95
4814.8
4847.65
4880.5
4913.35
4946.2
4979.05
5011.9
5044.75
5077.6
5110.45
5143.3
5176.15
5209
5241.85
5274.7
5307.55
5340.4
5373.25
5406.1
5438.95
5471.8
5504.65
5537.5
5570.35
5603.2
5636.05
5668.9
5701.75
5734.6
5767.45
5800.3
5833.15
5866
5898.85
5931.7
5964.55
5997.4
6030.25
6063.1
6095.95
6128.8
6161.65
6194.5
6227.35
6260.2
6293.05
6325.9
6358.75
6391.6
6424.45
6457.3
6490.15
6523
6555.85
6588.7
6621.55
6654.4
6687.25
6720.1
6752.95
6785.8
6818.65
6851.5
6884.35
6917.2
6950.05
6982.9
