38.3
83
127.7
172.35
217.05
261.75
306.45
351.15
395.85
440.55
485.25
529.95
562.7
594.75
626.75
658.7
690.7
722.7
754.75
786.75
818.8
850.85
882.9
914.95
947
979.1
1011.15
1043.2
1075.3
1107.35
1139.45
1171.5
1203.6
1235.7
1267.75
1299.85
1331.95
1364.05
1396.1
1428.2
1460.3
1492.4
1524.5
1556.55
1588.65
1620.75
1652.85
1684.95
1717
1749.1
1781.2
1813.3
1845.4
1877.5
1909.6
1941.65
1973.75
2005.85
2037.95
2070.05
2102.15
2134.25
2166.3
2198.4
2230.5
2262.6
2294.7
2326.8
2358.9
2390.95
2423.05
2455.15
2487.25
2519.35
2551.45
2583.55
2615.65
2647.7
2679.8
2711.9
2744
2776.1
2808.2
2840.3
2872.35
2904.45
2936.55
2968.65
3000.75
3032.85
3064.95
3097.05
3129.1
3161.2
3193.3
3225.4
3257.5
3289.6
3321.7
3353.75
3385.85
3417.95
3450.05
3482.15
3514.25
3546.35
3578.45
3610.5
3642.6
3674.7
3706.8
3738.9
3771
3803.1
3835.15
3867.25
3899.35
3931.45
3963.55
3995.65
4027.75
4059.85
4091.9
4124
4156.1
4188.2
4220.3
4252.4
4284.5
4316.55
4348.65
4380.75
4412.85
4444.95
4477.05
4509.15
4541.25
4573.3
4605.4
4637.5
4669.6
4701.7
4733.8
4765.9
4797.95
4830.05
4862.15
4894.25
4926.35
4958.45
4990.55
5022.65
5054.7
5086.8
5118.9
5151
5183.1
5215.2
5247.3
5279.35
5311.45
5343.55
5375.65
5407.75
5439.85
5471.95
5504.05
5536.1
5568.2
5600.3
5632.4
5664.5
5696.6
5728.7
5760.75
5792.85
5824.95
5857.05
5889.15
5921.25
5953.35
5985.45
6017.5
6049.6
6081.7
6113.8
6145.9
6178
6210.1
6242.15
6274.25
6306.35
6338.45
6370.55
6402.65
6434.75
6466.85
6498.9
6531
6563.1
6595.2
6627.3
6659.4
6691.5
6723.55
6755.65
6787.75
6819.85
6851.95
6884.05
6916.15
6948.25
6980.3
-1000
25.6
60.3
95.65
126.7
158.9
193.8
229
260
292.3
327.35
362.35
393.35
425.85
460.85
495.6
526.6
559.2
591.85
624.35
656.8
689.15
721.45
753.7
785.9
818.1
850.3
882.45
914.55
946.7
978.75
1010.8
1042.9
1074.95
1107
1139.1
1171.15
1203.25
1235.35
1267.4
1299.5
1331.55
1363.65
1395.75
1427.85
1459.9
1492
1524.1
1556.2
1588.3
1620.4
1652.45
1684.55
1716.65
1748.75
1780.85
1812.9
1845
1877.1
1909.2
1941.3
1973.4
2005.5
2037.55
2069.65
2101.75
2133.85
2165.95
2198.05
2230.15
2262.2
2294.3
2326.4
2358.5
2390.6
2422.7
2454.8
2486.9
2518.95
2551.05
2583.15
2615.25
2647.35
2679.45
2711.55
2743.6
2775.7
2807.8
2839.9
2872
2904.1
2936.2
2968.25
3000.35
3032.45
3064.55
3096.65
3128.75
3160.85
3192.95
3225
3257.1
3289.2
3321.3
3353.4
3385.5
3417.6
3449.65
3481.75
3513.85
3545.95
3578.05
3610.15
3642.25
3674.35
3706.4
3738.5
3770.6
3802.7
3834.8
3866.9
3899
3931.05
3963.15
3995.25
4027.35
4059.45
4091.55
4123.65
4155.75
4187.8
4219.9
4252
4284.1
4316.2
4348.3
4380.4
4412.45
4444.55
4476.65
4508.75
4540.85
4572.95
4605.05
4637.15
4669.2
4701.3
4733.4
4765.5
4797.6
4829.7
4861.8
4893.85
4925.95
4958.05
4990.15
5022.25
5054.35
5086.45
5118.55
5150.6
5182.7
5214.8
5246.9
5279
5311.1
5343.2
5375.25
5407.35
5439.45
5471.55
5503.65
5535.75
5567.85
5599.95
5632
5664.1
5696.2
5728.3
5760.4
5792.5
5824.6
5856.65
5888.75
5920.85
5952.95
5985.05
6017.15
6049.25
6081.35
6113.4
6145.5
6177.6
6209.7
6241.8
6273.9
6306
6338.05
6370.15
6402.25
6434.35
6466.45
6498.55
6530.65
6562.75
6594.8
6626.9
6659
6691.1
6723.2
6755.3
6787.4
6819.45
6851.55
