60.4
128.2
196
263.8
331.65
399.45
467.25
535.05
569.9
603.65
637.3
670.95
704.65
738.4
772.15
805.95
839.8
873.65
907.5
941.4
975.3
1009.2
1043.1
1077.05
1111
1144.95
1178.9
1212.85
1246.8
1280.75
1314.75
1348.7
1382.7
1416.65
1450.65
1484.65
1518.6
1552.6
1586.6
1620.55
1654.55
1688.55
1722.55
1756.5
1790.5
1824.5
1858.5
1892.5
1926.45
1960.45
1994.45
2028.45
2062.45
2096.45
2130.4
2164.4
2198.4
2232.4
2266.4
2300.4
2334.4
2368.35
2402.35
2436.35
2470.35
2504.35
2538.35
2572.35
2606.3
2640.3
2674.3
2708.3
2742.3
2776.3
2810.3
2844.25
2878.25
2912.25
2946.25
2980.25
3014.25
3048.25
3082.2
3116.2
3150.2
3184.2
3218.2
3252.2
3286.2
3320.15
3354.15
3388.15
3422.15
3456.15
3490.15
3524.15
3558.1
3592.1
3626.1
3660.1
3694.1
3728.1
3762.1
3796.05
3830.05
3864.05
3898.05
3932.05
3966.05
4000.05
4034
4068
4102
4136
4170
4204
4238
4271.95
4305.95
4339.95
4373.95
4407.95
4441.95
4475.95
4509.9
4543.9
4577.9
4611.9
4645.9
4679.9
4713.9
4747.85
4781.85
4815.85
4849.85
4883.85
4917.85
4951.85
4985.8
5019.8
5053.8
5087.8
5121.8
5155.8
5189.8
5223.75
5257.75
5291.75
5325.75
5359.75
5393.75
5427.75
5461.7
5495.7
5529.7
5563.7
5597.7
5631.7
5665.7
5699.65
5733.65
5767.65
5801.65
5835.65
5869.65
5903.65
5937.6
5971.6
6005.6
6039.6
6073.6
6107.6
6141.6
6175.55
6209.55
6243.55
6277.55
6311.55
6345.55
6379.55
6413.5
6447.5
6481.5
6515.5
6549.5
6583.5
6617.5
6651.45
6685.45
6719.45
6753.45
6787.45
6821.45
6855.45
6889.4
6923.4
6957.4
6991.4
-1000
25.6
56.65
92.1
123.15
159.3
190.3
226.8
257.85
294.5
325.5
362.25
393.25
430
461.05
497.8
528.85
565.6
601.3
636.1
670.35
704.5
738.1
771.9
805.7
839.5
873.3
907.2
941.1
974.9
1008.85
1042.75
1076.7
1110.6
1144.55
1178.5
1212.45
1246.4
1280.4
1314.35
1348.3
1382.3
1416.25
1450.25
1484.2
1518.2
1552.2
1586.15
1620.15
1654.15
1688.1
1722.1
1756.1
1790.1
1824.1
1858.05
1892.05
1926.05
1960.05
1994.05
2028
2062
2096
2130
2164
2198
2231.95
2265.95
2299.95
2333.95
2367.95
2401.95
2435.95
2469.9
2503.9
2537.9
2571.9
2605.9
2639.9
2673.9
2707.85
2741.85
2775.85
2809.85
2843.85
2877.85
2911.85
2945.8
2979.8
3013.8
3047.8
3081.8
3115.8
3149.8
3183.75
3217.75
3251.75
3285.75
3319.75
3353.75
3387.75
3421.7
3455.7
3489.7
3523.7
3557.7
3591.7
3625.7
3659.65
3693.65
3727.65
3761.65
3795.65
3829.65
3863.65
3897.6
3931.6
3965.6
3999.6
4033.6
4067.6
4101.6
4135.55
4169.55
4203.55
4237.55
4271.55
4305.55
4339.55
4373.5
4407.5
4441.5
4475.5
4509.5
4543.5
4577.5
4611.45
4645.45
4679.45
4713.45
4747.45
4781.45
4815.45
4849.4
4883.4
4917.4
4951.4
4985.4
5019.4
5053.4
5087.35
5121.35
5155.35
5189.35
5223.35
5257.35
5291.35
5325.3
5359.3
5393.3
5427.3
5461.3
5495.3
5529.3
5563.25
5597.25
5631.25
5665.25
5699.25
5733.25
5767.25
5801.2
5835.2
5869.2
5903.2
5937.2
5971.2
6005.2
6039.15
6073.15
6107.15
6141.15
6175.15
6209.15
6243.15
6277.1
6311.1
6345.1
6379.1
6413.1
6447.1
6481.1
6515.05
6549.05
6583.05
6617.05
6651.05
6685.05
6719.05
