50.65
108.4
166.15
223.85
281.6
339.3
397.05
454.8
512.5
546.25
578.9
611.4
643.9
676.45
709
741.55
774.15
806.8
839.4
872.05
904.7
937.4
970.05
1002.75
1035.45
1068.15
1100.85
1133.55
1166.25
1199
1231.7
1264.4
1297.15
1329.85
1362.6
1395.35
1428.05
1460.8
1493.55
1526.25
1559
1591.75
1624.5
1657.2
1689.95
1722.7
1755.45
1788.15
1820.9
1853.65
1886.4
1919.15
1951.85
1984.6
2017.35
2050.1
2082.85
2115.6
2148.3
2181.05
2213.8
2246.55
2279.3
2312.05
2344.75
2377.5
2410.25
2443
2475.75
2508.5
2541.2
2573.95
2606.7
2639.45
2672.2
2704.95
2737.65
2770.4
2803.15
2835.9
2868.65
2901.4
2934.1
2966.85
2999.6
3032.35
3065.1
3097.85
3130.55
3163.3
3196.05
3228.8
3261.55
3294.3
3327.05
3359.75
3392.5
3425.25
3458
3490.75
3523.5
3556.2
3588.95
3621.7
3654.45
3687.2
3719.95
3752.65
3785.4
3818.15
3850.9
3883.65
3916.4
3949.1
3981.85
4014.6
4047.35
4080.1
4112.85
4145.6
4178.3
4211.05
4243.8
4276.55
4309.3
4342.05
4374.75
4407.5
4440.25
4473
4505.75
4538.5
4571.2
4603.95
4636.7
4669.45
4702.2
4734.95
4767.65
4800.4
4833.15
4865.9
4898.65
4931.4
4964.15
4996.85
5029.6
5062.35
5095.1
5127.85
5160.6
5193.3
5226.05
5258.8
5291.55
5324.3
5357.05
5389.75
5422.5
5455.25
5488
5520.75
5553.5
5586.2
5618.95
5651.7
5684.45
5717.2
5749.95
5782.7
5815.4
5848.15
5880.9
5913.65
5946.4
5979.15
6011.85
6044.6
6077.35
6110.1
6142.85
6175.6
6208.3
6241.05
6273.8
6306.55
6339.3
6372.05
6404.75
6437.5
6470.25
6503
6535.75
6568.5
6601.25
6633.95
6666.7
6699.45
6732.2
6764.95
6797.7
6830.4
6863.15
6895.9
6928.65
6961.4
6994.15
-1000
25.6
63.7
94.75
131.95
163
196.55
232.35
263.25
301.95
333
367.65
399.65
430.3
468.75
499.75
536.75
572.55
607.15
641.05
674.55
707.7
740.7
773.7
806.55
839.15
871.85
904.45
937.1
969.75
1002.5
1035.1
1067.85
1100.55
1133.25
1166
1198.7
1231.4
1264.15
1296.85
1329.55
1362.3
1395
1427.75
1460.5
1493.2
1525.95
1558.7
1591.4
1624.15
1656.9
1689.65
1722.35
1755.1
1787.85
1820.6
1853.35
1886.05
1918.8
1951.55
1984.3
2017.05
2049.75
2082.5
2115.25
2148
2180.75
2213.5
2246.2
2278.95
2311.7
2344.45
2377.2
2409.95
2442.65
2475.4
2508.15
2540.9
2573.65
2606.4
2639.1
2671.85
2704.6
2737.35
2770.1
2802.85
2835.55
2868.3
2901.05
2933.8
2966.55
2999.3
3032
3064.75
3097.5
3130.25
3163
3195.75
3228.45
3261.2
3293.95
3326.7
3359.45
3392.2
3424.9
3457.65
3490.4
3523.15
3555.9
3588.65
3621.4
3654.1
3686.85
3719.6
3752.35
3785.1
3817.85
3850.55
3883.3
3916.05
3948.8
3981.55
4014.3
4047
4079.75
4112.5
4145.25
4178
4210.75
4243.45
4276.2
4308.95
4341.7
4374.45
4407.2
4439.95
4472.65
4505.4
4538.15
4570.9
4603.65
4636.4
4669.1
4701.85
4734.6
4767.35
4800.1
4832.85
4865.55
4898.3
4931.05
4963.8
4996.55
5029.3
5062
5094.75
5127.5
5160.25
5193
5225.75
5258.5
5291.2
5323.95
5356.7
5389.45
5422.2
5454.95
5487.65
5520.4
5553.15
5585.9
5618.65
5651.4
5684.1
5716.85
5749.6
5782.35
5815.1
5847.85
5880.55
5913.3
5946.05
5978.8
6011.55
6044.3
6077.05
6109.75
6142.5
6175.25
6208
6240.75
6273.5
6306.2
6338.95
6371.7
6404.45
6437.2
6469.95
6502.65
6535.4
6568.15
6600.9
6633.65
6666.4
6699.1
6731.85
6764.6
6797.35
