35.75
77.7
119.65
161.65
203.6
245.6
287.55
329.5
371.5
413.45
455.45
497.4
531.9
566.15
600.35
634.55
668.8
703
737.25
771.45
805.7
839.95
874.2
908.45
942.7
976.95
1011.15
1045.4
1079.65
1113.9
1148.15
1182.4
1216.65
1250.9
1285.2
1319.45
1353.7
1387.95
1422.2
1456.45
1490.7
1524.95
1559.2
1593.45
1627.75
1662
1696.25
1730.5
1764.75
1799
1833.25
1867.5
1901.8
1936.05
1970.3
2004.55
2038.8
2073.05
2107.2
2141.3
2175.4
2209.5
2243.6
2277.75
2311.85
2345.95
2380.05
2414.15
2448.3
2482.4
2516.5
2550.6
2584.7
2618.85
2652.95
2687.05
2721.15
2755.25
2789.4
2823.5
2857.6
2891.7
2925.8
2959.95
2994.05
3028.15
3062.25
3096.35
3130.5
3164.6
3198.7
3232.8
3266.9
3301.05
3335.15
3369.25
3403.35
3437.45
3471.6
3505.7
3539.8
3573.9
3608
3642.15
3676.25
3710.35
3744.45
3778.55
3812.7
3846.8
3880.9
3915
3949.1
3983.25
4017.35
4051.45
4085.55
4119.65
4153.8
4187.9
4222
4256.1
4290.2
4324.35
4358.45
4392.55
4426.65
4460.75
4494.9
4529
4563.1
4597.2
4631.3
4665.45
4699.55
4733.65
4767.75
4801.85
4836
4870.1
4904.2
4938.3
4972.4
5006.55
5040.65
5074.75
5108.85
5142.95
5177.1
5211.2
5245.3
5279.4
5313.5
5347.65
5381.75
5415.85
5449.95
5484.05
5518.2
5552.3
5586.4
5620.5
5654.6
5688.75
5722.85
5756.95
5791.05
5825.15
5859.3
5893.4
5927.5
5961.6
5995.7
6029.85
6063.95
6098.05
6132.15
6166.25
6200.4
6234.5
6268.6
6302.7
6336.8
6370.95
6405.05
6439.15
6473.25
6507.35
6541.5
6575.6
6609.7
6643.8
6677.9
6712.05
6746.15
6780.25
6814.35
6848.45
6882.6
6916.7
6950.8
6984.9
-1000
25.6
65.35
106.35
148.05
189.9
231.85
273.8
315.65
357.7
399.7
441.7
483.65
525.5
563
598.6
633.45
668.1
702.6
736.95
771.05
805.4
839.6
873.85
908.1
942.35
976.6
1010.85
1045.1
1079.35
1113.6
1147.85
1182.1
1216.35
1250.6
1284.85
1319.1
1353.35
1387.6
1421.85
1456.1
1490.4
1524.6
1558.9
1593.15
1627.4
1661.65
1695.9
1730.15
1764.4
1798.7
1832.9
1867.2
1901.45
1935.7
1969.95
2004.2
2038.45
2072.75
2106.95
2140.95
2175.2
2209.25
2243.4
2277.45
2311.6
2345.65
2379.8
2413.9
2448
2482.1
2516.2
2550.35
2584.5
2618.55
2652.7
2686.75
2720.9
2755
2789.1
2823.2
2857.3
2891.45
2925.55
2959.65
2993.75
3027.85
3062
3096.1
3130.2
3164.3
3198.4
3232.55
3266.65
3300.75
3334.85
3368.95
3403.1
3437.2
3471.3
3505.4
3539.5
3573.65
3607.75
3641.85
3675.95
3710.1
3744.25
3778.3
3812.45
3846.5
3880.65
3914.75
3948.85
3982.95
4017.05
4051.2
4085.35
4119.4
4153.55
4187.6
4221.75
4255.85
4289.95
4324.05
4358.15
4392.3
4426.4
4460.5
4494.6
4528.7
4562.85
4596.95
4631.05
4665.15
4699.25
4733.4
4767.5
4801.6
4835.7
4869.8
4903.95
4938.05
4972.15
5006.25
5040.35
5074.5
5108.6
5142.7
5176.8
5210.9
5245.05
5279.15
5313.25
5347.35
5381.45
5415.6
5449.7
5483.8
5517.9
5552
5586.15
5620.25
5654.35
5688.45
5722.55
5756.7
5790.8
5824.9
5859
5893.1
5927.25
5961.35
5995.45
6029.55
6063.65
6097.8
6131.9
6166
6200.1
6234.2
6268.35
6302.45
6336.55
6370.65
6404.75
6438.9
6473
6507.1
6541.2
6575.3
6609.45
6643.55
6677.65
6711.75
6745.85
6780
6814.1
6848.2
6882.3
6916.4
6950.55
6984.65
