32.05
70.1
108.15
146.2
184.25
222.3
260.35
298.4
336.45
374.5
412.55
450.55
488.6
526.65
559.3
591.6
623.95
656.25
688.55
720.9
753.2
785.55
817.85
850.2
882.5
914.85
947.2
979.5
1011.85
1044.2
1076.55
1108.85
1141.2
1173.55
1205.9
1238.25
1270.55
1302.9
1335.25
1367.6
1399.95
1432.25
1464.6
1496.95
1529.3
1561.65
1594
1626.3
1658.65
1691
1723.35
1755.7
1788.05
1820.35
1852.7
1885.05
1917.4
1949.75
1982.1
2014.45
2046.75
2079.1
2111.45
2143.8
2176.15
2208.5
2240.85
2273.15
2305.5
2337.85
2370.2
2402.55
2434.9
2467.2
2499.55
2531.9
2564.25
2596.6
2628.95
2661.3
2693.6
2725.95
2758.3
2790.65
2823
2855.35
2887.7
2920
2952.35
2984.7
3017.05
3049.4
3081.75
3114.1
3146.4
3178.75
3211.1
3243.45
3275.8
3308.15
3340.5
3372.8
3405.15
3437.5
3469.85
3502.2
3534.55
3566.85
3599.2
3631.55
3663.9
3696.25
3728.6
3760.95
3793.25
3825.6
3857.95
3890.3
3922.65
3955
3987.35
4019.65
4052
4084.35
4116.7
4149.05
4181.4
4213.75
4246.05
4278.4
4310.75
4343.1
4375.45
4407.8
4440.1
4472.45
4504.8
4537.15
4569.5
4601.85
4634.2
4666.5
4698.85
4731.2
4763.55
4795.9
4828.25
4860.6
4892.9
4925.25
4957.6
4989.95
5022.3
5054.65
5087
5119.3
5151.65
5184
5216.35
5248.7
5281.05
5313.35
5345.7
5378.05
5410.4
5442.75
5475.1
5507.45
5539.75
5572.1
5604.45
5636.8
5669.15
5701.5
5733.85
5766.15
5798.5
5830.85
5863.2
5895.55
5927.9
5960.25
5992.55
6024.9
6057.25
6089.6
6121.95
6154.3
6186.6
6218.95
6251.3
6283.65
6316
6348.35
6380.7
6413
6445.35
6477.7
6510.05
6542.4
6574.75
6607.1
6639.4
6671.75
6704.1
6736.45
6768.8
6801.15
6833.5
6865.8
6898.15
6930.5
6962.85
6995.2
-1000
25.6
59.4
94.4
130.2
166.4
202.9
239.55
276.35
313
349.35
384.95
418.4
449.25
481.75
515.65
550.7
585.05
618.85
652.3
685.4
718.3
751.1
783.8
816.4
848.95
881.45
913.95
946.4
978.85
1011.3
1043.7
1076.1
1108.45
1140.8
1173.2
1205.5
1237.85
1270.2
1302.55
1334.9
1367.2
1399.55
1431.9
1464.25
1496.6
1528.9
1561.25
1593.6
1625.95
1658.3
1690.65
1722.95
1755.3
1787.65
1820
1852.35
1884.7
1917.05
1949.35
1981.7
2014.05
2046.4
2078.75
2111.1
2143.45
2175.75
2208.1
2240.45
2272.8
2305.15
2337.5
2369.8
2402.15
2434.5
2466.85
2499.2
2531.55
2563.9
2596.2
2628.55
2660.9
2693.25
2725.6
2757.95
2790.3
2822.6
2854.95
2887.3
2919.65
2952
2984.35
3016.7
3049
3081.35
3113.7
3146.05
3178.4
3210.75
3243.1
3275.4
3307.75
3340.1
3372.45
3404.8
3437.15
3469.45
3501.8
3534.15
3566.5
3598.85
3631.2
3663.55
3695.85
3728.2
3760.55
3792.9
3825.25
3857.6
3889.95
3922.25
3954.6
3986.95
4019.3
4051.65
4084
4116.35
4148.65
4181
4213.35
4245.7
4278.05
4310.4
4342.7
4375.05
4407.4
4439.75
4472.1
4504.45
4536.8
4569.1
4601.45
4633.8
4666.15
4698.5
4730.85
4763.2
4795.5
4827.85
4860.2
4892.55
4924.9
4957.25
4989.6
5021.9
5054.25
5086.6
5118.95
5151.3
5183.65
5215.95
5248.3
5280.65
5313
5345.35
5377.7
5410.05
5442.35
5474.7
5507.05
5539.4
5571.75
5604.1
5636.45
5668.75
5701.1
5733.45
5765.8
5798.15
5830.5
5862.85
5895.15
5927.5
5959.85
5992.2
6024.55
6056.9
6089.2
6121.55
6153.9
6186.25
6218.6
6250.95
6283.3
6315.6
6347.95
6380.3
6412.65
6445
6477.35
6509.7
6542
6574.35
6606.7
6639.05
6671.4
6703.75
6736.1
6768.4
6800.75
6833.1
6865.45
6897.8
6930.15
6962.5
