53.5
114.15
174.8
235.45
296.1
356.8
417.45
478.1
538.75
572.3
604.75
637.1
669.4
701.8
734.2
766.6
799.05
831.55
864.05
896.55
929.05
961.6
994.15
1026.7
1059.3
1091.85
1124.45
1157
1189.6
1222.2
1254.8
1287.4
1320
1352.6
1385.2
1417.85
1450.45
1483.05
1515.7
1548.3
1580.9
1613.55
1646.15
1678.8
1711.4
1744
1776.65
1809.25
1841.9
1874.5
1907.15
1939.75
1972.4
2005
2037.65
2070.25
2102.9
2135.5
2168.15
2200.75
2233.4
2266
2298.65
2331.25
2363.9
2396.5
2429.15
2461.75
2494.4
2527
2559.65
2592.25
2624.9
2657.5
2690.15
2722.75
2755.4
2788
2820.65
2853.25
2885.9
2918.5
2951.15
2983.75
3016.4
3049
3081.65
3114.25
3146.9
3179.5
3212.15
3244.75
3277.4
3310
3342.65
3375.25
3407.9
3440.5
3473.15
3505.75
3538.4
3571
3603.65
3636.25
3668.9
3701.5
3734.15
3766.75
3799.4
3832
3864.65
3897.25
3929.9
3962.5
3995.15
4027.75
4060.4
4093
4125.65
4158.25
4190.9
4223.5
4256.15
4288.75
4321.4
4354
4386.65
4419.25
4451.9
4484.5
4517.15
4549.75
4582.4
4615
4647.65
4680.25
4712.9
4745.5
4778.15
4810.75
4843.4
4876
4908.65
4941.25
4973.9
5006.5
5039.15
5071.75
5104.4
5137
5169.65
5202.25
5234.9
5267.5
5300.15
5332.75
5365.4
5398
5430.65
5463.25
5495.9
5528.5
5561.15
5593.75
5626.4
5659
5691.65
5724.25
5756.9
5789.5
5822.15
5854.75
5887.4
5920
5952.65
5985.25
6017.9
6050.5
6083.15
6115.75
6148.4
6181
6213.65
6246.25
6278.9
6311.5
6344.15
6376.75
6409.4
6442
6474.65
6507.25
6539.9
6572.5
6605.15
6637.75
6670.4
6703
6735.65
6768.25
6800.9
6833.5
6866.15
6898.75
6931.4
6964
6996.65
-1000
25.6
59.65
90.45
127.95
158.95
196.05
227.05
261.95
293
326.25
357.3
389.05
422.3
453
489.65
520.65
558.35
594.9
630.25
664.65
698.35
731.7
764.75
797.65
830.45
863.2
895.9
928.55
961.2
993.8
1026.35
1058.9
1091.45
1124.05
1156.6
1189.2
1221.8
1254.4
1286.95
1319.6
1352.2
1384.8
1417.4
1450
1482.6
1515.25
1547.85
1580.45
1613.1
1645.7
1678.35
1710.95
1743.55
1776.2
1808.8
1841.45
1874.05
1906.7
1939.3
1971.95
2004.55
2037.2
2069.8
2102.45
2135.05
2167.7
2200.3
2232.95
2265.55
2298.2
2330.8
2363.45
2396.05
2428.7
2461.3
2493.95
2526.55
2559.2
2591.8
2624.45
2657.05
2689.7
2722.3
2754.95
2787.55
2820.2
2852.8
2885.45
2918.05
2950.7
2983.3
3015.95
3048.55
3081.2
3113.8
3146.45
3179.05
3211.7
3244.3
3276.95
3309.55
3342.2
3374.8
3407.45
3440.05
3472.7
3505.3
3537.95
3570.55
3603.2
3635.8
3668.45
3701.05
3733.7
3766.3
3798.95
3831.55
3864.2
3896.8
3929.45
3962.05
3994.7
4027.3
4059.95
4092.55
4125.2
4157.8
4190.45
4223.05
4255.7
4288.3
4320.95
4353.55
4386.2
4418.8
4451.45
4484.05
4516.7
4549.3
4581.95
4614.55
4647.2
4679.8
4712.45
4745.05
4777.7
4810.3
4842.95
4875.55
4908.2
4940.8
4973.45
5006.05
5038.7
5071.3
5103.95
5136.55
5169.2
5201.8
5234.45
5267.05
5299.7
5332.3
5364.95
5397.55
5430.2
5462.8
5495.45
5528.05
5560.7
5593.3
5625.95
5658.55
5691.2
5723.8
5756.45
5789.05
5821.7
5854.3
5886.95
5919.55
5952.2
5984.8
6017.45
6050.05
6082.7
6115.3
6147.95
6180.55
6213.2
6245.8
6278.45
6311.05
6343.7
6376.3
6408.95
6441.55
6474.2
6506.8
6539.45
6572.05
6604.7
6637.3
6669.95
6702.55
6735.2
6767.8
