44.95
96.65
148.35
200.1
251.8
303.55
355.25
407
458.7
510.4
544.1
577
609.85
642.75
675.65
708.55
741.5
774.45
807.4
840.4
873.35
906.35
939.35
972.35
1005.4
1038.4
1071.4
1104.45
1137.5
1170.5
1203.55
1236.6
1269.65
1302.7
1335.75
1368.8
1401.85
1434.9
1467.95
1501
1534.05
1567.1
1600.15
1633.2
1666.25
1699.3
1732.35
1765.4
1798.45
1831.5
1864.55
1897.65
1930.7
1963.75
1996.8
2029.85
2062.9
2095.95
2129
2162.05
2195.15
2228.2
2261.25
2294.3
2327.35
2360.4
2393.45
2426.55
2459.6
2492.65
2525.7
2558.75
2591.8
2624.85
2657.9
2691
2724.05
2757.1
2790.15
2823.2
2856.25
2889.3
2922.4
2955.45
2988.5
3021.55
3054.6
3087.65
3120.7
3153.75
3186.85
3219.9
3252.95
3286
3319.05
3352.1
3385.15
3418.2
3451.3
3484.35
3517.4
3550.45
3583.5
3616.55
3649.6
3682.7
3715.75
3748.8
3781.85
3814.9
3847.95
3881
3914.05
3947.15
3980.2
4013.25
4046.3
4079.35
4112.4
4145.45
4178.55
4211.6
4244.65
4277.7
4310.75
4343.8
4376.85
4409.9
4443
4476.05
4509.1
4542.15
4575.2
4608.25
4641.3
4674.4
4707.45
4740.5
4773.55
4806.6
4839.65
4872.7
4905.75
4938.85
4971.9
5004.95
5038
5071.05
5104.1
5137.15
5170.2
5203.3
5236.35
5269.4
5302.45
5335.5
5368.55
5401.6
5434.7
5467.75
5500.8
5533.85
5566.9
5599.95
5633
5666.05
5699.15
5732.2
5765.25
5798.3
5831.35
5864.4
5897.45
5930.5
5963.6
5996.65
6029.7
6062.75
6095.8
6128.85
6161.9
6195
6228.05
6261.1
6294.15
6327.2
6360.25
6393.3
6426.4
6459.45
6492.5
6525.55
6558.6
6591.65
6624.7
6657.75
6690.85
6723.9
6756.95
6790
6823.05
6856.1
6889.15
6922.2
6955.3
6988.35
-1000
25.6
65.5
96.5
129.2
169.05
200.05
232.55
272.4
303.45
336.05
375.9
406.9
439.5
479.15
510.2
543
576.2
609.4
642.5
675.3
708.25
741.2
774.1
807.05
840
873
906
938.95
972
1005
1038
1071
1104.05
1137.05
1170.1
1203.15
1236.2
1269.2
1302.25
1335.3
1368.35
1401.4
1434.45
1467.5
1500.55
1533.6
1566.65
1599.7
1632.75
1665.8
1698.85
1731.9
1764.95
1798.05
1831.1
1864.15
1897.2
1930.25
1963.3
1996.35
2029.4
2062.45
2095.55
2128.6
2161.65
2194.7
2227.75
2260.8
2293.85
2326.9
2360
2393.05
2426.1
2459.15
2492.2
2525.25
2558.3
2591.4
2624.45
2657.5
2690.55
2723.6
2756.65
2789.7
2822.75
2855.85
2888.9
2921.95
2955
2988.05
3021.1
3054.15
3087.2
3120.3
3153.35
3186.4
3219.45
3252.5
3285.55
3318.6
3351.7
3384.75
3417.8
3450.85
3483.9
3516.95
3550
3583.05
3616.15
3649.2
3682.25
3715.3
3748.35
3781.4
3814.45
3847.55
3880.6
3913.65
3946.7
3979.75
4012.8
4045.85
4078.9
4112
4145.05
4178.1
4211.15
4244.2
4277.25
4310.3
4343.4
4376.45
4409.5
4442.55
4475.6
4508.65
4541.7
4574.75
4607.85
4640.9
4673.95
4707
4740.05
4773.1
4806.15
4839.2
4872.3
4905.35
4938.4
4971.45
5004.5
5037.55
5070.6
5103.7
5136.75
5169.8
5202.85
5235.9
5268.95
5302
5335.05
5368.15
5401.2
5434.25
5467.3
5500.35
5533.4
5566.45
5599.55
5632.6
5665.65
5698.7
5731.75
5764.8
5797.85
5830.9
5864
5897.05
5930.1
5963.15
5996.2
6029.25
6062.3
6095.4
6128.45
6161.5
6194.55
6227.6
6260.65
6293.7
6326.75
6359.85
6392.9
6425.95
6459
6492.05
6525.1
6558.15
6591.2
6624.3
6657.35
6690.4
6723.45
6756.5
6789.55
6822.6
