56.7
120.65
184.65
248.65
312.65
376.6
440.6
504.6
537.65
569.5
601.25
633
664.8
696.6
728.45
760.35
792.25
824.2
856.15
888.1
920.1
952.1
984.1
1016.15
1048.15
1080.2
1112.25
1144.3
1176.35
1208.4
1240.5
1272.55
1304.65
1336.7
1368.8
1400.85
1432.95
1465.05
1497.1
1529.2
1561.3
1593.4
1625.5
1657.55
1689.65
1721.75
1753.85
1785.95
1818.05
1850.15
1882.2
1914.3
1946.4
1978.5
2010.6
2042.7
2074.8
2106.9
2139
2171.05
2203.15
2235.25
2267.35
2299.45
2331.55
2363.65
2395.75
2427.85
2459.95
2492.05
2524.15
2556.2
2588.3
2620.4
2652.5
2684.6
2716.7
2748.8
2780.9
2813
2845.1
2877.2
2909.3
2941.35
2973.45
3005.55
3037.65
3069.75
3101.85
3133.95
3166.05
3198.15
3230.25
3262.35
3294.45
3326.55
3358.6
3390.7
3422.8
3454.9
3487
3519.1
3551.2
3583.3
3615.4
3647.5
3679.6
3711.7
3743.75
3775.85
3807.95
3840.05
3872.15
3904.25
3936.35
3968.45
4000.55
4032.65
4064.75
4096.85
4128.95
4161
4193.1
4225.2
4257.3
4289.4
4321.5
4353.6
4385.7
4417.8
4449.9
4482
4514.1
4546.15
4578.25
4610.35
4642.45
4674.55
4706.65
4738.75
4770.85
4802.95
4835.05
4867.15
4899.25
4931.35
4963.4
4995.5
5027.6
5059.7
5091.8
5123.9
5156
5188.1
5220.2
5252.3
5284.4
5316.5
5348.55
5380.65
5412.75
5444.85
5476.95
5509.05
5541.15
5573.25
5605.35
5637.45
5669.55
5701.65
5733.75
5765.8
5797.9
5830
5862.1
5894.2
5926.3
5958.4
5990.5
6022.6
6054.7
6086.8
6118.9
6150.95
6183.05
6215.15
6247.25
6279.35
6311.45
6343.55
6375.65
6407.75
6439.85
6471.95
6504.05
6536.15
6568.2
6600.3
6632.4
6664.5
6696.6
6728.7
6760.8
6792.9
6825
6857.1
6889.2
6921.3
6953.35
6985.45
-1000
25.6
56.65
88.45
119.5
151.75
182.8
215.1
246.15
278.6
309.65
342.2
373.25
405.85
436.9
469.6
500.65
533.35
566.2
598.8
631.25
663.55
695.8
727.95
760.1
792.1
824
855.95
887.9
919.9
951.85
983.85
1015.9
1047.9
1079.9
1111.95
1144
1176.05
1208.1
1240.15
1272.2
1304.3
1336.35
1368.45
1400.5
1432.6
1464.7
1496.75
1528.85
1560.9
1593
1625.1
1657.2
1689.3
1721.35
1753.45
1785.55
1817.65
1849.75
1881.85
1913.95
1946.05
1978.1
2010.2
2042.3
2074.4
2106.5
2138.6
2170.7
2202.8
2234.9
2267
2299.05
2331.15
2363.25
2395.35
2427.45
2459.55
2491.65
2523.75
2555.85
2587.95
2620.05
2652.15
2684.2
2716.3
2748.4
2780.5
2812.6
2844.7
2876.8
2908.9
2941
2973.1
3005.2
3037.3
3069.35
3101.45
3133.55
3165.65
3197.75
3229.85
3261.95
3294.05
3326.15
3358.25
3390.35
3422.45
3454.55
3486.6
3518.7
3550.8
3582.9
3615
3647.1
3679.2
3711.3
3743.4
3775.5
3807.6
3839.7
3871.75
3903.85
3935.95
3968.05
4000.15
4032.25
4064.35
4096.45
4128.55
4160.65
4192.75
4224.85
4256.95
4289
4321.1
4353.2
4385.3
4417.4
4449.5
4481.6
4513.7
4545.8
4577.9
4610
4642.1
4674.15
4706.25
4738.35
4770.45
4802.55
4834.65
4866.75
4898.85
4930.95
4963.05
4995.15
5027.25
5059.35
5091.4
5123.5
5155.6
5187.7
5219.8
5251.9
5284
5316.1
5348.2
5380.3
5412.4
5444.5
5476.55
5508.65
5540.75
5572.85
5604.95
5637.05
5669.15
5701.25
5733.35
5765.45
5797.55
5829.65
5861.75
5893.8
5925.9
5958
5990.1
6022.2
6054.3
6086.4
6118.5
6150.6
6182.7
6214.8
6246.9
6278.95
6311.05
6343.15
6375.25
6407.35
6439.45
6471.55
6503.65
6535.75
6567.85
6599.95
6632.05
6664.15
6696.2
6728.3
