64.7
136.95
209.25
281.5
353.8
426.05
498.3
533.15
566.95
600.6
634.3
668.05
701.85
735.7
769.55
803.45
837.4
871.35
905.3
939.3
973.3
1007.3
1041.35
1075.4
1109.45
1143.5
1177.55
1211.65
1245.7
1279.8
1313.85
1347.95
1382.05
1416.1
1450.2
1484.3
1518.4
1552.5
1586.6
1620.7
1654.8
1688.85
1722.95
1757.05
1791.15
1825.3
1859.4
1893.5
1927.6
1961.7
1995.8
2029.9
2064
2098.1
2132.2
2166.3
2200.4
2234.5
2268.6
2302.7
2336.8
2370.9
2405
2439.15
2473.25
2507.35
2541.45
2575.55
2609.65
2643.75
2677.85
2711.95
2746.05
2780.15
2814.3
2848.4
2882.5
2916.6
2950.7
2984.8
3018.9
3053
3087.1
3121.2
3155.3
3189.4
3223.55
3257.65
3291.75
3325.85
3359.95
3394.05
3428.15
3462.25
3496.35
3530.45
3564.55
3598.65
3632.8
3666.9
3701
3735.1
3769.2
3803.3
3837.4
3871.5
3905.6
3939.7
3973.85
4007.95
4042.05
4076.15
4110.25
4144.35
4178.45
4212.55
4246.65
4280.75
4314.85
4348.95
4383.05
4417.2
4451.3
4485.4
4519.5
4553.6
4587.7
4621.8
4655.9
4690
4724.1
4758.2
4792.35
4826.45
4860.55
4894.65
4928.75
4962.85
4996.95
5031.05
5065.15
5099.25
5133.35
5167.45
5201.55
5235.7
5269.8
5303.9
5338
5372.1
5406.2
5440.3
5474.4
5508.5
5542.6
5576.7
5610.85
5644.95
5679.05
5713.15
5747.25
5781.35
5815.45
5849.55
5883.65
5917.75
5951.85
5985.95
6020.1
6054.2
6088.3
6122.4
6156.5
6190.6
6224.7
6258.8
6292.9
6327
6361.1
6395.2
6429.35
6463.45
6497.55
6531.65
6565.75
6599.85
6633.95
6668.05
6702.15
6736.25
6770.35
6804.5
6838.6
6872.7
6906.8
6940.9
6975
-1000
25.6
56.65
94.7
125.7
165.75
196.8
237.5
268.55
309.6
340.65
381.8
412.85
453.9
484.95
526.25
563.6
599.1
633.65
667.95
701.55
735.55
769.2
803.3
837.05
871.1
904.95
939.1
972.95
1007.1
1041
1075.1
1109.1
1143.15
1177.2
1211.3
1245.35
1279.45
1313.5
1347.6
1381.65
1415.8
1449.85
1483.9
1518.05
1552.1
1586.2
1620.3
1654.4
1688.5
1722.6
1756.7
1790.8
1824.9
1859
1893.1
1927.2
1961.3
1995.4
2029.5
2063.6
2097.7
2131.8
2165.95
2200.05
2234.15
2268.25
2302.4
2336.45
2370.55
2404.65
2438.75
2472.85
2506.95
2541.05
2575.2
2609.3
2643.4
2677.55
2711.6
2745.7
2779.8
2813.9
2848
2882.1
2916.2
2950.3
2984.45
3018.55
3052.65
3086.8
3120.85
3154.95
3189.05
3223.15
3257.25
3291.35
3325.45
3359.55
3393.7
3427.8
3461.9
3496.05
3530.1
3564.2
3598.3
3632.4
3666.5
3700.6
3734.7
3768.85
3802.95
3837.05
3871.2
3905.25
3939.35
3973.45
4007.55
4041.65
4075.75
4109.85
4143.95
4178.1
4212.2
4246.3
4280.45
4314.5
4348.6
4382.7
4416.8
4450.9
4485
4519.1
4553.2
4587.35
4621.45
4655.55
4689.7
4723.75
4757.85
4791.95
4826.05
4860.15
4894.25
4928.35
4962.45
4996.6
5030.7
5064.8
5098.95
5133
5167.1
5201.2
5235.3
5269.4
5303.5
5337.6
5371.7
5405.85
5439.95
5474.1
5508.15
5542.25
5576.35
5610.45
5644.55
5678.65
5712.75
5746.85
5780.95
5815.1
5849.2
5883.35
5917.4
5951.5
5985.6
6019.7
6053.8
6087.9
6122
6156.1
6190.25
6224.35
6258.45
6292.6
6326.65
6360.75
6394.85
6428.95
6463.05
6497.15
6531.25
6565.35
6599.5
6633.6
6667.7
6701.85
6735.9
