55.05
117.3
179.55
241.85
304.1
366.35
428.65
490.9
526.55
560.65
594.6
628.5
662.45
696.45
730.45
764.5
798.55
832.6
866.7
900.8
934.9
969
1003.1
1037.25
1071.4
1105.55
1139.7
1173.85
1208
1242.15
1276.3
1310.5
1344.65
1378.8
1413
1447.15
1481.35
1515.5
1549.7
1583.85
1618.05
1652.2
1686.4
1720.55
1754.75
1788.9
1823.1
1857.3
1891.45
1925.65
1959.8
1994
2028.15
2062.35
2096.55
2130.7
2164.9
2199.05
2233.25
2267.45
2301.6
2335.8
2369.95
2404.15
2438.35
2472.5
2506.7
2540.85
2575.05
2609.25
2643.4
2677.6
2711.75
2745.95
2780.15
2814.3
2848.5
2882.65
2916.85
2951.05
2985.2
3019.4
3053.55
3087.75
3121.95
3156.1
3190.3
3224.45
3258.65
3292.85
3327
3361.2
3395.35
3429.55
3463.75
3497.9
3532.1
3566.25
3600.45
3634.65
3668.8
3703
3737.15
3771.35
3805.55
3839.7
3873.9
3908.1
3942.25
3976.45
4010.6
4044.8
4079
4113.15
4147.35
4181.5
4215.7
4249.9
4284.05
4318.25
4352.4
4386.6
4420.8
4454.95
4489.15
4523.3
4557.5
4591.7
4625.85
4660.05
4694.2
4728.4
4762.6
4796.75
4830.95
4865.1
4899.3
4933.5
4967.65
5001.85
5036
5070.2
5104.4
5138.55
5172.75
5206.9
5241.1
5275.3
5309.45
5343.65
5377.8
5412
5446.2
5480.35
5514.55
5548.75
5582.9
5617.1
5651.25
5685.45
5719.65
5753.8
5788
5822.15
5856.35
5890.55
5924.7
5958.9
5993.05
6027.25
6061.45
6095.6
6129.8
6163.95
6198.15
6232.35
6266.5
6300.7
6334.85
6369.05
6403.25
6437.4
6471.6
6505.75
6539.95
6574.15
6608.3
6642.5
6676.65
6710.85
6745.05
6779.2
6813.4
6847.55
6881.75
6915.95
6950.1
6984.3
-1000
25.6
62.65
93.25
139.5
170.55
209.25
240.3
274.9
312.95
343.75
389.75
420.75
458.75
489.8
524.25
559.25
593.8
628.15
662.25
696.1
730.15
764.15
798.2
832.25
866.35
900.4
934.5
968.6
1002.75
1036.9
1071
1105.15
1139.3
1173.45
1207.6
1241.75
1275.95
1310.1
1344.25
1378.4
1412.6
1446.75
1480.95
1515.1
1549.3
1583.45
1617.65
1651.8
1686
1720.15
1754.35
1788.5
1822.7
1856.85
1891.05
1925.25
1959.4
1993.6
2027.75
2061.95
2096.1
2130.3
2164.5
2198.65
2232.85
2267
2301.2
2335.4
2369.55
2403.75
2437.9
2472.1
2506.3
2540.45
2574.65
2608.8
2643
2677.2
2711.35
2745.55
2779.7
2813.9
2848.1
2882.25
2916.45
2950.6
2984.8
3019
3053.15
3087.35
3121.5
3155.7
3189.9
3224.05
3258.25
3292.4
3326.6
3360.8
3394.95
3429.15
3463.3
3497.5
3531.7
3565.85
3600.05
3634.2
3668.4
3702.6
3736.75
3770.95
3805.1
3839.3
3873.5
3907.65
3941.85
3976.05
4010.2
4044.4
4078.55
4112.75
4146.95
4181.1
4215.3
4249.45
4283.65
4317.85
4352
4386.2
4420.35
4454.55
4488.75
4522.9
4557.1
4591.25
4625.45
4659.65
4693.8
4728
4762.15
4796.35
4830.55
4864.7
4898.9
4933.05
4967.25
5001.45
5035.6
5069.8
5103.95
5138.15
5172.35
5206.5
5240.7
5274.85
5309.05
5343.25
5377.4
5411.6
5445.75
5479.95
5514.15
5548.3
5582.5
5616.7
5650.85
5685.05
5719.2
5753.4
5787.6
5821.75
5855.95
5890.1
5924.3
5958.5
5992.65
6026.85
6061
6095.2
6129.4
6163.55
6197.75
6231.9
6266.1
6300.3
6334.45
6368.65
6402.8
6437
6471.2
6505.35
6539.55
6573.7
6607.9
6642.1
6676.25
6710.45
6744.6
6778.8
