58.45
124.3
190.1
255.95
321.8
387.6
453.45
519.3
553.5
586.6
619.55
652.5
685.55
718.6
751.65
784.75
817.9
851.05
884.25
917.4
950.6
983.85
1017.05
1050.3
1083.55
1116.8
1150.05
1183.3
1216.6
1249.85
1283.15
1316.4
1349.7
1383
1416.3
1449.55
1482.85
1516.15
1549.45
1582.75
1616.05
1649.35
1682.65
1715.95
1749.25
1782.55
1815.85
1849.15
1882.45
1915.75
1949.05
1982.35
2015.65
2048.95
2082.25
2115.55
2148.85
2182.15
2215.45
2248.75
2282.05
2315.35
2348.65
2381.95
2415.25
2448.55
2481.85
2515.15
2548.45
2581.75
2615.05
2648.35
2681.65
2714.95
2748.25
2781.55
2814.85
2848.15
2881.45
2914.75
2948.05
2981.35
3014.65
3047.95
3081.25
3114.55
3147.85
3181.15
3214.45
3247.75
3281.05
3314.35
3347.65
3380.95
3414.25
3447.55
3480.85
3514.15
3547.45
3580.75
3614.05
3647.35
3680.65
3713.95
3747.25
3780.55
3813.85
3847.15
3880.45
3913.75
3947.05
3980.35
4013.65
4046.95
4080.25
4113.55
4146.85
4180.15
4213.45
4246.75
4280.05
4313.35
4346.65
4379.95
4413.25
4446.55
4479.85
4513.15
4546.45
4579.75
4613.05
4646.35
4679.65
4712.95
4746.25
4779.55
4812.85
4846.15
4879.45
4912.75
4946.05
4979.35
5012.65
5045.95
5079.25
5112.55
5145.85
5179.15
5212.45
5245.75
5279.05
5312.35
5345.65
5378.95
5412.25
5445.55
5478.85
5512.15
5545.45
5578.75
5612.05
5645.35
5678.65
5711.95
5745.25
5778.55
5811.85
5845.15
5878.45
5911.75
5945.05
5978.35
6011.65
6044.95
6078.25
6111.55
6144.85
6178.15
6211.45
6244.75
6278.05
6311.35
6344.65
6377.95
6411.25
6444.55
6477.85
6511.15
6544.45
6577.75
6611.05
6644.35
6677.65
6710.95
6744.25
6777.55
6810.85
6844.15
6877.45
6910.75
6944.05
6977.35
-1000
25.6
56.65
90.3
121.35
155.4
186.45
220.8
251.85
286.3
317.35
352
383.05
417.75
448.8
483.5
514.55
549.3
583.85
617.85
651.4
684.85
718.25
751.4
784.5
817.6
850.7
883.9
917.05
950.25
983.45
1016.65
1049.9
1083.1
1116.35
1149.6
1182.9
1216.15
1249.4
1282.7
1315.95
1349.25
1382.5
1415.8
1449.1
1482.4
1515.7
1548.95
1582.25
1615.55
1648.85
1682.15
1715.45
1748.75
1782.05
1815.35
1848.65
1881.95
1915.25
1948.55
1981.85
2015.15
2048.45
2081.75
2115.05
2148.35
2181.65
2214.9
2248.2
2281.5
2314.8
2348.1
2381.4
2414.7
2448
2481.3
2514.6
2547.9
2581.25
2614.55
2647.9
2681.2
2714.5
2747.8
2781.1
2814.4
2847.7
2881
2914.3
2947.6
2980.9
3014.2
3047.5
3080.8
3114.1
3147.4
3180.7
3214
3247.3
3280.6
3313.9
3347.2
3380.5
3413.8
3447.1
3480.4
3513.7
3547
3580.3
3613.6
3646.9
3680.2
3713.5
3746.8
3780.1
3813.4
3846.7
3880
3913.3
3946.6
3979.9
4013.2
4046.5
4079.8
4113.1
4146.4
4179.7
4213
4246.3
4279.6
4312.9
4346.2
4379.5
4412.8
4446.1
4479.4
4512.7
4546
4579.3
4612.6
4645.9
4679.2
4712.5
4745.8
4779.1
4812.4
4845.7
4879
4912.3
4945.6
4978.9
5012.2
5045.5
5078.8
5112.1
5145.4
5178.7
5212
5245.3
5278.6
5311.9
5345.2
5378.5
5411.8
5445.1
5478.4
5511.7
5545
5578.3
5611.6
5644.9
5678.2
5711.5
5744.8
5778.1
5811.4
5844.7
5878
5911.3
5944.6
5977.9
6011.2
6044.5
6077.8
6111.1
6144.4
6177.7
6211
6244.3
6277.6
6310.9
6344.2
6377.5
6410.8
6444.1
6477.4
6510.7
6544
6577.3
6610.6
6643.9
6677.2
6710.5
