38.3
83
127.7
172.35
217.05
261.75
306.45
351.15
395.85
440.55
485.25
529.95
561.9
593.2
624.4
655.6
686.8
718.05
749.3
780.55
811.8
843.1
874.35
905.65
936.95
968.25
999.55
1030.85
1062.15
1093.45
1124.8
1156.1
1187.4
1218.75
1250.05
1281.4
1312.7
1344.05
1375.35
1406.7
1438
1469.35
1500.65
1532
1563.35
1594.65
1626
1657.3
1688.65
1720
1751.3
1782.65
1814
1845.3
1876.65
1907.95
1939.3
1970.65
2001.95
2033.3
2064.65
2095.95
2127.3
2158.65
2189.95
2221.3
2252.65
2283.95
2315.3
2346.6
2377.95
2409.3
2440.6
2471.95
2503.3
2534.6
2565.95
2597.3
2628.6
2659.95
2691.3
2722.6
2753.95
2785.3
2816.6
2847.95
2879.3
2910.6
2941.95
2973.3
3004.6
3035.95
3067.3
3098.6
3129.95
3161.25
3192.6
3223.95
3255.25
3286.6
3317.95
3349.25
3380.6
3411.95
3443.25
3474.6
3505.95
3537.25
3568.6
3599.95
3631.25
3662.6
3693.95
3725.25
3756.6
3787.95
3819.25
3850.6
3881.95
3913.25
3944.6
3975.95
4007.25
4038.6
4069.9
4101.25
4132.6
4163.9
4195.25
4226.6
4257.9
4289.25
4320.6
4351.9
4383.25
4414.6
4445.9
4477.25
4508.6
4539.9
4571.25
4602.6
4633.9
4665.25
4696.6
4727.9
4759.25
4790.6
4821.9
4853.25
4884.55
4915.9
4947.25
4978.55
5009.9
5041.25
5072.55
5103.9
5135.25
5166.55
5197.9
5229.25
5260.55
5291.9
5323.25
5354.55
5385.9
5417.25
5448.55
5479.9
5511.25
5542.55
5573.9
5605.25
5636.55
5667.9
5699.25
5730.55
5761.9
5793.2
5824.55
5855.9
5887.2
5918.55
5949.9
5981.2
6012.55
6043.9
6075.2
6106.55
6137.9
6169.2
6200.55
6231.9
6263.2
6294.55
6325.9
6357.2
6388.55
6419.9
6451.2
6482.55
6513.9
6545.2
6576.55
6607.9
6639.2
6670.55
6701.85
6733.2
6764.55
6795.85
6827.2
6858.55
6889.85
6921.2
6952.55
6983.85
-1000
25.6
57.65
89.35
120.35
152.05
184.2
215.2
246.6
278.75
310.1
341.05
372.95
404.9
435.95
467.45
499.65
530.7
561.8
593.05
624.35
655.6
686.8
718.05
749.3
780.5
811.75
843
874.25
905.55
936.8
968.05
999.35
1030.6
1061.9
1093.2
1124.5
1155.8
1187.1
1218.4
1249.7
1281.05
1312.35
1343.65
1375
1406.3
1437.6
1468.95
1500.25
1531.6
1562.9
1594.25
1625.55
1656.9
1688.2
1719.55
1750.85
1782.2
1813.55
1844.85
1876.2
1907.5
1938.85
1970.15
2001.5
2032.85
2064.15
2095.5
2126.85
2158.15
2189.5
2220.8
2252.15
2283.5
2314.8
2346.15
2377.5
2408.8
2440.15
2471.5
2502.8
2534.15
2565.45
2596.8
2628.15
2659.45
2690.8
2722.15
2753.45
2784.8
2816.15
2847.45
2878.8
2910.15
2941.45
2972.8
3004.1
3035.45
3066.8
3098.1
3129.45
3160.8
3192.1
3223.45
3254.8
3286.1
3317.45
3348.8
3380.1
3411.45
3442.8
3474.1
3505.45
3536.8
3568.1
3599.45
3630.8
3662.1
3693.45
3724.75
3756.1
3787.45
3818.75
3850.1
3881.45
3912.75
3944.1
3975.45
4006.75
4038.1
4069.45
4100.75
4132.1
4163.45
4194.75
4226.1
4257.45
4288.75
4320.1
4351.45
4382.75
4414.1
4445.45
4476.75
4508.1
4539.45
4570.75
4602.1
4633.4
4664.75
4696.1
4727.4
4758.75
4790.1
4821.4
4852.75
4884.1
4915.4
4946.75
4978.1
5009.4
5040.75
5072.1
5103.4
5134.75
5166.1
5197.4
5228.75
5260.1
5291.4
5322.75
5354.1
5385.4
5416.75
5448.05
5479.4
5510.75
5542.05
5573.4
5604.75
5636.05
5667.4
5698.75
5730.05
5761.4
5792.75
5824.05
5855.4
5886.75
5918.05
5949.4
5980.75
6012.05
6043.4
6074.75
6106.05
6137.4
6168.75
6200.05
6231.4
6262.75
6294.05
6325.4
6356.7
6388.05
6419.4
6450.7
6482.05
6513.4
6544.7
6576.05
6607.4
6638.7
6670.05
6701.4
6732.7
6764.05
6795.4
6826.7
