30.35
66.5
102.65
138.85
175
211.2
247.35
283.55
319.7
355.85
392.05
428.2
464.4
500.55
532
563.2
594.35
625.55
656.7
687.9
719.05
750.25
781.45
812.6
843.8
875
906.15
937.35
968.55
999.75
1030.95
1062.1
1093.3
1124.5
1155.7
1186.9
1218.1
1249.3
1280.45
1311.65
1342.85
1374.05
1405.25
1436.45
1467.65
1498.85
1530
1561.2
1592.4
1623.6
1654.8
1686
1717.2
1748.4
1779.6
1810.8
1841.95
1873.15
1904.35
1935.55
1966.75
1997.95
2029.15
2060.35
2091.45
2122.5
2153.6
2184.65
2215.75
2246.8
2277.9
2308.95
2340.05
2371.1
2402.2
2433.25
2464.35
2495.4
2526.5
2557.55
2588.65
2619.7
2650.8
2681.85
2712.95
2744
2775.1
2806.15
2837.25
2868.3
2899.4
2930.45
2961.55
2992.6
3023.7
3054.75
3085.85
3116.9
3148
3179.05
3210.15
3241.2
3272.3
3303.35
3334.45
3365.5
3396.6
3427.65
3458.75
3489.8
3520.9
3551.95
3583.05
3614.1
3645.2
3676.25
3707.35
3738.4
3769.5
3800.55
3831.65
3862.7
3893.8
3924.85
3955.95
3987
4018.1
4049.15
4080.25
4111.3
4142.4
4173.45
4204.55
4235.6
4266.7
4297.75
4328.85
4359.9
4391
4422.05
4453.15
4484.2
4515.3
4546.35
4577.45
4608.5
4639.6
4670.65
4701.75
4732.8
4763.9
4794.95
4826.05
4857.1
4888.2
4919.25
4950.35
4981.4
5012.5
5043.55
5074.65
5105.7
5136.8
5167.85
5198.95
5230
5261.1
5292.15
5323.25
5354.3
5385.4
5416.45
5447.55
5478.6
5509.7
5540.75
5571.85
5602.9
5634
5665.05
5696.15
5727.2
5758.3
5789.35
5820.45
5851.5
5882.6
5913.65
5944.75
5975.8
6006.9
6037.95
6069.05
6100.1
6131.2
6162.25
6193.35
6224.4
6255.5
6286.55
6317.65
6348.7
6379.8
6410.85
6441.95
6473
6504.1
6535.15
6566.25
6597.3
6628.4
6659.45
6690.55
6721.6
6752.7
6783.75
6814.85
6845.9
6877
6908.05
6939.15
6970.2
-1000
25.6
57.15
89
121.05
153.25
185.3
216.9
247.9
279.05
310.6
342.4
374.45
406.65
438.7
470.35
501.4
532.5
563.65
594.85
626
657.2
688.35
719.55
750.7
781.85
813.05
844.2
875.4
906.6
937.75
968.95
1000.1
1031.3
1062.5
1093.65
1124.85
1156.05
1187.2
1218.4
1249.6
1280.8
1312
1343.15
1374.35
1405.55
1436.75
1467.95
1499.1
1530.3
1561.5
1592.7
1623.9
1655.1
1686.3
1717.5
1748.65
1779.85
1811.05
1842.25
1873.45
1904.65
1935.85
1967.05
1998.25
2029.45
2060.6
2091.8
2123
2154.15
2185.35
2216.5
2247.65
2278.8
2309.9
2341.05
2372.15
2403.3
2434.4
2465.55
2496.65
2527.8
2558.9
2590
2621.15
2652.25
2683.35
2714.5
2745.6
2776.7
2807.85
2838.95
2870.1
2901.2
2932.3
2963.45
2994.6
3025.7
3056.85
3088
3119.1
3150.25
3181.4
3212.6
3243.75
3274.95
3306.1
3337.3
3368.55
3399.8
3431.05
3462.3
3493.65
3525
3556.4
3587.85
3619.35
3650.95
3682.6
3714.35
3746.15
3778.05
3810.05
3842.1
3874.25
3906.4
3938.55
3970.7
4002.9
4035
4067.1
4099.15
4131.15
4163.1
4195
4226.85
4258.65
4290.4
4322.1
4353.8
4385.4
4417
4448.6
4480.1
4511.6
4543.1
4574.55
4606
4637.45
4668.85
4700.2
4731.6
4762.95
4794.3
4825.65
4856.95
4888.25
4919.45
4950.65
4981.85
5013.05
5044.2
5075.35
5106.5
5137.65
5168.8
5199.9
5231.05
5262.2
5293.3
5324.45
5355.55
5386.65
5417.8
5448.9
5480
5511.15
5542.25
5573.35
5604.5
5635.6
5666.7
5697.85
5728.95
5760.1
5791.2
5822.35
5853.45
5884.6
5915.7
5946.85
5978
6009.15
6040.3
6071.45
6102.6
6133.8
6164.95
6196.15
6227.4
6258.6
6289.85
6321.15
6352.45
6383.8
6415.15
6446.6
6478.1
6509.65
6541.25
6572.95
6604.75
6636.65
6668.6
6700.65
6732.75
6764.85
6797.05
6829.2
6861.4
6893.5
6925.65
6957.7
