43.05
92.75
142.45
192.2
241.9
291.6
341.35
391.05
440.8
490.5
537.65
571.9
605.5
639.1
672.75
706.35
740
773.65
807.35
841.05
874.7
908.4
942.1
975.85
1009.55
1043.25
1077
1110.75
1144.45
1178.2
1211.95
1245.65
1279.4
1313.15
1346.9
1380.65
1414.4
1448.15
1481.9
1515.65
1549.4
1583.15
1616.9
1650.65
1684.4
1718.15
1751.9
1785.65
1819.4
1853.1
1886.9
1920.65
1954.4
1988.15
2021.9
2055.65
2089.4
2123.15
2156.9
2190.65
2224.4
2258.15
2291.9
2325.65
2359.4
2393.15
2426.9
2460.65
2494.4
2528.15
2561.9
2595.65
2629.4
2663.15
2696.9
2730.65
2764.4
2798.15
2831.9
2865.7
2899.45
2933.2
2966.95
3000.7
3034.45
3068.2
3101.95
3135.7
3169.45
3203.2
3236.95
3270.7
3304.45
3338.2
3371.95
3405.7
3439.45
3473.2
3506.95
3540.75
3574.5
3608.25
3642
3675.75
3709.5
3743.25
3777
3810.75
3844.5
3878.25
3912
3945.75
3979.5
4013.25
4047
4080.75
4114.5
4148.25
4182
4215.8
4249.55
4283.3
4317.05
4350.8
4384.55
4418.3
4452.05
4485.8
4519.55
4553.3
4587.05
4620.8
4654.55
4688.3
4722.05
4755.8
4789.55
4823.3
4857.05
4890.8
4924.55
4958.35
4992.1
5025.85
5059.6
5093.35
5127.1
5160.85
5194.6
5228.35
5262.1
5295.85
5329.6
5363.35
5397.1
5430.85
5464.6
5498.35
5532.1
5565.85
5599.65
5633.4
5667.15
5700.9
5734.65
5768.4
5802.15
5835.9
5869.65
5903.4
5937.15
5970.9
6004.65
6038.4
6072.15
6105.9
6139.65
6173.4
6207.15
6240.9
6274.65
6308.45
6342.2
6375.95
6409.7
6443.45
6477.2
6510.95
6544.7
6578.45
6612.2
6645.95
6679.7
6713.45
6747.2
6780.95
6814.7
6848.45
6882.2
6916
6949.75
6983.5
-1000
25.6
68
112
143.1
175.35
217.45
261.75
294
324.5
366.6
410.9
443.15
473.65
515.6
559.75
599.4
635.8
670.8
705.2
739.25
773.25
807.1
840.7
874.4
908.1
941.8
975.5
1009.2
1042.95
1076.65
1110.35
1144.1
1177.85
1211.55
1245.3
1279.05
1312.8
1346.55
1380.25
1414.05
1447.8
1481.5
1515.25
1549
1582.75
1616.5
1650.25
1684
1717.75
1751.5
1785.25
1819
1852.75
1886.5
1920.25
1954
1987.75
2021.5
2055.25
2089
2122.75
2156.5
2190.25
2224
2257.75
2291.5
2325.25
2359
2392.75
2426.5
2460.25
2494.05
2527.8
2561.55
2595.3
2629.05
2662.85
2696.55
2730.3
2764.05
2797.8
2831.55
2865.3
2899.05
2932.8
2966.55
3000.3
3034.05
3067.8
3101.55
3135.3
3169.05
3202.85
3236.6
3270.35
3304.1
3337.9
3371.6
3405.35
3439.1
3472.85
3506.6
3540.35
3574.1
3607.85
3641.6
3675.35
3709.1
3742.85
3776.6
3810.35
3844.1
3877.9
3911.65
3945.4
3979.15
4012.95
4046.65
4080.4
4114.15
4147.9
4181.65
4215.4
4249.15
4282.9
4316.65
4350.4
4384.15
4417.9
4451.65
4485.4
4519.15
4552.9
4586.7
4620.45
4654.2
4687.95
4721.7
4755.5
4789.2
4822.95
4856.7
4890.45
4924.2
4957.95
4991.7
5025.45
5059.2
5092.95
5126.7
5160.45
5194.2
5227.95
5261.75
5295.5
5329.25
5363
5396.8
5430.5
5464.25
5498
5531.75
5565.5
5599.25
5633
5666.75
5700.5
5734.25
5768
5801.75
5835.5
5869.25
5903
5936.8
5970.55
6004.3
6038.05
6071.8
6105.6
6139.3
6173.05
6206.8
6240.55
6274.3
6308.05
6341.8
6375.55
6409.3
6443.05
6476.8
6510.55
6544.3
6578.1
6611.85
6645.6
6679.35
6713.15
6746.85
6780.6
6814.35
6848.1
6881.85
