25.6
56.65
87.7
118.75
149.75
180.8
211.85
242.9
273.9
304.95
336
367.05
398.05
429.1
460.15
491.2
522.2
553.25
584.3
615.35
646.35
677.4
708.45
739.5
770.5
801.55
832.6
863.65
894.65
925.7
956.75
987.8
1018.85
1049.85
1080.9
1111.95
1143
1174
1205.05
1236.1
1267.15
1298.15
1329.2
1360.25
1391.3
1422.3
1453.35
1484.4
1515.45
1546.45
1577.5
1608.55
1639.6
1670.6
1701.65
1732.7
1763.75
1794.75
1825.8
1856.85
1887.9
1918.95
1949.95
1981
2012.05
2043.1
2074.1
2105.15
2136.2
2167.25
2198.25
2229.3
2260.35
2291.4
2322.4
2353.45
2384.5
2415.55
2446.55
2477.6
2508.65
2539.7
2570.7
2601.75
2632.8
2663.85
2694.85
2725.9
2756.95
2788
2819
2850.05
2881.1
2912.15
2943.2
2974.2
3005.25
3036.3
3067.35
3098.35
3129.4
3160.45
3191.5
3222.5
3253.55
3284.6
3315.65
3346.65
3377.7
3408.75
3439.8
3470.8
3501.85
3532.9
3563.95
3594.95
3626
3657.05
3688.1
3719.1
3750.15
3781.2
3812.25
3843.3
3874.3
3905.35
3936.4
3967.45
3998.45
4029.5
4060.55
4091.6
4122.6
4153.65
4184.7
4215.75
4246.75
4277.8
4308.85
4339.9
4370.9
4401.95
4433
4464.05
4495.05
4526.1
4557.15
4588.2
4619.2
4650.25
4681.3
4712.35
4743.35
4774.4
4805.45
4836.5
4867.55
4898.55
4929.6
4960.65
4991.7
5022.7
5053.75
5084.8
5115.85
5146.85
5177.9
5208.95
5240
5271
5302.05
5333.1
5364.15
5395.15
5426.2
5457.25
5488.3
5519.3
5550.35
5581.4
-1000
25.6
62.7
105.05
144.95
180.4
219.45
262.5
301.25
336.2
372.75
414.7
455
490.55
529.35
572.25
611.2
646.35
683.8
726.05
765.8
801.2
840
882.95
921.85
956.85
993.7
1035.9
1075.95
1111.4
1150.5
1193.5
1232.35
1267.3
1304
1346.1
1386.1
1421.75
1460.65
1503.35
1542.45
1577.5
1614.55
1656.85
1696.8
1732.3
1771.35
1814.4
1853.15
1888.05
1924.75
1966.85
2006.85
2042.45
2081.4
2124.1
2163.2
2198.25
2235.5
2277.95
2317.7
2353.1
2391.9
2434.85
2473.75
2508.75
2545.6
2587.8
2627.85
2663.3
2702.4
2745.4
2784.1
2819.1
2856
2897.95
2938.1
2973.65
3012.5
3055.45
3094.45
3129.45
3166.75
3209.25
3248.95
3284.3
3323.1
3366.1
3404.95
3439.9
3476.75
3518.9
3558.85
3594.4
3633.45
3676.2
3715.2
3750.2
3787.1
3829.25
3869.35
3904.85
3943.95
3986.95
4025.75
4060.65
4097.45
4139.6
4179.7
4215.2
4254.3
4297.35
4336.05
4371.05
4407.9
4449.8
4490
4525.55
4564.35
4607.3
4646.3
4681.35
4718.4
4760.7
4800.65
4836
4875.15
4918.15
4956.8
4991.8
5028.6
5070.75
5110.85
5146.35
5185.45
5228.2
5267.15
5302.15
5338.9
5381
5421.15
5456.75
5495.75
5538.75
5577.6
5612.5
5649.4
5691.6
5731.5
5767.1
5806.1
5848.9
5887.85
5922.9
5959.8
6002.05
6042.05
6077.55
6116.45
6159.45
6198.35
6233.3
6270.15
6312.35
6352.4
6387.85
6426.9
6469.95
6508.65
6543.65
6580.6
6622.5
6662.65
6698.25
6737.05
6780
6819
6854
6891
6933.3
6973.25
