36.95
80.25
123.5
166.8
210.1
253.35
296.65
339.95
383.2
426.5
469.75
513.05
545.3
576.95
608.5
640.05
671.65
703.25
734.85
766.45
798.05
829.7
861.3
892.95
924.55
956.2
987.85
1019.5
1051.15
1082.8
1114.45
1146.1
1177.75
1209.4
1241.05
1272.7
1304.4
1336.05
1367.7
1399.35
1431
1462.7
1494.35
1526
1557.65
1589.35
1621
1652.65
1684.35
1716
1747.65
1779.3
1811
1842.65
1874.3
1906
1937.65
1969.3
2001
2032.65
2064.3
2095.95
2127.65
2159.3
2190.95
2222.65
2254.3
2285.95
2317.65
2349.3
2380.95
2412.65
2444.3
2475.95
2507.6
2539.3
2570.95
2602.6
2634.3
2665.95
2697.6
2729.3
2760.95
2792.6
2824.3
2855.95
2887.6
2919.25
2950.95
2982.6
3014.25
3045.95
3077.6
3109.25
3140.95
3172.6
3204.25
3235.95
3267.6
3299.25
3330.95
3362.6
3394.25
3425.9
3457.6
3489.25
3520.9
3552.6
3584.25
3615.9
3647.6
3679.25
3710.9
3742.6
3774.25
3805.9
3837.55
3869.25
3900.9
3932.55
3964.25
3995.9
4027.55
4059.25
4090.9
4122.55
4154.25
4185.9
4217.55
4249.25
4280.9
4312.55
4344.2
4375.9
4407.55
4439.2
4470.9
4502.55
4534.2
4565.9
4597.55
4629.2
4660.9
4692.55
4724.2
4755.85
4787.55
4819.2
4850.85
4882.55
4914.2
4945.85
4977.55
5009.2
5040.85
5072.55
5104.2
5135.85
5167.55
5199.2
5230.85
5262.5
5294.2
5325.85
5357.5
5389.2
5420.85
5452.5
5484.2
5515.85
5547.5
5579.2
5610.85
5642.5
5674.15
5705.85
5737.5
5769.15
5800.85
5832.5
5864.15
5895.85
5927.5
5959.15
5990.85
6022.5
6054.15
6085.85
6117.5
6149.15
6180.8
6212.5
6244.15
6275.8
6307.5
6339.15
6370.8
6402.5
6434.15
6465.8
6497.5
6529.15
6560.8
6592.45
6624.15
6655.8
6687.45
6719.15
6750.8
6782.45
6814.15
6845.8
6877.45
6909.15
6940.8
6972.45
-1000
25.6
58.45
91.6
122.6
154.25
187.2
220.2
251.2
282.95
316
348.8
379.8
411.7
444.85
477.45
508.45
540.45
572.5
604.5
636.45
668.35
700.2
732.05
763.85
795.65
827.4
859.15
890.9
922.65
954.35
986.1
1017.8
1049.45
1081.15
1112.85
1144.55
1176.2
1207.9
1239.6
1271.25
1302.95
1334.65
1366.3
1397.95
1429.65
1461.3
1493
1524.65
1556.35
1588
1619.65
1651.35
1683
1714.7
1746.35
1778
1809.7
1841.35
1873
1904.7
1936.35
1968
1999.7
2031.35
2063
2094.7
2126.35
2158
2189.7
2221.35
2253
2284.7
2316.35
2348
2379.65
2411.35
2443
2474.65
2506.35
2538
2569.65
2601.35
2633
2664.7
2696.35
2728
2759.65
2791.35
2823
2854.65
2886.3
2918
2949.65
2981.35
3013
3044.65
3076.35
3108
3139.65
3171.3
3203
3234.65
3266.3
3297.95
3329.65
3361.3
3392.95
3424.65
3456.3
3487.95
3519.65
3551.3
3583
3614.65
3646.3
3677.95
3709.65
3741.3
3772.95
3804.6
3836.3
3867.95
3899.65
3931.3
3962.95
3994.65
4026.3
4057.95
4089.65
4121.3
4152.95
4184.6
4216.3
4247.95
4279.6
4311.25
4342.95
4374.6
4406.3
4437.95
4469.6
4501.3
4532.95
4564.6
4596.25
4627.95
4659.6
4691.25
4722.9
4754.6
4786.25
4817.95
4849.6
4881.25
4912.95
4944.6
4976.25
5007.95
5039.6
5071.25
5102.95
5134.6
5166.25
5197.9
5229.6
5261.25
5292.9
5324.6
5356.25
5387.9
5419.6
5451.25
5482.9
5514.6
5546.25
5577.9
5609.55
5641.25
5672.9
5704.55
5736.25
5767.9
5799.55
5831.25
5862.9
5894.55
5926.25
5957.9
5989.55
6021.25
6052.9
6084.55
6116.2
6147.9
6179.55
6211.2
6242.9
6274.55
6306.2
6337.9
6369.55
6401.2
6432.9
6464.55
6496.2
6527.85
6559.55
6591.2
6622.85
6654.55
6686.2
6717.85
6749.55
6781.2
6812.85
6844.55
