0.15 -50 7.9485 5.8002 28.9398 43.913 9.45
0.15 -49 7.6355 6.6084 29.4693 44.2363 0.05
0.15 -48 7.2902 8.0149 30.1715 45.2508 2.05
0.15 -47 7.3248 5.5611 29.263 43.8974 10
0.15 -46 6.9336 6.7869 29.9716 44.9184 0.7
0.15 -45 6.6751 7.2836 30.3114 44.4295 10.35
0.15 -44 6.455 8.0037 30.7044 43.1891 4.5
0.15 -43 6.3149 6.5377 30.3221 44.5832 1.5
0.15 -42 6.0012 8.8407 31.2262 41.6126 1.1
0.15 -41 5.8536 7.9825 31.0531 41.6626 4.25
0.15 -40 5.8204 5.8314 30.4304 43.8684 14.95
0.15 -39 5.7104 5.4702 30.437 43.9449 4.15
0.15 -38 5.4844 5.7135 30.7441 42.7932 6.65
0.15 -37 5.1065 7.2797 31.385 41.8116 5.4
0.15 -36 5.0168 6.1211 31.2128 41.6542 4.45
0.15 -35 4.7147 7.5797 31.6984 42.2606 5.75
0.15 -34 4.4545 8.8551 32.086 32.086 2.2
0.15 -33 4.2986 7.6342 31.9989 32.5071 0.95
0.15 -32 4.052 9.0413 32.3715 32.372 0.35
0.15 -31 3.9256 8.0689 32.3149 32.3238 0.4
0.15 -30 3.8511 6.4185 32.0334 32.2172 2.25
0.15 -29 3.5439 7.6251 32.4655 32.4649 0.25
0.15 -28 3.2521 9.9173 32.9892 32.989 0.35
0.15 -27 3.1465 7.8755 32.7728 32.772 0.65
0.15 -26 3.1048 6.0911 32.5541 32.5456 1.4
0.15 -25 2.7553 8.8304 33.0811 33.0808 0.3
0.15 -24 2.5739 9.2169 33.2349 33.2346 0.2
0.15 -23 2.4145 8.7635 33.2327 33.2327 0.1
0.15 -22 2.1808 12.208 33.4253 33.4256 0.1
0.15 -21 2.035 11.214 33.4274 33.4282 0.1
0.15 -20 1.7815 12.8278 33.7042 33.7071 0.2
0.15 -19 1.6096 11.9732 33.7062 33.7093 0.3
0.15 -18 1.456 11.8354 33.7082 33.7071 0.25
0.15 -17 1.337 7.8959 33.7008 33.7031 0.3
0.15 -16 1.1571 7.5492 33.7144 33.7164 0.3
0.15 -15 0.97108 10.3583 33.8543 33.8543 0.3
0.15 -14 0.75155 9.8887 34.1014 34.1014 0.25
0.15 -13 0.54059 12.9218 34.2606 34.2615 0.3
0.15 -12 0.41498 9.6207 34.2394 34.2397 0.35
0.15 -11 0.24529 18.1249 34.2635 34.2644 0.3
0.15 -10 0.097938 19.0521 34.2652 34.2658 0.35
0.15 -9 0.0057395 18.656 34.0089 34.01 0.05
0.15 -8 0.016563 18.0259 33.6331 33.6329 0.1
0.15 -7 0.0049084 11.4579 33.2668 33.2673 0.15
0.15 -6 0.0091347 18.1296 32.9094 32.9102 0.45
0.15 -5 0.022689 17.5084 32.562 32.5601 1.45
0.15 -4 0.013195 17.6656 32.2227 32.2235 1.95
0.15 -3 0.0029136 18.971 31.8917 31.889 1.3
0.15 -2 0.003895 18.6116 31.5698 42.0613 4.7
0.15 -1 0.037717 19.4535 31.2542 41.7115 5.5
0.15 0 0.012107 17.6547 30.9466 41.7353 4.2
0.15 -50 7.9485 5.8002 34.3187 34.3187 0.4
0.15 -49 7.6355 6.6084 34.3486 34.3483 0.45
0.15 -48 7.2902 8.0149 34.3566 34.3552 0.45
0.15 -47 7.3248 5.5611 34.2845 34.2848 0.35
0.15 -46 6.9336 6.7869 34.3534 34.3532 0.45
0.15 -45 6.6751 7.2836 34.3653 34.3653 0.45
0.15 -44 6.455 8.0037 34.3583 34.3569 0.4
0.15 -43 6.3149 6.5377 34.3604 34.359 0.45
0.15 -42 6.0012 8.8407 34.3739 34.3736 0.45
0.15 -41 5.8536 7.9825 34.3282 34.3282 0.45
0.15 -40 5.8204 5.8314 34.2641 34.2629 0.35
0.15 -39 5.7104 5.4702 34.2391 34.2383 0.3
0.15 -38 5.4844 5.7135 34.3089 34.3086 0.4
0.15 -37 5.1065 7.2797 34.3359 34.3356 0.4
0.15 -36 5.0168 6.1211 34.3543 34.3537 0.4
0.15 -35 4.7147 7.5797 34.3086 34.3086 0.4
0.15 -34 4.4545 8.8551 34.2718 34.2721 0.35
0.15 -33 4.2986 7.6342 34.3462 34.3457 0.45
0.15 -32 4.052 9.0413 34.3055 34.3049 0.4
0.15 -31 3.9256 8.0689 34.3253 34.3247 0.4
0.15 -30 3.8511 6.4185 34.2724 34.2721 0.35
0.15 -29 3.5439 7.6251 34.3313 34.3307 0.4
0.15 -28 3.2521 9.9173 34.3642 34.3639 0.45
0.15 -27 3.1465 7.8755 34.365 34.3647 0.45
0.15 -26 3.1048 6.0911 34.3394 34.3391 0.4
0.15 -25 2.7553 8.8304 34.3284 34.3282 0.4
0.15 -24 2.5739 9.2169 34.3368 34.3365 0.4
0.15 -23 2.4145 8.7635 34.2989 34.2986 0.4
0.15 -22 2.1808 12.208 34.2793 34.2799 0.35
0.15 -21 2.035 11.214 34.2092 34.2092 0.35
0.15 -20 1.7815 12.8278 34.389 34.3899 0.45
0.15 -19 1.6096 11.9732 34.3224 34.323 0.4
0.15 -18 1.456 11.8354 34.2598 34.2603 0.3
0.15 -17 1.337 7.8959 34.3055 34.3058 0.35
0.15 -16 1.1571 7.5492 34.2598 34.2598 0.35
0.15 -15 0.97108 10.3583 34.2032 34.204 0.25
0.15 -14 0.75155 9.8887 34.3684 34.3681 0.45
0.15 -13 0.54059 12.9218 34.4491 34.4509 0.5
0.15 -12 0.41498 9.6207 34.3813 34.3816 0.45
0.15 -11 0.24529 18.1249 34.3445 34.3454 0.4
0.15 -10 0.097938 19.0521 34.2951 34.296 0.35
0.15 -9 0.0057395 18.656 34.022 34.0229 0.1
0.15 -8 0.016563 18.0259 33.6458 33.6449 0.05
0.15 -7 0.0049084 11.4579 33.2788 33.2791 0.15
0.15 -6 0.0091347 18.1296 32.921 32.9215 0.4
0.15 -5 0.022689 17.5084 32.5732 32.5787 0.2
0.15 -4 0.013195 17.6656 32.2335 32.2341 2.15
0.15 -3 0.0029136 18.971 31.9021 31.8979 1.65
0.15 -2 0.003895 18.6116 31.5794 42.0732 4.75
0.15 -1 0.037717 19.4535 31.2639 41.7136 9.1
0.15 0 0.012107 17.6547 30.9557 42.9464 4.1
