48.1
101.15
155.55
209.2
261.95
317.5
370.55
425.25
478.7
531.5
566.15
609.75
653.95
696.45
739.1
779.5
816.95
851.4
883.9
917.3
949.15
982.3
1021.9
1064.55
1107.5
1148.7
1187.05
1222.35
1255
1287.8
1319.65
1352.3
1388.55
1430.65
1474.95
1518.45
1560.4
1600.25
1637.1
1670.9
1703.2
1734.7
1768.75
1807.2
1845.35
1880.2
1912.55
1945.65
1977.45
2009.95
2043.8
2080.2
2121.1
2163
2203.55
2241.6
2276.85
2309.65
2342.85
2374.7
2408.05
2447.7
2489.25
2529.75
2567.8
2602.45
2634.7
2668.1
2699.95
2732.8
2771.05
2813.5
2856.9
2898.85
2938.6
2975.7
3009.7
3042
3075.7
3109.5
3143.2
3174.8
3209.25
3249
3289.9
3328.55
3364.3
3397.1
3429.75
3461.5
3494.55
3533.7
3574.7
3614.2
3650.8
3684.3
3716.6
3748.2
3781.8
3820.2
3858.95
3895.15
3928.2
3960.5
3992.25
4024.85
4063
4104.2
4145.05
4183.75
4219.25
4252
4284.65
4316.5
4349.15
4385.25
4427.25
4471.3
4514.4
4555.6
4594.75
4630.9
4664
4696.5
4728.25
4761.2
4800.3
4841.05
4880.15
4916.6
4950
4982.4
5014.15
5047.45
5086.25
5125.9
5162.95
5197.15
5229.4
5262.95
5294.55
5328.95
5368.6
5409.1
5447.25
5482.15
5514.5
5547.6
5579.5
5611.85
5644.7
5677.9
5711.25
5744.75
5783.05
5819.2
5854.3
5888.6
5923.25
5957.8
5992.5
6027.2
6061.85
6096.55
6131.25
6165.9
6200.6
6235.25
6269.9
6304.6
6339.25
6373.9
6408.6
6443.25
6477.95
6512.65
6547.3
6581.9
6616.55
6651.2
6685.85
6720.5
6755.15
6789.8
6824.45
6859.1
6893.75
6928.45
6963.1
6997.75
7032.35
7067.05
7101.7
7136.35
7171
7205.65
7240.3
7274.95
7309.6
7344.25
7378.9
7413.55
7448.2
7482.85
7517.5
7552.2
7586.85
7621.5
7656.15
7690.8
7725.45
7760.1
7794.75
7829.4
7864.05
7898.7
7933.4
7968
-1000
25.6
72.3
114.6
145.6
185.2
232.05
265.35
295.3
341.65
383.1
414.1
454.45
501.6
535.05
564.95
599.65
639.35
681.85
724.2
766.9
808.2
847.05
883.35
917.85
955.3
999.9
1046.4
1091.05
1134.5
1176.75
1216.6
1253.7
1288.55
1324.2
1363.25
1410.3
1456.05
1501.1
1545.25
1588.1
1629.05
1667.5
1703.3
1746.5
1793.1
1835.25
1874.95
1911.75
1946.55
1981.35
2014.75
2046.3
2076.55
2112.45
2151.25
2192
2232.65
2271.65
2308.45
2343.1
2382.1
2428.1
2473.5
2516.7
2558.25
2597.6
2634.15
2668.7
2705.15
2747.35
2794.4
2839.35
2883.45
2926.45
2967.3
3005.95
3041.9
3075.7
3109.2
3143.35
3185.3
3232.25
3276.1
3318.1
3358.05
3395.35
3430.35
3468.55
3514.7
3559.6
3602.45
3643.2
3681.35
3716.8
3758.2
3805.1
3847.75
3888.15
3925.95
3961.25
3997.7
4041.25
4087.7
4131.2
4173.2
4213.2
4250.5
4285.4
4321
4360.05
4406.8
4452.6
4497.55
4541.4
4583.65
4623.95
4661.75
4696.95
4735.1
4781.2
4826.35
4868.9
4909.35
4947.35
4982.7
5022.95
5069.85
5113.45
5154.65
5193.25
5229.25
5263.05
5305.45
5352.35
5395.9
5437.5
5476.9
5513.7
5548.5
5582.35
5612.6
5645
5678.05
5711.4
5744.65
5778.35
5814.85
5851.05
5886.75
5921.7
5956.5
5991.2
6025.9
6060.6
6095.3
6130
6164.65
6199.3
6233.95
6268.65
6303.35
6338
6372.7
6407.35
6442.05
6476.7
6511.35
6546
6580.7
6615.3
6650
6684.6
6719.3
6753.9
6788.6
6823.2
6857.9
6892.55
6927.15
6961.8
6996.5
7031.15
7065.8
7100.5
7135.15
7169.75
7204.45
7239.05
7273.75
7308.35
7343
7377.7
7412.35
7447
7481.65
7516.3
7551
7585.6
7620.3
7654.9
7689.55
7724.2
7758.9
7793.55
7828.15
7862.85
7897.5
7932.1
7966.75
