61.25
117.4
172.65
229.3
284.6
341.85
396.95
454.15
509.25
549.15
589.3
632.1
676.5
722
768.3
814.9
861.55
908.5
955.5
1002.65
1046.05
1088.4
1128.8
1165.8
1198.55
1229.95
1263
1303.2
1346.05
1388.5
1428.3
1464.35
1496.2
1528.4
1561.15
1599.5
1643
1687.7
1731.1
1772.8
1811.6
1845.95
1877.35
1908.75
1943.1
1981.85
2018.9
2051.3
2082.7
2115.8
2155.65
2197.55
2238.55
2276.65
2310.25
2341.6
2373.35
2405.15
2437.35
2469.85
2502.9
2535.8
2569.45
2604.6
2638.95
2673.55
2708.1
2742.9
2777.45
2811.75
2846.6
2880.95
2915.6
2949.95
2984.5
3019.05
3053.6
3088.05
3122.6
3157.15
3191.7
3226.3
3260.85
3295.45
3329.9
3364.5
3399.05
3433.6
3468.15
3502.7
3537.3
3571.6
3606.4
3640.8
3675.4
3709.9
3744.5
3779.05
3813.35
3848.15
3882.45
3917
3951.55
3986
4020.6
4055.05
4089.6
4124.15
4158.55
4193.15
4227.6
4262.15
4296.7
4331.1
4365.6
4400.15
4434.65
4469.2
4503.7
4538.2
4572.75
4607.25
4641.75
4676.3
4710.8
4745.3
4779.85
4814.35
4848.85
4883.4
4917.9
4952.4
4986.95
5021.45
5055.95
5090.5
5125
5159.5
5194.05
5228.55
5263.05
5297.6
5332.1
5366.6
5401.15
5435.65
5470.15
5504.7
5539.2
5573.7
5608.25
5642.75
5677.25
5711.8
5746.3
5780.8
5815.35
5849.85
5884.35
5918.9
5953.4
5987.9
6022.45
6056.95
6091.45
6126
6160.5
6195
6229.55
6264.05
6298.55
6333.1
6367.6
6402.1
6436.65
6471.15
6505.65
6540.2
6574.7
6609.2
6643.75
6678.25
6712.75
6747.3
6781.8
6816.3
6850.85
6885.35
6919.85
6954.4
6988.9
7023.4
7057.95
7092.45
7126.95
7161.5
7196
7230.5
7265.05
7299.55
7334.05
7368.6
7403.1
7437.6
7472.15
7506.65
7541.15
7575.7
7610.2
7644.7
7679.25
7713.75
7748.25
7782.8
7817.3
7851.8
7886.35
7920.85
7955.35
7989.9
-1000
25.6
56.65
93.05
140.2
171.25
206
252.95
284
318.45
365.45
396.5
430.85
477.8
508.85
543.15
580.4
619.4
660.7
703.8
748.45
794
840.05
886.35
932.9
979.65
1026.5
1071.9
1115.55
1157.25
1196
1236.1
1281.15
1327.7
1372.25
1415.75
1457
1495
1533.5
1575.35
1622.2
1668.2
1713.55
1757.85
1800.6
1840.85
1877.6
1920.9
1967.45
2009.8
2048.9
2089.15
2134.2
2180.5
2224.35
2266.45
2306.25
2342.8
2375.8
2407.1
2437.95
2470.65
2502.95
2536.75
2568.7
2603.25
2637.9
2672.5
2707.1
2741.65
2776.3
2810.95
2845.5
2880.15
2914.7
2949.25
2983.75
3018.3
3052.85
3087.35
3121.9
3156.45
3190.9
3225.45
3260
3294.55
3329.1
3363.65
3398.2
3432.75
3467.35
3501.9
3536.4
3570.95
3605.4
3640
3674.55
3709.1
3743.65
3778.15
3812.75
3847.25
3881.8
3916.3
3950.85
3985.35
4019.85
4054.4
4088.9
4123.4
4157.9
4192.45
4226.95
4261.45
4295.95
4330.45
4364.95
4399.45
4434
4468.5
4503
4537.55
4572.05
4606.6
4641.1
4675.6
4710.15
4744.65
4779.15
4813.7
4848.2
4882.7
4917.25
4951.75
4986.25
5020.8
5055.3
5089.8
5124.35
5158.85
5193.35
5227.9
5262.4
5296.9
5331.45
5365.95
5400.45
5435
5469.5
5504
5538.55
5573.05
5607.55
5642.1
5676.6
5711.1
5745.65
5780.15
5814.65
5849.2
5883.7
5918.2
5952.75
5987.25
6021.75
6056.3
6090.8
6125.3
6159.85
6194.35
6228.85
6263.4
6297.9
6332.4
6366.95
6401.45
6435.95
6470.5
6505
6539.5
6574.05
6608.55
6643.05
6677.6
6712.1
6746.6
6781.15
6815.65
6850.15
6884.7
6919.2
6953.7
6988.25
7022.75
7057.25
7091.8
7126.3
7160.8
7195.35
7229.85
7264.35
7298.9
7333.4
7367.9
7402.45
7436.95
7471.45
7506
7540.5
7575
7609.55
7644.05
7678.55
7713.1
7747.6
7782.1
7816.65
7851.15
7885.65
7920.2
7954.7
7989.2
