46.35
98.25
149.15
201.55
253.6
304.85
358.25
410.05
460.95
513.6
551.55
587.05
619.85
652.45
683.95
717.25
755.2
794.1
830.75
865
897.9
931.6
963.3
997.15
1036
1076.6
1115.15
1151.15
1184.55
1217.45
1251.65
1285.5
1317
1351.25
1389.9
1429.3
1466.5
1501.1
1534.05
1567.65
1599.25
1633.55
1672.1
1711.35
1748.25
1782.4
1815.15
1848.95
1880.65
1914.4
1953.05
1993.25
2031.2
2066.9
2100.2
2133.1
2164.65
2198.4
2236.4
2275
2311.4
2345.1
2377.85
2411.85
2445.75
2479.8
2513.55
2545.2
2578.85
2617.65
2657.65
2695.45
2730.7
2763.9
2796.9
2828.55
2862.25
2900.4
2939.3
2975.9
3010
3042.75
3076.4
3108.15
3141.9
3180.55
3220.8
3258.8
3294.25
3327.5
3360.45
3392.05
3425.75
3463.8
3502.45
3538.85
3572.75
3605.5
3639.45
3673.5
3707.3
3739
3772.8
3811.5
3851.35
3888.85
3923.65
3956.7
3990
4021.6
4055.7
4094.3
4133.3
4170.05
4204.1
4236.85
4270.65
4302.4
4336
4374.55
4414.35
4452.45
4488.1
4521.35
4554.4
4588.5
4622.25
4653.85
4688.05
4726.8
4766.5
4803.9
4838.7
4871.65
4904.9
4936.7
4970.1
5008.5
5048.8
5087.05
5122.8
5156.1
5189
5220.55
5254.4
5292.25
5330.45
5366.05
5399.2
5432.15
5463.75
5497.4
5535.6
5574.45
5610.95
5644.8
5677.55
5711.5
5745.55
5779.35
5811.1
5844.8
5883.35
5923.3
5961.55
5997.35
6030.7
6063.55
6095.1
6128.8
6166.6
6204.55
6240.15
6273.5
6306.55
6340.6
6374.3
6406.15
6439.45
6477.95
6518.4
6557.45
6594.2
6628.25
6661
6694.8
6726.45
6760.4
6799.2
6839.05
6876.95
6912.1
6945.4
6978.4
7010.15
7043.65
7081.7
7120.65
7157.45
7191.65
7224.35
7258.3
7292.6
7326.25
7358
7391.6
7430.1
7470.2
7508.15
7543.45
7576.65
7609.8
7643.9
7677.65
7709.35
7742.95
7781.55
7821.65
7859.55
7894.85
7928
7961
7992.65
-1000
25.6
71.55
117.9
148.9
182.9
227.8
274.9
307.9
337.9
383.5
429.9
460.9
494.55
539.65
580.5
618.05
653.05
693.85
740.7
783.1
823.35
861.45
897.3
931.8
972.95
1019.9
1063.35
1105.05
1144.75
1182.2
1217.4
1251.1
1285.55
1328.25
1375.05
1417.7
1458.3
1496.85
1533.1
1567.7
1610.95
1657.65
1700.05
1740.5
1778.75
1814.65
1849.1
1890.1
1937.05
1980.4
2021.8
2061
2098.15
2133.2
2175.4
2222.15
2264.4
2304.45
2342.2
2377.7
2411.6
2445.65
2479.45
2513.75
2554.85
2601.8
2644.9
2686.25
2725.4
2762.25
2797.1
2839.4
2886.15
2928.3
2968.45
3006.5
3042.3
3076.65
3117.65
3164.6
3207.8
3249.3
3288.55
3325.6
3360.6
3402.75
3449.55
3491.85
3531.9
3569.7
3605.25
3639.3
3673.1
3707.4
3749.05
3796
3839.05
3880.1
3919
3955.4
3990.05
4033.25
4079.65
4122.2
4162.55
4200.65
4236.35
4270.8
4311.75
4358.45
4401.85
4443.05
4482.35
4519.4
4554.4
4588
4622.4
4664.8
4711.65
4754.5
4795.4
4834.15
4870.55
4905.2
4945.2
4992.05
5035.7
5077.25
5116.75
5154
5189.05
5232.15
5278.7
5320.55
5360.1
5397.3
5432.25
5474.1
5520.7
5563.4
5603.7
5641.7
5677.25
5711.4
5745.1
5779.5
5820.4
5867.35
5910.7
5951.85
5991.2
6028.5
6063.6
6106.1
6152.6
6194.75
6234.3
6271.4
6306.45
6340.15
6374.55
6413.75
6460.3
6504.65
6546.6
6586.8
6624.85
6660.55
6694.9
6736.6
6783.25
6826.55
6867.75
6906.9
6943.7
6978.55
7020.2
7067.05
7109.6
7149.9
7188.05
7223.9
7258.3
7291.9
7326.4
7367.25
7414.2
7457.35
7498.75
7538
7574.95
7609.75
7643.35
7677.8
7718.85
7765.8
7809
7850.3
7889.5
7926.35
7961.2
