44.25
94.55
144.45
193.9
245.05
295.4
345.45
395.1
445.75
496.05
532.65
567.9
601.3
634.3
668.15
702.05
736
770.05
804.05
838.15
872.25
906.35
940.55
974.75
1008.95
1043.1
1077.25
1111.5
1145.75
1180.05
1214.3
1248.6
1282.85
1317.15
1351.45
1385.55
1419.8
1453.9
1488.3
1522.3
1556.7
1590.7
1624.95
1659.05
1693.3
1727.4
1761.65
1795.7
1830
1864.05
1898.35
1932.4
1966.7
2000.75
2035.05
2069.15
2103.4
2137.45
2171.75
2205.85
2240.1
2274.15
2308.45
2342.35
2376.6
2410.45
2444.8
2478.8
2513.05
2547.1
2581.4
2615.45
2649.55
2683.6
2717.9
2751.75
2785.95
2819.9
2854.1
2887.95
2922.15
2956.05
2990.3
3024.15
3058.4
3092.25
3126.5
3160.35
3194.6
3228.45
3262.7
3296.6
3330.8
3364.7
3399.05
3433
3467.25
3501.2
3535.55
3569.35
3603.5
3637.4
3671.65
3705.5
3739.7
3773.55
3807.8
3841.65
3875.85
3909.7
3943.95
3977.8
4012
4045.9
4080.1
4113.95
4148.15
4182.05
4216.3
4250.15
4284.35
4318.2
4352.45
4386.3
4420.5
4454.35
4488.6
4522.45
4556.65
4590.55
4624.75
4658.6
4692.8
4726.7
4760.95
4794.8
4829
4862.85
4897.1
4930.95
4965.15
4999
5033.25
5067.1
5101.3
5135.2
5169.45
5203.3
5237.5
5271.35
5305.6
5339.45
5373.65
5407.5
5441.75
5475.6
5509.8
5543.7
5577.95
5611.8
5646
5679.85
5714.1
5747.95
5782.15
5816
5850.25
5884.1
5918.3
5952.2
5986.45
6020.3
6054.5
6088.35
6122.6
6156.45
6190.65
6224.5
6258.75
6292.6
6326.8
6360.7
6394.95
6428.8
6463
6496.85
6531.1
6564.95
6599.15
6633
6667.25
6701.1
6735.3
6769.2
6803.45
6837.3
6871.5
6905.35
6939.6
6973.45
7007.65
7041.5
7075.75
7109.6
7143.8
7177.7
7211.95
7245.8
7280
7313.85
7348.1
7381.95
7416.15
7450
7484.25
7518.1
7552.3
7586.2
7620.45
7654.3
7688.5
7722.35
7756.6
7790.45
7824.65
7858.5
7892.75
7926.6
7960.8
7994.7
-1000
25.6
70.5
117.6
164.1
198.1
228.05
272
319
365.75
404.2
435
475
521.1
561.6
599
634.2
667.95
701.9
735.7
769.8
803.9
837.75
872.05
906
940.25
974.4
1008.7
1042.85
1076.95
1111.1
1145.45
1179.65
1213.95
1248.25
1282.45
1316.8
1351
1385.35
1419.3
1453.7
1487.6
1522.1
1556
1590.45
1624.5
1658.85
1692.8
1727.2
1761.1
1795.55
1829.45
1863.9
1897.8
1932.25
1966.15
2000.6
2034.5
2068.95
2102.85
2137.3
2171.2
2205.65
2239.55
2274
2307.9
2342.35
2375.95
2410.4
2444.1
2478.6
2512.5
2546.95
2580.85
2615.25
2649.2
2683.5
2717.2
2751.65
2785.4
2819.85
2853.45
2887.95
2921.55
2956.05
2989.65
3024.15
3057.75
3092.25
3125.85
3160.35
3193.95
3228.45
3262.05
3296.55
3330.15
3364.65
3398.25
3432.8
3466.75
3501.15
3534.75
3569.3
3602.9
3637.4
3671
3705.5
3739.05
3773.55
3807.15
3841.65
3875.2
3909.7
3943.3
3977.8
4011.35
4045.85
4079.45
4113.95
4147.55
4182.05
4215.65
4250.15
4283.7
4318.2
4351.8
4386.3
4419.85
4454.35
4487.95
4522.45
4556
4590.5
4624.1
4658.6
4692.2
4726.7
4760.3
4794.8
4828.35
4862.85
4896.45
4930.95
4964.5
4999
5032.6
5067.1
5100.7
5135.2
5168.8
5203.3
5236.85
5271.35
5304.95
5339.45
5373
5407.5
5441.1
5475.6
5509.2
5543.7
5577.3
5611.8
5645.35
5679.85
5713.45
5747.95
5781.5
5816
5849.6
5884.1
5917.7
5952.2
5985.8
6020.3
6053.85
6088.35
6121.95
6156.45
6190
6224.5
6258.1
6292.6
6326.2
6360.7
6394.3
6428.8
6462.35
6496.85
6530.45
6564.95
6598.5
6633
6666.6
6701.1
6734.7
6769.2
6802.8
6837.3
6870.85
6905.35
6938.95
6973.45
7007
7041.5
7075.1
7109.6
7143.2
7177.7
7211.3
7245.8
7279.35
7313.85
7347.45
7381.95
7415.5
7450
7483.6
7518.1
7551.7
7586.2
7619.8
7654.3
7687.85
7722.35
7755.95
7790.45
7824
7858.5
7892.1
7926.6
7960.2
7994.7
