83.55
168.85
251.7
338.45
430.5
522.65
576.35
629.45
688.9
754.75
812.4
870.1
931.95
983.45
1041.65
1094.8
1152.1
1209.9
1274.9
1332.55
1401.35
1474.65
1534.55
1572.5
1617.3
1672.2
1728.3
1771.8
1826.7
1884.25
1930.5
1986.25
2050.3
2107.85
2161.8
2228.95
2288.3
2348.5
2426.1
2503.95
2580.35
2658.85
2737.4
2811.3
2869.75
2923.85
2979.55
3029.1
3088.1
3145.65
3212.25
3270.6
3331.35
3407.05
3481.4
3540.4
3587.4
3642.8
3708.05
3765.65
3820.65
3889.7
3948.9
4001.45
4075.8
4145.8
4204.35
4265.3
4342
4420.4
4497.75
4570.5
4628.5
4682.6
4738.55
4783.05
4841.25
4908.25
4983.55
5054.9
5113.4
5159.15
5219.55
5280.75
5356
5433.25
5510.25
5584.65
5645.05
5682.95
5727.95
5781.65
5835.4
5881
5935.3
5989.85
6031.35
6083.65
6138.55
6182.85
6240.7
6310
6385.45
6451.3
6507.35
6575.5
6633.95
6692.3
6753.9
6809.15
6873
6930.7
7001.15
7075.05
7136.55
7180.35
7236.05
7299.9
7357.25
7420.25
7481.95
7530.35
7587.4
7641.8
7709.25
7768.9
7826.25
7904.85
7984.8
-1000
25.6
56.65
102.75
133.8
164.85
200.95
232
277.45
308.5
341.6
371.6
402.65
447.8
478.85
509.9
551.15
598.3
629.35
663.05
710.1
741.15
782.9
820.45
851.1
896.2
927.25
963.7
1009
1040.05
1074.9
1120.45
1151.5
1185.95
1232.8
1263.85
1304.05
1347.45
1378.45
1425.05
1456.1
1500.75
1531.8
1567.2
1604.05
1645.75
1692.5
1723.55
1760.05
1800.8
1847.85
1878.85
1915.75
1958.35
2003.55
2034.6
2077.65
2109.3
2140.55
2186.75
2217.8
2258.15
2290.15
2320.95
2366.7
2397.75
2441.6
2472.65
2503.7
2537.85
2568.9
2609.4
2640.45
2685.25
2716.25
2762.45
2793.45
2837.9
2868.95
2903.45
2949.25
2980.6
3012.5
3056.25
3087.25
3121.8
3168.9
3199.9
3241.05
3277.4
3307.9
3354.85
3385.9
3432.1
3463.1
3507.8
3538.85
3573.65
3615.5
3661.55
3692.55
3735.65
3767.85
3798.35
3845
3876.05
3917.95
3949
3982.4
4027.35
4058.4
4102.55
4133.6
4174.65
4209.65
4239.75
4286.9
4317.95
4365.05
4396.1
4443.25
4474.25
4521.25
4552.3
4596.95
4628
4662.4
4708.1
4739.3
4771.6
4812.15
4852.9
4883.85
4931
4962.05
5008.35
5039.4
5082.45
5113.5
5146.85
5187.9
5218.95
5253.4
5299.35
5330.4
5377.2
5408.25
5455.15
5486.15
5533.05
5564.05
5609.95
5641
5677.1
5714.15
5756.15
5803
5834
5868.75
5909.75
5956.9
5987.95
6022.9
6061.6
6108.15
6139.4
6171.6
6212
6254.95
6285.95
6333.1
6364.1
6410.35
6441.4
6481
6527.8
6558.85
6602.6
6633.65
6667.75
6714.95
6745.95
6784.25
6831.45
6862.5
6902.45
6946.6
6977.65
7024.65
7055.7
7101
7132
7168.4
7209.25
7255.8
7286.85
7328.4
7370.05
7401.05
7446.25
7477.3
7513.75
7557.3
7589.3
7620.1
7666.5
7697.55
7738.25
7769.35
7802.1
7849.25
7880.25
7927.15
7958.2
