43.9
93.8
143.55
192.95
242.85
292.65
342.55
392.2
441.5
492.05
534.65
569.15
601.7
634.4
665.4
698.3
734.55
771.2
806.1
839.65
873.35
907.6
941.95
976.25
1010.6
1044.9
1079.25
1113.65
1148
1182.35
1216.75
1251.15
1285.55
1319.9
1354.3
1388.65
1423.05
1457.45
1491.8
1526.2
1560.6
1594.95
1629.35
1663.75
1698.15
1732.55
1766.95
1801.4
1835.75
1870.15
1904.6
1938.95
1973.35
2007.8
2042.15
2076.6
2110.95
2145.35
2179.8
2214.15
2248.6
2282.95
2317.4
2351.75
2386.2
2420.55
2455
2489.35
2523.8
2558.15
2592.6
2626.95
2661.35
2695.8
2730.15
2764.6
2798.95
2833.4
2867.75
2902.2
2936.55
2971
3005.35
3039.8
3074.15
3108.6
3142.95
3177.4
3211.75
3246.2
3280.55
3315
3349.35
3383.8
3418.15
3452.6
3486.95
3521.4
3555.75
3590.2
3624.55
3659
3693.35
3727.8
3762.15
3796.6
3830.95
3865.4
3899.75
3934.2
3968.55
4003
4037.35
4071.8
4106.15
4140.6
4174.95
4209.4
4243.75
4278.2
4312.55
4347
4381.35
4415.8
4450.15
4484.6
4518.95
4553.4
4587.75
4622.2
4656.55
4691
4725.35
4759.8
4794.15
4828.6
4862.95
4897.4
4931.75
4966.2
5000.55
5035
5069.35
5103.8
5138.15
5172.6
5206.95
5241.4
5275.75
5310.2
5344.55
5379
5413.35
5447.8
5482.15
5516.6
5550.95
5585.4
5619.75
5654.2
5688.55
5723
5757.35
5791.8
5826.15
5860.6
5894.95
5929.4
5963.75
5998.2
6032.55
6067
6101.35
6135.8
6170.15
6204.6
6238.95
6273.4
6307.75
6342.2
6376.55
6411
6445.35
6479.8
6514.15
6548.6
6582.95
6617.4
6651.75
6686.2
6720.55
6755
6789.35
6823.8
6858.15
6892.6
6926.95
6961.4
6995.75
7030.2
7064.55
7099
7133.35
7167.8
7202.15
7236.6
7270.95
7305.4
7339.75
7374.2
7408.55
7443
7477.35
7511.8
7546.15
7580.6
7614.95
7649.4
7683.75
7718.2
7752.55
7787
7821.35
7855.8
7890.15
7924.6
7958.95
7993.4
-1000
25.6
70.3
117.05
163.8
203.7
234.65
273.2
318.55
365.4
411.95
448.65
479.2
520.5
562.7
600.2
635.2
677.45
723.45
763.75
801.85
838.05
872.9
907.25
941.5
975.85
1010.15
1044.5
1078.85
1113.2
1147.55
1181.95
1216.3
1250.7
1285.05
1319.45
1353.8
1388.2
1422.55
1456.95
1491.35
1525.7
1560.1
1594.5
1628.9
1663.3
1697.7
1732.1
1766.5
1800.9
1835.3
1869.7
1904.1
1938.5
1972.9
2007.3
2041.7
2076.1
2110.5
2144.9
2179.3
2213.7
2248.1
2282.5
2316.9
2351.3
2385.7
2420.1
2454.5
2488.9
2523.3
2557.7
2592.1
2626.5
2660.9
2695.3
2729.7
2764.1
2798.5
2832.9
2867.3
2901.7
2936.1
2970.5
3004.9
3039.3
3073.7
3108.1
3142.5
3176.9
3211.3
3245.7
3280.1
3314.5
3348.9
3383.3
3417.7
3452.1
3486.5
3520.9
3555.3
3589.7
3624.1
3658.5
3692.9
3727.3
3761.7
3796.1
3830.5
3864.9
3899.3
3933.7
3968.1
4002.5
4036.9
4071.3
4105.7
4140.1
4174.5
4208.9
4243.3
4277.7
4312.1
4346.5
4380.9
4415.3
4449.7
4484.1
4518.5
4552.9
4587.3
4621.7
4656.1
4690.5
4724.9
4759.3
4793.7
4828.1
4862.5
4896.9
4931.3
4965.7
5000.1
5034.5
5068.9
5103.3
5137.7
5172.1
5206.5
5240.9
5275.3
5309.7
5344.1
5378.5
5412.9
5447.3
5481.7
5516.1
5550.5
5584.9
5619.3
5653.7
5688.1
5722.5
5756.9
5791.3
5825.7
5860.1
5894.5
5928.9
5963.3
5997.7
6032.1
6066.5
6100.9
6135.3
6169.7
6204.1
6238.5
6272.9
6307.3
6341.7
6376.1
6410.5
6444.9
6479.3
6513.7
6548.1
6582.5
6616.9
6651.3
6685.7
6720.1
6754.5
6788.9
6823.3
6857.7
6892.1
6926.5
6960.9
6995.3
7029.7
7064.1
7098.5
7132.9
7167.3
7201.7
7236.1
7270.5
7304.9
7339.3
7373.7
7408.1
7442.5
7476.9
7511.3
7545.7
7580.1
7614.5
7648.9
7683.3
7717.7
7752.1
7786.5
7820.9
7855.3
7889.7
7924.1
7958.5
7992.9
