80.6
164.25
255.05
338.9
428.7
513.45
569.35
606.75
639
671.9
705.25
739.8
772.9
806
838.3
873.05
907.05
953.9
1006.45
1059.1
1097.4
1151.05
1206.8
1258.8
1317.15
1374.05
1434.75
1491.15
1560.35
1620.35
1671.65
1728.75
1777.15
1836.15
1897.95
1970.25
2044.65
2111.5
2169.3
2238.05
2308.2
2366.9
2427.6
2496.75
2555.4
2608.55
2665.25
2724.85
2789.75
2847.95
2908.75
2980.35
3040.3
3094.35
3151.75
3208.05
3268.85
3322.75
3379.75
3432.95
3489.95
3550.2
3620.7
3682.8
3733.65
3790.35
3838.35
3897.8
3958.35
4029.6
4095.95
4153.5
4223.2
4290.05
4347.65
4416.4
4486.75
4545.5
4606.4
4676.2
4734.95
4784.95
4841.9
4896.7
4962.25
5021.95
5083.25
5158.2
5235.4
5308.65
5386.9
5464.2
5536.75
5595.85
5654.3
5719.1
5776.8
5845.65
5916.2
5974.7
6035.7
6105
6166.15
6214.8
6271.75
6328.6
6396.05
6455.75
6510.2
6584.25
6655.25
6714.5
6768.35
6841.9
6909.2
6967.65
7038.25
7112.85
7183.9
7242.3
7294.05
7359.9
7418.85
7490.3
7566.75
7643.45
7718.2
7783.5
7840
7905.95
7964.8
-1000
25.6
56.65
103.5
134.55
170.1
200.4
231.4
278.45
309.5
347.3
378
409.05
454.5
485.55
530.7
561.7
599.95
637.65
672.4
705.15
738.95
773.65
806
843.35
873.45
906.35
940.85
982.4
1029.5
1066
1096.45
1131.05
1176.65
1208.35
1239.55
1284.8
1315.8
1350.5
1397.3
1428.35
1465.8
1512.7
1543.7
1587.3
1618.35
1653.35
1698.05
1729.1
1762.05
1804.85
1835.9
1869.95
1914.4
1945.45
1992.6
2023.65
2069.55
2100.6
2140.8
2184.5
2215.5
2262.25
2293.25
2335.85
2366.9
2400.45
2446.7
2477.75
2522.85
2553.9
2588.65
2634.05
2665.05
2699.05
2746.1
2777.15
2818.45
2855.65
2886.25
2932.95
2964
3007.55
3038.6
3073.45
3119.5
3150.55
3185.2
3231.8
3262.8
3300.05
3346.6
3377.65
3412.7
3458.45
3489.5
3523.85
3570.35
3601.4
3646.65
3677.7
3714.4
3759.65
3790.7
3823.65
3866.25
3897.25
3931.7
3978.4
4009.45
4055.15
4086.2
4125.65
4170.85
4201.9
4248.1
4279.15
4319.25
4362.65
4393.65
4440.45
4471.45
4514.4
4545.45
4579.05
4625
4656.05
4701.75
4732.8
4767.85
4811.85
4844
4874.6
4921.15
4952.2
4991.85
5023.95
5054.6
5097.65
5128.7
5165.9
5196.55
5227.55
5265.9
5296.95
5337.55
5368.55
5413.3
5444.35
5489.85
5520.9
5564.2
5595.25
5629.7
5676.6
5707.6
5748.2
5791.3
5822.3
5869.05
5900.1
5943.5
5974.55
6008.4
6054.55
6085.6
6130.9
6161.9
6198.15
6241.9
6275.8
6305.75
6352.55
6383.6
6424.8
6455.8
6489.2
6535.3
6566.35
6610.85
6641.9
6683.6
6714.65
6747.9
6793.75
6824.75
6868.8
6899.85
6939.1
6982.6
7013.65
7060.8
7091.85
7137.75
7168.8
7211.6
7242.65
7275.65
7320.4
7351.45
7390.15
7432.9
7463.9
7510.75
7541.8
7588.95
7620
7667
7698
7743.7
7774.75
7813.6
7860.1
7891.15
7933.65
7964.65
7998.55
