52.45
104
156.9
209.75
261.3
314.3
367.1
418.7
471.4
524.2
567.45
610.55
653.2
695.25
736.95
778.6
820.15
861.7
903.3
944.85
986.4
1027.95
1066.95
1103.15
1136.65
1169.35
1200.9
1235.05
1273.85
1312.85
1349.35
1382.85
1415.35
1446.8
1481.05
1519.25
1556.95
1591.7
1624.35
1657.45
1689.2
1722.15
1761.1
1802.3
1842.9
1880.75
1916.1
1948.9
1981.85
2013.65
2046.95
2085.7
2126.35
2164.6
2200.25
2233.35
2266
2297.75
2330.8
2369.6
2409.85
2448.65
2484.45
2517.5
2550.1
2581.85
2615.05
2653.75
2693.65
2731.35
2766.1
2798.75
2832
2863.75
2897.2
2936.3
2977.15
3016.15
3052.55
3086.2
3118.6
3150.05
3184.3
3222.3
3259.85
3294.4
3326.8
3360.15
3391.95
3424.95
3463.8
3505.5
3546.55
3585.85
3622.25
3655.75
3688.35
3719.9
3753.6
3791.75
3829.9
3865.35
3898.35
3931.05
3962.8
3995.65
4034.05
4074.4
4113.35
4149.3
4182.65
4215.15
4246.95
4279.95
4318.25
4358
4395.7
4430.4
4463.05
4496.2
4528
4560.9
4599.45
4640.9
4682.05
4721
4757.3
4790.6
4823.05
4854.7
4888.15
4926.35
4964.95
5001.25
5034.75
5067.2
5098.85
5132.55
5170.95
5209.6
5245.65
5278.9
5311.45
5343.1
5376.6
5414.8
5453.5
5489.5
5522.7
5555.3
5587
5620.3
5658.5
5698.1
5735.4
5769.65
5802.1
5835.6
5867.5
5900.4
5938.85
5980.6
6022.25
6062
6098.9
6133.1
6165.6
6199.2
6231.05
6264.4
6303.55
6344.45
6384.1
6421.25
6455.2
6487.75
6521.55
6555.6
6589.2
6621.05
6654.3
6693.4
6735.05
6775.6
6813.85
6849.3
6882.1
6915.05
6946.8
6980.05
7018.8
7059.65
7098.65
7135.05
7168.55
7201
7232.6
7266.35
7304.45
7342.85
7378.35
7411.15
7443.8
7475.6
7508
7544.5
7585.75
7628.15
7668.6
7706.9
7742.35
7775.35
7808.2
7839.95
7873.1
7911.9
7952.5
7991.2
-1000
25.6
71.8
102.8
137.5
182.8
229.25
260.3
294.9
340.05
385.95
417
451.85
497.2
543.25
590.4
636.05
679.95
722.9
765.1
806.95
848.45
890.15
931.75
973.3
1014.85
1056.4
1096.4
1134.1
1169.4
1212.65
1259.05
1301.65
1342.05
1380.05
1415.45
1459.5
1505.6
1547.55
1586.8
1623.4
1658.05
1695.55
1740.95
1786.65
1829.8
1871.35
1910.65
1947.5
1982.25
2021.9
2068.7
2112.65
2154.6
2194.25
2231.45
2266.5
2305.15
2351.6
2396.15
2438.1
2478.1
2515.5
2550.55
2590.25
2637.05
2680.85
2722.25
2761.25
2797.8
2832.4
2871.85
2918.6
2962.95
3005.2
3045.3
3083.2
3118.7
3162.55
3208.95
3250.55
3289.8
3326.25
3360.8
3397.95
3442.55
3488.75
3532.55
3574.55
3615
3652.95
3688.4
3730.8
3777.5
3819.8
3859.4
3896.5
3931.5
3969.55
4015.6
4060.4
4102.5
4142.7
4180.25
4215.5
4254.75
4301.45
4345.25
4386.65
4425.7
4462.15
4496.85
4533.85
4578.45
4624.55
4667.95
4710.15
4750.2
4788
4823.3
4864.55
4911.45
4954.15
4994.25
5032.05
5067.45
5109.45
5156
5198.7
5238.8
5276.55
5311.75
5353.2
5400.05
5442.65
5482.85
5520.45
5555.6
5595.6
5642.45
5685.85
5726.8
5765.6
5801.75
5836.1
5873.2
5917.15
5963.55
6007.55
6050.15
6090.9
6129.25
6165.25
6199.5
6238.7
6285.2
6329.95
6372.4
6413.1
6451.6
6487.5
6521.55
6555.15
6589.55
6627.7
6673.3
6719
6762.4
6804.05
6843.55
6880.6
6915.4
6954.4
7000.95
7045.4
7087.7
7127.85
7165.75
7201.2
7243.7
7290.4
7332.6
7372.35
7409.5
7444.5
7480.1
7520.7
7567.7
7612.3
7655.55
7697.1
7736.6
7773.6
7808.55
7847.4
7893.85
7938.4
7980.6
