48.7
95.35
142
188.65
235.3
281.95
328.6
375.25
421.9
468.55
515.2
552.05
588.6
624.95
661.3
697.6
734
770.4
806.8
843.25
879.75
916.25
952.8
989.3
1025.85
1061.8
1097.3
1132.6
1167.65
1202.75
1237.6
1272.5
1307.4
1342.35
1377.25
1412.2
1447.15
1482.1
1517
1552
1586.95
1621.9
1656.85
1691.8
1726.75
1761.75
1796.7
1831.65
1866.65
1901.6
1936.6
1971.55
2006.5
2041.5
2076.45
2111.45
2146.45
2181.4
2216.35
2251.35
2286.3
2321.3
2356.05
2390.85
2425.5
2460.3
2495.1
2529.95
2564.7
2599.55
2634.3
2669.15
2703.9
2738.75
2773.55
2808.3
2843.15
2877.9
2912.75
2947.55
2982.35
3017.1
3051.95
3086.75
3121.5
3156.35
3191.15
3225.95
3260.7
3295.55
3330.35
3365.1
3399.95
3434.75
3469.55
3504.35
3539.15
3573.9
3608.75
3643.55
3678.35
3713.1
3747.95
3782.75
3817.55
3852.35
3887.15
3921.95
3956.7
3991.55
4026.35
4061.15
4095.9
4130.75
4165.55
4200.35
4235.1
4269.95
4304.75
4339.55
4374.3
4409.15
4443.95
4478.75
4513.55
4548.35
4583.1
4617.95
4652.75
4687.55
4722.35
4757.1
4791.95
4826.75
4861.55
4896.3
4931.15
4965.95
5000.75
5035.55
5070.35
5105.1
5139.95
5174.75
5209.5
5244.35
5279.15
5313.95
5348.75
5383.55
5418.3
5453.15
5487.95
5522.75
5557.55
5592.35
5627.15
5661.9
5696.75
5731.55
5766.35
5801.1
5835.95
5870.75
5905.55
5940.3
5975.15
6009.95
6044.7
6079.55
6114.35
6149.15
6183.95
6218.75
6253.5
6288.35
6323.15
6357.95
6392.75
6427.55
6462.3
6497.15
6531.95
6566.75
6601.5
6636.35
6671.15
6705.95
6740.7
6775.55
6810.35
6845.15
6879.95
6914.75
6949.5
6984.35
7019.15
7053.95
7088.75
7123.55
7158.3
7193.15
7227.95
7262.75
7297.55
7332.35
7367.15
7401.9
7436.75
7471.55
7506.35
7541.15
7575.9
7610.75
7645.55
7680.35
7715.1
7749.95
7784.75
7819.55
7854.3
7889.15
7923.95
7958.75
7993.5
-1000
25.6
72.5
119.35
166.1
212.85
259.55
306.2
352.9
399.55
446.2
492.85
539.5
580.75
619.05
656.15
692.85
729.4
765.75
802.2
838.65
875.1
911.5
947.95
984.5
1020.95
1057.55
1093.7
1129.6
1165.1
1200.4
1235.6
1270.6
1305.6
1340.5
1375.45
1410.35
1445.3
1480.2
1515.15
1550.1
1585.05
1620
1654.95
1689.9
1724.8
1759.8
1794.8
1829.7
1864.7
1899.7
1934.65
1969.65
2004.55
2039.55
2074.5
2109.5
2144.45
2179.45
2214.45
2249.4
2284.4
2319.3
2354.3
2389.2
2424.05
2458.8
2493.6
2528.4
2563.2
2598
2632.8
2667.6
2702.4
2737.2
2772
2806.8
2841.6
2876.4
2911.2
2946
2980.8
3015.6
3050.4
3085.2
3120
3154.8
3189.6
3224.4
3259.2
3294
3328.8
3363.6
3398.4
3433.2
3468
3502.8
3537.6
3572.4
3607.2
3642
3676.8
3711.6
3746.4
3781.2
3816
3850.8
3885.6
3920.4
3955.2
3990
4024.8
4059.6
4094.4
4129.2
4164
4198.8
4233.6
4268.4
4303.2
4338
4372.8
4407.6
4442.4
4477.2
4512
4546.8
4581.6
4616.4
4651.2
4686
4720.8
4755.6
4790.4
4825.2
4860
4894.8
4929.6
4964.4
4999.2
5034
5068.8
5103.6
5138.4
5173.2
5208
5242.8
5277.6
5312.4
5347.2
5382
5416.8
5451.6
5486.4
5521.2
5556
5590.8
5625.6
5660.4
5695.2
5730
5764.8
5799.6
5834.4
5869.2
5904
5938.8
5973.6
6008.4
6043.2
6078
6112.8
6147.6
6182.4
6217.2
6252
6286.8
6321.6
6356.4
6391.2
6426
6460.8
6495.6
6530.4
6565.2
6600
6634.8
6669.6
6704.4
6739.2
6774
6808.8
6843.6
6878.4
6913.2
6948
6982.8
7017.6
7052.4
7087.2
7122
7156.8
7191.6
7226.4
7261.2
7296
7330.8
7365.6
7400.4
7435.2
7470
7504.8
7539.6
7574.4
7609.2
7644
7678.8
7713.6
7748.4
7783.2
7818
7852.8
7887.6
7922.4
7957.2
7992
