49.8
103.7
160.05
214.25
271.15
325.05
381.15
435.25
492.6
534.7
574.65
612.3
646.3
678.05
709.4
743.7
782.35
820.15
854.15
885.95
917.35
951.55
990.25
1027.85
1061.6
1093.3
1124.85
1158.2
1197.4
1236.45
1272.25
1304.4
1336.6
1368.95
1403.75
1445.75
1489.9
1533.55
1575.55
1615.25
1651.8
1684.4
1716.4
1748.35
1780.4
1813.05
1845.9
1879.4
1915.05
1949.4
1984.1
2018.75
2053.4
2088.05
2122.65
2157.3
2191.95
2226.55
2261.15
2295.75
2330.4
2365
2399.7
2434.3
2468.9
2503.6
2538.15
2572.55
2607.2
2641.75
2676.35
2710.9
2745.5
2780.1
2814.65
2849.2
2883.8
2918.55
2952.9
2987.55
3022.2
3056.65
3091.25
3125.8
3160.4
3194.95
3229.5
3264.1
3298.7
3333.25
3367.75
3402.35
3436.9
3471.5
3506.05
3540.6
3575.2
3609.75
3644.3
3678.9
3713.4
3748
3782.55
3817.15
3851.7
3886.3
3920.85
3955.45
3989.95
4024.55
4059.15
4093.7
4128.25
4162.85
4197.4
4232
4266.5
4301.1
4335.7
4370.25
4404.8
4439.4
4473.95
4508.55
4543.05
4577.45
4612.05
4646.55
4681.05
4715.6
4750.15
4784.65
4819.2
4853.7
4888.25
4922.8
4957.3
4991.85
5026.35
5060.9
5095.45
5130
5164.55
5199
5233.55
5268.05
5302.55
5337.1
5371.65
5406.2
5440.75
5475.25
5509.8
5544.35
5578.9
5613.45
5647.95
5682.5
5717.05
5751.6
5786.15
5820.65
5855.2
5889.7
5924.25
5958.75
5993.3
6027.85
6062.4
6096.95
6131.5
6166
6200.55
6235.05
6269.6
6304.1
6338.65
6373.2
6407.75
6442.3
6476.85
6511.35
6545.9
6580.4
6614.95
6649.45
6684
6718.55
6753.1
6787.65
6822.2
6856.7
6891.25
6925.75
6960.3
6994.8
7029.35
7063.9
7098.45
7133
7167.55
7202.05
7236.6
7271.1
7305.65
7340.15
7374.7
7409.25
7443.8
7478.35
7512.9
7547.4
7581.95
7616.45
7651
7685.5
7720.05
7754.6
7789.15
7823.7
7858.25
7892.75
7927.3
7961.8
7996.35
-1000
25.6
72.75
103.8
137.2
184.05
215.55
247.05
293.9
324.95
358.65
405.35
438.45
468.45
515.55
560.7
602.8
642.05
678.3
721.7
768.15
810.4
849.85
886.15
929.25
975.6
1018.15
1057.6
1093.75
1133.9
1180.55
1224.4
1265.3
1303.1
1340.65
1377.9
1424.25
1470.55
1515.85
1560.25
1603.15
1644.1
1682.35
1718.75
1749.45
1781.85
1813.15
1846.8
1878.85
1913.35
1948.2
1982.85
2017.5
2052.2
2086.85
2121.5
2156.15
2190.75
2225.35
2260
2294.65
2329.3
2363.9
2398.55
2433.2
2467.8
2502.4
2537.05
2571.65
2606.25
2640.8
2675.4
2710
2744.55
2779.15
2813.7
2848.3
2882.8
2917.35
2952
2986.55
3021.1
3055.75
3090.3
3124.9
3159.45
3194.05
3228.6
3263.2
3297.7
3332.25
3366.85
3401.45
3436
3470.55
3505.15
3539.7
3574.3
3608.8
3643.4
3677.95
3712.5
3747.1
3781.65
3816.25
3850.8
3885.4
3919.95
3954.5
3989.1
4023.65
4058.2
4092.8
4127.35
4161.95
4196.5
4231.05
4265.65
4300.2
4334.75
4369.35
4403.9
4438.5
4473.05
4507.6
4542.2
4576.75
4611.3
4645.8
4680.35
4714.85
4749.35
4783.9
4818.45
4853
4887.5
4922
4956.55
4991.1
5025.65
5060.15
5094.7
5129.25
5163.75
5198.25
5232.8
5267.3
5301.85
5336.35
5370.9
5405.45
5440
5474.55
5509.05
5543.6
5578.15
5612.7
5647.2
5681.75
5716.3
5750.85
5785.4
5819.9
5854.4
5888.95
5923.5
5958.05
5992.55
6027.1
6061.65
6096.2
6130.75
6165.25
6199.75
6234.3
6268.85
6303.4
6337.9
6372.45
6407
6441.55
6476.1
6510.6
6545.1
6579.65
6614.2
6648.75
6683.25
6717.8
6752.35
6786.9
6821.45
6855.95
6890.45
6925
6959.55
6994.1
7028.6
7063.15
7097.7
7132.25
7166.8
7201.3
7235.8
7270.35
7304.9
7339.45
7373.95
7408.5
7443.05
7477.6
7512.15
7546.65
7581.15
7615.7
7650.25
7684.8
7719.3
7753.85
7788.4
7822.95
7857.5
7892
7926.5
7961.05
7995.6
