46.7
98.85
149.85
202.1
254.4
305.8
359.1
411.2
462.45
515.45
554
589.75
622.75
655.1
686.5
719.7
757.45
796.7
833.6
867.8
900.35
934.2
968.45
1002.05
1033.75
1067.25
1106
1146.45
1185
1221
1254.2
1286.85
1318.45
1352.1
1390.1
1429.1
1465.5
1499.3
1531.9
1565.8
1599.7
1633.65
1667.4
1698.95
1733.2
1772.05
1811.65
1848.95
1883.65
1916.45
1949.85
1981.55
2015.1
2053.65
2093.85
2132.05
2167.35
2200.35
2233.45
2265.15
2298.7
2336.9
2376.4
2413.35
2447.8
2480.5
2514.05
2545.8
2579.25
2617.95
2658.45
2697.1
2733.15
2766.45
2799.3
2830.85
2864.85
2903.1
2941.6
2977.5
3010.8
3043.5
3075.05
3108.95
3146.85
3185.05
3220.8
3254
3286.8
3318.45
3351.9
3389.95
3428.75
3464.75
3498.45
3531.25
3565.3
3599.05
3630.7
3665
3703.8
3743.85
3781.65
3816.7
3849.6
3882.8
3914.5
3947.85
3986.25
4026.05
4063.75
4098.85
4131.7
4164.9
4196.65
4230.15
4268.75
4308.5
4345.95
4380.65
4413.45
4446.8
4478.45
4512.1
4550.7
4590.7
4628.6
4663.65
4696.55
4729.75
4761.45
4794.95
4833.4
4873.15
4910.9
4945.95
4978.85
5012.05
5043.75
5077.65
5116.3
5155.75
5193
5227.5
5260.25
5293.75
5325.5
5358.9
5397.55
5438.1
5476.8
5513.1
5546.7
5579.5
5613.55
5647.25
5678.95
5712.6
5751.5
5791.8
5830.05
5865.6
5898.95
5931.8
5963.4
5997.45
6035.55
6074.25
6110.3
6143.95
6176.6
6210.45
6244.05
6275.85
6309.2
6347.95
6388.6
6427.3
6463.4
6497
6529.75
6563.85
6597.7
6629.25
6663.65
6702.6
6742.55
6780.15
6814.85
6847.6
6881
6912.75
6946.1
6984.75
7025.25
7063.95
7100.15
7133.6
7166.35
7200.45
7234.05
7265.85
7299.4
7338.05
7378.25
7416.85
7452.6
7486
7518.85
7550.4
7584.15
7622.2
7660.75
7696.6
7730.15
7762.95
7797.05
7830.75
7862.5
7896.15
7934.95
7975.5
-1000
25.6
71.75
117.65
148.65
183.3
228.3
275.25
306.35
338.95
384.65
431.35
462.4
496
541.3
582.5
620.45
655.8
695.85
742.75
785.2
825.75
864.05
900
934.2
967.75
1002.3
1042.7
1089.6
1133.2
1174.75
1214.55
1252.05
1287.15
1328.8
1375.65
1417.95
1458.3
1496.15
1531.8
1565.6
1599.6
1633.3
1667.5
1710.05
1756.9
1799.75
1840.55
1879.2
1915.55
1950.05
1990.65
2037.3
2080.85
2122.4
2161.85
2198.8
2233.6
2274.95
2321.85
2364.5
2405.3
2443.65
2479.8
2514.35
2554.05
2600.85
2644.85
2686.7
2726.6
2764.15
2799.35
2842.4
2888.8
2931.1
2971.05
3008.55
3043.65
3086.55
3133.15
3175.1
3214.75
3252
3287
3328.5
3375.35
3417.85
3458.05
3495.6
3531.1
3564.95
3599.2
3641.45
3688.35
3731.4
3772.6
3811.65
3848.3
3883
3923.3
3970.2
4013.6
4054.65
4093.75
4130.45
4165.15
4206.3
4253.2
4296.3
4337.2
4376.1
4412.5
4447.05
4487.9
4534.6
4577.85
4619.3
4658.5
4695.25
4729.95
4770.35
4817.3
4860.7
4901.9
4940.95
4977.6
5012.25
5054.15
5101
5143.95
5184.75
5223.35
5259.5
5294.05
5333.55
5380.25
5424.4
5466.35
5506.25
5544
5579.4
5613.1
5647.45
5688
5734.95
5778.6
5820.25
5859.75
5896.8
5931.9
5975.1
6021.65
6063.6
6103.55
6141.25
6176.6
6210.1
6244.35
6283.8
6330.45
6374.55
6416.7
6456.7
6494.3
6529.7
6563.4
6597.75
6640.7
6687.45
6730.3
6771.35
6810.25
6846.65
6881.25
6920.6
6967.25
7011.5
7053.45
7093.3
7130.95
7166.3
7199.9
7234.35
7274.6
7321.2
7365.05
7406.7
7446.4
7483.75
7518.9
7561.4
7608.1
7650.3
7690.2
7727.6
7762.9
7796.6
7831
7871
7917.8
7961.7
