109.8
225.15
342.3
456
570.65
642.6
712.3
767.05
812.65
846.05
879
928.75
985.6
1035.4
1093.65
1142.8
1221.15
1299.5
1368.3
1419.7
1474.55
1507
1565
1642.15
1720.05
1794.55
1850.55
1883.5
1927.85
1982.35
2056.6
2128.6
2184
2243.7
2298.35
2371.2
2435.75
2470.2
2500.85
2538.15
2570.85
2604.9
2637.45
2670.6
2702.55
2739.55
2791.1
2825.25
2861.8
2893.2
2939.85
2977.25
3007.4
3039.55
3072.6
3105.35
3138.15
3171.05
3203.55
3237.75
3270.7
3304.2
3339.25
3371.6
3412.85
3443.35
3476.15
3509.8
3541.15
3581.25
3637.85
3669.75
3711.5
3747.55
3778.5
3812.1
3844.55
3879.7
3915.9
3963.45
4015.45
4070.6
4104.35
4151.35
4202.1
4256.85
4289.85
4323.95
4371.3
4426.05
4500.15
4575.85
4633.2
4665.65
4702.9
4732.75
4772.9
4832.25
4890.85
4946.4
5029.5
5124.55
5203.5
5275.45
5330.7
5394.2
5450.25
5516.4
5587.5
5642.85
5715.7
5791
5848.45
5881.55
5915.35
5948.85
5982
6014.85
6048.35
6082.35
6118.95
6149.4
6191.85
6249.1
6332.75
6417.5
6502.35
6580.15
6628.1
6689.55
6722.25
6784.05
6862.1
6924.65
7013.85
7102.15
7174.55
7239.1
7292.4
7377.3
7470.5
7552.2
7633.25
7712.95
7782.55
7861.05
7938.35
-1000
25.6
56.65
87.7
134.05
165.05
196.1
237.1
268.05
299.1
330.15
371
402.05
433.1
479.9
510.95
542
584.9
615.9
662.55
693.6
738.5
781.8
812.85
846.05
879.75
912.1
955.85
990.25
1020.25
1063.1
1094.2
1126.85
1170.05
1201.1
1246.55
1277.6
1324.1
1355.1
1396.75
1443.6
1474.6
1509.25
1539.7
1586.85
1617.9
1665.05
1696.1
1743.2
1774.2
1819.8
1850.85
1883.9
1916.8
1957.1
2004.25
2035.3
2081.55
2112.55
2155.95
2200.35
2231.4
2272.45
2319.5
2350.55
2396.5
2427.5
2466.1
2507.45
2537.85
2574.9
2604.85
2640.2
2670.35
2712.75
2759.1
2790.1
2824.7
2859.2
2898.3
2928.4
2968.9
3007.55
3043.6
3074.55
3105.3
3139.5
3170.9
3208.15
3238.2
3271.05
3304
3338
3374.1
3404.4
3443.1
3478.65
3508.9
3554.65
3601.3
3632.35
3669.25
3703.65
3742
3779
3811.75
3850.7
3885.5
3915.75
3949.55
3991.65
4038.7
4069.75
4104.3
4138
4179.75
4226.4
4257.55
4290
4323.35
4357.8
4399.6
4446.05
4477.1
4524
4555
4600.85
4631.9
4667.35
4698.35
4744.6
4787.95
4818.95
4860.65
4892.3
4923.6
4970.2
5001.25
5045.55
5076.6
5107.65
5151.5
5182.55
5228.6
5259.65
5302.85
5347.7
5378.75
5421.8
5465.4
5496.45
5542
5573.05
5615.45
5661.4
5692.45
5739.4
5770.45
5816.35
5847.4
5882.05
5914.7
5949.2
5982.1
6015.55
6047.95
6082.25
6115.95
6161.85
6193.95
6224.55
6271.7
6302.75
6335.1
6365.5
6396.55
6442.6
6473.65
6516.3
6547.3
6578.35
6613.25
6655.75
6686.8
6722.2
6755.9
6800.4
6831.45
6862.5
6895.35
6934.35
6965.2
6996.25
7040.55
7071.6
7102.75
7135.3
7166.3
7204.9
7235.95
7271.55
7317.6
7348.6
7391.45
7422.45
7453.5
7497.45
7528.45
7575.5
7606.55
7653.15
7684.2
7726.75
7757.75
7804.95
7835.95
7883.15
7914.2
7961.3
7992.35
