41.85
90
138.15
186.25
234.3
282.3
330.2
377.9
425.9
474
522.15
555.95
589.25
621.85
655.15
686.25
718.7
754.55
791
825.95
860.1
894.05
928.35
962.75
997.2
1031.7
1066.15
1100.6
1135.1
1169.6
1204.05
1238.55
1273.05
1307.55
1342.05
1376.55
1411.05
1445.55
1480.1
1514.6
1549.1
1583.55
1618.1
1652.6
1687.1
1721.6
1756.1
1790.6
1825.1
1859.6
1894.05
1928.6
1963.1
1997.6
2032.1
2066.6
2101.1
2135.6
2170.1
2204.6
2239.1
2273.6
2308.1
2342.6
2377.1
2411.6
2446.1
2480.6
2515.1
2549.6
2584.1
2618.6
2653.1
2687.6
2722.1
2756.6
2791.1
2825.6
2860.1
2894.55
2929.1
2963.6
2998.1
3032.6
3067.1
3101.6
3136.1
3170.6
3205.1
3239.6
3274.1
3308.65
3343.15
3377.65
3412.15
3446.65
3481.15
3515.65
3550.15
3584.65
3619.15
3653.7
3688.2
3722.7
3757.2
3791.7
3826.2
3860.7
3895.2
3929.7
3964.2
3998.75
4033.25
4067.75
4102.25
4136.75
4171.25
4205.75
4240.25
4274.75
4309.25
4343.8
4378.3
4412.8
4447.3
4481.8
4516.3
4550.8
4585.3
4619.8
4654.3
4688.85
4723.35
4757.85
4792.35
4826.85
4861.35
4895.85
4930.35
4964.85
4999.35
5033.9
5068.4
5102.9
5137.4
5171.9
5206.4
5240.9
5275.4
5309.9
5344.4
5378.95
5413.45
5447.95
5482.45
5516.95
5551.45
5585.95
5620.45
5654.95
5689.45
5724
5758.5
5793
5827.5
5862
5896.5
5931
5965.5
6000
6034.5
6069.05
6103.55
6138.05
6172.55
6207.05
6241.55
6276.05
6310.55
6345.05
6379.55
6414.1
6448.6
6483.1
6517.6
6552.1
6586.6
6621.1
6655.6
6690.1
6724.6
6759.15
6793.65
6828.15
6862.65
6897.15
6931.65
6966.15
7000.65
7035.15
7069.65
7104.2
7138.7
7173.2
7207.7
7242.2
7276.7
7311.2
7345.7
7380.2
7414.7
7449.25
7483.75
7518.25
7552.75
7587.25
7621.75
7656.25
7690.75
7725.25
7759.75
7794.3
7828.8
7863.3
7897.8
7932.3
7966.8
-1000
25.6
69.1
115.15
161.75
208.95
256.1
302.7
348.5
387.1
417.9
456.35
500.65
547
585.95
621.65
655.75
699.1
744.45
784.05
821.85
857.95
893
927.6
962.15
996.65
1031.15
1065.6
1100.05
1134.5
1168.95
1203.45
1237.95
1272.45
1306.95
1341.45
1375.95
1410.45
1444.95
1479.45
1513.95
1548.45
1582.95
1617.45
1651.95
1686.45
1720.95
1755.4
1789.9
1824.35
1858.9
1893.4
1927.9
1962.45
1996.95
2031.45
2065.95
2100.45
2134.95
2169.45
2203.9
2238.4
2272.9
2307.45
2341.9
2376.35
2410.9
2445.4
2479.95
2514.45
2548.95
2583.45
2617.95
2652.45
2686.9
2721.4
2755.9
2790.4
2824.85
2859.4
2893.9
2928.4
2962.95
2997.45
3031.95
3066.45
3100.9
3135.45
3169.95
3204.4
3238.95
3273.45
3307.95
3342.5
3377
3411.5
3446
3480.5
3514.95
3549.5
3584
3618.5
3653.05
3687.55
3722.05
3756.55
3791.05
3825.55
3860
3894.55
3929.05
3963.55
3998.1
4032.6
4067.1
4101.6
4136.1
4170.6
4205.05
4239.6
4274.1
4308.6
4343.15
4377.65
4412.15
4446.65
4481.15
4515.65
4550.1
4584.65
4619.15
4653.65
4688.2
4722.7
4757.2
4791.7
4826.2
4860.7
4895.15
4929.7
4964.2
4998.7
5033.25
5067.75
5102.25
5136.75
5171.25
5205.75
5240.2
5274.75
5309.25
5343.75
5378.3
5412.8
5447.3
5481.8
5516.3
5550.8
5585.25
5619.8
5654.3
5688.8
5723.35
5757.85
5792.35
5826.85
5861.35
5895.85
5930.3
5964.85
5999.35
6033.85
6068.4
6102.9
6137.4
6171.9
6206.4
6240.9
6275.35
6309.9
6344.4
6378.9
6413.45
6447.95
6482.45
6516.95
6551.45
6585.95
6620.4
6654.95
6689.45
6723.95
6758.5
6793
6827.5
6862
6896.5
6931
6965.45
7000
7034.5
7069
7103.55
7138.05
7172.55
7207.05
7241.55
7276.05
7310.5
7345.05
7379.55
7414.05
7448.6
7483.1
7517.6
7552.1
7586.6
7621.1
7655.55
7690.1
7724.6
7759.1
7793.65
7828.15
7862.65
7897.15
7931.65
7966.15
