60.1
120.35
188.65
251.25
311.6
378.8
445.35
505.45
547.05
593.25
643.3
694.35
744.9
793.9
844.45
895.9
946.2
987.05
1033.75
1079.65
1123.65
1165.3
1202.3
1233.25
1264.6
1301.25
1345.45
1389.95
1433.15
1473.65
1508.7
1539.2
1570.7
1604.65
1646.2
1686
1720
1750.2
1782.6
1817.75
1860.6
1901.9
1939.05
1969.85
2001.1
2038
2081.1
2123.6
2162.65
2195.25
2225.55
2261.1
2304.25
2346.35
2385.65
2418.7
2448.9
2483.45
2526.45
2569.2
2609.15
2644.05
2674.5
2706.05
2739.1
2780.55
2822.45
2860.95
2893
2923.05
2959.65
3001.95
3041.85
3076.05
3106.35
3138.25
3169.9
3202.1
3234.35
3266.95
3299.9
3332.4
3366.05
3399.05
3431.75
3464.4
3497.4
3532.2
3565.45
3598.1
3630.85
3663.45
3696.95
3730.45
3763
3795.9
3829.95
3863.8
3895.9
3930.4
3971.6
4018.45
4070.05
4125.75
4184.25
4240.9
4297.05
4355
4413.9
4475.7
4535.25
4596.55
4663.3
4726.8
4787.2
4850.3
4913.55
4976.65
5040.55
5103.7
5166.8
5229.95
5293.1
5356.2
5419.75
5482.55
5548.25
5616.35
5678.75
5739.1
5806.05
5873.1
5933.3
5994.25
6062.5
6124.8
6185.1
6252.65
6317.95
6378.2
6440.35
6508.55
6572.65
6633.05
6696.2
6759.35
6822.45
6885.9
6948.95
7013.05
7076.2
7139.3
7202.3
7265.4
7328.3
7391.45
7454.6
7517.85
7581
7644.9
7708.05
7771.15
7834.25
7897.45
7960.35
-1000
25.6
56.65
92.4
137.05
168.1
213.95
245
282.4
322.3
353.2
400
431.05
473.4
504.4
539
577.4
620.7
667.45
713.9
744.95
778.35
821.45
868.05
913.3
944.3
979.3
1017.6
1061.05
1105.95
1150.3
1193.05
1232.25
1278
1324.65
1370.65
1415.75
1459.75
1501.85
1539.6
1580.9
1627.85
1672.6
1714.35
1754.55
1794.45
1841.35
1886.55
1929.55
1968.85
2015.4
2062.1
2107.2
2150.8
2191.6
2237.55
2284.5
2330
2373.4
2414.45
2458.9
2505.9
2551.8
2595.95
2637.45
2675.2
2713.3
2759.7
2805.75
2849.35
2889.9
2937.65
2984.2
3028.6
3070.3
3108.5
3139.6
3173
3203.75
3234.85
3267.75
3299.95
3334.65
3365.1
3399.85
3432.2
3465.3
3497.35
3531.05
3565.7
3599.15
3630.95
3665.2
3696.1
3730.65
3764.55
3795.75
3829.65
3863.85
3902.2
3943.5
3988.1
4019.45
4051.35
4096.3
4134.1
4164.8
4210.1
4241.15
4274.3
4320.85
4351.9
4387.5
4434.3
4465.3
4505.2
4537.45
4567.9
4610.9
4641.9
4687.95
4719
4757.3
4790.15
4820.2
4852.2
4883
4914.1
4946.8
4980.15
5010.1
5041.3
5073.65
5105.85
5136.4
5167.7
5199.75
5231.5
5262.65
5293.8
5326.25
5358.9
5389.05
5420.15
5453
5489.5
5520
5564.3
5595.35
5641.45
5672.5
5709.85
5749.05
5779.95
5826.55
5857.6
5900.65
5931.7
5966.5
6011.55
6042.6
6088.15
6119.2
6156.1
6197.5
6228.45
6275.35
6306.4
6347
6378.05
6411.85
6455.3
6486.35
6532.7
6563.75
6602.75
6634.05
6666
6697.65
6728.9
6760.1
6792.45
6824.9
6855.2
6886.3
6919.15
6952.9
6982.85
7014.45
7045.85
7077.1
7109.2
7141
7172
7203.45
7235.15
7266.55
7298.3
7330.65
7361.05
7392.25
7424.55
7456.5
7487.3
7518.4
7551.1
7584.55
7614.45
7645.65
7678
7710.15
7740.75
7772
7804.1
7835.85
7866.95
7898.15
7930.6
7965.05
7995.1
