58.95
121.75
190.25
252.35
319.7
381.8
450
512.45
557.65
611.55
663.25
715.8
771.9
831
888.25
943.8
1004.05
1063.7
1131.1
1195.2
1255.05
1322.25
1391.3
1455
1515.3
1583.8
1652.6
1714.9
1775.25
1844.5
1911.7
1972.55
2034.9
2103.35
2170.95
2231.6
2293.65
2362
2428.3
2488.6
2549.65
2620.65
2689.95
2751.95
2812.3
2882.6
2951.3
3012.2
3074.1
3143.55
3213.25
3276.25
3336.55
3406.25
3475.9
3538.5
3599.05
3668.4
3736.85
3798.5
3859.25
3928.2
3995.45
4056.15
4119.1
4187.05
4255.7
4318.35
4378.2
4447
4513
4573.4
4635.35
4705.4
4777.2
4845.2
4905.95
4968.7
5038.55
5110.05
5178.5
5239.95
5301.3
5372.3
5442.4
5505.25
5565.9
5635.9
5707.55
5774.65
5835.7
5898.5
5968.55
6040.25
6107.15
6168.2
6231.4
6300.45
6372.4
6441.8
6503.9
6564.25
6635.65
6704.65
6766.7
6827.4
6898.35
6968
7030.75
7091.35
7161.65
7232.25
7295.45
7356.15
7425.25
7496.6
7564.1
7625.15
7687.9
7756.9
7828.25
7894.8
7955.85
-1000
25.6
56.65
91.85
124.8
154.8
185.85
222.15
253.85
285.05
316.1
351.95
385.45
415.4
446.4
482.3
514.1
545.1
586.35
633.5
668.35
698.45
742.6
781.8
812.65
857.4
888.45
921.7
968.25
999.3
1035.8
1080.85
1111.9
1156.9
1187.95
1225.9
1266.2
1297.15
1344.3
1375.35
1418.55
1449.55
1486.45
1528.75
1559.75
1606.85
1637.9
1680.5
1711.5
1747.3
1792.2
1823.25
1869.45
1900.5
1940.9
1971.95
2006.45
2050.25
2081.25
2127.8
2158.85
2199.8
2230.85
2265.4
2309.8
2340.8
2386.95
2418
2457.85
2488.9
2521.9
2567.25
2598.3
2644.95
2675.95
2718.05
2749.1
2784.55
2829.9
2860.95
2907.3
2938.35
2979.85
3010.9
3045.6
3089
3120
3167
3198.05
3240.95
3271.95
3308.2
3352.3
3383.35
3430.15
3461.2
3503.8
3534.8
3570.7
3614.75
3645.75
3692.5
3723.55
3765.25
3796.25
3831.4
3876.55
3907.6
3953.5
3984.5
4024.75
4055.75
4090.1
4131.65
4162.65
4209.8
4240.85
4283.5
4314.5
4350.5
4396.05
4427.05
4472.65
4503.7
4542.9
4574.1
4606.5
4648
4678.95
4725.75
4756.8
4802.4
4833.45
4874.2
4905.25
4939.7
4980.85
5011.8
5058.05
5089.1
5134.95
5166
5207.1
5238.1
5273.05
5316.85
5347.9
5395.05
5426.1
5469.65
5500.7
5537.1
5578.8
5609.8
5656.8
5687.8
5733.3
5764.3
5804.2
5835.2
5869.6
5911.65
5942.6
5989.35
6020.35
6065.9
6096.95
6136.75
6167.75
6202.15
6242.2
6273.1
6319.1
6350.1
6396.75
6427.8
6469.9
6500.9
6536.4
6581.65
6612.7
6659.55
6690.6
6732.8
6763.8
6799.3
6843.95
6875
6921.95
6953
6995.75
7026.75
7062.85
7106.35
7137.4
7184.55
7215.55
7259.35
7290.4
7327.05
7367.75
7398.7
7445.45
7476.5
7522.15
7553.2
7593.4
7624.45
7658.9
7699.8
7730.75
7777.35
7808.4
7853.75
7884.8
7924.4
7955.45
7989.75
