58.3
121.35
188.4
251.1
318.4
382.45
448.55
511.15
555.55
608.05
660.5
710.5
764
818.75
874.5
931.2
990.4
1050.65
1110.05
1176.15
1241.7
1301.7
1362.85
1432.95
1500.7
1561.45
1623.6
1693.35
1762.15
1823.5
1883.7
1953.15
2019.15
2079.9
2142.15
2212.6
2282.8
2346.85
2407.55
2474.15
2538.35
2601.3
2670.15
2740.9
2809.9
2870.6
2931.9
3003.05
3071.4
3132.55
3193.55
3264.85
3334
3395.55
3456.1
3527.3
3596.25
3657.75
3718.35
3789.3
3857.25
3918.15
3979.9
4050.55
4119.95
4181
4241.35
4312.65
4379.95
4440.75
4502.7
4573.55
4642.2
4703.6
4764.3
4835.15
4902.6
4963.45
5025.55
5096.35
5166.5
5229
5289.1
5360.1
5429.25
5490.35
5551
5621.95
5690.4
5751.5
5812.65
5883.6
5952.25
6012.85
6074.5
6145.55
6214.8
6277
6337.3
6408.1
6476.8
6538.1
6598.9
6669.85
6738.35
6799.45
6860.7
6931.9
7001
7061.8
7122.9
7193.85
7261.65
7322.6
7384.1
7455.25
7524.5
7585.4
7645.9
7716.85
7784.45
7845.25
7907.4
7978.05
-1000
25.6
56.65
91.5
125.4
155.35
186.4
221.4
256.5
286.7
317.7
352.25
383.75
415.3
446.3
481.45
517.1
547.4
585.9
632.25
676.15
707.15
742.85
788.8
822.05
852
898.75
929.75
964.5
1011.55
1042.6
1081.05
1121.9
1152.9
1199.85
1230.85
1271.05
1302.1
1335
1380.2
1411.25
1457.45
1488.45
1529.5
1560.55
1595.1
1638.45
1669.5
1716.55
1747.6
1790.1
1821.15
1856.35
1901.95
1933
1978.65
2009.7
2049
2080.05
2113.35
2155.9
2186.9
2234
2265.05
2309.4
2340.45
2377.85
2413.5
2443.8
2475.05
2507.15
2538.2
2572
2611.15
2642.05
2686.6
2717.65
2764.6
2795.65
2837.95
2869
2903.85
2948.65
2979.65
3026.65
3057.7
3099.65
3130.65
3165.6
3210.6
3241.65
3288.35
3319.35
3361.9
3392.95
3428.25
3473.1
3504.1
3551.05
3582.1
3624.2
3655.2
3690.5
3735.85
3766.85
3813.55
3844.6
3885.9
3916.9
3951.6
3995.65
4026.65
4073.75
4104.75
4147.65
4178.7
4213.85
4259.7
4290.7
4337
4368.05
4408.85
4439.9
4474.45
4518.7
4549.7
4596.8
4627.85
4670.2
4701.25
4736.45
4781.65
4812.7
4859.4
4890.45
4931.45
4962.5
4997
5040.4
5071.4
5118.6
5149.65
5193.35
5224.4
5260.75
5304.7
5335.75
5382.9
5413.95
5456.9
5487.95
5523.1
5568.3
5599.35
5646.1
5677.1
5718.7
5749.7
5784.65
5829.6
5860.6
5907.5
5938.5
5980.5
6011.55
6046.2
6090.4
6121.45
6168.55
6199.6
6242.35
6273.35
6309.25
6353.95
6385
6431.65
6462.7
6504.9
6535.9
6570.95
6616.1
6647.15
6693.9
6724.95
6766.75
6797.75
6832.6
6877.4
6908.45
6955.45
6986.45
7028.95
7060
7094.9
7139.95
7170.95
7217.8
7248.85
7290.1
7321.15
7355.9
7400.45
7431.5
7478.55
7509.6
7552.3
7583.35
7618.4
7664.15
7695.2
7741.55
7772.6
7813.3
7844.3
7878.9
7922.4
7953.4
