72.7
136.2
197.45
263.85
328.05
391.35
459.4
529.8
581.75
636.6
684.9
737
789.05
841.95
894.05
945.9
994.45
1043.1
1090.45
1136.85
1182.7
1228.15
1271.95
1313.9
1351.8
1382.55
1413.35
1450.95
1495.1
1538.95
1580.85
1618.5
1649.15
1680.15
1717.5
1761.3
1804.5
1845.25
1880.6
1910.9
1942.45
1976.3
2018.85
2060.35
2097.2
2127.6
2158.75
2196.4
2239.35
2280.4
2316.4
2346.75
2378.05
2412.65
2453.8
2490.85
2521.25
2552.05
2589.6
2630.75
2667.7
2698.25
2729.35
2766.8
2809.85
2850.8
2886.5
2916.9
2948.3
2982.65
3023.85
3061.75
3092.65
3122.85
3160.3
3201.75
3239.45
3270.25
3300.85
3338.4
3381.4
3422.25
3458.35
3488.6
3519.95
3554.65
3595.8
3632.85
3663.2
3694.15
3731.3
3772.35
3809.35
3839.75
3870.95
3908.35
3951.15
3991.55
4025.95
4056.15
4088.05
4119.8
4151.85
4183.85
4216.15
4248.7
4281.45
4314.45
4347.35
4380.6
4417.55
4449.6
4482.45
4515.05
4547.8
4580.75
4613.95
4646.75
4680.3
4714.7
4749.2
4783.5
4818
4852.2
4886.8
4920.75
4955.8
4989.05
5021.65
5054.6
5089.1
5122.35
5155.05
5187.75
5220.85
5253.5
5287
5320.65
5353.2
5386.3
5419.9
5452.5
5485.3
5517.9
5551.25
5585.25
5620.15
5653.3
5686.1
5718.9
5752
5784.7
5818.1
5852.5
5886.75
5921.2
5955.25
5990.1
6023.45
6055.95
6089.3
6122.45
6155.1
6187.55
6220.8
6254.2
6286.8
6319.5
6352.2
6385.15
6417.7
6451.05
6484.65
6517.25
6550.25
6584.75
6617.85
6650.55
6683.3
6716.25
6748.85
6782.1
6816
6851.25
6883.55
6916.6
6949.55
6981.95
7014.15
7047.6
7080.95
7113.4
7146.05
7178.45
7212.15
7245.15
7277.85
7310.35
7343.45
7377.25
7409.5
7443.7
7477.45
7520.3
7563.8
7607.8
7649.55
7686.95
7717.85
7749.1
7786.3
7831.55
7877.3
7922.25
7965.4
-1000
25.6
56.65
100
131.05
167.8
203.35
233.6
265.15
296.6
327.65
361.95
400.35
431.1
475.4
506.4
553.4
596.95
627.95
666.8
711.35
758.45
789.55
822.3
867.75
914.6
945.65
979.7
1022.15
1068.2
1114.85
1161.35
1207.4
1253.4
1298.05
1341.3
1381.25
1428.3
1474.8
1520.55
1565.3
1608.4
1648.1
1694.8
1741.55
1787.05
1831.3
1873.4
1911.4
1951.75
1998.7
2044.4
2087.75
2127.05
2174.7
2220.9
2265.65
2308.25
2346.8
2390.85
2437.25
2480.8
2520.5
2568.8
2614.8
2658.15
2697.5
2745.05
2791.5
2836.25
2878.7
2917
2960.05
3006.75
3050.8
3090.95
3139.4
3185.45
3228.95
3268.9
3316.7
3363.1
3407.8
3450.1
3488.65
3532.8
3579.2
3622.95
3662.55
3710.55
3756.5
3799.75
3839.15
3886.8
3933.15
3977.7
4019.75
4058.05
4089.25
4122.6
4153.4
4184.95
4216.95
4249.35
4281.95
4314.75
4347.85
4380.55
4414.2
4449.9
4482.95
4515.9
4548.1
4581.2
4614
4647.65
4679.8
4714.2
4748.6
4783.1
4817.4
4851.85
4886.05
4920.6
4954.5
4989.2
5022.8
5054.55
5088.25
5122.9
5155.7
5188.3
5220.9
5254.9
5286.2
5320.75
5354.65
5385.95
5420.25
5453.55
5485.45
5519.2
5550.7
5585.15
5618.95
5653.65
5686.65
5719.4
5752.1
5785.75
5817.65
5852
5886.4
5920.65
5955.1
5989
6023.6
6058.2
6088.65
6123.5
6155.35
6189.4
6220.2
6254.8
6287.45
6319.95
6352.95
6385.3
6419.35
6450.4
6484.9
6518.3
6550.2
6583.8
6618.45
6651.05
6683.95
6716.4
6750.2
6781.6
6816
6849.5
6884.95
6916.35
6951.25
6982.2
7017.3
7047.3
7081.45
7114.75
7146.15
7181.1
7211.25
7246.1
7278.15
7311.85
7343.1
7377.35
7414.1
7444.2
7476.9
7511.35
7550.35
7592
7635.25
7677.55
7716.8
7762.65
7809.65
7856.15
7902.3
7947.9
7992.15
