77.9
160.75
241.1
327.1
410.2
490.3
552.9
616.7
682.6
741.35
806.1
879.7
949.2
1008.3
1066.1
1139.5
1213.05
1273.35
1328.45
1387.8
1442
1499.55
1555.25
1617.75
1675.45
1745.7
1810.7
1869.05
1939.75
2011.5
2070.25
2128.85
2192.8
2251.55
2316.25
2388.5
2454.5
2512.45
2582.2
2648.65
2707.7
2771.45
2846.4
2921.2
2985.85
3043.05
3110.55
3170.65
3225.8
3282.85
3339.6
3402.35
3460.9
3530.85
3602.9
3662.4
3717
3774.1
3831.6
3891.85
3948.55
4016.05
4075.75
4135.05
4202.7
4261.7
4322.05
4390.2
4448.95
4506.8
4566.65
4622.3
4683.25
4741.2
4811.8
4880.1
4938.9
4998.7
5073.05
5149.2
5223.95
5289.1
5346.75
5415.6
5476.65
5529.85
5587.05
5645.35
5710.3
5769.4
5828.5
5903.05
5979.65
6052.95
6114.35
6166.8
6223.8
6283.95
6349.5
6408.1
6465.75
6538.6
6610.65
6670.45
6728.8
6793.6
6852.8
6912.85
6987.65
7064.85
7141.2
7215.45
7280.5
7338.25
7407.85
7472.8
7529.95
7598.65
7659.7
7710.95
7767.8
7818.8
7878.35
7935.85
-1000
25.6
56.65
102.65
133.7
179.65
210.7
241.95
274.05
305.1
351.6
382.65
428.35
459.4
490.45
523.7
563.7
594.6
641.15
672.2
712
751.1
781.95
828.8
859.85
905.4
936.4
977.8
1009
1041.35
1088.55
1119.6
1165.15
1196.2
1240.05
1271.1
1306.2
1352.8
1383.85
1419.9
1466.45
1497.5
1532.55
1579.35
1610.35
1648.4
1694.7
1725.75
1771.35
1802.4
1841
1885.7
1916.7
1963.6
1994.6
2038.5
2069.55
2104.05
2151.25
2182.25
2222.25
2261.25
2292.1
2339.2
2370.25
2414.95
2446
2484.7
2530.05
2561.1
2607.25
2638.3
2678.15
2715.3
2745.85
2793
2824.05
2870.7
2901.7
2947.05
2978.1
3016.35
3063
3094.05
3137.7
3168.75
3203.65
3250.25
3281.3
3316.1
3363.1
3394.1
3432.65
3476.55
3507.55
3554.5
3585.55
3629.55
3660.6
3695.5
3741.8
3772.85
3807.55
3854.65
3885.7
3923
3970.1
4001.15
4043.85
4074.85
4109.4
4156.5
4187.5
4230.35
4261.4
4295.6
4342.1
4373.1
4417.15
4448.15
4482.7
4529.85
4560.85
4597.95
4645.1
4676.15
4714
4760.2
4791.2
4836.9
4867.95
4908.9
4941.35
4971.7
5018
5049.05
5095.9
5126.95
5173.55
5204.6
5249.85
5280.9
5319.45
5365.55
5396.6
5441.7
5472.75
5508.7
5554.85
5585.9
5620.5
5667.4
5698.45
5739.25
5770.95
5802.1
5848.95
5880
5926.85
5957.9
6004.35
6035.35
6079.7
6110.7
6146.6
6192.35
6223.35
6257.7
6304.6
6335.65
6377.7
6408.95
6441.15
6488.35
6519.4
6564.4
6595.45
6638.3
6669.35
6704
6751.15
6782.2
6822.75
6854.75
6885.5
6931.45
6962.5
7009.35
7040.4
7087.55
7118.6
7165.1
7196.15
7241.4
7272.45
7310.9
7356.85
7387.85
7433.5
7464.5
7503.1
7549.25
7580.3
7625.05
7656.1
7691.95
7737.05
7768.1
7801.1
7845.45
7876.5
7911.4
7958.3
7989.3
