53.55
116.35
174.45
235.3
298.65
356.6
417.4
480.25
538.35
573.1
615.6
661.35
706.5
749.5
789.85
826.15
857.3
889.35
924.1
966.9
1010.6
1052.85
1091.9
1125.75
1156.5
1188.2
1219.85
1252.1
1284.55
1317.7
1352.7
1386.4
1421.55
1455.15
1490.25
1523.75
1559.15
1592.2
1624.6
1657.8
1689.8
1724.85
1768.95
1816
1862.8
1909.9
1956.95
2004
2051.4
2098.85
2146.65
2194.65
2243.1
2291.4
2342.65
2397.7
2452.85
2509.7
2564.4
2620.55
2675.4
2732.55
2788
2845.2
2900.65
2957.3
3013
3070.2
3125.95
3182.85
3238.5
3295.5
3351.2
3407.9
3463.6
3520.85
3576.55
3633.45
3689.15
3746.2
3801.85
3858.8
3914.5
3971.5
4027.2
4084.2
4139.6
4196.9
4252.6
4309.5
4365.2
4422.25
4477.9
4534.85
4590.55
4647.55
4703.25
4760.25
4815.65
4872.95
4928.65
4985.55
5041.25
5098.3
5153.95
5210.9
5266.6
5323.6
5379.3
5436.3
5491.7
5549
5604.7
5661.6
5717.3
5774.35
5830
5886.95
5942.65
5999.65
6055.35
6112.35
6167.75
6225.05
6280.75
6337.65
6393.35
6450.4
6506.05
6563
6618.7
6675.7
6731.4
6788.4
6843.8
6901.1
6956.8
7013.7
7069.4
7126.45
7182.1
7239.05
7294.75
7351.75
7407.45
7464.45
7519.85
7577.15
7632.85
7689.75
7745.45
7802.5
7858.15
7915.1
7970.8
-1000
25.6
70.6
101.65
144.25
175.9
207.15
251.7
282.75
326.05
357.2
389.8
435.1
466.1
508.3
540.5
571.05
606.1
645.4
688.7
733.1
776.55
818.1
856.55
899.65
946.65
992.4
1036.9
1080.25
1120.9
1158.35
1190.25
1222.2
1252.7
1285.7
1317.45
1351.45
1386.15
1420.25
1454.95
1488.85
1523.6
1557.4
1592.3
1627.8
1657.8
1698.05
1744.05
1791.2
1838.4
1885.55
1932.7
1979.85
2026.95
2074.15
2121.3
2168.45
2215.4
2260.9
2292
2324.6
2369
2411.9
2442.9
2482.55
2528.7
2559.75
2596.2
2643.35
2674.4
2709
2756
2787.05
2821.6
2868.4
2899.45
2934.1
2981
3012.05
3046.65
3093.65
3124.7
3159.3
3206.3
3237.35
3272
3319
3350.05
3384.7
3431.65
3462.65
3497.25
3544.25
3575.3
3610
3657
3688
3722.6
3769.6
3800.65
3835.3
3882.35
3913.35
3948
3995
4026.05
4060.7
4107.7
4138.75
4173.3
4220.3
4251.35
4286.05
4333.05
4364.05
4398.65
4445.65
4476.7
4511.35
4558.4
4589.4
4624.05
4671.05
4702.1
4736.75
4783.75
4814.8
4849.35
4896.35
4927.4
4962.1
5009.1
5040.1
5074.7
5121.7
5152.75
5187.4
5234.45
5265.45
5300.1
5347.1
5378.15
5412.8
5459.8
5490.85
5525.4
5572.4
5603.45
5638.15
5685.15
5716.15
5750.75
5797.75
5828.8
5863.45
5910.5
5941.5
5976.15
6023.15
6054.2
6088.85
6135.85
6166.9
6201.45
6248.45
6279.5
6314.2
6361.2
6392.2
6426.8
6473.8
6504.85
6539.5
6586.55
6617.55
6652.2
6699.2
6730.25
6764.9
6811.9
6842.95
6877.5
6924.5
6955.55
6990.25
7037.25
7068.25
7102.85
7149.85
7180.9
7215.55
7262.6
7293.6
7328.25
7375.25
7406.3
7440.95
7487.95
7519
7553.55
7600.55
7631.6
7666.3
7713.3
7744.3
7778.9
7825.9
7856.95
7891.6
7938.65
7969.65
