89.6
182.45
287.45
391.85
494.4
550.15
628
709.45
787.85
848.5
929.15
1013.65
1098.2
1178.35
1242.15
1308.05
1386.9
1469.95
1552.4
1630.6
1688.7
1771
1860.1
1939.2
2018.15
2087.1
2141.8
2209.85
2266.55
2308.8
2349.85
2405
2480.4
2553.8
2611
2646.15
2691.55
2750.15
2810.75
2892.75
2974.25
3058.35
3139.85
3200.8
3281.6
3346.8
3420.55
3490
3552.2
3615.25
3688.6
3752.4
3820.6
3901
3989.3
4077.9
4164.25
4228.25
4294.65
4377.3
4465.1
4549.65
4636.15
4716.3
4798.25
4880.2
4958.55
5019.95
5096.2
5175.35
5258.7
5341.2
5416.2
5477.75
5562.9
5640.65
5723.8
5805.55
5882.25
5947.4
6010.7
6080.35
6162
6249.35
6337.9
6421.95
6486.8
6549.7
6627
6698.25
6779.3
6864.05
6944.05
7002.65
7084.25
7164.1
7222.85
7304.55
7390.35
7476.3
7558.25
7638.25
7715.55
7778.8
7817.5
7853.15
7883.9
7917.55
7949.1
7989.45
-1000
25.6
56.65
87.7
122.65
153.7
196.35
227.35
258.4
299.5
330.5
361.5
392.9
424.7
455.75
486.8
525
572.15
603.2
650.4
681.4
726.3
757.35
788.5
821
866.8
897.85
928.9
963
994
1039.45
1070.45
1115.85
1146.9
1177.95
1212.3
1246.5
1276.5
1307.5
1342
1373
1415.05
1446.1
1493.2
1524.2
1568.8
1599.8
1630.85
1664
1711.2
1742.2
1784.8
1815.8
1846.8
1888.4
1919.4
1964.75
1995.75
2042.45
2073.5
2115.35
2162.2
2193.2
2236.95
2274.05
2304.65
2340.8
2379.85
2427
2458.05
2504.7
2535.75
2580.3
2611.4
2644.25
2679.2
2720.3
2754.65
2784.65
2831.6
2862.6
2894.55
2925.4
2956.45
3000.7
3031.75
3078.1
3109.1
3140.2
3173.15
3218.25
3249.3
3280.35
3315
3346.05
3380.6
3411.65
3450.6
3481.65
3520.3
3551.35
3585.85
3624.6
3655.4
3686.45
3721.5
3752.55
3785.8
3816.85
3852.8
3883.8
3927.9
3958.95
3990.2
4022.35
4053.35
4100.55
4131.55
4162.6
4197.45
4228.5
4261.65
4292.7
4327.7
4358.7
4403.4
4434.45
4465.55
4498.3
4529.35
4574.9
4605.95
4637.55
4668.95
4700
4743.55
4774.6
4821.4
4852.4
4897.35
4928.35
4960.15
4991.2
5033.8
5064.8
5095.85
5130.1
5161.15
5203.4
5234.45
5281.35
5312.35
5354.75
5385.75
5416.95
5449.25
5492.6
5523.65
5554.65
5593.2
5624.25
5667.7
5698.75
5745.9
5776.95
5820.05
5851.1
5882.1
5915.9
5946.9
5981.3
6019.35
6050.1
6081.75
6113.1
6144.1
6188.4
6219.45
6252.6
6282.55
6313.6
6360.75
6391.8
6423.65
6454.6
6485.65
6520.3
6559.05
6589.85
6620.9
6658.15
6689.2
6728.15
6759.2
6804.9
6835.9
6880.45
6911.5
6942.5
6977.3
7024.5
7055.5
7097.65
7128.65
7159.7
7196
7242.15
7273.2
7304.2
7338.4
7369.45
7415.5
7446.55
7481.1
7511.1
7542.15
7585.55
7616.6
7663
7694
7740.15
7771.2
7809.4
7847.9
7885.05
7916.8
7962.5
