69.45
128.85
190.9
257.4
317.45
376.65
442.05
501.25
544.25
590.55
640.05
690.55
740.5
792.2
838.95
888.95
939.6
989.45
1026.75
1076.75
1128.25
1177.75
1226.35
1278.4
1333.85
1387.25
1443.8
1497.75
1556.3
1611.25
1669.7
1726.95
1785.2
1845.25
1904.5
1968.6
2028.95
2088.4
2152.7
2211.6
2273
2337.8
2396.95
2457.95
2522.15
2581.4
2642.95
2708.05
2767.2
2827.9
2892.3
2951.55
3013.1
3078.15
3137.3
3197.85
3262.4
3321.65
3383.2
3448.95
3508.1
3568.2
3633.3
3692.55
3754.1
3819.95
3879.1
3939.35
4004.4
4063.6
4124.7
4189.85
4249.05
4310.35
4376.3
4435.45
4495.65
4560.75
4619.75
4681.45
4747.85
4807.25
4866.75
4931.95
4991.25
5052.6
5118.6
5177.75
5238
5303.35
5362.3
5423.75
5490
5549.2
5609.4
5675.05
5734.2
5795.3
5860.9
5920.05
5980.8
6046
6105.25
6166.65
6232.8
6291.9
6352.45
6418.3
6477.15
6538.45
6604.05
6662.9
6724.2
6789.8
6848.65
6909.95
6975.55
7034.4
7095.7
7161.3
7220.15
7281.45
7347.05
7405.9
7467.2
7532.8
7591.65
7652.95
7718.55
7777.4
7838.7
7904.3
7963.15
-1000
25.6
56.65
98
129.05
162.2
205
236.05
282.3
313.35
349.5
395.75
426.8
469.7
500.75
535.15
574.25
617.8
664.4
711.35
751.6
782.5
821.95
865.9
912.8
959
990.15
1022.6
1058.75
1103.3
1150.5
1196.6
1231.9
1262.1
1305.65
1350.1
1381.1
1418.45
1465.6
1496.6
1531.25
1578.45
1609.5
1644.35
1691.5
1722.55
1758.8
1805.65
1836.65
1875.45
1916
1946.95
1993.15
2024.15
2060.7
2106.1
2137.15
2180.25
2211.3
2245.55
2291
2322
2365.25
2396.25
2430.8
2476.95
2508
2550.2
2581.25
2615.15
2660.45
2691.5
2735.2
2766.25
2800.8
2847.1
2878.15
2920.35
2951.4
2985.3
3030.6
3061.65
3105.15
3136.2
3170.8
3217.15
3248.2
3290.45
3321.45
3355.4
3400.65
3431.65
3475.75
3506.8
3541.5
3588.1
3619.15
3661.35
3692.4
3726.3
3771.65
3802.65
3846.65
3877.65
3912.45
3958.85
3989.9
4032.2
4063.25
4097.55
4143.8
4174.85
4217.6
4248.65
4283
4328.65
4359.65
4403.25
4434.3
4468.95
4515.55
4546.6
4588.7
4619.75
4653.35
4698
4729.05
4774.05
4805.1
4840.2
4886.95
4918
4960.1
4991.15
5024.9
5069.95
5101
5145.3
5176.35
5211
5257.4
5288.45
5331
5362.05
5396.1
5441.25
5472.25
5516.65
5547.7
5582.45
5628.8
5659.85
5702.6
5733.6
5768.05
5814.15
5845.2
5888.35
5919.4
5953.9
6000.35
6031.4
6073.9
6104.95
6139.05
6184.7
6215.75
6259.7
6290.75
6325.4
6371.4
6402.4
6445.7
6476.75
6511.1
6557.15
6588.2
6631.45
6662.5
6696.85
6742.9
6773.95
6817.2
6848.25
6882.6
6928.65
6959.7
7002.95
7034
7068.35
7114.4
7145.45
7188.7
7219.75
7254.1
7300.15
7331.2
7374.45
7405.5
7439.85
7485.9
7516.95
7560.2
7591.25
7625.6
7671.65
7702.7
7745.95
7777
7811.35
7857.4
7888.45
7931.7
7962.75
7997.1
