59.85
122.6
190.5
252.8
320.75
383.35
450.25
512.8
561.25
616
667.05
723.3
778
831.05
888.6
948.55
1011.35
1070.75
1130.55
1199.85
1265.1
1326
1388.1
1458.6
1530.7
1598.95
1660.6
1722.15
1793.15
1864.85
1931.6
1992.8
2056
2124.55
2196.6
2268.65
2336.4
2397.75
2460.15
2530.7
2603.25
2672.85
2735.45
2796.3
2867.45
2939.45
3006.9
3067.85
3131.25
3199.4
3271.4
3343.55
3410.8
3471.85
3534.8
3604.75
3677.3
3746.85
3809.7
3870.55
3941.15
4013.1
4080.45
4141.8
4204.9
4273.75
4345.75
4417.1
4482.2
4543.5
4607.35
4671.95
4735.3
4803.8
4869.7
4931.25
5002.8
5074.6
5142.6
5204.05
5266.15
5337.75
5410.2
5478.6
5540.45
5601.9
5673.75
5746
5814.2
5875.7
5937.55
6009.15
6081.45
6149.2
6210.65
6273.15
6343.8
6416.4
6487.25
6552.2
6613.4
6678.35
6740.75
6811.4
6883.55
6953.1
7014.85
7075.65
7147.9
7219.65
7286.75
7348.05
7411.1
7480.95
7553
7623.7
7687.55
7748.3
7817.9
7889.05
7961.65
-1000
25.6
56.65
92.3
123.8
155.4
186.45
222.55
254
285.65
316.7
352.8
383.9
416.55
447.6
482.9
516
546
588.75
634.85
665.9
700.5
747.3
778.35
811.25
856.6
887.6
922.15
969
1000.05
1040.5
1071.9
1103.65
1150.1
1181.15
1226.05
1257.1
1295.55
1326.7
1359.15
1400.9
1431.9
1478.5
1509.55
1555.7
1586.75
1627.75
1658.8
1693.7
1737.4
1768.4
1815.6
1846.6
1891.1
1922.15
1961.45
1992.5
2026.65
2065.4
2096.2
2140.35
2171.35
2218.55
2249.55
2294.7
2325.75
2365.75
2396.8
2431.35
2473.15
2504.15
2550.9
2581.9
2628.2
2659.2
2701.1
2732.15
2767.85
2811.45
2842.45
2889.65
2920.65
2965.65
2996.65
3036.35
3067.4
3101.8
3140.25
3171
3215
3246.05
3293.15
3324.2
3369.3
3400.35
3440.25
3471.3
3505.75
3546.95
3577.9
3624.5
3655.5
3701.95
3733
3775
3806.05
3841.95
3885.2
3916.2
3963.4
3994.4
4039.3
4070.35
4110.05
4141.1
4175.6
4215
4245.9
4291.1
4322.15
4368.95
4399.95
4443.85
4474.9
4512.9
4544
4576.65
4607.75
4640.65
4671.65
4705.8
4743.2
4773.85
4806.7
4836.8
4867.8
4902.7
4946.1
4977.1
5024.2
5055.25
5100.55
5131.55
5171.85
5202.9
5237.5
5280.4
5311.4
5358.3
5389.3
5435.3
5466.35
5507.4
5538.4
5573.45
5617.2
5648.2
5695.35
5726.35
5771.8
5802.8
5843.3
5874.35
5909.05
5952.7
5983.7
6030.85
6061.9
6107.25
6138.3
6178.5
6209.55
6244.15
6285.55
6316.5
6362.6
6393.6
6440.2
6471.25
6514.6
6545.6
6583.2
6614.8
6646.1
6677.15
6711.8
6753.6
6784.6
6831.15
6862.2
6908.45
6939.5
6981.4
7012.45
7047.65
7092.15
7123.15
7170.35
7201.35
7246.1
7277.1
7316.5
7347.55
7381.95
7422.2
7453.15
7498.4
7529.45
7576.45
7607.5
7651
7682.05
7719
7758.15
7789
7831.15
7862.15
7908.65
7939.65
7985.95
