88.4
183.25
284.5
376.5
478.4
570.95
626.1
693.95
751.45
820.45
900.8
980.95
1048.65
1120.75
1184.05
1276.85
1376.45
1463.95
1554.35
1638.6
1715.95
1772.55
1854.65
1941.3
2003.8
2066.1
2144.35
2206.3
2298.3
2384.95
2467.5
2553.15
2637.45
2696.95
2777.35
2841.6
2930.15
3015
3078.6
3160.15
3247.7
3333.8
3419
3501.6
3583.5
3662.45
3739.9
3812.6
3868.8
3911
3965.65
4033.55
4091
4145.95
4212.05
4266.4
4339.3
4399.3
4431.95
4466.25
4500.45
4535.8
4568.7
4602.8
4636.25
4669.45
4702.3
4736.05
4769.85
4802.55
4836.7
4869.05
4907
4936.85
4974.5
5023.75
5066.05
5109.8
5161
5214.65
5250.55
5305.55
5361.85
5413.35
5468.7
5516.8
5550
5604.7
5661.6
5712.65
5769.35
5820.15
5879.1
5932.25
5989.6
6044.6
6101.85
6138.3
6170.85
6229.9
6301.35
6359.5
6394.45
6428.1
6475.3
6528.8
6585.1
6617.2
6653.45
6684.2
6724.7
6781.45
6861.1
6942.2
7019.2
7080
7160.1
7225.25
7307.25
7392.95
7475.9
7533.8
7615.85
7703.35
7788.65
7865.25
7927.2
-1000
25.6
56.65
87.7
122.15
153.2
185.3
215.95
247
278
315.5
346.55
379.2
409.4
440.4
471.45
509.2
540.25
571.35
604.2
650.7
681.75
722.75
765
796
842.9
873.9
920.45
951.5
988.8
1019.45
1058.9
1089.75
1120.8
1154.3
1189.35
1219.5
1250.55
1297.1
1328.15
1359.2
1403.3
1434.3
1470.3
1500.65
1531.7
1578.45
1609.5
1650.4
1681.35
1712.4
1748.25
1795.4
1826.4
1870.7
1901.75
1932.75
1971.55
2002.55
2037.25
2079.15
2110.15
2141.2
2176.8
2213.85
2244.4
2275.45
2322.05
2353.1
2384.1
2418.7
2449.7
2494.1
2525.15
2570
2601.05
2632.1
2668.9
2713.55
2744.6
2775.65
2810.5
2841.55
2875.15
2906.2
2953.05
2984.05
3015.1
3048.4
3080
3111.4
3142.4
3186.65
3217.65
3249.85
3280.4
3311.45
3358.1
3389.15
3423.15
3453.1
3484.1
3528.35
3559.4
3606.5
3637.55
3684.45
3715.5
3762.65
3793.7
3838.75
3870.75
3901.5
3940.8
3988
4019.05
4061.5
4098.95
4129.55
4173.15
4204.2
4242.5
4289.6
4320.65
4365.55
4396.55
4432
4465.4
4499.95
4534.35
4569.15
4602
4636.55
4669.55
4703
4735.45
4769.9
4803.7
4835.45
4872.05
4902.05
4947.05
4992.05
5023.1
5057.6
5096.3
5138.1
5184.95
5220.2
5250.35
5284.3
5330.5
5361.55
5395.7
5440
5483
5514.05
5549.45
5583.85
5629.9
5660.95
5695.4
5739.5
5773.75
5803.75
5847.35
5878.35
5912.9
5958.15
5989.2
6023.5
6069.45
6100.5
6135.2
6170.8
6204.4
6251.25
6282.3
6327.25
6358.25
6392.95
6427.7
6462
6503.7
6550.85
6581.9
6617.55
6650.55
6694.8
6727.25
6757.5
6804.55
6835.6
6882.75
6913.8
6957.5
6988.55
7019.6
7052.45
7098.1
7129.15
7160.15
7193.55
7224.6
7259.1
7290.15
7334.15
7365.2
7410.6
7441.65
7472.7
7508.3
7555.15
7586.2
7622
7652.3
7683.35
7728.75
7759.8
7801.85
7832.85
7863.9
7898.55
7941.7
7972.7
