46
97.65
148.45
201.1
252.8
303.75
356.75
408.3
459.1
512.15
555.05
596.3
635.55
672.8
707.4
740.6
774.05
808.5
842.25
876.55
910.5
945
979.05
1013.25
1047.5
1081.7
1116.15
1150.4
1184.65
1218.95
1253.2
1287.55
1321.9
1356.15
1390.45
1424.75
1459.05
1493.35
1527.65
1561.95
1596.3
1630.55
1664.9
1699.15
1733.55
1767.95
1802.35
1836.75
1871.15
1905.55
1939.9
1974.35
2008.75
2043.15
2077.55
2111.95
2146.35
2180.75
2215.15
2249.55
2283.95
2318.35
2352.75
2387.15
2421.55
2455.95
2490.35
2524.75
2559.15
2593.55
2627.95
2662.35
2696.75
2731.15
2765.55
2799.95
2834.35
2868.75
2903.15
2937.55
2971.95
3006.35
3040.75
3075.15
3109.55
3143.95
3178.35
3212.75
3247.15
3281.55
3315.95
3350.35
3384.75
3419.15
3453.55
3487.95
3522.35
3556.75
3591.15
3625.55
3659.95
3694.35
3728.75
3763.15
3797.55
3831.95
3866.35
3900.75
3935.15
3969.55
4003.95
4038.35
4072.75
4107.15
4141.55
4175.95
4210.35
4244.75
4279.15
4313.55
4347.95
4382.35
4416.75
4451.15
4485.55
4519.95
4554.35
4588.75
4623.15
4657.55
4691.95
4726.35
4760.75
4795.15
4829.55
4863.95
4898.35
4932.75
4967.15
5001.55
5035.95
5070.35
5104.75
5139.15
5173.55
5207.95
5242.35
5276.75
5311.15
5345.55
5379.95
5414.35
5448.75
5483.15
5517.55
5551.95
5586.35
5620.75
5655.15
5689.55
5723.95
5758.35
5792.75
5827.15
5861.55
5895.95
5930.35
5964.75
5999.15
6033.55
6067.95
6102.35
6136.75
6171.15
6205.55
6239.95
6274.35
6308.75
6343.15
6377.55
6411.95
6446.35
6480.75
6515.15
6549.55
6583.95
6618.35
6652.75
6687.15
6721.55
6755.95
6790.35
6824.75
6859.15
6893.55
6927.95
6962.35
6996.75
7031.15
7065.55
7099.95
7134.35
7168.75
7203.15
7237.55
7271.95
7306.35
7340.75
7375.15
7409.55
7443.95
7478.35
7512.75
7547.15
7581.55
7615.95
7650.35
7684.75
7719.15
7753.55
7787.95
7822.35
7856.75
7891.15
7925.55
7959.95
7994.35
-1000
25.6
71.4
118
149.15
181.6
226.75
273.75
306.65
336.7
382.15
429.1
461.4
491.85
537.4
581.75
624.2
664.65
703.05
739.35
774
807.6
842.15
875.9
910.4
944.15
978.7
1012.9
1047.1
1081.4
1115.55
1150
1184.35
1218.5
1252.9
1287
1321.45
1355.8
1390
1424.4
1458.6
1493
1527.2
1561.6
1595.85
1630.2
1664.45
1698.85
1733.05
1767.45
1801.85
1836.25
1870.65
1905.05
1939.45
1973.85
2008.25
2042.65
2077.05
2111.45
2145.85
2180.25
2214.65
2249.05
2283.45
2317.85
2352.25
2386.65
2421.05
2455.45
2489.85
2524.25
2558.65
2593.05
2627.45
2661.85
2696.25
2730.65
2765.05
2799.45
2833.85
2868.25
2902.65
2937.05
2971.45
3005.85
3040.25
3074.65
3109.05
3143.45
3177.85
3212.25
3246.65
3281.05
3315.45
3349.85
3384.25
3418.65
3453.05
3487.45
3521.85
3556.25
3590.65
3625.05
3659.45
3693.85
3728.25
3762.65
3797.05
3831.45
3865.85
3900.25
3934.65
3969.05
4003.45
4037.85
4072.25
4106.65
4141.05
4175.45
4209.85
4244.25
4278.65
4313.05
4347.45
4381.85
4416.25
4450.65
4485.05
4519.45
4553.85
4588.25
4622.65
4657.05
4691.45
4725.85
4760.25
4794.65
4829.05
4863.45
4897.85
4932.25
4966.65
5001.05
5035.45
5069.85
5104.25
5138.65
5173.05
5207.45
5241.85
5276.25
5310.65
5345.05
5379.45
5413.85
5448.25
5482.65
5517.05
5551.45
5585.85
5620.25
5654.65
5689.05
5723.45
5757.85
5792.25
5826.65
5861.05
5895.45
5929.85
5964.25
5998.65
6033.05
6067.45
6101.85
6136.25
6170.65
6205.05
6239.45
6273.85
6308.25
6342.65
6377.05
6411.45
6445.85
6480.25
6514.65
6549.05
6583.45
6617.85
6652.25
6686.65
6721.05
6755.45
6789.85
6824.25
6858.65
6893.05
6927.45
6961.85
6996.25
7030.65
7065.05
7099.45
7133.85
7168.25
7202.65
7237.05
7271.45
7305.85
7340.25
7374.65
7409.05
7443.45
7477.85
7512.25
7546.65
7581.05
7615.45
7649.85
7684.25
7718.65
7753.05
7787.45
7821.85
7856.25
7890.65
7925.05
7959.45
7993.85
