54.45
119.85
178.75
237.75
301.3
360.3
422.1
487.2
547.45
585.05
622.45
658.35
691.5
725.4
760.6
794.65
829.95
863.95
899.05
933.3
968.15
1002.65
1037.3
1071.8
1106.5
1141.1
1175.75
1210.45
1245
1279.7
1314.3
1348.85
1383.55
1418.2
1452.8
1487.45
1522.15
1556.45
1591.55
1625.65
1660.9
1694.85
1729.95
1763.95
1799.15
1833.3
1868.2
1902.4
1937.25
1971.8
2006.3
2041
2075.55
2110.2
2144.5
2179.2
2213.65
2248.3
2282.85
2317.4
2351.95
2386.5
2421.05
2455.65
2490.2
2524.8
2559.35
2593.9
2628.45
2662.9
2697.55
2732.1
2766.65
2801.1
2835.8
2870.25
2904.9
2939.15
2974.1
3008.3
3042.9
3077.55
3111.9
3146.45
3180.9
3215.5
3249.95
3284.55
3318.9
3353.65
3388.05
3422.55
3457.15
3491.6
3526.1
3560.7
3595.2
3629.75
3664.2
3698.6
3733.35
3767.65
3802.2
3836.7
3871.15
3905.6
3940.1
3974.6
4009.1
4043.6
4078.05
4112.6
4147.15
4181.65
4216.25
4250.7
4285.2
4319.8
4354.25
4388.85
4423.1
4457.95
4492
4526.8
4560.95
4595.6
4629.85
4664.55
4698.9
4733.45
4767.9
4802.4
4836.9
4871.3
4905.85
4940.25
4974.75
5009.25
5043.75
5078.15
5112.7
5147
5181.75
5216
5250.5
5285.05
5319.45
5354
5388.25
5423.1
5457.25
5491.75
5526.1
5560.65
5595.2
5629.6
5664.1
5698.6
5733.1
5767.4
5802.15
5836.2
5871.2
5904.85
5940
5973.45
6008.95
6041.85
6074.35
6107.2
6141.05
6175.3
6208.45
6240.85
6273.4
6306.2
6339.15
6372.3
6405.55
6438.9
6472
6505.65
6541.65
6575.05
6610.6
6644.4
6679.45
6713.55
6748.55
6782.65
6817.7
6851.8
6886.55
6920.9
6955.45
6990
7024.5
7059.1
7093.6
7128.1
7162.6
7197.1
7231.6
7266.1
7300.6
7335.1
7369.6
7404.15
7438.7
7473.15
7507.75
7542.3
7576.75
7611.3
7645.7
7680.3
7714.65
7749.15
7783.7
7818.15
7852.7
7887.15
7921.7
7956.15
7990.7
-1000
25.6
67.95
98.95
145
176
211.35
258.15
289.2
330.15
361.95
392.95
433.3
464.2
511.1
542.15
578.95
616.2
653.55
690.1
724.8
759.3
794
828.5
863.25
897.75
932.45
967
1001.6
1036.15
1070.8
1105.4
1140.05
1174.65
1209.3
1243.9
1278.55
1313.15
1347.75
1382.4
1417.05
1451.7
1486.3
1520.95
1555.6
1590.15
1624.9
1659.35
1694.15
1728.65
1763.3
1797.8
1832.5
1867.05
1901.7
1936.25
1970.8
2005.4
2040
2074.6
2109.15
2143.75
2178.25
2212.85
2247.4
2281.95
2316.55
2351.1
2385.65
2420.2
2454.8
2489.35
2523.9
2558.5
2593
2627.5
2662.1
2696.65
2731.2
2765.75
2800.3
2834.85
2869.45
2903.95
2938.55
2973
3007.6
3042.1
3076.65
3111.2
3145.65
3180.2
3214.75
3249.3
3283.8
3318.35
3352.8
3387.35
3421.85
3456.4
3490.9
3525.4
3559.95
3594.5
3628.95
3663.5
3698.05
3732.5
3767.05
3801.55
3836
3870.5
3905
3939.45
3973.95
4008.45
4042.95
4077.45
4111.9
4146.4
4180.95
4215.5
4250
4284.5
4319.05
4353.55
4388.05
4422.6
4457
4491.55
4525.9
4560.45
4594.85
4629.35
4663.8
4698.35
4732.8
4767.3
4801.75
4836.25
4870.75
4905.2
4939.65
4974.15
5008.65
5043.1
5077.6
5112.05
5146.55
5180.95
5215.5
5249.95
5284.35
5318.9
5353.35
5387.85
5422.2
5456.75
5491.15
5525.65
5560.05
5594.55
5629.05
5663.5
5698
5732.45
5766.95
5801.3
5835.85
5870.05
5904.7
5938.65
5973.35
6007.05
6042
6076.1
6107
6141.05
6174.55
6209.3
6241.75
6273.95
6306.6
6339.5
6372.5
6405.75
6438.9
6472.45
6505.25
6539.55
6574.6
6608.95
6643.8
6678.3
6712.95
6747.45
6782.1
6816.55
6851.15
6885.65
6920.15
6954.7
6989.25
7023.8
7058.35
7092.8
7127.3
7161.8
7196.3
7230.8
7265.3
7299.8
7334.35
7368.9
7403.4
7437.95
7472.5
7507
7541.5
7576
7610.5
7645.05
7679.55
7714.05
7748.55
7783.05
7817.55
7852.05
7886.55
7921.05
7955.55
7990.05
