64.15
125.45
189.85
253.75
318.25
381.4
450.1
521.35
573.9
628.2
674.2
726.05
778.7
835.55
887.9
939.9
985.65
1036.4
1084.2
1131.35
1178.3
1225.65
1273.2
1320.85
1368.85
1417.3
1465.35
1513.55
1568.5
1621.55
1674.5
1731.25
1790.6
1847.8
1905.6
1965.15
2024.35
2089.3
2150.45
2209.6
2275.25
2335.4
2395.8
2461.2
2521.4
2581.65
2647.65
2707.45
2768.25
2834.65
2895.6
2955.5
3021.7
3081.85
3142.25
3209.25
3270.2
3330.1
3397.3
3459.4
3519.5
3587.2
3651.5
3712.1
3774.35
3842.1
3913.35
3981.7
4044.05
4105.7
4174.7
4245.85
4313.3
4375
4437.6
4506.45
4577.65
4645.35
4707.1
4769.15
4838.75
4909.75
4976.85
5038.45
5101.35
5169.7
5240.55
5308.95
5371.4
5433
5502.3
5573.05
5639.8
5701.4
5764.5
5832.4
5902.65
5973.55
6040.05
6101.65
6164.95
6233.1
6303.25
6373.45
6439.25
6500.85
6564.7
6629.2
6692.55
6760.75
6830.55
6901.15
6967.1
7028.7
7092.45
7157.2
7220.4
7288.6
7358.25
7428.5
7493.2
7554.75
7619.15
7683.1
7747.6
7811.1
7878.35
7943.6
-1000
25.6
56.65
94.75
125.8
158.75
189.8
223.45
254.85
286.7
317.7
352.15
391.75
422.65
468.5
499.5
546
590.6
621.65
659.2
701.95
749.1
785.8
816.3
861.55
908.05
939.1
973.65
1014.55
1060.8
1107.75
1154.8
1201.8
1248.9
1296.05
1342.95
1389.95
1436
1475.1
1505.95
1544.05
1590.95
1622.05
1654.75
1700.25
1731.25
1764.8
1811.6
1842.6
1879.4
1926.3
1957.35
1995.55
2038.1
2069.1
2114.8
2145.85
2182.3
2228.4
2259.4
2302.7
2333.75
2368.55
2414.7
2445.75
2488.75
2519.75
2554.6
2600.95
2632
2675
2706.05
2740.75
2786.65
2817.65
2861.65
2892.65
2928.2
2973.85
3004.9
3048.75
3079.8
3114.8
3160.35
3191.35
3235.85
3266.9
3302.6
3348.3
3379.35
3423.85
3454.9
3491.25
3535.65
3566.7
3612.55
3643.6
3681.85
3713.35
3744.95
3783.8
3814.6
3860.4
3891.45
3937.9
3968.95
4010.3
4041.35
4076.7
4117.35
4148.3
4194.8
4225.85
4271.5
4302.5
4342.65
4373.7
4408.4
4448.75
4479.7
4526.25
4557.3
4603.1
4634.1
4674.5
4705.55
4740.3
4781.9
4812.9
4859.65
4890.65
4935.6
4966.65
5006.4
5037.45
5072.05
5111.15
5142
5187.5
5218.55
5265.05
5296.1
5337.55
5368.55
5404
5444.85
5475.8
5522.6
5553.65
5598.95
5630
5669.55
5700.55
5735.1
5772.85
5803.6
5845.8
5876.8
5923.85
5954.85
5999.6
6030.65
6069.95
6101
6135.5
6173.7
6204.45
6247.4
6278.4
6325.3
6356.35
6400.2
6431.25
6469.7
6500.7
6534.5
6566
6597.55
6628.55
6663.1
6701.25
6732
6774.45
6805.45
6852.6
6883.65
6927.75
6958.8
6997.4
7028.45
7062.5
7095.4
7125.45
7156.5
7190.95
7229
7259.75
7301.9
7332.9
7380.05
7411.1
7455.3
7486.35
7524.05
7555.1
7588.1
7619.15
7652.75
7684.05
7716.1
7747.15
7781.5
7818
7848.45
7881.6
7911.55
7942.6
7977.2
