40.55
87.5
134.45
181.45
228.4
275.3
322.25
369.15
416.1
463
509.95
544.2
579.25
613.45
647.4
681.5
715.85
750.15
784.55
818.95
853.35
887.8
922.3
956.8
991.4
1025.9
1060.4
1094.9
1129.55
1164.05
1198.6
1233.1
1267.65
1302.2
1336.7
1371.25
1405.8
1440.35
1474.9
1509.45
1544
1578.6
1613.1
1647.7
1682.25
1716.75
1751.35
1785.9
1820.45
1855
1889.55
1924.1
1958.65
1993.2
2027.75
2062.3
2096.85
2131.4
2165.9
2200.45
2235.05
2269.55
2304.15
2338.7
2373.25
2407.8
2442.35
2476.9
2511.45
2546
2580.55
2615.1
2649.6
2684.15
2718.75
2753.3
2787.8
2822.4
2856.95
2891.5
2926.05
2960.6
2995.15
3029.7
3064.25
3098.8
3133.3
3167.85
3202.45
3237
3271.55
3306.1
3340.65
3375.2
3409.75
3444.3
3478.85
3513.4
3547.95
3582.5
3617.05
3651.6
3686.1
3720.7
3755.25
3789.75
3824.35
3858.9
3893.45
3928
3962.55
3997.1
4031.65
4066.2
4100.75
4135.3
4169.85
4204.35
4238.95
4273.45
4308.05
4342.6
4377.15
4411.7
4446.25
4480.8
4515.35
4549.9
4584.45
4619
4653.55
4688.1
4722.65
4757.2
4791.75
4826.3
4860.85
4895.4
4929.95
4964.55
4999.1
5033.65
5068.2
5102.75
5137.3
5171.85
5206.4
5240.95
5275.5
5310.05
5344.6
5379.15
5413.7
5448.25
5482.85
5517.35
5551.95
5586.5
5621.05
5655.6
5690.15
5724.7
5759.25
5793.8
5828.2
5862.75
5897.3
5931.85
5966.4
6000.95
6035.5
6070.05
6104.55
6139.1
6173.65
6208.2
6242.75
6277.25
6311.8
6346.35
6380.9
6415.45
6449.85
6484.4
6518.8
6553.4
6587.8
6622.2
6656.65
6691.1
6725.55
6759.95
6794.4
6828.85
6863.3
6897.75
6932.2
6966.65
7001.05
7035.5
7069.95
7104.4
7138.85
7173.3
7207.75
7242.2
7276.6
7311.05
7345.5
7379.95
7414.4
7448.8
7483.25
7517.7
7552.15
7586.6
7621.05
7655.5
7689.95
7724.55
7758.95
7793.35
7827.95
7862.35
7896.75
7931.2
7965.6
-1000
25.6
68.3
113.3
159.5
206
252.65
299.4
346
392.9
439.6
486.6
533.55
573.6
610.6
646.05
680.7
715.25
749.75
784.1
818.45
852.85
887.3
921.75
956.15
990.65
1025.2
1059.7
1094.25
1128.75
1163.3
1197.85
1232.35
1266.9
1301.45
1335.95
1370.5
1405.05
1439.6
1474.15
1508.7
1543.25
1577.8
1612.35
1646.9
1681.45
1716
1750.55
1785.1
1819.65
1854.2
1888.75
1923.3
1957.85
1992.35
2026.85
2061.35
2095.9
2130.5
2165.05
2199.6
2234.2
2268.75
2303.3
2337.85
2372.4
2406.95
2441.5
2476
2510.55
2545.05
2579.6
2614.2
2648.75
2683.3
2717.9
2752.45
2787
2821.55
2856.1
2890.65
2925.2
2959.7
2994.25
3028.75
3063.3
3097.9
3132.45
3167
3201.6
3236.15
3270.7
3305.25
3339.8
3374.35
3408.9
3443.45
3478
3512.55
3547.05
3581.55
3616.1
3650.7
3685.25
3719.8
3754.4
3788.95
3823.5
3858.05
3892.6
3927.15
3961.7
3996.25
4030.75
4065.3
4099.8
4134.35
4168.95
4203.5
4238.05
4272.65
4307.2
4341.75
4376.3
4410.85
4445.4
4479.95
4514.5
4549.05
4583.6
4618.15
4652.65
4687.25
4721.8
4756.3
4790.9
4825.45
4860.05
4894.6
4929.15
4963.7
4998.25
5032.8
5067.35
5101.9
5136.4
5171
5205.5
5240.1
5274.65
5309.15
5343.75
5378.3
5412.9
5447.45
5482
5516.55
5551.1
5585.65
5620.2
5654.7
5689.25
5723.8
5758.35
5792.85
5827.45
5862
5896.45
5931.05
5965.6
6000.1
6034.6
6069.15
6103.75
6138.3
6172.8
6207.3
6241.85
6276.45
6311
6345.55
6380.1
6414.6
6449.15
6483.65
6518.2
6552.7
6587.2
6621.7
6656.15
6690.6
6725
6759.45
6793.9
6828.35
6862.8
6897.25
6931.65
6966.05
7000.55
7035
7069.45
7103.9
7138.35
7172.75
7207.15
7241.65
7276.1
7310.55
7345
7379.4
7413.8
7448.3
7482.75
7517.2
7551.65
7586.1
7620.55
7655
7689.4
7723.8
7758.35
7792.8
7827.25
7861.75
7896.25
7930.7
7965.1
7999.55
