84.8
181.4
269.6
361.85
458.3
546.55
588.8
636.1
688.75
740.9
794.05
848.45
896.9
932.55
967.2
1004.2
1038.7
1072.75
1113.85
1160.75
1214.45
1267.35
1304.7
1337.75
1378.8
1423
1474.2
1526.8
1571.5
1612.85
1669.55
1741.95
1811.5
1868.9
1930.55
1991.6
2033.45
2088.65
2152.8
2210.15
2280.8
2354.25
2412.9
2457.5
2512.05
2570.6
2617.15
2672.9
2735.85
2792.7
2848.85
2908
2966.6
3036.05
3094.25
3136.05
3195.75
3261.85
3340.6
3417.2
3500
3582
3660.95
3732.75
3796.15
3881.65
3966.6
4055.05
4138.95
4219.75
4294.35
4359.35
4429.8
4491.35
4563.2
4641.75
4724
4803.7
4882.4
4959.3
5036.55
5111.35
5169.45
5205.9
5240
5276.45
5309.85
5357.1
5411.7
5470.25
5519.55
5574.7
5624.65
5675.95
5732.8
5791.35
5857.05
5913.95
5984.15
6056.2
6114.2
6173.5
6239.7
6296.35
6364
6428.8
6484.6
6553.95
6611.85
6670.55
6735.25
6792.15
6863.35
6934.55
6992.15
7044.15
7109.5
7167.15
7240.95
7317.7
7392.95
7453.95
7490.2
7524.2
7557.8
7605.1
7658.7
7712.3
7762.65
7817.3
7878.55
7934.55
-1000
25.6
56.65
101.3
132.3
163.35
207.95
238.95
270.05
302.8
333.85
378.7
409.7
440.75
485.05
516.1
547.25
579.7
618.75
662.95
709.7
740.7
774.65
819.95
863.05
894.1
929.55
965.05
1000.15
1036.2
1071.45
1106.15
1144.4
1187.95
1234.75
1265.8
1300.6
1336.65
1371.25
1409.4
1451.25
1498.1
1541
1572.15
1604.7
1643.2
1690.05
1721.1
1767.15
1798.15
1839.85
1881.25
1912.2
1956.95
1987.95
2023.85
2063.25
2110.35
2141.4
2181.95
2226.4
2257.4
2304.4
2335.4
2380.4
2411.45
2446.2
2486.65
2533.5
2564.5
2601.8
2644.75
2689.45
2720.5
2763.45
2803
2833.9
2876.5
2907.5
2941.9
2988.8
3019.85
3063.3
3094.35
3127.65
3166.25
3203.4
3234
3279.3
3310.3
3341.7
3373.5
3404.55
3445.8
3476.85
3523.75
3554.8
3600.65
3631.65
3671
3701.85
3732.9
3766.15
3799
3829.1
3860.1
3906.25
3937.3
3975.9
4006.7
4037.75
4081.7
4112.75
4159.7
4190.75
4231.4
4262.35
4293.4
4328
4359
4393.25
4424.25
4461.25
4493.1
4524.05
4555.1
4593.55
4624.6
4668.65
4699.7
4746.85
4777.9
4824.95
4856
4902.8
4933.85
4980.65
5011.7
5058.9
5089.95
5136.2
5167.25
5202.3
5238.15
5273.1
5308.8
5343.4
5385.35
5431.85
5462.9
5500.9
5545.8
5587.55
5618.5
5655.8
5701.5
5732.55
5766.65
5813.8
5844.85
5885.75
5930.1
5961.15
6008
6039.05
6083.1
6114.1
6147.8
6194.9
6225.95
6267.95
6311.75
6342.75
6388.95
6420
6458.8
6505.55
6536.6
6580.6
6611.65
6645.65
6692.8
6723.85
6764.4
6809.7
6840.75
6887.45
6918.5
6961.9
6993.4
7025
7070.15
7101.2
7139.8
7185.45
7216.5
7263.65
7294.7
7341.3
7372.35
7418.05
7449.1
7485.65
7522.05
7557.1
7591.65
7633.4
7680.6
7711.6
7746.15
7789.65
7835.2
7866.2
7907.35
7953.45
7984.5
