55.55
119.05
181.9
245.2
307.75
373
440.45
501.7
535.5
569.4
605.3
639.2
674.95
708.8
744.8
778.45
814.6
848.3
883.95
917.95
953.15
987.35
1022.4
1056.55
1091.95
1126.15
1160.95
1195.4
1230.2
1264.65
1299.55
1333.95
1368.85
1403.05
1438.1
1472.25
1507.25
1541.55
1576.45
1610.65
1645.9
1679.7
1715
1748.95
1783.95
1818.15
1852.95
1887.35
1922.1
1956.5
1991.25
2025.4
2060.5
2094.45
2129.5
2163.55
2198.8
2232.6
2267.8
2301.6
2337.05
2370.45
2406.7
2439.4
2471.9
2505
2538.65
2570.9
2604.3
2637.8
2669.75
2704.45
2748.7
2796.6
2844.45
2901.2
2954.3
3008.9
3065.3
3121.1
3178.4
3235.35
3293.5
3353
3411.4
3475.05
3533.1
3592.65
3653.7
3712.3
3776.95
3834.95
3894.65
3957.95
4016.35
4081.55
4141.9
4200.35
4265.2
4323.5
4385
4450.25
4508.35
4568.55
4631.45
4689.8
4755.25
4815.15
4873.35
4937
4995.55
5058
5123.4
5183.05
5241.25
5305.2
5363.7
5425.5
5491.2
5549.75
5607.65
5670.2
5728.55
5794.4
5852.8
5910.9
5973.15
6031.8
6097.05
6155.3
6213.65
6275.75
6334.4
6400.2
6458.65
6516.75
6578.95
6637.6
6702.85
6761.05
6819.1
6881.05
6939.4
7004.7
7062.45
7122.35
7185.15
7243.65
7309.2
7368.95
7426.75
7490.05
7548.35
7613.1
7675.75
7734.4
7800
7858.55
7916.5
7978.55
-1000
25.6
58.8
88.8
120.2
151.9
184.7
214.8
246.1
278.15
314.45
344.9
389.55
420.6
466.1
497.15
533.55
568.5
603.05
638.2
672.8
707.9
742.45
777.65
812.2
847.45
881.95
916.95
951.5
986.3
1020.9
1055.7
1090.25
1125.05
1159.65
1194.3
1228.95
1263.6
1298.2
1332.9
1367.55
1402.25
1436.75
1471.45
1506
1540.7
1575.25
1609.9
1644.4
1679.15
1713.6
1748.3
1782.8
1817.4
1851.95
1886.55
1921.1
1955.7
1990.2
2024.8
2059.3
2093.95
2128.35
2163
2197.5
2232.2
2266.55
2301.25
2335.5
2370.3
2404.25
2439.45
2473.8
2504.6
2538.9
2574.15
2604.15
2637.95
2677.1
2721.95
2768.55
2813.25
2844.25
2878.15
2925
2964
2994.8
3037
3081.2
3112.2
3151.2
3197.3
3228.35
3266.15
3312.2
3343.25
3382.75
3425.65
3456.65
3501.4
3532.45
3566.95
3614.05
3645.05
3683.8
3727.2
3758.2
3803.15
3834.2
3868.7
3915.4
3946.45
3987.05
4026.6
4057.5
4104.35
4135.4
4172.95
4218.9
4249.9
4292.85
4323.9
4356.8
4401.4
4432.4
4476.85
4507.9
4542.25
4589.15
4620.2
4660.6
4700.9
4731.8
4778.8
4809.85
4846.65
4893.3
4924.35
4965.65
4998.85
5028.8
5068.8
5099.7
5146.75
5177.8
5214.55
5261.25
5292.3
5333.75
5366.2
5396.5
5437.7
5468.7
5515.4
5546.45
5582.15
5628.95
5660
5699.75
5742.05
5773.05
5819.3
5850.3
5885.55
5932.7
5963.75
6003.05
6045.5
6076.5
6122.2
6153.25
6188.25
6235.4
6266.45
6305.7
6347.9
6378.9
6425.15
6456.15
6491.4
6538.6
6569.6
6608.85
6651
6682
6728
6759.05
6794.05
6841.25
6872.25
6911.15
6955.5
6986.55
7031
7062.05
7096.35
7143.35
7174.4
7214.5
7255.05
7286
7332.95
7363.95
7400.6
7447.2
7478.25
7518.9
7556.75
7587.5
7634.6
7665.6
7705.35
7746.45
7777.4
7824.15
7855.2
7890.95
7937.95
7969
