82.15
166.1
253.75
338.9
428.6
512.4
562.2
616
668.3
716.55
771.3
828.05
878.25
934.1
986.9
1046.75
1097.35
1154.55
1205.8
1270.55
1328
1400.95
1473.75
1533.55
1580.3
1636.9
1701.4
1759.6
1815.15
1871.25
1929.6
1990.9
2046.1
2109.15
2167.2
2237.8
2311.4
2373.45
2421.9
2478.35
2531.9
2590.15
2649.55
2725.7
2804.6
2882.85
2959.6
3035.25
3105.7
3163.9
3217
3285.3
3344.85
3403.35
3480.65
3559.6
3638.15
3714.95
3790.8
3861.3
3919.2
3973.6
4041.25
4101.05
4156.95
4234.8
4313.3
4388.2
4453.35
4509.2
4574.1
4632.5
4692.25
4767.9
4843.55
4908.8
4965
5031.45
5090.1
5143.25
5213.2
5273
5333.6
5404.9
5473.85
5531.7
5596.2
5666.2
5725.1
5775.9
5841.95
5901.25
5971.6
6049.2
6126.3
6197.75
6261.2
6335.25
6416.8
6499.05
6579.2
6656.15
6725.6
6789.5
6856.4
6920.4
6999.4
7078.7
7157.1
7231.05
7290.15
7338.95
7394.9
7457.75
7515.5
7575.35
7640.4
7698.25
7759.05
7830.55
7889.65
7947.1
-1000
25.6
56.65
103.8
134.8
165.85
199.9
230.95
277.55
308.55
339.9
371.85
402.9
449.95
481
512.05
546.35
589.45
636.2
667.25
701.8
744.4
790.85
821.9
859.15
904.1
936.55
966.85
1012.5
1043.55
1079.2
1123.8
1154.85
1187.95
1232.4
1263.4
1301.3
1347.9
1378.95
1425.25
1456.3
1500.35
1531.4
1566.45
1608.5
1651.85
1682.85
1727.7
1758.75
1793.3
1839.75
1870.8
1905.15
1952.3
1983.35
2021.5
2068.65
2099.7
2139
2183.45
2214.5
2261.45
2292.45
2337.55
2368.55
2405.15
2448.95
2487.5
2518.25
2560.2
2592.85
2623
2669.75
2700.8
2747.7
2778.7
2825.75
2856.8
2903.45
2934.5
2981.65
3012.7
3059.4
3090.45
3133.35
3164.5
3197.1
3242.7
3273.7
3314.35
3345.55
3377.9
3425.05
3456.1
3503.25
3534.3
3581.15
3612.2
3659.2
3690.25
3737.45
3768.45
3815.1
3846.15
3889
3920.6
3952
3998.35
4029.4
4070.15
4101.2
4134.45
4180.95
4211.95
4258.55
4289.6
4336.4
4367.45
4413.45
4444.45
4483.4
4530.5
4561.5
4602.8
4637.6
4667.7
4714.85
4745.9
4792.45
4823.45
4869.1
4900.15
4939
4985.95
5017
5059.45
5090.5
5123.4
5168.75
5199.8
5241.6
5272.6
5306.9
5353.55
5384.6
5430.35
5461.4
5502.6
5543.45
5574.4
5620.85
5651.9
5694.25
5725.25
5758.5
5802.7
5833.75
5872.25
5913.2
5944.15
5990.05
6021.05
6065.75
6096.8
6134
6164.6
6195.65
6230.7
6261.85
6294.4
6325.4
6364.95
6396
6441.8
6472.85
6519.75
6550.75
6594.65
6625.65
6656.8
6689.3
6720.3
6757.15
6788.2
6822.9
6853.9
6889.15
6920.2
6954.1
6985.15
7027.3
7058.35
7103.95
7135
7181.55
7212.55
7257.35
7288.4
7323.3
7366.3
7409.4
7440.4
7484.4
7515.45
7549.1
7596
7627.05
7668.8
7706.6
7737.3
7783.7
7814.75
7857.85
7888.9
7923.45
7970.5
