112
226.75
347.9
461.6
577.7
659.25
737.3
813.35
869.15
902.35
935.7
969.65
1003.9
1037.2
1070.45
1103.85
1136.75
1169.7
1202.9
1235.4
1271.35
1301.3
1345.5
1394.35
1452.1
1532.55
1592.75
1689.95
1777.4
1877.75
1963.1
2022.6
2104.3
2180.35
2226.15
2287.1
2333.65
2392.5
2444.5
2528.05
2611.1
2673.1
2755.3
2808.85
2893.7
2991.15
3075.75
3141.4
3211
3297.6
3395.45
3476.2
3558.6
3640.4
3697.55
3778.4
3862.15
3897.85
3932.05
3976.65
4034.9
4100.05
4185.05
4246.85
4346.3
4434.3
4493.55
4582
4643.25
4734.5
4842.75
4946.15
5029.6
5111.45
5163.35
5235.35
5292.45
5343.45
5402.2
5469.9
5564.5
5648.3
5732.25
5796.55
5861.95
5922.75
6005.9
6063.65
6148.4
6229.65
6315.8
6405.95
6465.1
6529.7
6620.5
6721.95
6807.35
6892.15
6927.15
6967.25
7021.3
7100.5
7183.15
7256.25
7321.45
7411.75
7496.6
7580.4
7645.2
7710.35
7772.75
7857.3
7918.35
7984.05
-1000
25.6
56.65
87.7
134.6
165.6
196.65
228.55
259.45
290.5
321.5
368.35
399.4
430.4
461.45
495.3
526.35
557.35
603.15
634.15
681.35
712.4
759.55
790.6
837.4
868.45
903.05
935.5
969.45
1003.35
1038
1070.2
1104.3
1137.1
1170.15
1202.9
1237.4
1268.1
1316.2
1355.25
1386.1
1424.65
1470.5
1501.55
1532.6
1566.1
1612.75
1643.8
1674.85
1717.65
1748.7
1791.5
1822.55
1853.55
1900.45
1931.5
1962.5
1996.95
2044.05
2075.1
2114.95
2145.85
2176.9
2212.65
2254.5
2285.55
2320.3
2362
2393.15
2425.65
2470.7
2501.7
2548.55
2579.6
2610.65
2645
2689.8
2720.8
2751.85
2787.6
2833.8
2864.85
2906.45
2937.4
2968.45
3015
3046.05
3081.7
3112
3150.2
3181
3213.2
3243.7
3274.75
3321.6
3352.6
3383.65
3424.45
3455.45
3501.45
3532.5
3579.15
3610.15
3641.75
3673.15
3720.3
3751.35
3797.65
3828.65
3859.7
3894.95
3930.4
3965.25
4005.65
4045.25
4076.1
4123.2
4154.25
4185.3
4218.45
4262.35
4293.35
4324.4
4370.65
4401.7
4432.75
4467.55
4514.55
4545.55
4576.6
4613.4
4647.65
4677.6
4708.65
4755.7
4786.7
4817.75
4864.95
4895.95
4927
4972
5003.05
5049.75
5080.8
5111.85
5144.75
5189.45
5220.5
5263.15
5302.3
5333.15
5372.95
5412.2
5443.1
5489.6
5520.65
5551.65
5593.1
5624.15
5671.25
5702.3
5735.4
5765.4
5796.45
5830.15
5861.2
5895.75
5941.75
5972.8
6003.8
6038.85
6085.75
6116.8
6147.85
6182.3
6213.35
6256.9
6287.95
6333.2
6364.25
6395.3
6435.35
6470.05
6500.1
6536.3
6566.75
6597.8
6644.55
6675.6
6706.65
6749.6
6780.65
6827.25
6858.3
6889.3
6924.75
6959.95
6997.95
7044.9
7075.95
7123.1
7154.15
7195.65
7226.6
7262.55
7292.9
7336.45
7367.45
7398.5
7440.05
7471.05
7518.2
7549.25
7580.25
7614.1
7645.1
7678.8
7709.85
7744.25
7787.75
7818.8
7849.8
7887.95
7919.2
7951.3
7982.35
