78.9
156.45
233.5
310.45
387.85
464.7
542
597.15
656.5
718.4
772.1
827.6
871.05
924.05
979.25
1029.45
1081.8
1132.65
1178.6
1231.75
1286.45
1341.65
1398.65
1460.85
1519.25
1576.05
1642.15
1702.5
1764.95
1834.25
1903.4
1964.15
2023.6
2091.05
2151.8
2210
2275.15
2335.05
2397.75
2465.05
2533.95
2594.55
2653.4
2720.65
2781.05
2840.5
2907.1
2967.35
3027.25
3094.4
3154.75
3212.7
3275.4
3335.2
3396.2
3468.05
3542.05
3614.65
3681.25
3741.75
3803.65
3874.55
3949
4025.05
4100.6
4174.4
4243.5
4304.35
4366.75
4436.9
4508.45
4573.65
4633.5
4700.5
4773.2
4843.25
4904.45
4964.15
5033.1
5096.85
5155.85
5224.75
5291.7
5351.6
5411.5
5484
5556.55
5622.8
5683.2
5745.45
5813.55
5879.7
5943.7
6013.15
6077.3
6142.3
6208.5
6273.6
6339.6
6404.9
6470.8
6536.2
6602.05
6667.5
6733.25
6798.75
6863.95
6930.35
6995.25
7061.6
7126.2
7193.55
7257.65
7324.85
7389.05
7455.35
7520.3
7586.05
7651.9
7717.35
7783.1
7848.6
7914.25
7979.9
-1000
25.6
56.65
103.25
134.3
180.9
211.95
258.25
289.3
335.45
366.5
412.75
443.8
489.85
520.85
567.05
599.05
629.8
676.05
707.1
747.55
794.7
825.75
860.7
900.55
947.55
978.6
1013.1
1056.7
1103.85
1146.15
1177.15
1211.9
1257.45
1298.55
1329.5
1370.5
1415.15
1446.15
1488.7
1519.85
1552.35
1599.4
1630.45
1671.05
1702.1
1736.4
1779.9
1810.9
1857.85
1888.9
1931.35
1962.35
1997.25
2044.1
2075.15
2118.45
2149.45
2184.65
2231.8
2262.85
2303.95
2334.95
2368.6
2409.35
2440.3
2487.5
2518.55
2561.4
2592.45
2627.5
2674.55
2705.55
2748.4
2779.45
2814.25
2861.15
2892.2
2934.9
2965.95
3000.65
3047.4
3078.45
3121.8
3152.85
3187.8
3234.7
3265.75
3305.05
3336.85
3367.9
3411.65
3442.65
3489.8
3520.85
3567
3598.05
3641.75
3672.8
3711.5
3742.95
3774.6
3815.95
3846.9
3892.5
3923.55
3970.7
4001.75
4048.7
4079.7
4125.75
4156.8
4201.1
4232.15
4272.6
4303.65
4338.2
4381.6
4412.65
4459.75
4490.8
4535.1
4566.15
4604.2
4643.65
4674.55
4721.25
4752.3
4798.35
4829.4
4871.45
4902.5
4937.45
4984.1
5015.1
5059.6
5090.65
5128
5173.25
5204.25
5249.9
5280.95
5321.1
5352.25
5384.7
5431.25
5462.25
5508.65
5539.7
5583.6
5614.6
5653.15
5685.15
5715.9
5752.65
5783.2
5814.45
5846.55
5877.6
5912.65
5943.7
5977.2
6008.25
6044.85
6075.9
6110.6
6141.65
6176.1
6207.15
6241.8
6272.85
6307.4
6338.4
6373.1
6404.1
6438.65
6469.7
6504.35
6535.35
6569.9
6600.95
6635.6
6666.6
6701.2
6732.2
6766.75
6797.8
6832.4
6863.45
6897.85
6928.9
6963.65
6994.7
7029.1
7060.15
7094.9
7125.95
7160.05
7191.05
7226.3
7257.35
7291.45
7322.5
7357.7
7388.7
7422.9
7453.95
7488.65
7519.7
7554.2
7585.25
7619.8
7650.8
7685.45
7716.5
7751.05
7782.1
7816.65
7847.65
7882.25
7913.3
7947.9
7978.9
