40.2
86.85
133.55
180.2
226.85
273.5
320.15
366.8
413.45
460.15
506.8
540.9
575.8
609.8
643.6
677.7
711.9
746.25
780.55
814.9
849.3
883.75
918.15
952.6
987.1
1021.55
1056.05
1090.55
1124.9
1159.25
1193.8
1228.3
1262.85
1297.35
1331.85
1366.4
1400.9
1435.4
1469.95
1504.45
1539
1573.5
1608.05
1642.55
1677.1
1711.6
1746.15
1780.7
1815.2
1849.7
1884.25
1918.8
1953.3
1987.8
2022.35
2056.9
2091.4
2125.9
2160.45
2195
2229.5
2264
2298.55
2333.1
2367.6
2402.15
2436.65
2471.2
2505.7
2540.25
2574.8
2609.3
2643.85
2678.35
2712.9
2747.45
2781.95
2816.5
2851
2885.55
2919.9
2954.45
2988.8
3023.35
3057.9
3092.3
3126.7
3161.3
3195.7
3230.1
3264.5
3298.9
3333.35
3367.75
3402.15
3436.6
3471
3505.4
3539.85
3574.25
3608.65
3643.1
3677.5
3711.9
3746.35
3780.75
3815.15
3849.6
3884
3918.4
3952.85
3987.25
4021.7
4056.1
4090.5
4124.95
4159.35
4193.75
4228.2
4262.6
4297.05
4331.45
4365.85
4400.3
4434.7
4469.1
4503.55
4537.95
4572.4
4606.8
4641.2
4675.65
4710.05
4744.45
4778.9
4813.3
4847.75
4882.15
4916.55
4951
4985.4
5019.8
5054.25
5088.65
5123.1
5157.5
5191.9
5226.35
5260.75
5295.15
5329.6
5364
5398.45
5432.85
5467.25
5501.7
5536.1
5570.5
5604.95
5639.35
5673.8
5708.2
5742.6
5777.05
5811.45
5845.85
5880.3
5914.7
5949.15
5983.55
6017.95
6052.4
6086.8
6121.2
6155.65
6190.05
6224.5
6258.9
6293.3
6327.75
6362.15
6396.55
6431
6465.4
6499.85
6534.25
6568.65
6603.1
6637.5
6671.9
6706.35
6740.75
6775.2
6809.6
6844
6878.45
6912.85
6947.25
6981.7
7016.1
7050.55
7084.95
7119.35
7153.8
7188.2
7222.6
7257.05
7291.45
7325.9
7360.3
7394.7
7429.15
7463.55
7497.95
7532.4
7566.8
7601.25
7635.65
7670.05
7704.5
7738.9
7773.3
7807.75
7842.15
7876.6
7911
7945.4
7979.85
-1000
25.6
68.15
113.1
158.9
204.95
251.45
298
344.6
391.2
437.8
484.45
531.1
570.65
607.4
642.6
677.2
711.6
745.8
780.15
814.45
848.85
883.25
917.65
952.1
986.55
1021
1055.5
1089.9
1124.4
1158.8
1193.2
1227.65
1262.15
1296.7
1331.2
1365.7
1400.2
1434.7
1469.2
1503.7
1538.25
1572.8
1607.3
1641.85
1676.4
1710.85
1745.4
1779.9
1814.45
1848.95
1883.5
1917.95
1952.5
1987
2021.55
2056.05
2090.6
2125.15
2159.7
2194.2
2228.75
2263.25
2297.8
2332.3
2366.85
2401.4
2435.9
2470.45
2505
2539.5
2574
2608.55
2643.1
2677.6
2712.15
2746.65
2781.2
2815.7
2850.25
2884.7
2919.25
2953.75
2988.25
3022.75
3057.25
3091.75
3126.25
3160.65
3195.15
3229.6
3264
3298.4
3332.85
3367.25
3401.65
3436.1
3470.5
3504.9
3539.35
3573.75
3608.15
3642.6
3677
3711.4
3745.85
3780.25
3814.65
3849.1
3883.5
3917.9
3952.35
3986.75
4021.2
4055.6
4090
4124.45
4158.85
4193.25
4227.7
4262.1
4296.55
4330.95
4365.35
4399.8
4434.2
4468.6
4503.05
4537.45
4571.9
4606.3
4640.7
4675.15
4709.55
4743.95
4778.4
4812.8
4847.25
4881.65
4916.05
4950.5
4984.9
5019.3
5053.75
5088.15
5122.6
5157
5191.4
5225.85
5260.25
5294.65
5329.1
5363.5
5397.95
5432.35
5466.75
5501.2
5535.6
5570
5604.45
5638.85
5673.3
5707.7
5742.1
5776.55
5810.95
5845.35
5879.8
5914.2
5948.65
5983.05
6017.45
6051.9
6086.3
6120.7
6155.15
6189.55
6224
6258.4
6292.8
6327.25
6361.65
6396.05
6430.5
6464.9
6499.35
6533.75
6568.15
6602.6
6637
6671.4
6705.85
6740.25
6774.7
6809.1
6843.5
6877.95
6912.35
6946.75
6981.2
7015.6
7050.05
7084.45
7118.85
7153.3
7187.7
7222.1
7256.55
7290.95
7325.4
7359.8
7394.2
7428.65
7463.05
7497.45
7531.9
7566.3
7600.75
7635.15
7669.55
7704
7738.4
7772.8
7807.25
7841.65
7876.1
7910.5
7944.9
7979.35
