44.6
95.15
145.3
194.85
245.65
296.25
346.55
396.3
447.65
498.2
535.5
572.2
607.05
640.2
673.65
707.95
741.85
776.3
810.2
844.45
878.55
912.9
947
981.3
1015.45
1049.95
1084.1
1118.45
1152.7
1187
1221.3
1255.65
1289.9
1324.25
1358.55
1392.9
1427.2
1461.6
1495.85
1530.25
1564.55
1598.9
1633.2
1667.55
1701.85
1736.2
1770.5
1804.85
1839.15
1873.5
1907.8
1942.15
1976.45
2010.8
2045.1
2079.45
2113.75
2148.1
2182.4
2216.75
2251.05
2285.4
2319.7
2354.05
2388.4
2422.7
2457.05
2491.35
2525.7
2560
2594.35
2628.65
2663
2697.3
2731.65
2766
2800.3
2834.65
2868.95
2903.3
2937.6
2971.95
3006.25
3040.6
3074.9
3109.25
3143.6
3177.9
3212.25
3246.55
3280.9
3315.2
3349.55
3383.85
3418.2
3452.5
3486.85
3521.2
3555.5
3589.85
3624.15
3658.5
3692.8
3727.15
3761.45
3795.8
3830.1
3864.45
3898.8
3933.1
3967.45
4001.75
4036.1
4070.4
4104.75
4139.05
4173.4
4207.7
4242.05
4276.4
4310.7
4345.05
4379.35
4413.7
4448
4482.35
4516.65
4551
4585.3
4619.65
4654
4688.3
4722.65
4756.95
4791.3
4825.6
4859.95
4894.25
4928.6
4962.9
4997.25
5031.6
5065.9
5100.25
5134.55
5168.9
5203.2
5237.55
5271.85
5306.2
5340.5
5374.85
5409.2
5443.5
5477.85
5512.15
5546.5
5580.8
5615.15
5649.45
5683.8
5718.1
5752.45
5786.8
5821.1
5855.45
5889.75
5924.1
5958.4
5992.75
6027.05
6061.4
6095.7
6130.05
6164.4
6198.7
6233.05
6267.35
6301.7
6336
6370.35
6404.65
6439
6473.3
6507.65
6542
6576.3
6610.65
6644.95
6679.3
6713.6
6747.95
6782.25
6816.6
6850.9
6885.25
6919.6
6953.9
6988.25
7022.55
7056.9
7091.2
7125.55
7159.85
7194.2
7228.5
7262.85
7297.2
7331.5
7365.85
7400.15
7434.5
7468.8
7503.15
7537.45
7571.8
7606.1
7640.45
7674.8
7709.1
7743.45
7777.75
7812.1
7846.4
7880.75
7915.05
7949.4
7983.7
-1000
25.6
70.7
117.85
163.7
194.7
228.5
272.5
319.6
365.95
397.35
429.15
473.95
521.1
563.5
602.35
638.8
673.55
707.35
741.8
775.45
810.05
843.95
878.4
912.25
946.75
980.75
1015.2
1049.35
1083.8
1118
1152.35
1186.6
1220.95
1255.2
1289.55
1323.85
1358.2
1392.5
1426.85
1461.15
1495.5
1529.8
1564.15
1598.45
1632.8
1667.1
1701.45
1735.75
1770.1
1804.4
1838.75
1873.05
1907.4
1941.7
1976.05
2010.35
2044.7
2079
2113.35
2147.65
2182
2216.3
2250.65
2284.95
2319.3
2353.65
2387.95
2422.3
2456.6
2490.95
2525.25
2559.6
2593.9
2628.25
2662.55
2696.9
2731.25
2765.55
2799.9
2834.2
2868.55
2902.85
2937.2
2971.5
3005.85
3040.15
3074.5
3108.85
3143.15
3177.5
3211.8
3246.15
3280.45
3314.8
3349.1
3383.45
3417.75
3452.1
3486.45
3520.75
3555.1
3589.4
3623.75
3658.05
3692.4
3726.7
3761.05
3795.35
3829.7
3864.05
3898.35
3932.7
3967
4001.35
4035.65
4070
4104.3
4138.65
4172.95
4207.3
4241.65
4275.95
4310.3
4344.6
4378.95
4413.25
4447.6
4481.9
4516.25
4550.55
4584.9
4619.25
4653.55
4687.9
4722.2
4756.55
4790.85
4825.2
4859.5
4893.85
4928.15
4962.5
4996.85
5031.15
5065.5
5099.8
5134.15
5168.45
5202.8
5237.1
5271.45
5305.75
5340.1
5374.45
5408.75
5443.1
5477.4
5511.75
5546.05
5580.4
5614.7
5649.05
5683.35
5717.7
5752.05
5786.35
5820.7
5855
5889.35
5923.65
5958
5992.3
6026.65
6060.95
6095.3
6129.65
6163.95
6198.3
6232.6
6266.95
6301.25
6335.6
6369.9
6404.25
6438.55
6472.9
6507.25
6541.55
6575.9
6610.2
6644.55
6678.85
6713.2
6747.5
6781.85
6816.15
6850.5
6884.85
6919.15
6953.5
6987.8
7022.15
7056.45
7090.8
7125.1
7159.45
7193.75
7228.1
7262.45
7296.75
7331.1
7365.4
7399.75
7434.05
7468.4
7502.7
7537.05
7571.35
7605.7
7640.05
7674.35
7708.7
7743
7777.35
7811.65
7846
7880.3
7914.65
7948.95
7983.3
