65.2
133.6
198.45
262.05
329.4
392.85
463.75
527.75
564.85
600.45
635
669.8
705
739.8
775.3
809.2
847.4
882.1
915.3
954.95
990.45
1022.8
1060.35
1092.55
1125.35
1158.5
1192.65
1226.55
1261.7
1293.85
1327.75
1359.65
1396.25
1444.25
1492.8
1538.55
1595.75
1657.6
1715.6
1771.65
1834.55
1894.2
1960.9
2032.15
2100.7
2161.25
2223.9
2292.45
2361.95
2423.45
2482.1
2549.35
2610.15
2669.2
2736.15
2795.95
2856.45
2923.75
2984.55
3042.7
3107.65
3167.6
3230.2
3298
3366.3
3427.05
3486.35
3553.5
3614.05
3673.35
3740.3
3800.6
3859.8
3925.9
3985.65
4046.8
4113.75
4174.45
4232.4
4294.8
4354.5
4417.1
4487.35
4561.45
4636.45
4710.05
4779.2
4840.15
4902.4
4971.9
5042.6
5107.75
5167.4
5236.4
5308.15
5374.7
5435
5496.45
5568.1
5642.25
5714.95
5783.1
5843.95
5907.2
5975.1
6048
6121.05
6189.9
6250.5
6312.55
6382.25
6450.55
6510.8
6572.45
6641.05
6704.8
6764.15
6832.75
6901.8
6963.2
7022.3
7090.4
7152.4
7210.85
7278.25
7338.35
7398
7465.7
7526.7
7584.85
7649.8
7709.7
7772.2
7840.1
7906.45
7966.55
-1000
25.6
56.65
95.3
126.35
164.3
195.35
230.95
261.95
295.75
326.75
362.1
393.15
426.25
457.25
494.8
525.85
560.8
596.9
632.7
667.85
702.8
737.9
772.85
808.1
842.75
879.2
914.65
949.15
986.3
1022.45
1056.65
1092.6
1126.45
1158.25
1192.25
1226.55
1260.1
1296.85
1326.9
1370.05
1416.75
1462.15
1493.2
1526.1
1567.3
1611.05
1642.1
1685.15
1716.4
1748.6
1795.25
1826.3
1864.85
1904.05
1934.9
1981.9
2012.95
2058.15
2089.15
2129.8
2160.8
2195.15
2237.9
2268.9
2315.9
2346.95
2389.7
2420.75
2456.15
2503.15
2534.2
2577.05
2608.05
2643.1
2689.75
2720.8
2763.75
2794.8
2829.45
2875.75
2906.8
2950.75
2981.8
3017.2
3064.3
3095.35
3136.45
3167.5
3201.2
3242.55
3273.55
3320.7
3351.75
3394.2
3425.25
3460.15
3507.1
3538.1
3581.1
3612.15
3647.05
3693.95
3724.95
3767.8
3798.8
3833.7
3880.6
3911.65
3953.95
3985
4019.5
4065.55
4096.6
4140.65
4171.7
4207.1
4254.25
4285.3
4324.65
4358.05
4388
4428.9
4459.85
4505.6
4536.6
4583.5
4614.55
4661.05
4692.05
4736.6
4767.6
4808.25
4839.25
4873.85
4916.7
4947.7
4994.85
5025.9
5069.7
5100.7
5138.55
5180.8
5211.8
5258.7
5289.75
5334.5
5365.5
5404.65
5436
5467.95
5511.7
5542.7
5589.85
5620.9
5666.95
5698
5741.95
5772.95
5812.6
5843.65
5877.9
5916.9
5947.75
5993.75
6024.8
6071.7
6102.75
6147.3
6178.35
6218.95
6250
6284.45
6329.1
6360.1
6406.45
6437.5
6479.05
6510.1
6544.6
6589.8
6620.85
6666.55
6697.6
6735.45
6777.75
6808.75
6855.85
6886.9
6929.55
6960.6
6995.9
7042.75
7073.75
7117.5
7148.55
7184.55
7231.4
7262.45
7305.55
7336.6
7371.45
7417.9
7448.9
7492.75
7523.8
7559.25
7606.4
7637.45
7678.45
7709.45
7743.55
7786.7
7817.7
7864.15
7895.2
7935.65
7966.65
