56.2
111.15
164.25
218.3
271.7
324.65
380.05
433.5
485.95
540.65
584.05
626.95
669.65
712.1
754.45
796.85
839.3
881.7
924.1
966.6
1009.1
1048.75
1085.4
1119
1151.3
1182.85
1216.75
1255.55
1294.6
1330.8
1364.1
1396.35
1428.05
1461.05
1499.5
1539.6
1577.4
1612.4
1644.95
1678.1
1709.95
1742.55
1779
1821.05
1864.6
1907.2
1947.6
1985.45
2020.5
2052.95
2086.2
2118.05
2150.95
2189.8
2231.95
2274.15
2314.35
2352
2386.45
2418.8
2452.05
2483.8
2516.6
2554.1
2596.35
2640.3
2682.85
2723.6
2761.7
2796.9
2829.55
2862.45
2894.35
2926.85
2961.9
3003.7
3048.6
3093.6
3137.7
3180.2
3221.05
3259.65
3295.1
3327.8
3360.5
3392.25
3424.95
3462.6
3504.25
3547.1
3588.25
3626.65
3662.15
3694.95
3727.65
3759.5
3792.3
3831.15
3872.75
3914.2
3953.3
3989.55
4022.8
4055.25
4086.9
4120.15
4159
4198.9
4236.3
4270.45
4302.65
4336.2
4367.85
4402.05
4441.55
4482.15
4520.5
4556.1
4588.8
4621.6
4653.35
4686.45
4725.6
4767.05
4807.3
4844.9
4879.7
4912.1
4945.4
4977.25
5010.15
5048.2
5090.55
5133.95
5176.15
5216.05
5253.45
5287.55
5319.85
5353.45
5385
5419.45
5459.15
5499.55
5537.75
5572.85
5605.35
5638.4
5670.15
5703
5741.35
5783.45
5825.85
5866.45
5904.5
5939.85
5972.4
6005.2
6037.05
6069.4
6102.5
6139.75
6175.3
6210.4
6245.2
6279.8
6314.75
6349.45
6384.2
6419
6453.7
6488.5
6523.25
6558
6592.75
6627.5
6662.25
6696.95
6731.75
6766.45
6801.25
6835.95
6870.75
6905.45
6940.2
6974.95
7009.7
7044.45
7079.2
7114
7148.7
7183.45
7218.2
7252.95
7287.7
7322.45
7357.2
7391.95
7426.7
7461.45
7496.2
7530.95
7565.7
7600.45
7635.2
7669.95
7704.7
7739.45
7774.2
7808.95
7843.7
7878.5
7912.95
7947.65
7982.5
-1000
25.6
56.7
89.45
135.65
178.7
209.75
248.4
295.35
334.6
365.5
407.95
455.05
486.1
519.35
565.35
610.25
653.9
697.1
739.85
782.2
824.6
867.15
909.6
951.9
994.5
1037
1077.75
1115.95
1151.55
1193.8
1240.55
1283.15
1323.6
1361.45
1396.85
1435.35
1481.85
1526.2
1567.95
1607.25
1644
1678.7
1714.5
1754.35
1801.45
1846.85
1891.25
1934.6
1976.1
2015.35
2052.1
2086.7
2123.85
2168.05
2214.25
2258.65
2301.55
2342.8
2381.95
2418.3
2452.95
2488.75
2529.85
2576.95
2622.25
2666.8
2710.2
2751.95
2791.45
2828.4
2863.2
2898.5
2935.2
2981.2
3027.95
3073.85
3119.3
3164.05
3207.35
3249.3
3289.05
3326.3
3361.25
3397.25
3439.4
3486.3
3530.8
3574.35
3616.4
3656.2
3693.4
3728.3
3765.3
3809.9
3855.9
3899.8
3942.15
3982.55
4020.35
4055.55
4095.7
4142.35
4186.1
4227.45
4266.4
4302.5
4336.45
4377.9
4424.9
4468.65
4510.5
4550.15
4587.35
4622.15
4659.95
4705.65
4751.25
4794.35
4835.85
4874.9
4911.45
4946.05
4982.4
5024.35
5071.4
5116.6
5160.6
5203.7
5244.8
5283.6
5319.65
5353.55
5396.1
5442.75
5486.2
5527.8
5567.4
5604.3
5639.05
5675.6
5718.75
5765.25
5809.9
5853.2
5894.85
5934.2
5971.25
6006.15
6040.4
6071.35
6102.1
6136.4
6172.1
6207.75
6243.05
6278.15
6313
6347.9
6382.7
6417.45
6452.25
6487
6521.8
6556.5
6591.2
6626
6660.8
6695.55
6730.3
6765.05
6799.8
6834.55
6869.3
6904.05
6938.8
6973.55
7008.3
7043.05
7077.8
7112.55
7147.3
7182.05
7216.8
7251.55
7286.3
7321.05
7355.8
7390.55
7425.3
7460.05
7494.8
7529.55
7564.3
7599.05
7633.8
7668.55
7703.3
7738.05
7772.8
7807.55
7842.3
7877
7911.75
7946.4
7981.1
