103.45
215.5
327.65
439.25
547.4
598.75
653.65
705.7
738.75
772.3
826
882.65
916.35
978.9
1054.85
1117.75
1213.55
1314.6
1402.35
1488.7
1573.55
1643
1703.6
1797.05
1884.6
1985
2069.4
2148.95
2202.65
2279.7
2354.85
2412.05
2460.95
2515.7
2582.45
2639.25
2690
2749.3
2786.75
2819.15
2873.75
2931.7
2965.3
3018.25
3075.15
3109.05
3169.9
3250.25
3326.2
3391.2
3441.95
3520.45
3599.2
3672
3727.55
3770.65
3805.6
3861.75
3943.35
4025.6
4087.9
4167.2
4228.7
4326.35
4414.15
4494.95
4576.1
4656.4
4735.2
4811.55
4883.8
4938.35
4988.45
5020.8
5059.15
5089.75
5126.8
5156.15
5197.85
5256.7
5299
5348.95
5404.15
5437.85
5482.6
5536.3
5604
5659.3
5731.6
5802.45
5857.55
5924.35
5981.4
6018
6051.3
6104.15
6168.75
6216.9
6273.6
6323.1
6383.2
6417.5
6461.1
6516.1
6591.55
6667.1
6725.35
6756.95
6795.1
6826.15
6867.7
6925.1
6986.3
7019.75
7075.65
7147.9
7205.15
7253.95
7313.05
7368.7
7443.25
7502.95
7534.9
7580.1
7625
7674.05
7726.15
7773
7814.95
7868.4
7918.75
7976.35
-1000
25.6
56.65
87.7
130.9
161.95
193
239.7
270.75
301.8
348.8
379.85
410.9
454.85
485.85
516.9
548.05
580.55
625.2
669
700.05
737.05
771.9
806.25
851.75
882.8
916.05
950.2
992.9
1023.9
1054.95
1088.3
1126.4
1157.15
1188.2
1235.35
1266.4
1297.45
1341.35
1372.35
1405.2
1435.3
1466.35
1513
1544
1581.55
1612.25
1643.3
1676.3
1722.4
1753.45
1784.45
1825.7
1856.75
1901.9
1932.95
1964
2010.1
2041.15
2085.35
2116.35
2147.4
2182.2
2228
2259.05
2304.95
2336
2381
2412.05
2445.55
2488.55
2534.8
2565.85
2609.4
2642.9
2672.85
2716.85
2747.9
2782.6
2818.8
2853.05
2899
2930.05
2964.85
2999.2
3044.3
3075.35
3108.55
3142.95
3189.4
3220.45
3255.05
3285.1
3316.15
3355.7
3386.75
3423.1
3468.1
3499.1
3545.35
3576.4
3623.2
3654.25
3698.65
3739.9
3770.85
3804.1
3838.85
3885.45
3916.5
3963
3994.05
4025.05
4059.5
4103.3
4134.35
4165.35
4200.3
4244.3
4275.35
4306.4
4351.8
4382.85
4413.85
4447.95
4479
4522.35
4553.4
4600.15
4631.2
4678.35
4709.4
4756.45
4787.5
4834.6
4865.65
4910.25
4955
4986.05
5021.3
5054.05
5091.85
5122.45
5171.4
5218.2
5249.2
5287.35
5328
5373.85
5405.25
5437.05
5471.6
5511.9
5559.05
5590.1
5632.15
5678.4
5709.45
5756
5787.05
5830.05
5875.5
5906.5
5950.95
5982.2
6014.4
6050.25
6084.85
6130.1
6161.15
6199.25
6243.55
6275.7
6306.3
6350.1
6381.15
6416.2
6450.9
6490.7
6537.8
6568.85
6615.4
6646.45
6692.2
6723.2
6763.05
6793.35
6838.65
6879.25
6910.2
6952.9
6983.9
7019.1
7053.55
7100.1
7131.15
7174.95
7206.5
7237.95
7281.3
7312.35
7346.8
7393.1
7424.1
7469.3
7500.35
7536.1
7567.7
7608.8
7652.25
7698.7
7744.15
7786.45
7830
7861.05
7899.1
7944.5
7975.55
