115.9
225.1
327.1
427.3
525.8
580.5
666.7
730.05
828.1
928.7
1014.8
1078.3
1151.6
1208.9
1242.1
1297.5
1376.2
1457.25
1537.25
1607.65
1687.2
1766.25
1828
1908.15
1989.4
2050.5
2129.85
2193.2
2278.5
2371.2
2433.25
2504.2
2592
2697.15
2785.15
2845.55
2938.25
3024.25
3108.7
3169.25
3252.5
3314.1
3415.2
3519.3
3605.55
3675.85
3735.3
3818.7
3896.75
3976.05
4057.8
4138.3
4215.9
4293.35
4365
4445.1
4516.05
4592.75
4656.8
4721.25
4802.95
4890.4
4970
5030.05
5098.6
5161.55
5252.55
5359.9
5463.95
5550
5612.35
5695.6
5779.4
5864.65
5928.3
5992.35
6066.15
6157.6
6250.7
6355.25
6457.2
6558.7
6661.85
6757.35
6818.4
6857
6892.3
6924.5
6984.85
7064.15
7142.8
7194.95
7271.35
7341.5
7396.05
7469.35
7539.4
7593.25
7659.7
7714.55
7784.25
7840.9
7874.4
7938.05
-1000
25.6
56.65
87.7
131.65
162.65
193.7
224.75
259.05
290.1
321.1
358.35
389.4
420.45
458.15
489.2
520.25
557.2
604.2
635.2
666.25
700.65
739.1
769.9
800.9
847.15
878.2
909.2
954.4
985.4
1024.35
1055.2
1102.1
1133.15
1177.9
1208.95
1242.35
1275.4
1321.95
1353
1399.95
1430.95
1477.5
1508.55
1550.9
1581.9
1628.65
1659.7
1705.55
1736.6
1772.8
1803.25
1850.4
1881.45
1928.1
1959.15
1990.65
2022.2
2066.4
2097.4
2128.45
2163.15
2195.35
2225.9
2256.95
2303.3
2334.35
2365.35
2402.5
2433.55
2466.6
2497.6
2535.2
2566.2
2612.95
2644
2675.05
2721.4
2752.45
2783.45
2818.3
2864.45
2895.45
2926.5
2967.2
2998.25
3045.25
3076.3
3107.35
3142.05
3188.25
3219.3
3250.3
3285.4
3328.35
3359.4
3390.4
3437.6
3468.65
3499.7
3544.9
3575.95
3612.85
3643.4
3674.45
3709.2
3756.1
3787.15
3818.2
3852.6
3883.65
3925.2
3956.25
4001.75
4032.8
4080
4111
4157.15
4188.2
4233.6
4264.65
4307.3
4338.3
4384.9
4415.95
4456.5
4487.45
4530.25
4561.25
4592.3
4626.65
4658.35
4689.55
4720.6
4755.05
4786.1
4830
4861
4899.9
4930.75
4961.8
5000.35
5035.3
5065.45
5096.45
5131.5
5163.55
5194.25
5225.25
5271
5302
5333.05
5379.55
5410.6
5441.65
5488.25
5519.3
5550.35
5583.25
5623.5
5654.45
5685.45
5725.2
5756.25
5803.15
5834.2
5865.4
5897.75
5928.95
5961.4
5992.45
6025.8
6056.85
6096.05
6127.1
6158.2
6190.8
6221.85
6264
6295
6326.05
6366.05
6396.95
6428
6468.25
6499.15
6530.2
6573.25
6604.3
6635.35
6681.75
6712.8
6743.8
6785.7
6816.7
6851.55
6888.45
6924.45
6958.05
7004.6
7035.65
7079.15
7110.2
7141.2
7176.05
7221.05
7252.1
7297.35
7328.4
7369.95
7416.9
7447.95
7494
7525.05
7567.3
7614.05
7645.05
7687.45
7733.75
7764.75
7810.1
7841.15
7874.3
7908
7940.2
7970.7
