86.15
182.2
272.9
361.55
454.7
543.2
619.3
683.1
747.6
807.85
886.5
964.65
1040.15
1103.25
1169.25
1248.45
1325.6
1390.35
1470.9
1553.25
1634.05
1712.5
1789.6
1866.5
1941.9
2006.25
2076.7
2139.05
2203.5
2266.8
2356.1
2440.95
2526.5
2611.8
2697.35
2781.1
2863
2940.55
3004.45
3079.75
3164.95
3247.9
3333.75
3416.95
3496.6
3572.9
3638
3703
3771.25
3833.25
3915
3999.85
4081.35
4159.3
4222.1
4289.6
4351.6
4428.7
4501.15
4581.4
4663.15
4742.7
4820.85
4898.7
4975.75
5052.9
5130.6
5208.3
5286.05
5363.7
5441.05
5517.75
5592.05
5649.4
5693.85
5746.95
5801.35
5859.45
5915.9
5953.05
5991.55
6037.45
6092.05
6152.65
6206.3
6261.65
6308.85
6363.85
6428.3
6485.2
6548.75
6607.5
6658.1
6714.65
6768.2
6827.2
6881.3
6938.15
6996.6
7065.65
7123.6
7177.9
7251.75
7317.2
7372.7
7440.85
7499.65
7559.45
7630.45
7688.45
7737.3
7793.25
7856.85
7914.45
7961.25
-1000
25.6
56.65
94.55
125.25
156.3
203.3
234.35
265.4
303.55
334.55
381
412.05
443.05
483.6
514.65
557.55
588.55
619.6
652.6
683.8
716.25
747.3
781.45
827.95
859
904.75
935.8
978.05
1009.05
1040.05
1073.75
1111.8
1142.5
1189.1
1220.15
1263.9
1294.9
1325.95
1358.95
1390
1424.25
1455.25
1498.4
1529.45
1576.25
1607.3
1653.95
1684.95
1730.7
1761.75
1806.85
1837.9
1880.55
1911.6
1942.9
1974.85
2005.9
2040.2
2071.25
2108.15
2139.2
2172.45
2203.5
2237
2271.1
2301.05
2332.05
2379.2
2410.2
2441.3
2474.25
2505.25
2551.45
2582.5
2622
2652.9
2683.95
2725.7
2756.75
2803.6
2834.65
2878.65
2909.65
2940.7
2973.95
3005.15
3037.5
3068.55
3108.95
3139.95
3187.15
3218.2
3252.9
3283
3314.05
3359.55
3390.55
3437.05
3468.1
3511.75
3542.75
3574.45
3605.65
3636.7
3671.35
3702.4
3736.85
3767.9
3803.6
3839.55
3869.9
3900.9
3943.1
3974.15
4020.95
4052
4091
4121.85
4152.9
4190.35
4221.4
4255.85
4286.9
4322.25
4361.2
4392.05
4423.05
4460.05
4491.1
4530.8
4561.85
4607.2
4638.25
4685.15
4716.2
4762.95
4794
4840.55
4871.55
4917.8
4948.85
4995.25
5026.3
5073
5104
5150.7
5181.75
5228.5
5259.5
5306.25
5337.3
5384.1
5415.15
5462.2
5493.2
5540.15
5571.15
5617.2
5648.25
5682.85
5723.15
5770.2
5801.25
5835
5882.15
5913.2
5948.55
5984.9
6022.5
6065.25
6111.45
6142.45
6182.2
6229.3
6260.35
6295.05
6337.05
6383.55
6414.6
6456.55
6499.6
6530.6
6575.2
6606.25
6640.9
6684.95
6720.35
6750.55
6794.9
6825.95
6860.6
6906.55
6937.6
6972
7019.2
7050.25
7093.25
7124.6
7156.5
7202.55
7233.6
7278.05
7309.1
7347.6
7394.75
7425.8
7468.45
7499.5
7533.35
7580.25
7611.3
7656.3
7687.35
7721.9
7764.9
7808.8
7839.85
7883.8
7914.9
7947.75
7989.45
