58.1
112.3
166.1
222.15
276.5
329.65
384.75
438.7
495.2
537.8
580.7
623.75
666.9
710.3
753.85
797.55
841.4
885.25
928.95
972.7
1016.6
1057.35
1095.45
1130
1162
1195.4
1227.2
1260.8
1301.2
1343.5
1385.05
1424.2
1460.2
1492.85
1525.2
1557
1589.1
1621.65
1654.65
1687.65
1721.25
1758.05
1792.95
1827.6
1862.4
1897.15
1931.95
1966.8
2001.55
2036.6
2071.3
2105.8
2140.5
2175.2
2209.9
2244.55
2279.3
2313.95
2348.7
2383.4
2418.25
2452.8
2487.45
2522.1
2556.8
2591.4
2625.9
2660.5
2695.15
2729.75
2764.4
2799
2833.6
2868.25
2902.85
2937.5
2972.1
3006.75
3041.35
3075.95
3110.6
3145.2
3179.85
3214.45
3249.1
3283.7
3318.3
3352.95
3387.55
3422.2
3456.8
3491.45
3526.05
3560.65
3595.3
3629.9
3664.55
3699.15
3733.8
3768.4
3803
3837.65
3872.25
3906.9
3941.5
3976.15
4010.75
4045.35
4080
4114.6
4149.25
4183.85
4218.5
4253.1
4287.7
4322.35
4356.95
4391.6
4426.2
4460.85
4495.45
4530.05
4564.7
4599.3
4633.95
4668.55
4703.2
4737.8
4772.4
4807.05
4841.65
4876.3
4910.9
4945.55
4980.15
5014.75
5049.4
5084
5118.65
5153.25
5187.9
5222.5
5257.1
5291.75
5326.35
5361
5395.6
5430.25
5464.85
5499.45
5534.1
5568.7
5603.35
5637.95
5672.6
5707.2
5741.8
5776.45
5811.05
5845.7
5880.3
5914.95
5949.55
5984.15
6018.8
6053.4
6088.05
6122.65
6157.3
6191.9
6226.5
6261.15
6295.75
6330.4
6365
6399.65
6434.25
6468.85
6503.5
6538.1
6572.75
6607.35
6642
6676.6
6711.2
6745.85
6780.45
6815.1
6849.7
6884.35
6918.95
6953.55
6988.2
7022.8
7057.45
7092.05
7126.7
7161.3
7195.9
7230.55
7265.15
7299.8
7334.4
7369.05
7403.65
7438.25
7472.9
7507.5
7542.15
7576.75
7611.4
7646
7680.6
7715.25
7749.85
7784.5
7819.1
7853.75
7888.35
7922.95
7957.6
7992.2
-1000
25.6
56.65
91.4
137.25
179.25
210.25
251.1
298.25
329.25
363.6
409.55
450.25
481.2
523.3
565.75
608.45
651.25
694.4
737.7
781
824.55
868.45
912.3
955.9
999.7
1043.45
1085.5
1125.1
1161.7
1195.9
1234.75
1281.1
1326.75
1370.55
1413
1453.4
1491.1
1526.5
1559.1
1589.75
1622.45
1654.75
1688.1
1720.95
1755.2
1790.65
1825.85
1860.7
1895.55
1930.35
1965.2
2000
2034.8
2069.65
2104.5
2139.2
2173.9
2208.6
2243.3
2278
2312.7
2347.4
2382.05
2416.7
2451.45
2486.1
2520.85
2555.45
2590.15
2624.85
2659.45
2694.05
2728.7
2763.3
2797.95
2832.55
2867.2
2901.8
2936.4
2971.05
3005.65
3040.3
3074.9
3109.55
3144.15
3178.75
3213.4
3248
3282.65
3317.25
3351.9
3386.5
3421.1
3455.75
3490.35
3525
3559.6
3594.25
3628.85
3663.45
3698.1
3732.7
3767.35
3801.95
3836.6
3871.2
3905.8
3940.45
3975.05
4009.7
4044.3
4078.95
4113.55
4148.15
4182.8
4217.4
4252.05
4286.65
4321.3
4355.9
4390.5
4425.15
4459.75
4494.4
4529
4563.65
4598.25
4632.85
4667.5
4702.1
4736.75
4771.35
4806
4840.6
4875.2
4909.85
4944.45
4979.1
5013.7
5048.35
5082.95
5117.55
5152.2
5186.8
5221.45
5256.05
5290.7
5325.3
5359.9
5394.55
5429.15
5463.8
5498.4
5533.05
5567.65
5602.25
5636.9
5671.5
5706.15
5740.75
5775.4
5810
5844.6
5879.25
5913.85
5948.5
5983.1
6017.75
6052.35
6086.95
6121.6
6156.2
6190.85
6225.45
6260.1
6294.7
6329.3
6363.95
6398.55
6433.2
6467.8
6502.45
6537.05
6571.65
6606.3
6640.9
6675.55
6710.15
6744.8
6779.4
6814
6848.65
6883.25
6917.9
6952.5
6987.15
7021.75
7056.35
7091
7125.6
7160.25
7194.85
7229.5
7264.1
7298.7
7333.35
7367.95
7402.6
7437.2
7471.85
7506.45
7541.05
7575.7
7610.3
7644.95
7679.55
7714.2
7748.8
7783.4
7818.05
7852.65
7887.3
7921.9
7956.55
7991.15
