49.75
95.2
140.65
186.1
231.55
277
322.45
367.9
413.35
458.8
504.25
540.1
576.05
612.05
648.05
684.15
720.3
756.45
792.6
828.85
865.1
901.35
937.6
973.85
1010.15
1045.95
1081.5
1116.85
1152.05
1187.05
1222.1
1257.15
1292.2
1327.25
1362.3
1397.4
1432.5
1467.55
1502.65
1537.75
1572.85
1607.9
1643
1678.1
1713.2
1748.35
1783.45
1818.5
1853.65
1888.75
1923.85
1958.95
1994.05
2029.15
2064.25
2099.35
2134.45
2169.55
2204.7
2239.8
2274.9
2310
2345.1
2380.2
2415.35
2450.45
2485.55
2520.65
2555.75
2590.85
2625.95
2661.05
2696.2
2731.3
2766.4
2801.5
2836.6
2871.7
2906.8
2941.9
2977.05
3012.15
3047.25
3082.35
3117.45
3152.55
3187.7
3222.8
3257.9
3293
3328.1
3363.2
3398.3
3433.4
3468.55
3503.65
3538.75
3573.85
3608.95
3644.1
3679.2
3714.3
3749.4
3784.5
3819.6
3854.7
3889.85
3924.95
3960.05
3995.15
4030.25
4065.35
4100.45
4135.6
4170.7
4205.8
4240.9
4276
4311.1
4346.2
4381.35
4416.45
4451.55
4486.65
4521.75
4556.85
4591.95
4627.05
4662.15
4697.3
4732.4
4767.5
4802.6
4837.7
4872.8
4907.95
4943.05
4978.15
5013.25
5048.35
5083.45
5118.55
5153.7
5188.8
5223.9
5259
5294.1
5329.2
5364.3
5399.4
5434.55
5469.65
5504.75
5539.85
5574.95
5610.05
5645.15
5680.25
5715.35
5750.5
5785.6
5820.7
5855.8
5890.9
5926
5961.1
5996.25
6031.35
6066.45
6101.55
6136.65
6171.75
6206.85
6241.95
6277.1
6312.2
6347.3
6382.4
6417.5
6452.6
6487.7
6522.85
6557.95
6593.05
6628.15
6663.25
6698.35
6733.5
6768.6
6803.7
6838.8
6873.9
6909
6944.1
6979.2
7014.3
7049.45
7084.55
7119.65
7154.75
7189.85
7225
7260.1
7295.2
7330.3
7365.4
7400.5
7435.6
7470.7
7505.8
7540.95
7576.05
7611.15
7646.25
7681.35
7716.45
7751.55
7786.7
7821.8
7856.9
7892
7927.1
7962.2
7997.35
-1000
25.6
72.75
119.45
165.65
211.5
257.15
302.7
348.2
393.45
438.85
484.25
529.65
569.6
607
643.65
680
716.1
752.3
788.45
824.65
860.8
897.05
933.3
969.55
1005.8
1042.1
1078.1
1113.85
1149.35
1184.75
1219.9
1254.95
1290.05
1325.1
1360.2
1395.3
1430.35
1465.45
1500.5
1535.55
1570.65
1605.75
1640.85
1675.95
1711.05
1746.15
1781.25
1816.35
1851.45
1886.55
1921.65
1956.75
1991.85
2026.95
2062
2097.1
2132.25
2167.4
2202.5
2237.6
2272.7
2307.75
2342.85
2378
2413.15
2448.25
2483.35
2518.45
2553.55
2588.65
2623.7
2658.85
2694
2729.1
2764.2
2799.3
2834.4
2869.45
2904.55
2939.7
2974.85
3009.95
3045.05
3080.15
3115.2
3150.35
3185.5
3220.6
3255.7
3290.8
3325.9
3360.95
3396.1
3431.25
3466.35
3501.45
3536.55
3571.6
3606.75
3641.9
3677
3712.1
3747.2
3782.3
3817.35
3852.5
3887.65
3922.75
3957.85
3992.95
4028.05
4063.1
4098.25
4133.4
4168.5
4203.6
4238.7
4273.8
4308.85
4344
4379.15
4414.25
4449.35
4484.45
4519.55
4554.65
4589.7
4624.8
4659.95
4695.1
4730.2
4765.3
4800.4
4835.45
4870.6
4905.75
4940.85
4975.95
5011.05
5046.15
5081.2
5116.35
5151.5
5186.6
5221.7
5256.8
5291.9
5327
5362.05
5397.2
5432.35
5467.45
5502.55
5537.65
5572.75
5607.85
5642.95
5678
5713.15
5748.3
5783.4
5818.5
5853.6
5888.7
5923.75
5958.9
5994.05
6029.15
6064.25
6099.35
6134.45
6169.55
6204.6
6239.75
6274.9
6310
6345.1
6380.2
6415.25
6450.35
6485.5
6520.65
6555.75
6590.85
6625.95
6661
6696.15
6731.3
6766.4
6801.5
6836.6
6871.7
6906.8
6941.85
6976.95
7012.1
7047.25
7082.35
7117.45
7152.5
7187.65
7222.8
7257.9
7293
7328.1
7363.2
7398.3
7433.35
7468.45
7503.6
7538.75
7573.85
7608.95
7644.05
7679.1
7714.2
7749.35
7784.5
7819.6
7854.7
7889.75
7924.85
7960
7995.15
