109.45
220.85
332
442.85
550.1
630.25
709.2
794
892.4
977.4
1076.35
1157.55
1235.15
1310.75
1388.3
1465.85
1541.95
1619.05
1692.2
1748.05
1781.65
1834.7
1891.55
1925.95
1985.05
2065.85
2147.55
2202
2283.6
2366.55
2432.1
2495.15
2569.8
2633.9
2699.45
2789.55
2888.05
2975.85
3072.75
3157.55
3224.75
3287.2
3383.4
3478.45
3558.45
3643.35
3723.5
3785.45
3865
3929.9
4006.3
4083
4157.5
4215.9
4273.3
4343.4
4400.3
4440.75
4480.6
4532.85
4601.45
4658.7
4728.9
4809.95
4889.55
4942.9
5022.3
5102.65
5181.6
5259.65
5337.65
5415.6
5491.25
5554.6
5592.05
5622.9
5656.95
5691
5725.1
5759.2
5793.55
5827.25
5860.3
5893.5
5926.25
5959.95
5993.2
6026.75
6060.25
6093.3
6126.15
6159.3
6191.75
6229.55
6259.6
6297.3
6344.15
6397.65
6453.95
6489.75
6524.1
6566.7
6622.4
6697.85
6776.05
6849.7
6905.85
6946.15
6995.2
7051.75
7092.6
7147.45
7224.4
7302.45
7378.25
7434.95
7468.85
7508.4
7539.45
7572.35
7605
7637.9
7670.9
7704.05
7737.15
7770.3
7803.55
7836.65
7870.15
7907.45
7938.05
7977.1
-1000
25.6
56.65
87.7
134.1
165.15
196.2
243.35
274.4
305.45
352.15
383.2
414.25
457.3
488.35
519.35
550.4
583.4
614.45
657.55
688.6
734.5
765.5
809.25
840.25
871.3
917.45
948.45
990.35
1021.35
1052.35
1099.45
1130.5
1176.5
1207.5
1253.1
1284.15
1330.5
1361.5
1407.75
1438.75
1485.1
1516.15
1562.9
1593.9
1640.8
1671.85
1717.6
1748.85
1781.05
1815.55
1860.7
1891.75
1924.9
1959.45
2006.6
2037.65
2081.55
2112.6
2143.65
2179.65
2226.3
2257.35
2304.25
2335.3
2366.3
2400.4
2431.45
2465.95
2506.25
2537.15
2568.2
2602.95
2634
2667.35
2698.35
2733
2764.05
2811.15
2842.2
2873.25
2915.9
2946.9
2988.15
3019.15
3050.15
3096.9
3127.95
3163.75
3194.1
3225.2
3257.95
3297.7
3328.6
3359.65
3406.7
3437.7
3468.75
3508.2
3539.25
3584.45
3615.5
3660.75
3691.8
3722.8
3757.35
3801.9
3832.95
3864
3898.55
3929.55
3963.75
3994.8
4035.4
4066.45
4110.1
4141.15
4184.75
4215.75
4249.5
4296.35
4327.4
4370.75
4408
4438.6
4473.7
4511.45
4557.7
4588.75
4630.05
4673.2
4704.2
4751.1
4782.15
4827.5
4858.55
4889.6
4923
4968.55
4999.6
5046.35
5077.4
5124.55
5155.6
5202.6
5233.65
5280.65
5311.65
5358.7
5389.7
5436.75
5467.8
5514.55
5545.6
5584.65
5622.7
5656.7
5690.75
5724.8
5759
5793
5827.45
5860.65
5893.6
5927.25
5959.2
5993.85
6026.4
6060.65
6093.55
6126.8
6159.3
6194.65
6224.7
6269.15
6312.8
6343.85
6378
6423.45
6454.6
6487.15
6522.45
6557.3
6596.6
6643.65
6674.7
6721.6
6752.65
6799.6
6830.65
6875.8
6908.05
6938.5
6976.65
7021.45
7052.85
7084.65
7123.05
7170.2
7201.25
7248.15
7279.2
7325.9
7356.95
7403.2
7434.2
7468.7
7502.6
7539.65
7572.9
7605.6
7638.25
7671.25
7704.3
7737.4
7770.55
7803.7
7837
7870
7903.8
7947.3
7979.3
