86.95
181.8
275.75
375.25
478.2
580.7
635.9
678.25
715.75
768.85
842.1
904.2
941.4
980.1
1024.95
1079.45
1140.35
1192.4
1247.9
1305.3
1367.3
1417.45
1473.25
1518.05
1576.1
1641.35
1718.15
1793.5
1850.7
1901.35
1956.45
2018.5
2075.25
2137.45
2196.15
2247.65
2304.3
2357
2422.75
2479.55
2555.4
2634.65
2712.35
2790.2
2867.15
2942.55
3011.95
3067.2
3132.3
3189.15
3237.85
3293.25
3366.75
3437.85
3494.65
3553.7
3612.1
3656.3
3716.95
3779.7
3853.3
3927.65
3989.55
4070.55
4157.15
4246.55
4329.25
4410.4
4489.75
4564.35
4626.8
4704.3
4778.15
4861
4943
5022.8
5089.85
5149.45
5230.05
5316.3
5400.35
5481.4
5546.2
5610.5
5674.65
5738.8
5802.85
5887.4
5974.35
6063.05
6148.05
6232.2
6317.35
6397.1
6459.3
6535.7
6599.45
6672.1
6759
6843.65
6927.7
7013.85
7098.55
7179.6
7259.75
7338.5
7414.05
7477.7
7525.15
7578.7
7636.4
7679.75
7732.35
7786.6
7840.2
7895.5
7934.05
7978.55
-1000
25.6
56.65
88.1
119.75
150.8
181.85
215.35
246.4
285.05
315.85
346.9
390.4
421.4
452.45
499.55
530.55
561.6
606.75
647.45
678.4
711.65
747.75
793.9
824.95
869
900.05
936.2
972.95
1010.85
1052.9
1099.65
1130.7
1170.1
1216.75
1247.75
1281.65
1328.45
1359.45
1397.75
1443.05
1474.55
1506.05
1546.95
1587.45
1618.4
1665.25
1696.3
1742.75
1773.8
1819.25
1850.3
1884.6
1928.4
1973.25
2004.25
2046.55
2089.3
2120.3
2164.35
2195.4
2229.95
2274.3
2306.55
2337
2382.6
2413.65
2452.7
2498.9
2529.95
2577.05
2608.1
2654.85
2685.9
2732.7
2763.7
2810.5
2841.55
2888.65
2919.7
2966.3
2997.3
3039.85
3085.8
3116.8
3159.9
3199.65
3230.55
3268.55
3315.7
3346.75
3392.2
3423.25
3465.75
3507.4
3538.4
3581.2
3612.25
3645.5
3685.6
3716.65
3750.8
3792.85
3823.8
3861.5
3892.15
3923.2
3959.5
3991.7
4022.25
4053.3
4097.4
4128.4
4171.2
4202.25
4233.25
4274.85
4305.85
4352.6
4383.65
4429.85
4460.9
4503
4533.95
4565.25
4597.4
4636.1
4666.95
4697.95
4735.4
4766.4
4807.1
4838.15
4884.75
4915.8
4961.9
4992.95
5026.6
5056.5
5087.55
5122.7
5169.3
5200.35
5236.25
5266.6
5297.65
5342.55
5373.6
5420.15
5451.2
5482.95
5514.1
5545.1
5579.7
5610.75
5643.85
5674.9
5708
5739.05
5772.2
5803.3
5836.15
5867.2
5912.9
5943.95
5975.2
6007.4
6038.45
6085.65
6116.65
6147.7
6182
6213.05
6258.05
6289.05
6333.25
6364.25
6395.3
6430.2
6471.2
6502.15
6533.2
6568.45
6599.5
6632.9
6663.95
6702.45
6733.5
6780.6
6811.65
6842.7
6877.25
6908.3
6953.6
6984.65
7024.25
7055.15
7086.2
7127.2
7158.2
7204.5
7235.55
7282.65
7313.7
7360.6
7391.65
7438.3
7469.35
7507.95
7552.05
7598.35
7629.4
7667.2
7708.3
7755.45
7786.45
7820.3
7865.85
7901.9
7932.25
7967.15
