100.95
192.45
286.2
388.8
490.2
587.35
631.85
692.2
754.25
840.05
898.15
978.9
1038.65
1117.1
1197.3
1272.5
1338.2
1400.7
1476.15
1552.9
1633
1714.4
1792.15
1868.05
1927.25
1958.9
1996
2026.2
2065.95
2120.2
2177.5
2251.9
2331.3
2410.5
2481.5
2548.35
2627.15
2705.5
2779.6
2837.25
2877.15
2933.1
3009.95
3090.3
3168.9
3246.9
3323.5
3400.35
3478.35
3555.2
3632.7
3707.45
3779.3
3849.45
3909.95
3994.95
4077.45
4162.05
4245.55
4306.55
4376.95
4452.25
4536.4
4619.15
4692.3
4756.85
4820.05
4909.85
4997.1
5062.4
5128
5202.15
5286.4
5371
5441.55
5503.85
5581.35
5658.7
5731.6
5789.5
5840.4
5910.8
5969.75
6025.25
6105.3
6187.3
6262.3
6321.85
6403.9
6487.4
6573.45
6658.3
6738.2
6818.1
6894.4
6951.3
6985.25
7028.5
7075.65
7129.05
7182.6
7215
7251.75
7282.45
7321.7
7374.1
7442.45
7499.65
7573.1
7652.65
7730.25
7793.3
7856.1
7944.05
-1000
25.6
56.65
87.7
129.35
160.4
191.4
226
257.05
297.45
328.35
359.4
398.3
429.1
460.15
492.25
522.9
553.95
584.95
620.2
660.9
691.9
726.05
770.4
801.45
832.5
870.65
916.05
947.1
978.15
1012.65
1059.6
1090.65
1137.45
1168.5
1210.3
1241.25
1272.3
1306.25
1337.3
1371.85
1413.55
1444.5
1475.55
1510.05
1541.05
1581.85
1612.9
1658.6
1689.6
1736.8
1767.85
1815
1846
1892.55
1923.6
1959.6
1992
2037.15
2079.1
2110.1
2149.85
2194.95
2226
2273
2304.05
2350.2
2381.2
2420.95
2451.8
2487
2517.2
2548.25
2581.95
2613
2655.2
2686.25
2731.5
2762.5
2806.55
2837.6
2870.55
2908.1
2955.3
2986.35
3033.1
3064.15
3111.1
3142.15
3188.4
3219.4
3265.2
3296.25
3342.35
3373.4
3419.75
3450.8
3496.5
3527.55
3573.1
3604.1
3647.3
3678.3
3718.6
3749.55
3783.95
3814
3845
3881.35
3924.55
3955.6
3986.65
4025.25
4056.3
4102.45
4133.5
4176.9
4207.95
4238.95
4276.55
4308.9
4339.3
4370.35
4407.95
4439
4480.7
4511.7
4558.9
4589.95
4629.7
4660.6
4691.65
4726.1
4757.2
4790.15
4823
4853.1
4884.1
4931.2
4962.25
4993.3
5029.25
5060.3
5095.35
5126.4
5161.2
5192.25
5231.8
5262.85
5309.6
5340.65
5372.05
5403.9
5434.9
5472.55
5503.55
5537.65
5568.7
5609.85
5640.9
5685.3
5716.35
5759.25
5790.65
5822.35
5866.95
5897.95
5939.4
5970.75
6002.65
6049.4
6080.45
6127.35
6158.4
6200.3
6231.3
6262.35
6295.85
6342.55
6373.6
6405
6436.75
6467.8
6513
6544.05
6582.45
6613.25
6644.25
6686.4
6717.45
6763.25
6794.25
6841.35
6872.35
6918.9
6949.95
6984.65
7019.1
7058.4
7102.5
7149.2
7180.25
7215.5
7248.25
7291.8
7323.35
7354.4
7399.9
7430.9
7471.5
7515.6
7546.65
7593.4
7624.45
7668.95
7700
7731.55
7763
7794.4
7826.25
7859.6
7889.5
7920.55
7967.55
7998.6
