1.8
32.35
64.3
96.3
128.3
160.3
192.25
224.25
256.25
288.25
320.25
352.2
384.2
416.2
448.2
480.15
512.15
536.95
561.7
586.55
611.4
636.35
661.3
686.25
711.3
736.35
761.4
786.5
811.65
836.75
861.9
887.1
912.25
937.45
962.65
987.85
1013.05
1038.3
1063.5
1088.75
1114
1139.25
1164.5
1189.75
1215
1240.25
1265.5
1290.75
1316.05
1341.3
1366.55
1391.85
1417.1
1442.35
1467.65
1492.9
1518.2
1543.45
1568.75
1594
1619.3
1644.55
1669.85
1695.1
1720.4
1745.65
1770.95
1796.25
1821.5
1846.8
1872.05
1897.35
1922.6
1947.9
1973.2
1998.45
2023.75
2049
2074.2
2099.4
2124.65
2149.85
2175.05
2200.25
2225.45
2250.65
2275.85
2301.05
2326.3
2351.5
2376.7
2401.9
2427.1
2452.35
2477.55
2502.75
2527.95
2553.15
2578.4
2603.6
2628.8
2654
2679.2
2704.45
2729.65
2754.85
2780.05
2805.3
2830.5
2855.7
2880.9
2906.1
2931.35
2956.55
2981.75
3006.95
3032.2
3057.4
3082.6
3107.8
3133
3158.25
3183.45
3208.65
3233.85
3259.1
3284.3
3309.5
3334.7
3359.9
3385.15
3410.35
3435.55
3460.75
3486
3511.2
3536.4
3561.6
3586.8
3612.05
3637.25
3662.45
3687.65
-1000
32.5
71.05
117.55
157.55
193.2
226.4
257.2
290.35
321.15
354.25
385.15
418.4
449.15
482.1
513.1
560.7
610.9
660.85
710.75
760.75
810.85
861.05
911.25
961.35
1011.55
1062.15
1112.7
1163.15
1213.65
1263.95
1314.6
1364.95
1415.65
1466.25
1516.75
1567.35
1617.9
1668.45
1718.95
1769.5
1820.05
1870.65
1921
1971.45
2022.2
2072.85
2123.35
2173.8
2224
2274.55
2325.05
2375.25
2425.85
2476.3
2526.5
2577.1
2627.35
2677.9
2728.4
2778.8
2829.25
2879.45
2930.05
2980.3
3030.85
3081.35
3131.75
3182.2
3232.65
3283.1
3333.25
3383.85
3434.1
3484.65
3535.15
3585.55
3636
3686.45
3736.9
3787.3
3837.75
3887.95
3938.5
3988.75
4039.3
4089.8
4140.2
4190.65
4241.1
4291.55
4341.7
4392.3
4442.55
4493.1
4543.6
4594
4644.45
4694.9
4745.35
4795.5
4846.1
4896.35
4946.9
4997.4
5047.8
5098.25
5148.7
5199.15
5249.55
5300
5350.2
5400.75
5451
5501.55
5552.05
5602.45
5652.9
5703.35
5753.8
5803.95
5854.55
5904.8
5955.35
6005.85
6056.25
6106.7
6157.15
6207.6
6257.75
6308.35
6358.6
6409.15
6459.65
6510.05
6560.5
6610.95
6661.4
6711.8
6762.25
6812.4
6863
6913.25
6963.8
