1.7
39.75
79.35
118.95
158.6
198.2
237.8
277.45
317.05
356.65
396.25
435.9
475.5
515.1
544.85
574.65
604.55
634.45
664.45
694.5
724.6
754.7
784.85
815.05
845.3
875.5
905.8
936.05
966.35
996.65
1027
1057.3
1087.65
1118
1148.35
1178.7
1209.05
1239.4
1269.8
1300.15
1330.55
1360.95
1391.3
1421.7
1452.1
1482.45
1512.85
1543.25
1573.65
1604
1634.4
1664.8
1695.2
1725.6
1756
1786.4
1816.8
1847.2
1877.55
1907.95
1938.35
1968.75
1999.15
2029.55
2059.95
2090.25
2120.55
2150.8
2181.1
2211.4
2241.7
2272
2302.3
2332.6
2362.9
2393.2
2423.5
2453.8
2484.05
2514.35
2544.65
2575
2605.25
2635.55
2665.85
2696.2
2726.45
2756.75
2787.1
2817.35
2847.65
2878
2908.25
2938.55
2968.9
2999.15
3029.5
3059.75
3090.05
3120.4
3150.65
3180.95
3211.3
3241.55
3271.85
3302.2
3332.45
3362.8
3393.05
3423.35
3453.7
3483.95
3514.3
3544.55
3574.85
3605.2
3635.45
3665.75
3696.1
3726.35
3756.65
3787
3817.25
3847.6
3877.85
3908.15
3938.5
3968.75
3999.1
4029.35
4059.65
4090
4120.25
4150.55
4180.9
4211.15
4241.45
4271.8
4302.05
4332.35
4362.7
4392.95
4423.3
4453.55
4483.9
4514.15
4544.45
4574.75
4605.1
4635.35
4665.7
4695.95
4726.3
4756.55
4786.85
4817.2
4847.45
4877.75
-1000
32.45
70.45
109.3
148.75
188.3
227.75
267.45
307.1
346.7
386.3
425.95
465.55
505.2
544.8
593.65
633.85
683.15
723.6
772.55
813.65
862.4
904
952.3
994.3
1042.05
1084.8
1131.75
1175.45
1221.4
1265.95
1310
1355.6
1394.45
1437.2
1479.85
1526.5
1570.3
1616
1660.75
1704.55
1750.35
1788.15
1830.55
1874.25
1920.1
1964.75
2008.7
2054.65
2094.25
2139.2
2179.85
2228.6
2270.2
2318.05
2360.35
2407.95
2451
2498.25
2541.65
2588.55
2632.35
2678.8
2722.95
2768.95
2813.5
2858.7
2903.9
2947.6
2993.65
3032.85
3076.6
3118.4
3166.5
3208.95
3256.7
3299.55
3346.95
3390.2
3437.25
3480.85
3527.55
3571.5
3617.75
3662.1
3707.75
3752.6
3797.2
3842.8
3884.95
3931.5
3969.4
4015.35
4057.5
4105.4
4148.05
4195.65
4238.7
4285.95
4329.35
4376.25
4420.05
4466.5
4510.65
4556.65
4601.2
4646.4
4691.6
4735.25
4781.35
4820.5
4864.25
4906.1
4954.2
4996.6
5044.35
5087.25
5134.65
5177.9
5224.95
5268.55
5315.25
5359.2
5405.45
5449.8
5495.45
5540.3
5584.85
5630.45
5672.5
5719.05
5757
5803.2
5845.25
5893.25
5935.8
5983.45
6026.45
6073.75
6117.1
6164.05
6207.75
6254.35
6298.4
6344.5
6389
6434.35
6479.4
6523.45
6569.35
6609.65
6655.4
6695.1
6744.35
6785.25
6833.85
6875.65
6923.75
6966.15
