0.7
47.15
95.05
142.95
190.85
238.75
286.65
334.55
382.45
430.35
478.25
526.1
561.4
596.8
632.25
667.85
703.5
739.15
774.95
810.75
846.55
882.45
918.35
954.25
990.2
1026.2
1062.15
1098.15
1134.15
1170.15
1206.2
1242.2
1278.25
1314.3
1350.3
1386.35
1422.4
1458.5
1494.55
1530.6
1566.6
1602.7
1638.75
1674.8
1710.85
1746.9
1783
1819.05
1855.1
1891.2
1927.25
1963.3
1999.35
2035.45
2071.5
2107.4
2143.3
2179.25
2215.15
2251.1
2287
2322.95
2358.85
2394.8
2430.7
2466.6
2502.55
2538.5
2574.4
2610.35
2646.3
2682.2
2718.15
2754.1
2790
2825.95
2861.85
2897.8
2933.7
2969.65
3005.6
3041.5
3077.45
3113.4
3149.35
3185.25
3221.2
3257.1
3293.05
3328.95
3364.9
3400.85
3436.75
3472.7
3508.6
3544.55
3580.45
3616.4
3652.35
3688.25
3724.2
3760.15
3796.05
3832
3867.95
3903.85
3939.8
3975.7
4011.65
4047.6
4083.5
4119.45
4155.4
4191.3
4227.25
4263.2
4299.15
4335.05
4371
4406.9
4442.85
4478.75
4514.7
4550.6
4586.55
4622.5
4658.45
4694.35
4730.3
4766.2
4802.15
4838.05
4874
4909.95
4945.9
4981.8
5017.75
5053.65
5089.6
5125.5
5161.45
5197.4
5233.3
5269.25
5305.15
5341.1
5377.05
5412.95
5448.9
5484.85
5520.75
5556.7
5592.6
5628.55
5664.5
5700.4
5736.35
5772.3
5808.25
5844.15
5880.1
5916
5951.95
5987.85
6023.8
6059.75
6095.65
6131.6
6167.55
6203.45
6239.4
6275.3
6311.25
6347.2
6383.1
6419.05
6454.95
6490.9
6526.85
6562.75
6598.7
6634.65
6670.55
6706.5
6742.4
6778.35
6814.3
6850.2
6886.15
6922.1
6958
6993.95
-1000
31.95
74.7
120.3
167.05
214.1
261.25
308.45
355.4
401.75
444.95
476
511.1
553.9
592
628.55
664.5
700.2
735.9
771.6
807.3
843.05
878.9
914.7
950.6
986.5
1022.45
1058.4
1094.35
1130.25
1166.25
1202.3
1238.3
1274.35
1310.3
1346.4
1382.45
1418.5
1454.55
1490.6
1526.65
1562.7
1598.75
1634.8
1670.85
1706.85
1742.95
1779
1815.1
1851.1
1887.2
1923.25
1959.35
1995.35
2031.45
2067.5
2103.6
2139.5
2175.5
2211.45
2247.4
2283.3
2319.15
2355.1
2391
2426.95
2462.85
2498.8
2534.75
2570.7
2606.65
2642.6
2678.5
2714.45
2750.3
2786.25
2822.15
2858.1
2894.05
2929.95
2965.9
3001.85
3037.75
3073.7
3109.65
3145.55
3181.5
3217.4
3253.35
3289.3
3325.25
3361.2
3397.05
3433
3468.9
3504.85
3540.8
3576.75
3612.7
3648.65
3684.55
3720.5
3756.45
3792.35
3828.3
3864.15
3900.1
3936.05
3972
4007.95
4043.9
4079.8
4115.75
4151.7
4187.55
4223.5
4259.45
4295.35
4331.3
4367.2
4403.15
4439.05
4475
4510.95
4546.85
4582.8
4618.75
4654.65
4690.6
4726.5
4762.45
4798.4
4834.3
4870.25
4906.2
4942.1
4978.05
5013.95
5049.9
5085.85
5121.8
5157.75
5193.6
5229.55
5265.5
5301.45
5337.4
5373.35
5409.25
5445.2
5481.05
5517
5552.95
5588.9
5624.85
5660.8
5696.65
5732.6
5768.55
5804.45
5840.4
5876.3
5912.25
5948.2
5984.15
6020.1
6056.05
6091.95
6127.9
6163.75
6199.7
6235.65
6271.6
6307.55
6343.4
6379.35
6415.3
6451.25
6487.2
6523.15
6559.05
6595
6630.85
6666.8
6702.75
6738.7
6774.65
6810.6
6846.5
6882.45
6918.3
6954.25
6990.2
