1.15
53.2
107.15
161.1
215
268.95
322.9
376.8
430.75
484.7
538.6
578.05
617.65
657.3
697.1
736.95
776.9
816.9
857
897.05
937.15
977.35
1017.5
1057.7
1097.9
1138.1
1178.35
1218.6
1258.9
1299.15
1339.4
1379.65
1419.9
1460.2
1500.5
1540.75
1581.05
1621.35
1661.65
1701.95
1742.25
1782.55
1822.8
1863.1
1903.4
1943.7
1984
2024.25
2064.55
2104.7
2144.8
2184.9
2225.05
2265.2
2305.3
2345.4
2385.55
2425.7
2465.85
2505.95
2546.1
2586.2
2626.35
2666.5
2706.6
2746.75
2786.9
2827
2867.15
2907.3
2947.45
2987.55
3027.7
3067.85
3108
3148.1
3188.25
3228.35
3268.5
3308.65
3348.75
3388.9
3429
3469.15
3509.3
3549.45
3589.6
3629.7
3669.85
3710
3750.1
3790.25
3830.35
3870.5
3910.65
3950.8
3990.95
4031.05
4071.2
4111.3
4151.45
4191.6
4231.7
4271.85
4311.95
4352.1
4392.25
4432.35
4472.5
4512.6
4552.75
4592.9
4633.05
4673.2
4713.3
4753.45
4793.6
4833.7
4873.85
4914
4954.15
4994.25
5034.4
5074.55
5114.7
5154.8
5194.95
5235.1
5275.2
5315.35
5355.5
5395.6
5435.75
5475.85
5516
5556.15
5596.3
5636.45
5676.55
5716.7
5756.85
5796.95
5837.1
5877.25
5917.35
5957.5
5997.65
6037.75
6077.9
6118.05
6158.15
6198.3
6238.4
6278.55
6318.7
6358.85
6398.95
6439.1
6479.2
6519.35
6559.5
6599.65
6639.8
6679.9
6720.05
6760.2
6800.35
6840.45
6880.6
6920.7
6960.85
-1000
32.1
78.25
119.65
150.6
190.55
237.7
268.75
302.7
348.4
392.25
423.25
461.3
508.25
539.55
571.6
609.1
647.85
687.15
726.65
766.5
806.4
846.35
886.4
926.35
966.5
1006.65
1046.7
1086.95
1127.1
1167.35
1207.65
1247.9
1288.15
1328.4
1368.65
1408.8
1449.15
1489.45
1529.75
1570
1610.3
1650.6
1690.9
1731.1
1771.45
1811.75
1852.05
1892.25
1932.5
1972.85
2013.2
2053.5
2093.8
2134
2174.05
2214.25
2254.25
2294.5
2334.5
2374.75
2414.9
2454.95
2495.15
2535.3
2575.4
2615.55
2655.7
2695.85
2735.95
2776.1
2816.25
2856.35
2896.5
2936.55
2976.75
3016.9
3057.05
3097.1
3137.3
3177.3
3217.55
3257.7
3297.75
3337.95
3378.1
3418.2
3458.35
3498.5
3538.65
3578.7
3618.9
3659.05
3699.1
3739.3
3779.45
3819.55
3859.7
3899.85
3940
3980.05
4020.25
4060.25
4100.5
4140.65
4180.7
4220.9
4260.9
4301.15
4341.3
4381.35
4421.55
4461.7
4501.8
4541.95
4582.1
4622.25
4662.3
4702.5
4742.65
4782.8
4822.95
4863.05
4903.2
4943.35
4983.5
5023.6
5063.75
5103.8
5144
5184.15
5224.2
5264.4
5304.55
5344.6
5384.8
5424.95
5465.05
5505.2
5545.35
5585.5
5625.55
5665.75
5705.9
5745.95
5786.15
5826.3
5866.35
5906.55
5946.7
5986.75
6026.95
6067.1
6107.15
6147.35
6187.35
6227.6
6267.75
6307.9
6347.95
6388.15
6428.3
6468.4
6508.55
6548.7
6588.85
6628.9
6669.1
6709.25
6749.4
6789.45
6829.65
