1.7
60.55
121.2
181.85
242.5
303.2
363.85
424.5
485.15
545.8
590.05
634.4
678.85
723.5
768.2
812.95
857.75
902.65
947.6
992.6
1037.6
1082.6
1127.6
1172.65
1217.7
1262.75
1307.85
1352.95
1398.1
1443.15
1488.3
1533.4
1578.5
1623.6
1668.7
1713.8
1758.9
1804
1849.1
1894.2
1939.35
1984.45
2029.55
2074.65
2119.6
2164.5
2209.4
2254.3
2299.2
2344.1
2389
2433.9
2478.85
2523.8
2568.7
2613.65
2658.55
2703.5
2748.4
2793.35
2838.25
2883.2
2928.1
2973
3017.95
3062.9
3107.8
3152.75
3197.7
3242.6
3287.55
3332.45
3377.4
3422.3
3467.25
3512.15
3557.1
3602
3646.9
3691.85
3736.75
3781.7
3826.65
3871.55
3916.5
3961.45
4006.35
4051.25
4096.2
4141.15
4186.1
4231
4275.9
4320.85
4365.8
4410.7
4455.65
4500.6
4545.5
4590.45
4635.4
4680.35
4725.25
4770.15
4815.1
4860
4904.95
4949.85
4994.8
5039.7
5084.65
5129.55
5174.5
5219.4
5264.3
5309.25
5354.2
5399.15
5444.05
5488.95
5533.9
5578.8
5623.75
5668.65
5713.55
5758.5
5803.4
5848.35
5893.25
5938.2
5983.15
6028.1
6073
6117.9
6162.85
6207.8
6252.75
6297.65
6342.6
6387.5
6432.4
6477.35
6522.25
6567.2
6612.1
6657
6701.95
6746.9
6791.8
6836.75
6881.65
6926.55
6971.5
-1000
32.45
77.25
108.3
149.75
180.8
215.4
261.7
292.75
332.65
363.7
397.5
443.55
474.6
514.6
545.65
579.6
619.5
662.2
705.95
750.2
794.75
839.35
884.15
928.95
973.85
1018.8
1063.75
1108.75
1153.75
1198.75
1243.65
1288.8
1333.95
1379.05
1424.15
1469.25
1514.35
1559.45
1604.55
1649.65
1694.75
1739.85
1784.95
1830.05
1875.15
1920.3
1965.4
2010.5
2055.6
2100.75
2145.75
2190.7
2235.6
2280.5
2325.4
2370.3
2415.05
2460.1
2505.05
2550
2594.95
2639.85
2684.8
2729.7
2774.65
2819.55
2864.3
2909.3
2954.1
2999.15
3044.15
3088.95
3133.95
3178.95
3223.9
3268.85
3313.75
3358.7
3403.6
3448.55
3493.45
3538.2
3583.2
3628.2
3673.15
3717.9
3762.9
3807.9
3852.85
3897.8
3942.55
3987.55
4032.35
4077.4
4122.4
4167.2
4212.2
4257
4302.05
4347.05
4391.85
4436.85
4481.85
4526.65
4571.65
4616.65
4661.45
4706.45
4751.4
4796.4
4841.3
4886.25
4931.15
4976.1
5021
5065.95
5110.85
5155.6
5200.6
5245.4
5290.45
5335.45
5380.25
5425.25
5470.2
5515.2
5560.1
5604.85
5649.85
5694.85
5739.8
5784.7
5829.65
5874.4
5919.4
5964.4
6009.35
6054.3
6099.05
6144.05
6189.05
6234
6278.95
6323.7
6368.7
6413.7
6458.65
6503.55
6548.3
6593.3
6638.3
6683.25
6728.2
