0.5
34.4
69.3
104.2
139.1
174
208.9
243.8
278.7
313.6
348.5
383.4
418.3
453.2
488.1
523
549.7
576.4
603.1
629.9
656.75
683.65
710.6
737.55
764.55
791.55
818.6
845.65
872.75
899.85
927
954.1
981.25
1008.4
1035.55
1062.75
1089.9
1117.1
1144.3
1171.45
1198.65
1225.85
1253.05
1280.25
1307.5
1334.7
1361.9
1389.1
1416.35
1443.55
1470.8
1498
1525.2
1552.45
1579.65
1606.9
1634.1
1661.35
1688.55
1715.8
1743
1770.25
1797.45
1824.7
1851.9
1879.15
1906.4
1933.6
1960.85
1988.05
2015.3
2042.5
2069.75
2096.9
2124
2151.15
2178.3
2205.45
2232.6
2259.75
2286.9
2314.05
2341.15
2368.3
2395.45
2422.6
2449.75
2476.9
2504.05
2531.2
2558.35
2585.5
2612.65
2639.8
2666.95
2694.1
2721.25
2748.4
2775.55
2802.7
2829.85
2857
2884.15
2911.3
2938.45
2965.6
2992.75
3019.9
3047.05
3074.2
3101.35
3128.5
3155.6
3182.75
3209.9
3237.1
3264.2
3291.35
3318.5
3345.7
3372.8
3399.95
3427.1
3454.3
3481.4
3508.55
3535.7
3562.85
3590.05
3617.15
3644.3
3671.5
3698.6
3725.75
3752.9
3780.1
3807.2
3834.35
3861.5
3888.7
3915.8
3942.95
3970.15
-1000
31.75
67.1
102.2
137.2
172.15
207.05
241.95
276.85
311.8
346.75
381.65
416.55
451.45
486.35
521.25
572
624.3
677.05
729.85
782.85
835.65
887.85
937.35
981.1
1030.8
1083.1
1135.85
1188.4
1240
1285.3
1331.25
1382.95
1435.45
1488.1
1539.35
1582.9
1629.05
1681.4
1734.1
1786.5
1836.6
1879.55
1928.55
1980.75
2033.45
2085.85
2136.8
2179.7
2226.9
2279.35
2332.1
2384.65
2435.8
2479.1
2525.7
2578.2
2630.6
2682.25
2730.1
2774.5
2825.2
2877.45
2930.15
2982.9
3035
3084.15
3128.15
3178.5
3230.6
3283.3
3336.05
3388.3
3438.15
3481.55
3531
3583.3
3636
3688.75
3740.8
3789.7
3833.85
3884.4
3936.5
3989.2
4041.95
4094.2
4144.15
4187.5
4236.9
4289.15
4341.9
4394.6
4446.7
4495.5
4539.75
4590.3
4642.4
4695.1
4747.85
4800.1
4850
4893.35
4942.8
4995.05
5047.8
5100.5
5152.6
5201.45
5245.65
5296.2
5348.3
5401
5453.75
5506
5555.9
5599.25
5648.7
5700.95
5753.7
5806.4
5858.5
5907.35
5951.55
6002.1
6054.2
6106.9
6159.65
6211.9
6261.8
6305.15
6354.6
6406.85
6459.6
6512.3
6564.4
6613.25
6657.45
6708
6760.1
6812.8
6865.55
6917.8
6967.7
