2.7
39.1
76.65
114.2
151.75
189.3
226.85
264.45
302
339.55
377.1
414.65
452.2
489.75
527.3
555.7
584.15
612.65
641.2
669.8
698.45
727.15
755.9
784.7
813.5
842.3
871.15
900
928.9
957.8
986.7
1015.65
1044.6
1073.55
1102.5
1131.45
1160.4
1189.4
1218.35
1247.35
1276.3
1305.3
1334.3
1363.3
1392.3
1421.25
1450.25
1479.25
1508.25
1537.25
1566.25
1595.3
1624.3
1653.3
1682.3
1711.3
1740.3
1769.3
1798.3
1827.3
1856.3
1885.3
1914.35
1943.35
1972.35
2001.35
2030.35
2059.35
2088.25
2117.2
2146.1
2175
2203.9
2232.85
2261.75
2290.65
2319.6
2348.5
2377.4
2406.3
2435.25
2464.15
2493.05
2522
2550.9
2579.85
2608.75
2637.65
2666.6
2695.5
2724.4
2753.35
2782.25
2811.15
2840.1
2869
2897.95
2926.85
2955.75
2984.7
3013.6
3042.5
3071.45
3100.35
3129.25
3158.2
3187.1
3216.05
3244.95
3273.85
3302.8
3331.7
3360.6
3389.55
3418.45
3447.4
3476.3
3505.2
3534.15
3563.05
3591.95
3620.9
3649.8
3678.75
3707.65
3736.55
3765.5
3794.4
3823.35
3852.25
3881.15
3910.1
3939
3967.9
3996.85
4025.75
4054.65
4083.6
4112.5
4141.45
4170.35
4199.25
4228.2
4257.1
4286
4314.95
4343.85
4372.8
4401.7
4430.6
4459.55
4488.45
4517.35
4546.3
4575.2
4604.1
4633.05
4661.95
4690.9
4719.8
4748.7
4777.65
-1000
33.05
70.25
107.65
145.2
182.75
220.3
257.9
295.45
333
370.55
408
445.55
483.15
520.75
571
612.6
662.15
709.05
753.6
804.05
844.65
889.9
929.9
977.25
1017.3
1063.45
1103.4
1150.4
1190.35
1237.6
1277.45
1324.4
1364.05
1411.7
1451.6
1498.15
1538.05
1585.7
1625.6
1672.15
1712.05
1759.75
1799.3
1846.5
1886.35
1933.5
1973.35
2020.1
2060.05
2108
2148.45
2194
2234
2280.55
2320.55
2367.9
2408.1
2454.05
2494.1
2540.95
2581
2627.55
2667.55
2714.45
2754.5
2801.35
2841.45
2887.95
2927.9
2975.05
3015.05
3061.5
3101.4
3148.6
3188.35
3235.2
3274.9
3322.15
3362.3
3408
3448.05
3495.6
3535.75
3581.85
3621.8
3669.25
3709.35
3755.4
3795.35
3842.8
3882.55
3929.1
3968.85
4016.3
4056.55
4102.4
4142.4
4189.35
4229.35
4275.9
4315.9
4363.2
4403.2
4449.55
4489.5
4536.7
4576.7
4623.1
4662.85
4710.4
4750.2
4796.6
4836.6
4883.25
4923.25
4970.1
5010.1
5057.05
5097
5143.75
5183.7
5230.55
5270.55
5317.3
5357
5404.3
5444.05
5490.8
5530.5
5577.8
5618.05
5663.6
5703.7
5751.3
5791.45
5837.5
5877.45
5924.95
5965.05
6011.05
6051
6098.45
6138.55
6184.55
6224.3
6272.1
6312
6358.1
6398.1
6444.95
6484.95
6531.6
6571.6
6618.45
6658.45
6705.4
6745.35
6792.1
6832.05
6878.9
6918.9
6965.65
