0.9
35.55
71.7
107.9
144.05
180.25
216.4
252.55
288.75
324.9
361.1
397.25
433.4
469.6
505.75
533.15
560.7
588.25
615.9
643.6
671.3
699.1
726.9
754.75
782.6
810.5
838.45
866.35
894.3
922.3
950.25
978.25
1006.3
1034.3
1062.3
1090.35
1118.35
1146.4
1174.45
1202.5
1230.55
1258.6
1286.65
1314.7
1342.8
1370.85
1398.9
1427
1455.05
1483.1
1511.2
1539.25
1567.35
1595.4
1623.5
1651.55
1679.65
1707.7
1735.8
1763.85
1791.95
1820
1848.1
1876.15
1904.25
1932.3
1960.4
1988.45
2016.55
2044.65
2072.6
2100.6
2128.6
2156.55
2184.55
2212.55
2240.55
2268.5
2296.5
2324.5
2352.5
2380.5
2408.5
2436.45
2464.45
2492.45
2520.45
2548.45
2576.45
2604.45
2632.4
2660.4
2688.4
2716.4
2744.4
2772.4
2800.4
2828.4
2856.35
2884.35
2912.35
2940.35
2968.35
2996.35
3024.35
3052.35
3080.3
3108.3
3136.3
3164.3
3192.3
3220.3
3248.3
3276.25
3304.25
3332.25
3360.25
3388.25
3416.25
3444.25
3472.25
3500.25
3528.2
3556.2
3584.2
3612.2
3640.2
3668.2
3696.2
3724.2
3752.15
3780.15
3808.15
3836.15
3864.15
3892.15
3920.15
3948.15
3976.15
4004.1
4032.1
4060.1
4088.1
4116.1
4144.1
4172.1
4200.1
4228.05
4256.05
4284.05
4312.05
4340.05
-1000
32.05
67.8
103.85
139.95
176.1
212.25
248.35
284.55
320.75
356.95
393.1
429.2
465.4
501.55
553.5
605.55
654.35
698.25
748.65
800.15
847.15
892.2
942.9
993.9
1035.4
1083.05
1133.9
1175.35
1223.05
1273.35
1315.1
1364.05
1414.85
1456.15
1503.8
1554.15
1595.8
1644.75
1695.9
1737.45
1784.2
1834.6
1876.4
1925.6
1976.25
2017.6
2065.35
2116
2157.5
2205.5
2256.4
2297.95
2345.1
2395.8
2437.3
2485.45
2536.2
2577.45
2625.3
2676.4
2717.95
2764.65
2815.4
2857
2905.55
2956.4
2997.65
3044.95
3095.95
3137.45
3184.8
3235.4
3276.95
3325.4
3376.6
3418.55
3464.8
3515.8
3557.25
3605.05
3655.75
3697
3745.2
3796.35
3838.15
3884.3
3934.65
3976.5
4025.5
4076.8
4118.4
4164.7
4215.65
4257.15
4304.9
4355.25
4396.8
4445.05
4496.25
4538.15
4584.2
4634.85
4676.5
4725.2
4776.45
4817.8
4864.45
4915.35
4956.85
5004.85
5055.55
5097.05
5144.6
5195.65
5237.15
5284.25
5335.05
5376.6
5424.85
5476.05
5517.25
5564.4
5615.4
5656.9
5704.55
5755.2
5796.7
5844.6
5895.7
5937.3
5983.95
6034.3
6076.1
6125
6176.3
6218.8
6264.5
6315.6
6357.25
6404.15
6454.65
6496.05
6544.85
6596.1
6638.5
6684.2
6734.95
6776.45
6824.45
6875.6
6916.75
6964.2
