2.4
45
89
132.95
176.95
220.9
264.9
308.85
352.85
396.8
440.8
484.75
528.75
561.35
594.1
626.9
659.75
692.7
725.7
758.75
791.85
825
858.15
891.35
924.55
957.8
991.05
1024.3
1057.6
1090.85
1124.2
1157.5
1190.8
1224.1
1257.45
1290.8
1324.15
1357.45
1390.8
1424.15
1457.5
1490.85
1524.2
1557.55
1590.95
1624.3
1657.65
1691
1724.35
1757.7
1791.1
1824.45
1857.8
1891.15
1924.55
1957.9
1991.25
2024.6
2058
2091.2
2124.45
2157.7
2190.9
2224.15
2257.4
2290.65
2323.9
2357.15
2390.4
2423.65
2456.85
2490.1
2523.35
2556.6
2589.85
2623.1
2656.35
2689.6
2722.85
2756.1
2789.3
2822.6
2855.8
2889.05
2922.3
2955.55
2988.8
3022.05
3055.3
3088.55
3121.8
3155.05
3188.3
3221.55
3254.8
3288
3321.3
3354.5
3387.75
3421
3454.25
3487.5
3520.75
3554
3587.25
3620.5
3653.75
3687
3720.25
3753.5
3786.75
3820
3853.2
3886.45
3919.7
3952.95
3986.2
4019.45
4052.7
4086
4119.2
4152.45
4185.7
4218.95
4252.2
4285.45
4318.7
4351.95
4385.2
4418.45
4451.7
4484.95
4518.2
4551.45
4584.7
4617.95
4651.2
4684.45
4717.7
4750.95
4784.2
4817.45
4850.65
4883.9
4917.15
4950.4
4983.65
5016.9
5050.15
5083.4
5116.65
5149.9
5183.15
5216.4
5249.65
5282.9
5316.15
5349.4
5382.6
5415.85
5449.15
5482.35
5515.6
5548.85
5582.1
5615.35
5648.6
5681.9
5715.1
5748.35
5781.6
5814.85
5848.1
5881.35
5914.6
5947.85
5981.1
6014.35
6047.6
6080.85
6114.1
6147.35
6180.6
6213.85
6247.05
6280.3
6313.55
6346.8
6380.05
6413.3
6446.55
6479.8
6513.05
6546.3
6579.55
6612.8
6646.05
6679.3
6712.55
6745.8
6779.05
6812.3
6845.5
6878.75
6912
6945.25
-1000
32.85
73.85
116.7
160.2
204
247.9
291.85
335.8
379.8
423.75
467.7
511.7
555.65
592.75
627.6
660
693.25
725.9
759.2
792.05
825.25
858.35
891.55
924.7
957.95
991.2
1024.45
1057.7
1091
1124.3
1157.6
1190.9
1224.25
1257.6
1290.95
1324.2
1357.6
1390.9
1424.3
1457.65
1491
1524.35
1557.7
1591.05
1624.4
1657.75
1691.1
1724.45
1757.85
1791.15
1824.55
1857.9
1891.3
1924.6
1958
1991.35
2024.75
2058.05
2091.45
2124.6
2157.85
2191.1
2224.35
2257.6
2290.85
2324.1
2357.3
2390.6
2423.8
2457.05
2490.3
2523.55
2556.8
2590.05
2623.3
2656.5
2689.75
2723
2756.25
2789.5
2822.75
2856
2889.25
2922.5
2955.75
2989
3022.25
3055.5
3088.75
3122
3155.2
3188.5
3221.7
3254.95
3288.2
3321.45
3354.7
3387.95
3421.2
3454.45
3487.7
3520.95
3554.2
3587.45
3620.7
3653.95
3687.15
3720.4
3753.65
3786.9
3820.15
3853.4
3886.65
3919.9
3953.15
3986.4
4019.65
4052.9
4086.15
4119.4
4152.65
4185.9
4219.15
4252.4
4285.65
4318.9
4352.15
4385.4
4418.65
4451.9
4485.15
4518.4
4551.65
4584.9
4618.15
4651.4
4684.6
4717.85
4751.1
4784.35
4817.6
4850.85
4884.1
4917.35
4950.6
4983.85
5017.1
5050.35
5083.6
5116.85
5150.1
5183.35
5216.55
5249.8
5283.05
5316.3
5349.55
5382.8
5416.05
5449.3
5482.55
5515.8
5549.05
5582.3
5615.55
5648.8
5682.05
5715.3
5748.55
5781.8
5815.05
5848.3
5881.55
5914.8
5948.05
5981.3
6014.55
6047.8
6081
6114.25
6147.5
6180.75
6214
6247.25
6280.5
6313.75
6347
6380.25
6413.5
6446.75
6480
6513.25
6546.5
6579.75
6613
6646.25
6679.45
6712.7
6745.95
6779.2
6812.45
6845.7
6878.95
6912.2
6945.45
6978.7
