0.9
52
104.8
157.6
210.4
263.2
316
368.8
421.6
474.4
527.2
565.8
604.6
643.5
682.45
721.55
760.65
799.85
839.1
878.35
917.65
957.05
996.4
1035.75
1075.2
1114.6
1154.05
1193.45
1232.9
1272.35
1311.85
1351.3
1390.75
1430.25
1469.75
1509.2
1548.7
1588.15
1627.65
1667.1
1706.6
1746.1
1785.6
1825.1
1864.6
1904.1
1943.6
1983.1
2022.6
2062.1
2101.4
2140.75
2180.05
2219.4
2258.75
2298.05
2337.35
2376.7
2416.05
2455.4
2494.75
2534.05
2573.4
2612.75
2652.05
2691.4
2730.7
2770.05
2809.4
2848.75
2888.1
2927.45
2966.75
3006.1
3045.45
3084.75
3124.1
3163.45
3202.8
3242.15
3281.45
3320.8
3360.15
3399.5
3438.85
3478.2
3517.55
3556.85
3596.2
3635.55
3674.9
3714.2
3753.55
3792.9
3832.25
3871.6
3910.95
3950.25
3989.6
4028.95
4068.25
4107.6
4146.9
4186.25
4225.6
4264.95
4304.3
4343.65
4382.95
4422.3
4461.65
4501
4540.35
4579.7
4619
4658.35
4697.7
4737.05
4776.35
4815.7
4855.05
4894.4
4933.75
4973.05
5012.4
5051.75
5091.1
5130.45
5169.75
5209.1
5248.45
5287.8
5327.1
5366.45
5405.8
5445.15
5484.5
5523.8
5563.15
5602.5
5641.8
5681.15
5720.45
5759.8
5799.15
5838.5
5877.85
5917.2
5956.55
5995.85
6035.2
6074.5
6113.85
6153.2
6192.55
6231.9
6271.25
6310.55
6349.9
6389.25
6428.55
6467.9
6507.2
6546.55
6585.9
6625.25
6664.6
6703.9
6743.25
6782.6
6821.95
6861.3
6900.6
6939.95
6979.3
-1000
32
77.6
123.8
154.85
190.25
235.9
282.05
313.05
348.55
394.3
440.35
471.4
506.9
552.65
594.25
634
673.35
712.45
751.5
790.65
829.7
868.95
908.25
947.55
986.85
1026.2
1065.6
1105
1144.3
1183.75
1223.25
1262.7
1302.15
1341.6
1380.95
1420.5
1459.9
1499.45
1538.85
1578.4
1617.8
1657.35
1696.85
1736.35
1775.85
1815.35
1854.85
1894.35
1933.85
1973.35
2012.85
2052.25
2091.8
2131.2
2170.55
2209.9
2249.15
2288.55
2327.8
2367.15
2406.55
2445.9
2485.15
2524.55
2563.9
2603.15
2642.5
2681.8
2721.15
2760.55
2799.9
2839.25
2878.6
2917.85
2957.25
2996.6
3035.85
3075.2
3114.6
3153.95
3193.3
3232.55
3271.95
3311.3
3350.65
3390
3429.35
3468.7
3507.95
3547.35
3586.7
3626.05
3665.3
3704.7
3744.05
3783.4
3822.75
3862.1
3901.4
3940.75
3980
4019.4
4058.75
4098
4137.35
4176.75
4216.1
4255.45
4294.8
4334.05
4373.45
4412.8
4452.15
4491.5
4530.85
4570.1
4609.5
4648.85
4688.2
4727.45
4766.85
4806.2
4845.55
4884.9
4924.15
4963.55
5002.9
5042.25
5081.6
5120.85
5160.25
5199.6
5238.95
5278.2
5317.6
5356.95
5396.3
5435.65
5474.95
5514.3
5553.55
5592.95
5632.3
5671.55
5710.9
5750.3
5789.65
5829
5868.35
5907.6
5947
5986.35
6025.6
6064.95
6104.35
6143.7
6183.05
6222.4
6261.7
6301.05
6340.3
6379.7
6419.05
6458.3
6497.65
6537.05
6576.4
6615.75
6655
6694.4
6733.75
6773.1
6812.45
6851.7
6891.1
