4.05
55.1
106.8
158.5
210.25
261.95
313.7
365.4
417.15
468.85
520.55
558.5
596.5
634.6
672.85
711.15
749.55
787.95
826.45
864.95
903.5
942.05
980.7
1019.3
1057.95
1096.6
1135.3
1174
1212.65
1251.35
1290.1
1328.8
1367.5
1406.2
1444.9
1483.6
1522.35
1561.1
1599.8
1638.55
1677.25
1716
1754.75
1793.45
1832.2
1870.9
1909.65
1948.35
1987.1
2025.8
2064.55
2103.15
2141.7
2180.3
2218.85
2257.45
2296
2334.6
2373.2
2411.75
2450.35
2488.9
2527.5
2566.05
2604.65
2643.2
2681.8
2720.4
2758.95
2797.55
2836.1
2874.7
2913.25
2951.85
2990.45
3029.05
3067.6
3106.2
3144.75
3183.35
3221.9
3260.5
3299.1
3337.7
3376.25
3414.85
3453.45
3492
3530.6
3569.15
3607.75
3646.35
3684.95
3723.5
3762.1
3800.65
3839.25
3877.85
3916.45
3955
3993.6
4032.2
4070.8
4109.35
4147.95
4186.5
4225.1
4263.7
4302.3
4340.85
4379.45
4418.05
4456.6
4495.2
4533.8
4572.35
4610.95
4649.55
4688.1
4726.7
4765.3
4803.9
4842.45
4881.05
4919.65
4958.2
4996.8
5035.35
5073.95
5112.55
5151.1
5189.7
5228.3
5266.85
5305.45
5344.05
5382.6
5421.2
5459.8
5498.4
5536.95
5575.55
5614.15
5652.75
5691.3
5729.9
5768.5
5807.05
5845.65
5884.25
5922.8
5961.4
6000
6038.6
6077.15
6115.75
6154.35
6192.95
6231.5
6270.1
6308.7
6347.3
6385.85
6424.45
6463
6501.6
6540.15
6578.75
6617.35
6655.95
6694.5
6733.1
6771.7
6810.25
6848.85
6887.45
6926.05
6964.6
-1000
33.9
80.1
126.35
157.4
192
236.65
283.85
317.65
347.6
392.05
439.2
474.7
505
548.1
588
626.7
665.05
703.25
741.65
780
818.3
856.8
895.2
933.7
972.35
1010.95
1049.6
1088.25
1126.9
1165.45
1204.2
1242.9
1281.6
1320.3
1359
1397.7
1436.4
1475.05
1513.8
1552.55
1591.3
1630.05
1668.75
1707.5
1746.15
1784.9
1823.55
1862.35
1901
1939.8
1978.55
2017.3
2056.05
2094.8
2133.4
2172
2210.6
2249.2
2287.75
2326.35
2364.8
2403.45
2441.95
2480.6
2519.1
2557.75
2596.25
2634.9
2673.5
2712
2750.65
2789.15
2827.8
2866.4
2905
2943.6
2982.2
3020.65
3059.3
3097.8
3136.45
3175.05
3213.65
3252.25
3290.85
3329.3
3367.95
3406.55
3445.05
3483.7
3522.3
3560.9
3599.5
3638.1
3676.55
3715.2
3753.8
3792.4
3831
3869.6
3908.2
3946.75
3985.35
4023.95
4062.4
4101.05
4139.65
4178.25
4216.85
4255.45
4293.9
4332.55
4371.15
4409.65
4448.3
4486.9
4525.4
4564.05
4602.65
4641.25
4679.85
4718.45
4757.05
4795.5
4834.15
4872.75
4911.25
4949.9
4988.4
5027.05
5065.65
5104.15
5142.8
5181.4
5219.9
5258.55
5297.15
5335.75
5374.35
5412.95
5451.55
5490.15
5528.7
5567.3
5605.9
5644.35
5683
5721.6
5760.2
5798.8
5837.4
5876
5914.55
5953.15
5991.75
6030.35
6068.9
6107.5
6146.1
6184.7
6223.25
6261.85
6300.45
6338.9
6377.55
6416.05
6454.7
6493.3
6531.9
6570.5
6609.1
6647.55
6686.2
6724.8
6763.4
6802
6840.6
6879.2
