1
64.95
130.8
196.6
262.45
328.3
394.1
459.95
525.75
573.75
621.85
670.15
718.6
767.1
815.65
864.25
913
961.7
1010.45
1059.3
1108.1
1156.95
1205.8
1254.6
1303.5
1352.4
1401.25
1450.2
1499.05
1547.95
1596.85
1645.75
1694.65
1743.6
1792.5
1841.4
1890.3
1939.2
1988.1
2037
2085.9
2134.55
2183.25
2231.9
2280.6
2329.3
2378.05
2426.7
2475.35
2524.1
2572.75
2621.45
2670.15
2718.8
2767.5
2816.2
2864.9
2913.6
2962.3
3011
3059.7
3108.35
3157.05
3205.7
3254.4
3303.15
3351.8
3400.5
3449.15
3497.9
3546.55
3595.25
3643.95
3692.65
3741.3
3790
3838.65
3887.35
3936.1
3984.75
4033.45
4082.15
4130.8
4179.5
4228.25
4276.9
4325.6
4374.3
4422.95
4471.65
4520.4
4569.05
4617.75
4666.45
4715.15
4763.8
4812.5
4861.2
4909.95
4958.6
5007.3
5056
5104.65
5153.35
5202.05
5250.75
5299.45
5348.2
5396.85
5445.55
5494.25
5542.95
5591.6
5640.3
5689
5737.7
5786.4
5835.1
5883.75
5932.5
5981.15
6029.85
6078.55
6127.25
6175.9
6224.6
6273.3
6322.05
6370.7
6419.4
6468.1
6516.8
6565.45
6614.15
6662.85
6711.55
6760.2
6808.9
6857.6
6906.3
6955
-1000
32.05
63.1
98.05
129.1
163.95
195
229.85
260.85
295.65
326.65
361.5
392.55
427.35
458.4
493.2
524.2
559
601.45
647.3
694.1
741.3
788.35
834.45
868.25
898.2
940.8
986.65
1033.7
1080.85
1126.6
1157.9
1189.9
1233.2
1279.45
1326.6
1373.65
1419.25
1450.3
1483.65
1526.5
1572.6
1619.45
1666.35
1710.4
1741.4
1776.5
1819.85
1866.2
1913.3
1960.35
2005.75
2036.8
2070.75
2113.55
2159.65
2206.45
2253.55
2299.9
2338.35
2369.1
2408.1
2452.95
2499.65
2546.8
2593.8
2638.95
2670
2703.8
2746.6
2792.65
2839.65
2886.85
2933.4
2974.65
3005.65
3042.5
3086.55
3132.8
3179.9
3227
3272.85
3304.3
3335.95
3379.1
3425.35
3472.4
3519.55
3565.95
3604.5
3635.35
3674.1
3718.95
3765.35
3812.55
3859.5
3904.65
3935.7
3970
4012.6
4058.4
4105.45
4152.6
4199.05
4239.5
4270.45
4307.95
4352.1
4398.7
4445.85
4492.9
4538.75
4570.05
4602
4645.05
4691.15
4738.25
4785.35
4831.55
4867.25
4897.5
4938.65
4984.05
5030.75
5077.9
5124.5
5166.55
5197.55
5233.95
5277.8
5324.2
5371.3
5418.4
5464.25
5496.65
5527
5570.3
5616.55
5663.6
5710.75
5757.15
5796.4
