0.75
46.3
93.35
140.35
187.4
234.45
281.5
328.55
375.6
422.65
469.7
516.75
551.45
586.2
621.15
656.1
691.15
726.25
761.4
796.65
831.9
867.15
902.45
937.8
973.15
1008.55
1043.95
1079.3
1114.75
1150.15
1185.6
1221
1256.45
1291.9
1327.4
1362.85
1398.3
1433.75
1469.2
1504.65
1540.1
1575.6
1611.05
1646.55
1682
1717.45
1752.95
1788.4
1823.9
1859.35
1894.85
1930.3
1965.8
2001.25
2036.75
2072.25
2107.55
2142.9
2178.25
2213.55
2248.9
2284.25
2319.55
2354.9
2390.25
2425.6
2460.95
2496.3
2531.65
2567
2602.3
2637.65
2673
2708.35
2743.75
2779.05
2814.4
2849.75
2885.1
2920.45
2955.8
2991.15
3026.5
3061.8
3097.15
3132.5
3167.85
3203.2
3238.6
3273.9
3309.25
3344.6
3379.95
3415.3
3450.65
3486
3521.35
3556.65
3592
3627.35
3662.7
3698.05
3733.4
3768.75
3804.1
3839.45
3874.75
3910.1
3945.45
3980.8
4016.15
4051.5
4086.85
4122.2
4157.55
4192.9
4228.25
4263.6
4298.95
4334.3
4369.65
4405
4440.3
4475.65
4511
4546.35
4581.7
4617.1
4652.4
4687.75
4723.1
4758.45
4793.8
4829.15
4864.5
4899.85
4935.15
4970.5
5005.85
5041.2
5076.55
5111.9
5147.25
5182.6
5217.95
5253.3
5288.6
5323.95
5359.3
5394.65
5430
5465.35
5500.7
5536.05
5571.35
5606.75
5642.05
5677.4
5712.75
5748.1
5783.45
5818.8
5854.15
5889.5
5924.8
5960.2
5995.5
6030.85
6066.2
6101.55
6136.9
6172.25
6207.6
6242.95
6278.25
6313.6
6349
6384.3
6419.65
6455
6490.35
6525.7
6561.05
6596.4
6631.75
6667.05
6702.45
6737.75
6773.1
6808.45
6843.8
6879.15
6914.5
6949.85
-1000
31.9
74.25
119.4
165.5
212
258.7
305.5
352.15
398.9
445.95
493
540.05
580.55
617.6
653.4
688.75
723.9
759.1
794.3
829.5
864.7
899.95
935.25
970.55
1005.9
1041.25
1076.6
1112
1147.4
1182.8
1218.25
1253.65
1289.1
1324.55
1360
1395.45
1430.9
1466.35
1501.8
1537.25
1572.75
1608.15
1643.65
1679.1
1714.55
1750.05
1785.5
1821
1856.4
1891.95
1927.35
1962.9
1998.3
2033.85
2069.35
2104.8
2140.25
2175.55
2210.9
2246.25
2281.55
2316.9
2352.25
2387.65
2423
2458.35
2493.7
2528.95
2564.3
2599.7
2635.05
2670.4
2705.75
2741.1
2776.45
2811.8
2847.15
2882.5
2917.85
2953.1
2988.45
3023.8
3059.15
3094.5
3129.9
3165.25
3200.6
3235.95
3271.3
3306.65
3342
3377.35
3412.6
3447.95
3483.3
3518.65
3554
3589.4
3624.75
3660.1
3695.45
3730.8
3766.05
3801.4
3836.75
3872.1
3907.45
3942.85
3978.2
4013.55
4048.9
4084.25
4119.6
4154.95
4190.3
4225.65
4261
4296.35
4331.6
4366.95
4402.3
4437.65
4473
4508.4
4543.75
4579.1
4614.45
4649.8
4685.15
4720.5
4755.85
4791.1
4826.45
4861.8
4897.15
4932.5
4967.9
5003.25
5038.6
5073.95
5109.3
5144.55
5179.9
5215.25
5250.6
5285.95
5321.35
5356.7
5392.05
5427.4
5462.65
5498
5533.35
5568.7
5604.05
5639.45
5674.8
5710.15
5745.5
5780.85
5816.1
5851.45
5886.8
5922.15
5957.5
5992.9
6028.25
6063.6
6098.95
6134.3
6169.55
6204.9
6240.25
6275.6
6310.95
6346.35
6381.7
6417.05
6452.4
6487.75
6523.1
6558.35
6593.7
6629.05
6664.4
6699.75
6735.15
6770.5
6805.85
6841.2
6876.55
6911.8
6947.15
6982.5
