0.05
21.2
46.85
72.55
98.25
123.95
149.65
175.35
201
226.7
252.4
278.1
303.8
329.5
355.15
380.85
406.55
432.25
457.95
483.6
509.3
535
560.7
586.4
612.1
637.75
663.45
689.15
714.85
740.55
766.25
791.9
817.6
843.3
869
894.7
920.4
946.05
971.75
997.45
1023.15
1048.85
1074.55
1100.2
1125.9
1151.6
1177.3
1203
1228.7
1254.35
1280.05
1305.75
1331.45
1357.15
1382.85
1408.5
1434.2
1459.9
1485.6
1511.3
1537
1562.65
1588.35
1614.05
1639.75
1665.45
1691.15
1716.8
1742.5
1768.2
1793.9
1819.6
1845.3
1870.95
1896.65
1922.35
1948.05
1973.75
1999.45
2025.1
2050.8
2076.5
2102.2
2127.9
2153.6
2179.25
2204.95
2230.65
2256.35
2282.05
2307.7
2333.4
2359.1
2384.8
2410.5
2436.2
2461.85
2487.55
2513.25
2538.95
2564.65
2590.35
2616
2641.7
2667.4
2693.1
2718.8
2744.5
2770.15
2795.85
2821.55
2847.25
2872.95
2898.65
2924.3
2950
2975.7
3001.4
3027.1
3052.8
3078.45
3104.15
3129.85
3155.55
3181.25
3206.95
3232.6
3258.3
3284
3309.7
3335.4
3361.1
3386.75
3412.45
3438.15
3463.85
3489.55
3515.25
3540.9
3566.6
3592.3
3618
3643.7
3669.4
3695.05
3720.75
3746.45
3772.15
3797.85
3823.55
3849.2
3874.9
3900.6
3926.3
3952
3977.65
4003.35
4029.05
4054.75
4080.45
4106.15
4131.8
4157.5
4183.2
4208.9
4234.6
4260.3
4285.95
4311.65
4337.35
4363.05
4388.75
4414.45
4440.1
4465.8
4491.5
4517.2
4542.9
4568.6
4594.25
4619.95
4645.65
4671.35
4697.05
4722.75
4748.4
4774.1
4799.8
4825.5
4851.2
4876.9
4902.55
4928.25
4953.95
4979.65
-1000
0.05
26
50.9
75.9
101
126.15
151.35
176.6
201.8
227.2
252.65
278.2
303.75
329.3
354.8
380.4
406.05
431.75
457.4
483.1
508.75
534.45
560.1
585.8
611.5
637.2
662.85
688.55
714.25
739.95
765.65
791.2
816.9
842.6
868.35
894.05
919.75
945.3
971.05
996.75
1022.45
1048.15
1073.9
1099.45
1125.15
1150.9
1176.6
1202.3
1228.05
1253.6
1279.3
1305.05
1330.75
1356.45
1382.2
1407.75
1433.45
1459.2
1484.9
1510.6
1536.35
1561.9
1587.6
1613.35
1639.05
1664.75
1690.5
1716.05
1741.75
1767.5
1793.2
1818.9
1844.65
1870.2
1895.9
1921.65
1947.35
1973.05
1998.8
2024.35
2050.05
2075.8
2101.5
2127.2
2152.95
2178.6
2204.3
2230
2255.7
2281.4
2307.1
2332.8
2358.5
2384.2
2409.9
2435.55
2461.15
2486.85
2512.55
2538.25
2564
2589.7
2615.25
2641
2666.7
2692.4
2718.1
2743.85
2769.4
2795.1
2820.85
2846.55
2872.25
2898
2923.55
2949.25
2975
3000.7
3026.4
3052.15
3077.7
3103.4
3129.15
3154.85
3180.55
3206.3
3231.85
3257.55
3283.3
3309
3334.7
3360.45
3386
3411.7
3437.45
3463.15
3488.85
3514.6
3540.15
3565.85
3591.6
3617.3
3643
3668.75
3694.3
3720
3745.75
3771.45
3797.15
3822.9
3848.45
3874.2
3899.9
3925.6
3951.3
3977.05
4002.75
4028.4
4054.1
4079.8
4105.5
4131.2
4156.9
4182.6
4208.3
4234
4259.65
4285.25
4310.95
4336.65
4362.35
4388.1
4413.8
4439.35
4465.1
4490.8
4516.5
4542.2
4567.95
4593.5
4619.2
4644.95
4670.65
4696.35
4722.1
4747.65
4773.35
4799.1
4824.8
4850.5
4876.25
4901.8
4927.5
4953.25
4978.95
