0.05
20.2
44.8
69.35
93.95
118.55
143.15
167.7
192.3
216.9
241.5
266.05
290.65
315.25
339.85
364.4
389
413.6
438.2
462.75
487.35
511.95
536.55
561.1
585.7
610.3
634.9
659.45
684.05
708.65
733.25
757.85
782.4
807
831.6
856.2
880.75
905.35
929.95
954.55
979.1
1003.7
1028.3
1052.9
1077.45
1102.05
1126.65
1151.25
1175.8
1200.4
1225
1249.6
1274.15
1298.75
1323.35
1347.95
1372.55
1397.1
1421.7
1446.3
1470.9
1495.45
1520.05
1544.65
1569.25
1593.8
1618.4
1643
1667.6
1692.15
1716.75
1741.35
1765.95
1790.5
1815.1
1839.7
1864.3
1888.85
1913.45
1938.05
1962.65
1987.2
2011.8
2036.4
2061
2085.6
2110.15
2134.75
2159.35
2183.95
2208.5
2233.1
2257.7
2282.3
2306.85
2331.45
2356.05
2380.65
2405.2
2429.8
2454.4
2479
2503.55
2528.15
2552.75
2577.35
2601.9
2626.5
2651.1
2675.7
2700.3
2724.85
2749.45
2774.05
2798.65
2823.2
2847.8
2872.4
2897
2921.55
2946.15
2970.75
2995.35
3019.9
3044.5
3069.1
3093.7
3118.25
3142.85
3167.45
3192.05
3216.6
3241.2
3265.8
3290.4
3314.95
3339.55
3364.15
3388.75
3413.35
3437.9
3462.5
3487.1
3511.7
3536.25
3560.85
3585.45
3610.05
3634.6
3659.2
3683.8
3708.4
3732.95
3757.55
3782.15
3806.75
3831.3
3855.9
3880.5
3905.1
3929.65
3954.25
3978.85
4003.45
4028.05
4052.6
4077.2
4101.8
4126.4
4150.95
4175.55
4200.15
4224.75
4249.3
4273.9
4298.5
4323.1
4347.65
4372.25
4396.85
4421.45
4446
4470.6
4495.2
4519.8
4544.35
4568.95
4593.55
4618.15
4642.7
4667.3
4691.9
4716.5
4741.1
4765.65
-1000
0.05
26
54
82.85
110.55
137.15
163.05
188.75
214.25
239.55
264.65
289.8
314.9
339.95
364.85
389.85
414.9
439.9
464.95
490
515.05
540.2
565.4
590.8
617.1
645.7
674.25
701.5
727.85
753.75
779.2
804.6
829.85
855.05
880.05
905.15
930.2
955.25
980.1
1005.1
1030.15
1055.15
1080.05
1105.15
1130.25
1155.45
1180.8
1206.9
1235.3
1264
1291.35
1317.8
1343.7
1369.3
1394.6
1419.9
1445.1
1470.25
1495.15
1520.25
1545.25
1570.3
1595.15
1620.15
1645.2
1670.25
1695.15
1720.3
1745.45
1770.8
1796.6
1824.65
1853.5
1881.1
1907.65
1933.6
1959.25
1984.7
2010
2035.2
2060.35
2085.45
2110.35
2135.35
2160.4
2185.4
2210.25
2235.3
2260.35
2285.45
2310.4
2335.6
2360.95
2386.8
2414.85
2443.7
2471.25
2497.8
2523.75
2549.4
2574.85
2600.15
2625.35
2650.45
2675.55
2700.6
2725.65
2750.65
2775.7
2800.7
2825.6
2850.65
2875.75
2900.9
2926
2951.5
2978.55
3007.45
3035.6
3062.5
3088.7
3114.35
3139.9
3165.25
3190.5
3215.7
3240.8
3265.85
3290.9
3315.95
3340.95
3366
3391
3416.05
3441
3466.1
3491.3
3516.65
3542.65
3570.9
3599.65
3627
3653.5
3679.45
3705.1
3730.4
3755.7
3780.9
3806.05
3831.15
3856.2
3881.2
3906.25
3931.25
3956.3
3981.35
4006.4
4031.5
4056.7
4082
4107.8
4135.8
4164.65
4192.25
4218.85
4244.75
4270.4
4295.9
4321.2
4346.25
4371.4
4396.5
4421.6
4446.45
4471.5
4496.5
4521.55
4546.55
4571.6
4596.7
4621.8
4647.05
4672.45
4698.85
4727.5
4755.95
4783.15
4809.5
4835.35
4860.8
4886.2
4911.5
4936.7
4961.65
4986.75
