0.05
24.7
54.3
83.9
113.5
143.1
172.7
202.3
231.9
261.5
291.05
320.65
350.25
379.85
409.45
439.05
468.65
498.25
527.85
557.45
587.05
616.65
646.2
675.8
705.4
735
764.6
794.2
823.8
853.4
883
912.6
942.2
971.8
1001.35
1030.95
1060.55
1090.15
1119.75
1149.35
1178.95
1208.55
1238.15
1267.75
1297.35
1326.95
1356.55
1386.1
1415.7
1445.3
1474.9
1504.5
1534.1
1563.7
1593.3
1622.9
1652.5
1682.1
1711.7
1741.25
1770.85
1800.45
1830.05
1859.65
1889.25
1918.85
1948.45
1978.05
2007.65
2037.25
2066.85
2096.4
2126
2155.6
2185.2
2214.8
2244.4
2274
2303.6
2333.2
2362.8
2392.4
2422
2451.6
2481.15
2510.75
2540.35
2569.95
2599.55
2629.15
2658.75
2688.35
2717.95
2747.55
2777.15
2806.75
2836.3
2865.9
2895.5
2925.1
2954.7
2984.3
3013.9
3043.5
3073.1
3102.7
3132.3
3161.9
3191.45
3221.05
3250.65
3280.25
3309.85
3339.45
3369.05
3398.65
3428.25
3457.85
3487.45
3517.05
3546.65
3576.2
3605.8
3635.4
3665
3694.6
3724.2
3753.8
3783.4
3813
3842.6
3872.2
3901.8
3931.35
3960.95
3990.55
4020.15
4049.75
4079.35
4108.95
4138.55
4168.15
4197.75
4227.35
4256.95
4286.5
4316.1
4345.7
4375.3
4404.9
4434.5
4464.1
4493.7
4523.3
4552.9
4582.5
4612.1
4641.7
4671.25
4700.85
4730.45
4760.05
4789.65
4819.25
4848.85
4878.45
4908.05
4937.65
4967.25
4996.85
-1000
0.05
26
51.75
78.55
106.4
134.9
163.85
193.05
222.4
251.8
281.3
310.85
340.4
369.95
399.55
429.15
458.75
488.35
517.95
547.55
577.1
606.7
636.25
665.85
695.45
725.05
754.65
784.25
813.85
843.45
873.05
902.65
932.25
961.85
991.45
1021
1050.6
1080.2
1109.8
1139.4
1169
1198.6
1228.2
1257.8
1287.4
1317
1346.6
1376.15
1405.75
1435.35
1464.95
1494.55
1524.15
1553.75
1583.35
1612.95
1642.55
1672.15
1701.75
1731.3
1760.9
1790.5
1820.1
1849.7
1879.3
1908.9
1938.5
1968.1
1997.7
2027.3
2056.9
2086.5
2116.05
2145.65
2175.25
2204.85
2234.45
2264.05
2293.65
2323.25
2352.85
2382.45
2412.05
2441.65
2471.2
2500.8
2530.4
2560
2589.6
2619.2
2648.8
2678.4
2708
2737.6
2767.2
2796.8
2826.4
2855.95
2885.55
2915.15
2944.75
2974.35
3003.95
3033.55
3063.15
3092.75
3122.35
3151.95
3181.55
3211.1
3240.7
3270.3
3299.9
3329.5
3359.1
3388.7
3418.3
3447.9
3477.5
3507.1
3536.7
3566.25
3595.85
3625.45
3655.05
3684.65
3714.25
3743.85
3773.45
3803.05
3832.65
3862.25
3891.85
3921.45
3951
3980.6
4010.2
4039.8
4069.4
4099
4128.6
4158.2
4187.8
4217.4
4247
4276.6
4306.15
4335.75
4365.35
4394.95
4424.55
4454.15
4483.75
4513.35
4542.95
4572.55
4602.15
4631.75
4661.3
4690.9
4720.5
4750.1
4779.7
4809.3
4838.9
4868.5
4898.1
4927.7
4957.3
4986.9
