0.05
24.95
54.85
84.7
114.55
144.45
174.3
204.2
234.05
263.95
293.8
323.65
353.55
383.4
413.3
443.15
473.05
502.9
532.75
562.65
592.5
622.4
652.25
682.15
712
741.85
771.75
801.6
831.5
861.35
891.25
921.1
950.95
980.85
1010.7
1040.6
1070.45
1100.35
1130.2
1160.05
1189.95
1219.8
1249.7
1279.55
1309.4
1339.3
1369.15
1399.05
1428.9
1458.8
1488.65
1518.5
1548.4
1578.25
1608.15
1638
1667.9
1697.75
1727.6
1757.5
1787.35
1817.25
1847.1
1877
1906.85
1936.7
1966.6
1996.45
2026.35
2056.2
2086.1
2115.95
2145.8
2175.7
2205.55
2235.45
2265.3
2295.2
2325.05
2354.9
2384.8
2414.65
2444.55
2474.4
2504.3
2534.15
2564
2593.9
2623.75
2653.65
2683.5
2713.4
2743.25
2773.1
2803
2832.85
2862.75
2892.6
2922.5
2952.35
2982.2
3012.1
3041.95
3071.85
3101.7
3131.6
3161.45
3191.3
3221.2
3251.05
3280.95
3310.8
3340.7
3370.55
3400.4
3430.3
3460.15
3490.05
3519.9
3549.8
3579.65
3609.5
3639.4
3669.25
3699.15
3729
3758.9
3788.75
3818.6
3848.5
3878.35
3908.25
3938.1
3968
3997.85
4027.7
4057.6
4087.45
4117.35
4147.2
4177.1
4206.95
4236.8
4266.7
4296.55
4326.45
4356.3
4386.2
4416.05
4445.9
4475.8
4505.65
4535.55
4565.4
4595.3
4625.15
4655
4684.9
4714.75
4744.65
4774.5
4804.4
4834.25
4864.1
4894
4923.85
4953.75
4983.6
-1000
0.05
26
54.45
83.45
112.8
142.35
172
201.75
231.55
261.35
291.15
321
350.85
380.75
410.6
440.5
470.35
500.2
530.1
559.95
589.85
619.7
649.6
679.45
709.3
739.15
769.05
798.95
828.8
858.7
888.55
918.4
948.3
978.15
1008.05
1037.9
1067.8
1097.65
1127.5
1157.4
1187.25
1217.15
1247
1276.9
1306.75
1336.6
1366.5
1396.35
1426.25
1456.1
1486
1515.85
1545.7
1575.6
1605.45
1635.35
1665.2
1695.1
1724.95
1754.8
1784.7
1814.55
1844.45
1874.3
1904.2
1934.05
1963.9
1993.8
2023.65
2053.55
2083.4
2113.25
2143.1
2173
2202.9
2232.75
2262.65
2292.5
2322.35
2352.2
2382.1
2412
2441.85
2471.75
2501.6
2531.45
2561.3
2591.2
2621.1
2650.95
2680.85
2710.7
2740.55
2770.4
2800.3
2830.2
2860.05
2889.95
2919.8
2949.65
2979.5
3009.4
3039.3
3069.15
3099.05
3128.9
3158.75
3188.6
3218.5
3248.4
3278.25
3308.15
3338
3367.85
3397.7
3427.6
3457.5
3487.35
3517.25
3547.1
3576.95
3606.8
3636.7
3666.6
3696.45
3726.35
3756.2
3786.05
3815.9
3845.8
3875.7
3905.55
3935.45
3965.3
3995.15
4025
4054.9
4084.8
4114.65
4144.55
4174.4
4204.25
4234.1
4264
4293.9
4323.75
4353.65
4383.5
4413.35
4443.2
4473.1
4503
4532.85
4562.75
4592.6
4622.45
4652.3
4682.2
4712.1
4741.95
4771.85
4801.7
4831.55
4861.4
4891.3
4921.2
4951.05
4980.95
