35.75
77.7
119.65
161.65
203.6
245.6
287.55
329.5
371.5
413.45
455.45
497.4
539.35
581.35
623.3
665.3
707.25
749.25
791.2
833.15
875.15
917.1
959.1
1001.05
1043
1085
1126.95
1168.95
1210.9
1252.85
1294.85
1336.8
1378.8
1420.75
1462.75
1504.7
1546.65
1588.65
1630.6
1672.6
1714.55
1756.5
1798.5
1840.45
1882.45
1924.4
1966.4
2008.35
2050.3
2092.3
2134.25
2176.25
2218.2
2260.15
2302.15
2344.1
2386.1
2428.05
2470
2512
2553.95
2595.95
2637.9
2679.9
2721.85
2763.8
2805.8
2847.75
2889.75
2931.7
2973.65
3015.65
3057.6
3099.6
3141.55
3183.55
3225.5
3267.45
3309.45
3351.4
3393.4
3435.35
3477.3
3519.3
3561.25
3603.25
3645.2
3687.15
3729.15
3771.1
3813.1
3855.05
3897.05
3939
3980.95
4022.95
4064.9
4106.9
4148.85
4190.8
4232.8
4274.75
4316.75
4358.7
4400.65
4442.65
4484.6
4526.6
4568.55
4610.55
4652.5
4694.45
4736.45
4778.4
4820.4
4862.35
4904.3
4946.3
4988.25
-1000
25.6
65.35
106.35
148.05
189.9
231.85
273.8
315.65
357.7
399.7
441.7
483.65
525.5
567.55
609.45
651.5
693.5
735.5
777.45
819.3
861.35
903.35
945.35
987.3
1029.15
1071.2
1113.2
1155.2
1197.15
1239.15
1281.1
1322.95
1365
1407
1449
1490.95
1532.8
1574.85
1616.85
1658.85
1700.8
1742.65
1784.7
1826.7
1868.7
1910.65
1952.65
1994.6
2036.45
2078.5
2120.5
2162.5
2204.45
2246.3
2288.35
2330.35
2372.35
2414.3
2456.15
2498.2
2540.1
2582.15
2624.15
2666.15
2708.1
2749.95
2792
2834
2876
2917.95
2959.8
3001.85
3043.85
3085.85
3127.8
3169.8
3211.75
3253.6
3295.65
3337.65
3379.65
3421.6
3463.45
3505.5
3547.5
3589.5
3631.45
3673.3
3715.35
3757.25
3799.3
3841.3
3883.3
3925.25
3967.1
4009.15
4051.15
4093.15
4135.1
4176.95
4219
4261
4303
4344.95
4386.95
4428.9
4470.75
4512.8
4554.8
4596.8
4638.75
4680.6
4722.65
4764.65
4806.65
4848.6
4890.45
4932.5
4974.5
