0.05
20.85
46.15
71.45
96.75
122.1
147.4
172.7
198
223.3
248.65
273.95
299.25
324.55
349.85
375.2
400.5
425.8
451.1
476.45
501.75
527.05
552.35
577.65
603
628.3
653.6
678.9
704.2
729.55
754.85
780.15
805.45
830.75
856.1
881.4
906.7
932
957.35
982.65
1007.95
1033.25
1058.55
1083.9
1109.2
1134.5
1159.8
1185.1
1210.45
1235.75
1261.05
1286.35
1311.7
1337
1362.3
1387.6
1412.9
1438.25
1463.55
1488.85
1514.15
1539.45
1564.8
1590.1
1615.4
1640.7
1666
1691.35
1716.65
1741.95
1767.25
1792.6
1817.9
1843.2
1868.5
1893.8
1919.15
1944.45
1969.75
1995.05
2020.35
2045.7
2071
2096.3
2121.6
2146.9
2172.25
2197.55
2222.85
2248.15
2273.5
2298.8
2324.1
2349.4
2374.7
2400.05
2425.35
2450.65
2475.95
2501.25
2526.6
2551.9
2577.2
2602.5
2627.85
2653.15
2678.45
2703.75
2729.05
2754.4
2779.7
2805
2830.3
2855.6
2880.95
2906.25
2931.55
2956.85
2982.15
3007.5
3032.8
3058.1
3083.4
3108.75
3134.05
3159.35
3184.65
3209.95
3235.3
3260.6
3285.9
3311.2
3336.5
3361.85
3387.15
3412.45
3437.75
3463.05
3488.4
3513.7
3539
3564.3
3589.65
3614.95
3640.25
3665.55
3690.85
3716.2
3741.5
3766.8
3792.1
3817.4
3842.75
3868.05
3893.35
3918.65
3944
3969.3
3994.6
4019.9
4045.2
4070.55
4095.85
4121.15
4146.45
4171.75
4197.1
4222.4
4247.7
4273
4298.3
4323.65
4348.95
4374.25
4399.55
4424.9
4450.2
4475.5
4500.8
4526.1
4551.45
4576.75
4602.05
4627.35
4652.65
4678
4703.3
4728.6
4753.9
4779.25
4804.55
4829.85
4855.15
4880.45
4905.8
4931.1
4956.4
-1000
0.05
26
52.4
80.6
109.8
137.85
165
191.55
217.7
243.65
269.3
295
320.6
346.15
371.65
397.15
422.55
448
473.4
498.6
524
549.4
574.75
600.1
625.35
650.7
676.05
701.4
726.75
751.95
777.3
802.65
828
853.35
878.65
904
929.35
954.65
979.85
1005.2
1030.5
1055.85
1081.2
1106.35
1131.7
1157.05
1182.4
1207.7
1233.05
1258.35
1283.7
1309
1334.35
1359.65
1384.95
1410.3
1435.6
1460.75
1486.1
1511.45
1536.75
1562.1
1587.3
1612.6
1637.95
1663.3
1688.6
1713.95
1739.3
1764.6
1789.9
1815.1
1840.45
1865.8
1891.1
1916.45
1941.6
1966.95
1992.3
2017.65
2042.95
2068.15
2093.5
2118.85
2144.2
2169.5
2194.85
2220.15
2245.5
2270.8
2296
2321.35
2346.65
2372
2397.35
2422.5
2447.85
2473.2
2498.55
2523.85
2549.2
2574.55
2599.85
2625.15
2650.5
2675.8
2701.1
2726.45
2751.75
2776.9
2802.25
2827.6
2852.9
2878.25
2903.45
2928.75
2954.1
2979.45
3004.75
3030.1
3055.45
3080.75
3106.05
3131.25
3156.6
3181.95
3207.25
3232.6
3257.75
3283.1
3308.45
3333.8
3359.1
3384.3
3409.65
3435
3460.35
3485.65
3511
3536.3
3561.65
3586.95
3612.15
3637.5
3662.8
3688.15
3713.5
3738.65
3764
3789.35
3814.7
3840
3865.35
3890.7
3916
3941.3
3966.5
3991.85
4017.2
4042.5
4067.85
4093
4118.35
4143.7
4169.05
4194.35
4219.55
4244.9
4270.25
4295.6
4320.9
4346.25
4371.55
4396.9
4422.2
4447.4
4472.75
4498.05
4523.4
4548.75
4573.9
4599.25
4624.6
4649.95
4675.25
4700.6
4725.95
4751.25
4776.55
4801.9
4827.2
4852.5
4877.85
4903.15
4928.3
4953.65
4979
