0.05
26.9
58.85
90.85
122.85
154.85
186.85
218.8
250.8
282.8
314.8
346.75
378.75
410.75
442.75
474.7
506.7
538.7
570.7
602.65
634.65
666.65
698.65
730.6
762.6
794.6
826.6
858.55
890.55
922.55
954.55
986.5
1018.5
1050.5
1082.5
1114.45
1146.45
1178.45
1210.45
1242.4
1274.4
1306.4
1338.4
1370.35
1402.35
1434.35
1466.35
1498.3
1530.3
1562.3
1594.3
1626.25
1658.25
1690.25
1722.25
1754.2
1786.2
1818.2
1850.2
1882.2
1914.15
1946.15
1978.15
2010.15
2042.1
2074.1
2106.1
2138.1
2170.05
2202.05
2234.05
2266.05
2298
2330
2362
2394
2425.95
2457.95
2489.95
2521.95
2553.9
2585.9
2617.9
2649.9
2681.85
2713.85
2745.85
2777.85
2809.8
2841.8
2873.8
2905.8
2937.75
2969.75
3001.75
3033.75
3065.7
3097.7
3129.7
3161.7
3193.65
3225.65
3257.65
3289.65
3321.6
3353.6
3385.6
3417.6
3449.6
3481.55
3513.55
3545.55
3577.55
3609.5
3641.5
3673.5
3705.5
3737.45
3769.45
3801.45
3833.45
3865.4
3897.4
3929.4
3961.4
3993.35
4025.35
4057.35
4089.35
4121.3
4153.3
4185.3
4217.3
4249.25
4281.25
4313.25
4345.25
4377.2
4409.2
4441.2
4473.2
4505.15
4537.15
4569.15
4601.15
4633.1
4665.1
4697.1
4729.1
4761.05
4793.05
4825.05
4857.05
4889
4921
4953
4985
-1000
0.05
26
51.15
76.65
104.05
133.25
163.5
194.2
225.15
256
286.3
315.4
340.85
366.05
392.95
421.75
451.75
482.4
513.3
544.2
574.7
604.15
631.3
656.35
682.45
710.55
740.2
770.7
801.55
832.5
863.2
893.05
921.3
946.35
971.95
999.5
1028.75
1059.05
1089.8
1120.75
1151.55
1181.8
1210.8
1236.25
1261.5
1288.45
1317.3
1347.35
1378
1408.95
1439.8
1470.3
1499.75
1526.75
1551.8
1577.95
1606.2
1635.85
1666.35
1697.2
1728.15
1758.85
1788.7
1816.9
1842
1867.6
1895.05
1924.35
1954.65
1985.45
2016.35
2047.2
2077.4
2106.35
2131.7
2156.85
2183.9
2212.85
2242.95
2273.6
2304.5
2335.4
2365.85
2395.2
2421.6
2446.65
2473.05
2501.5
2531.35
2561.9
2592.75
2623.65
2654.3
2684.05
2711.9
2736.9
2762.7
2790.45
2819.85
2850.2
2881
2911.95
2942.75
2972.85
3001.65
3026.9
3052.25
3079.4
3108.4
3138.55
3169.25
3200.15
3231
3261.45
3290.75
3317.05
3342.1
3368.6
3397.05
3426.95
3457.5
3488.35
3519.3
3549.9
3579.6
3607.25
3632.3
3658.15
3685.95
3715.4
3745.8
3776.6
3807.55
3838.3
3868.35
3897
3922.2
3947.6
3974.75
4003.85
4034.05
4064.8
4095.7
4126.55
4156.9
4186.1
4211.9
4237.05
4263.75
4292.45
4322.4
4353
4383.9
4414.8
4445.35
4474.95
4502.6
