0.05
27.2
59.5
91.85
124.15
156.45
188.8
221.1
253.45
285.75
318.05
350.4
382.7
415.05
447.35
479.65
512
544.3
576.65
608.95
641.25
673.6
705.9
738.25
770.55
802.85
835.2
867.5
899.85
932.15
964.45
996.8
1029.1
1061.45
1093.75
1126.05
1158.4
1190.7
1223.05
1255.35
1287.7
1320
1352.3
1384.65
1416.95
1449.3
1481.6
1513.9
1546.25
1578.55
1610.9
1643.2
1675.5
1707.85
1740.15
1772.5
1804.8
1837.1
1869.45
1901.75
1934.1
1966.4
1998.7
2031.05
2063.35
2095.7
2128
2160.3
2192.65
2224.95
2257.3
2289.6
2321.9
2354.25
2386.55
2418.9
2451.2
2483.5
2515.85
2548.15
2580.5
2612.8
2645.1
2677.45
2709.75
2742.1
2774.4
2806.7
2839.05
2871.35
2903.7
2936
2968.3
3000.65
3032.95
3065.3
3097.6
3129.9
3162.25
3194.55
3226.9
3259.2
3291.5
3323.85
3356.15
3388.5
3420.8
3453.1
3485.45
3517.75
3550.1
3582.4
3614.7
3647.05
3679.35
3711.7
3744
3776.3
3808.65
3840.95
3873.3
3905.6
3937.9
3970.25
4002.55
4034.9
4067.2
4099.55
4131.85
4164.15
4196.5
4228.8
4261.15
4293.45
4325.75
4358.1
4390.4
4422.75
4455.05
4487.35
4519.7
4552
4584.35
4616.65
4648.95
4681.3
4713.6
4745.95
4778.25
4810.55
4842.9
4875.2
4907.55
4939.85
4972.15
-1000
0.05
26
53.05
82.1
112.4
143.25
174.2
204.8
234.3
260.75
285.85
312.45
341.15
371.3
402.05
433.05
463.75
493.5
521.2
546.2
572.25
600.5
630.35
661
691.95
722.8
752.8
781.1
806.15
831.9
859.7
889.3
919.85
950.8
981.7
1011.95
1040.75
1066
1091.45
1118.9
1148.2
1178.65
1209.55
1240.5
1270.9
1300.1
1325.6
1350.85
1378
1407.15
1437.45
1468.3
1499.25
1529.8
1559.25
1585.3
1610.45
1637.1
1666.05
1696.25
1727.05
1758.05
1788.7
1818.3
1845.45
1870.5
1896.8
1925.25
1955.2
1985.95
2016.9
2047.7
2077.55
2105.4
2130.3
2156.25
2184.35
2214.15
2244.75
2275.7
2306.55
2336.65
2365.1
2390.2
2415.85
2443.5
2473.05
2503.55
2534.5
2565.4
2595.7
2624.55
2649.75
2675.2
2702.6
2731.95
2762.4
2793.25
2824.2
2854.65
2883.85
2909.4
2934.65
2961.75
2990.85
3021.15
3052
3083
3113.55
3143
3169.25
3194.35
3221.05
3249.85
3280.05
3310.8
3341.8
3372.5
3402.2
3429.75
3454.75
3480.9
3509.2
3539.05
3569.75
3600.7
3631.55
3661.55
3689.75
3714.8
3740.55
3768.4
3798.05
3828.6
3859.55
3890.45
3920.65
3949.4
3974.6
4000.1
4027.6
4057
4087.45
4118.35
4149.3
4179.7
4208.8
4234.25
4259.55
4286.65
4315.85
4346.2
4377.05
4408.05
4438.55
