0.05
22.7
50.05
77.4
104.8
132.15
159.5
186.85
214.25
241.6
268.95
296.35
323.7
351.05
378.45
405.8
433.15
460.5
487.9
515.25
542.6
570
597.35
624.7
652.1
679.45
706.8
734.15
761.55
788.9
816.25
843.65
871
898.35
925.75
953.1
980.45
1007.8
1035.2
1062.55
1089.9
1117.3
1144.65
1172
1199.35
1226.75
1254.1
1281.45
1308.85
1336.2
1363.55
1390.95
1418.3
1445.65
1473
1500.4
1527.75
1555.1
1582.5
1609.85
1637.2
1664.6
1691.95
1719.3
1746.65
1774.05
1801.4
1828.75
1856.15
1883.5
1910.85
1938.25
1965.6
1992.95
2020.3
2047.7
2075.05
2102.4
2129.8
2157.15
2184.5
2211.9
2239.25
2266.6
2293.95
2321.35
2348.7
2376.05
2403.45
2430.8
2458.15
2485.5
2512.9
2540.25
2567.6
2595
2622.35
2649.7
2677.1
2704.45
2731.8
2759.15
2786.55
2813.9
2841.25
2868.65
2896
2923.35
2950.75
2978.1
3005.45
3032.8
3060.2
3087.55
3114.9
3142.3
3169.65
3197
3224.4
3251.75
3279.1
3306.45
3333.85
3361.2
3388.55
3415.95
3443.3
3470.65
3498.05
3525.4
3552.75
3580.1
3607.5
3634.85
3662.2
3689.6
3716.95
3744.3
3771.65
3799.05
3826.4
3853.75
3881.15
3908.5
3935.85
3963.25
3990.6
4017.95
4045.3
4072.7
4100.05
4127.4
4154.8
4182.15
4209.5
4236.9
4264.25
4291.6
4318.95
4346.35
4373.7
4401.05
4428.45
4455.8
4483.15
4510.55
4537.9
4565.25
4592.6
4620
4647.35
4674.7
4702.1
4729.45
4756.8
4784.15
4811.55
4838.9
4866.25
4893.65
4921
4948.35
4975.75
-1000
0.05
26
52.25
78.8
105.65
132.55
159.75
186.95
214.25
241.55
268.9
296.25
323.6
350.95
378.3
405.6
433
460.35
487.75
515.1
542.5
569.85
597.2
624.6
651.95
679.25
706.65
734
761.4
788.75
816.15
843.5
870.8
898.2
925.55
952.85
980.25
1007.65
1035
1062.4
1089.8
1117.15
1144.45
1171.85
1199.2
1226.6
1253.95
1281.35
1308.7
1336.05
1363.45
1390.8
1418.1
1445.5
1472.85
1500.25
1527.6
1555
1582.35
1609.7
1637.1
1664.45
1691.75
1719.15
1746.5
1773.9
1801.25
1828.65
1856
1883.35
1910.75
1938.1
1965.4
1992.8
2020.15
2047.55
2074.9
2102.3
2129.65
2156.95
2184.35
2211.7
2239.1
2266.45
2293.85
2321.2
2348.55
2375.95
2403.3
2430.6
2458
2485.35
2512.75
2540.1
2567.5
2594.85
2622.2
2649.6
2676.95
2704.25
2731.65
2759
2786.4
2813.75
2841.15
2868.5
2895.85
2923.25
2950.6
2977.9
3005.3
3032.65
3060.05
3087.4
3114.8
3142.15
3169.45
3196.85
3224.2
3251.5
3278.9
3306.3
3333.65
3361.05
3388.45
3415.8
3443.1
3470.5
3497.85
3525.25
3552.6
3580
3607.35
3634.7
3662.1
3689.45
3716.75
3744.15
3771.5
3798.9
3826.25
3853.65
3881
3908.35
3935.75
3963.1
3990.4
4017.8
4045.15
4072.55
4099.9
4127.3
4154.65
4182
4209.4
4236.75
4264.05
4291.45
4318.8
4346.2
4373.55
4400.95
4428.3
4455.6
4483
4510.35
4537.65
4565.05
4592.45
4619.8
4647.2
4674.6
4701.95
4729.25
4756.65
4784
4811.4
4838.75
4866.15
4893.5
4920.85
4948.25
4975.6
