0.05
20.85
46.15
71.45
96.75
122.1
147.4
172.7
198
223.3
248.65
273.95
299.25
324.55
349.85
375.2
400.5
425.8
451.1
476.45
501.75
527.05
552.35
577.65
603
628.3
653.6
678.9
704.2
729.55
754.85
780.15
805.45
830.75
856.1
881.4
906.7
932
957.35
982.65
1007.95
1033.25
1058.55
1083.9
1109.2
1134.5
1159.8
1185.1
1210.45
1235.75
1261.05
1286.35
1311.7
1337
1362.3
1387.6
1412.9
1438.25
1463.55
1488.85
1514.15
1539.45
1564.8
1590.1
1615.4
1640.7
1666
1691.35
1716.65
1741.95
1767.25
1792.6
1817.9
1843.2
1868.5
1893.8
1919.15
1944.45
1969.75
1995.05
2020.35
2045.7
2071
2096.3
2121.6
2146.9
2172.25
2197.55
2222.85
2248.15
2273.5
2298.8
2324.1
2349.4
2374.7
2400.05
2425.35
2450.65
2475.95
2501.25
2526.6
2551.9
2577.2
2602.5
2627.85
2653.15
2678.45
2703.75
2729.05
2754.4
2779.7
2805
2830.3
2855.6
2880.95
2906.25
2931.55
2956.85
2982.15
3007.5
3032.8
3058.1
3083.4
3108.75
3134.05
3159.35
3184.65
3209.95
3235.3
3260.6
3285.9
3311.2
3336.5
3361.85
3387.15
3412.45
3437.75
3463.05
3488.4
3513.7
3539
3564.3
3589.65
3614.95
3640.25
3665.55
3690.85
3716.2
3741.5
3766.8
3792.1
3817.4
3842.75
3868.05
3893.35
3918.65
3944
3969.3
3994.6
4019.9
4045.2
4070.55
4095.85
4121.15
4146.45
4171.75
4197.1
4222.4
4247.7
4273
4298.3
4323.65
4348.95
4374.25
4399.55
4424.9
4450.2
4475.5
4500.8
4526.1
4551.45
4576.75
4602.05
4627.35
4652.65
4678
4703.3
4728.6
4753.9
4779.25
4804.55
4829.85
4855.15
4880.45
4905.8
4931.1
4956.4
-1000
0.05
26.15
55.1
83.9
111.5
138.25
164.6
190.65
216.55
242.25
267.75
293.35
318.9
344.4
369.85
395.3
420.7
446.1
471.45
496.7
522.1
547.45
572.8
598.15
623.35
648.75
674.1
699.45
724.75
749.95
775.3
800.65
826
851.35
876.7
902
927.35
952.65
977.85
1003.2
1028.5
1053.85
1079.2
1104.35
1129.7
1155.05
1180.4
1205.7
1231.05
1256.35
1281.7
1307
1332.35
1357.65
1382.95
1408.3
1433.6
1458.75
1484.1
1509.45
1534.75
1560.1
1585.3
1610.6
1635.95
1661.3
1686.6
1711.95
1737.3
1762.6
1787.9
1813.1
1838.45
1863.8
1889.1
1914.45
1939.6
1964.95
1990.3
2015.65
2040.95
2066.15
2091.5
2116.85
2142.2
2167.5
2192.85
2218.15
2243.5
2268.8
2294
2319.35
2344.65
2370
2395.35
2420.5
2445.85
2471.2
2496.55
2521.85
2547.2
2572.55
2597.85
2623.15
2648.5
2673.8
2699.1
2724.45
2749.75
2774.9
2800.25
2825.6
2850.9
2876.25
2901.45
2926.75
2952.1
2977.45
3002.75
3028.1
3053.45
3078.75
3104.05
3129.25
3154.6
3179.95
3205.25
3230.6
3255.75
3281.1
3306.45
3331.8
3357.1
3382.3
3407.65
3433
3458.35
3483.65
3509
3534.3
3559.65
3584.95
3610.15
3635.5
3660.8
3686.15
3711.5
3736.65
3762
3787.35
3812.7
3838
3863.35
3888.7
3914
3939.3
3964.5
3989.85
4015.2
4040.5
4065.85
4091
4116.35
4141.7
4167.05
4192.35
4217.55
4242.9
4268.25
4293.6
4318.9
4344.25
4369.55
4394.9
4420.2
4445.4
4470.75
4496.05
4521.4
4546.75
4571.9
4597.25
4622.6
4647.95
4673.25
4698.6
4723.95
4749.25
4774.55
4799.9
4825.2
4850.5
4875.85
4901.15
4926.3
4951.65
4977
