0.05
18.9
42
65.15
88.25
111.4
134.55
157.65
180.8
203.9
227.05
250.2
273.3
296.45
319.55
342.7
365.85
388.95
412.1
435.2
458.35
481.45
504.6
527.75
550.85
574
597.1
620.25
643.4
666.5
689.65
712.75
735.9
759.05
782.15
805.3
828.4
851.55
874.7
897.8
920.95
944.05
967.2
990.3
1013.45
1036.6
1059.7
1082.85
1105.95
1129.1
1152.25
1175.35
1198.5
1221.6
1244.75
1267.9
1291
1314.15
1337.25
1360.4
1383.5
1406.65
1429.8
1452.9
1476.05
1499.15
1522.3
1545.45
1568.55
1591.7
1614.8
1637.95
1661.1
1684.2
1707.35
1730.45
1753.6
1776.7
1799.85
1823
1846.1
1869.25
1892.35
1915.5
1938.65
1961.75
1984.9
2008
2031.15
2054.3
2077.4
2100.55
2123.65
2146.8
2169.9
2193.05
2216.2
2239.3
2262.45
2285.55
2308.7
2331.85
2354.95
2378.1
2401.2
2424.35
2447.5
2470.6
2493.75
2516.85
2540
2563.1
2586.25
2609.4
2632.5
2655.65
2678.75
2701.9
2725.05
2748.15
2771.3
2794.4
2817.55
2840.7
2863.8
2886.95
2910.05
2933.2
2956.35
2979.45
3002.6
3025.7
3048.85
3071.95
3095.1
3118.25
3141.35
3164.5
3187.6
3210.75
3233.9
3257
3280.15
3303.25
3326.4
3349.55
3372.65
3395.8
3418.9
3442.05
3465.15
3488.3
3511.45
3534.55
3557.7
3580.8
3603.95
3627.1
3650.2
3673.35
3696.45
3719.6
3742.75
3765.85
3789
3812.1
3835.25
3858.35
3881.5
3904.65
3927.75
3950.9
3974
3997.15
4020.3
4043.4
4066.55
4089.65
4112.8
4135.95
4159.05
4182.2
4205.3
4228.45
4251.55
4274.7
4297.85
4320.95
4344.1
4367.2
4390.35
4413.5
4436.6
-1000
0.05
26
52.6
81
108
133.85
159.05
184.15
209.15
234.3
261.2
289.5
316.4
342.25
367.5
392.45
417.45
442.6
469.85
498.1
524.9
550.5
575.75
600.85
625.85
651.05
678.7
706.85
733.45
759.1
784.15
809.2
834.25
859.5
887.3
915.3
941.8
967.4
992.6
1017.65
1042.7
1067.9
1095.75
1123.7
1150.1
1175.55
1200.75
1225.8
1250.85
1276.15
1304.05
1331.95
1358.35
1383.95
1409.1
1434.15
1459
1484.35
1512.3
1540.15
1566.45
1592.05
1617.2
1642.25
1667.3
1692.5
1720.45
1748.35
1774.75
1800.3
1825.45
1850.35
1875.4
1900.7
1928.7
1956.5
1982.85
2008.45
2033.6
2058.65
2083.55
2108.9
2136.8
2164.7
2191.05
2216.6
2241.65
2266.7
2291.75
2317.1
2345.05
2372.9
2399.25
2424.8
2450
2474.85
2499.9
2525.25
2553.25
2581.1
2607.45
2632.85
2658.05
2683.1
2708.15
2733.5
2761.5
2789.35
2815.65
2841.2
2866.2
2891.25
2916.3
2941.7
2969.75
2997.55
3023.85
3049.4
3074.55
3099.6
3124.65
3150
3178.1
3205.85
3232.15
3257.5
3282.65
3307.7
3332.75
3358.25
3386.35
3414.05
3440.3
3465.85
3491
3516
3540.9
3566.4
3594.5
3622.2
3648.35
3673.9
3699.05
3724.1
3749.15
3774.5
3802.65
3830.35
3856.65
3882.15
3907.3
3932.15
3957.2
3982.65
4010.8
4038.45
4064.75
4090.25
4115.4
4140.45
4165.35
4190.8
4218.85
4246.6
4272.9
4298.45
4323.45
4348.45
4373.5
4398.95
4427.05
4454.8
4481.1
4506.6
4531.75
4556.6
4581.7
4607.1
4635.2
4662.95
4689.25
4714.75
4739.9
4764.95
4790
4815.6
4843.75
4871.4
4897.6
4923.1
4948.05
4973.1
4998.15
