0.05
19.6
43.5
67.4
91.3
115.25
139.15
163.05
187
210.9
234.8
258.7
282.65
306.55
330.45
354.35
378.3
402.2
426.1
450
473.95
497.85
521.75
545.65
569.6
593.5
617.4
641.3
665.25
689.15
713.05
737
760.9
784.8
808.7
832.65
856.55
880.45
904.35
928.3
952.2
976.1
1000
1023.95
1047.85
1071.75
1095.65
1119.6
1143.5
1167.4
1191.3
1215.25
1239.15
1263.05
1287
1310.9
1334.8
1358.7
1382.65
1406.55
1430.45
1454.35
1478.3
1502.2
1526.1
1550
1573.95
1597.85
1621.75
1645.65
1669.6
1693.5
1717.4
1741.35
1765.25
1789.15
1813.05
1837
1860.9
1884.8
1908.7
1932.65
1956.55
1980.45
2004.35
2028.3
2052.2
2076.1
2100
2123.95
2147.85
2171.75
2195.65
2219.6
2243.5
2267.4
2291.35
2315.25
2339.15
2363.05
2387
2410.9
2434.8
2458.7
2482.65
2506.55
2530.45
2554.35
2578.3
2602.2
2626.1
2650
2673.95
2697.85
2721.75
2745.65
2769.6
2793.5
2817.4
2841.35
2865.25
2889.15
2913.05
2937
2960.9
2984.8
3008.7
3032.65
3056.55
3080.45
3104.35
3128.3
3152.2
3176.1
3200
3223.95
3247.85
3271.75
3295.65
3319.6
3343.5
3367.4
3391.35
3415.25
3439.15
3463.05
3487
3510.9
3534.8
3558.7
3582.65
3606.55
3630.45
3654.35
3678.3
3702.2
3726.1
3750
3773.95
3797.85
3821.75
3845.7
3869.6
3893.5
3917.4
3941.35
3965.25
3989.15
4013.05
4037
4060.9
4084.8
4108.7
4132.65
4156.55
4180.45
4204.35
4228.3
4252.2
4276.1
4300
4323.95
4347.85
4371.75
4395.7
4419.6
4443.5
4467.4
4491.35
4515.25
4539.15
4563.05
4587
-1000
0.05
26
51.2
76.25
101.3
126.3
151.45
176.85
204.75
233.3
260.4
286.5
311.95
337.3
362.4
387.45
412.3
437.35
462.5
488
515.9
544.35
571.4
597.5
623.05
648.35
673.45
698.5
723.5
748.55
773.6
799.3
827.55
855.75
882.65
908.65
934.15
959.25
984.35
1009.4
1034.4
1059.3
1084.5
1110.2
1138.5
1166.75
1193.6
1219.55
1245.05
1270.3
1295.4
1320.25
1345.3
1370.35
1395.55
1421.45
1449.9
1478
1504.6
1530.55
1556
1581.25
1606.3
1631.35
1656.4
1681.45
1706.7
1733.45
1762.1
1789.8
1816.2
1841.95
1867.2
1892.4
1917.45
1942.5
1967.35
1992.45
2017.75
2044.95
2073.6
2101.05
2127.35
2153.05
2178.4
2203.55
2228.6
2253.6
2278.65
2303.8
2329.15
2357.1
2385.6
2412.55
2438.7
2464.3
2489.55
2514.55
2539.6
2564.6
2589.65
2614.65
2640.15
2668.05
2696.55
2723.6
2749.65
2775.25
2800.5
2825.6
2850.65
2875.5
2900.55
2925.75
2951.4
2979.55
3007.9
3034.75
3060.65
3086.2
3111.45
3136.55
3161.45
3186.45
3211.5
3236.7
3262.45
3290.8
3319
3345.8
3371.75
3397.25
3422.35
3447.45
3472.5
3497.5
3522.4
3547.6
3573.4
3601.75
3629.95
3656.75
3682.65
3708.15
3733.4
3758.5
3783.5
3808.55
3833.6
3858.9
3885.65
3914.3
3941.95
3968.25
3994.05
4019.45
4044.6
4069.55
4094.55
4119.6
4144.7
4169.85
4196.8
4225.5
4253.05
4279.4
4305.1
4330.45
4355.65
4380.7
4405.7
4430.6
4455.7
4481.05
4508.9
4537.45
4564.65
4590.8
4616.25
4641.55
4666.7
4691.75
4716.6
4741.65
4766.8
4792.25
4820.2
4848.7
4875.75
4901.85
4927.4
4952.65
4977.65
