0.05
21.35
47.25
73.15
99
124.9
150.8
176.7
202.55
228.45
254.35
280.25
306.1
332
357.9
383.75
409.65
435.55
461.45
487.3
513.2
539.1
565
590.85
616.75
642.65
668.55
694.4
720.3
746.2
772.1
797.95
823.85
849.75
875.65
901.5
927.4
953.3
979.2
1005.05
1030.95
1056.85
1082.75
1108.6
1134.5
1160.4
1186.3
1212.15
1238.05
1263.95
1289.85
1315.7
1341.6
1367.5
1393.4
1419.25
1445.15
1471.05
1496.95
1522.8
1548.7
1574.6
1600.5
1626.35
1652.25
1678.15
1704
1729.9
1755.8
1781.7
1807.55
1833.45
1859.35
1885.25
1911.1
1937
1962.9
1988.8
2014.65
2040.55
2066.45
2092.35
2118.2
2144.1
2170
2195.9
2221.75
2247.65
2273.55
2299.45
2325.3
2351.2
2377.1
2403
2428.85
2454.75
2480.65
2506.55
2532.4
2558.3
2584.2
2610.1
2635.95
2661.85
2687.75
2713.65
2739.5
2765.4
2791.3
2817.2
2843.05
2868.95
2894.85
2920.7
2946.6
2972.5
2998.4
3024.25
3050.15
3076.05
3101.95
3127.8
3153.7
3179.6
3205.5
3231.35
3257.25
3283.15
3309.05
3334.9
3360.8
3386.7
3412.6
3438.45
3464.35
3490.25
3516.15
3542
3567.9
3593.8
3619.7
3645.55
3671.45
3697.35
3723.25
3749.1
3775
3800.9
3826.8
3852.65
3878.55
3904.45
3930.35
3956.2
3982.1
4008
4033.9
4059.75
4085.65
4111.55
4137.4
4163.3
4189.2
4215.1
4240.95
4266.85
4292.75
4318.65
4344.5
4370.4
4396.3
4422.2
4448.05
4473.95
4499.85
4525.75
4551.6
4577.5
4603.4
4629.3
4655.15
4681.05
4706.95
4732.85
4758.7
4784.6
4810.5
4836.4
4862.25
4888.15
4914.05
4939.95
4965.8
4991.7
-1000
0.05
26
51.05
76.1
101.05
126.3
151.6
177
202.35
227.95
253.65
279.35
304.95
330.8
356.6
382.45
408.3
434.2
460.05
485.95
511.8
537.7
563.55
589.45
615.35
641.2
667.1
693
718.9
744.75
770.65
796.55
822.45
848.3
874.2
900.1
926
951.85
977.75
1003.5
1029.45
1055.35
1081.25
1107.05
1132.95
1158.85
1184.8
1210.55
1236.5
1262.4
1288.35
1314.1
1340.05
1365.95
1391.9
1417.65
1443.6
1469.5
1495.4
1521.2
1547.15
1573.05
1598.95
1624.85
1650.75
1676.65
1702.55
1728.45
1754.35
1780.25
1806.15
1832
1857.9
1883.8
1909.7
1935.6
1961.45
1987.35
2013.25
2039.15
2065
2090.9
2116.8
2142.7
2168.55
2194.45
2220.2
2246.15
2272.05
2297.95
2323.75
2349.65
2375.55
2401.5
2427.25
2453.2
2479.1
2505.05
2530.8
2556.75
2582.65
2608.6
2634.35
2660.3
2686.2
2712.1
2737.9
2763.85
2789.75
2815.65
2841.55
2867.45
2893.35
2919.25
2945.15
2971.05
2996.95
3022.85
3048.7
3074.6
3100.5
3126.4
3152.3
3178.15
3204.05
3229.95
3255.85
3281.7
3307.6
3333.5
3359.4
3385.25
3411.15
3436.9
3462.85
3488.75
3514.65
3540.45
3566.35
3592.25
3618.2
3643.95
3669.9
3695.8
3721.75
3747.5
3773.45
3799.35
3825.3
3851.05
3877
3902.9
3928.8
3954.6
3980.55
4006.45
4032.35
4058.25
4084.15
4110.05
4135.95
4161.85
4187.75
4213.65
4239.55
4265.4
4291.3
4317.2
4343.1
4369
4394.85
4420.75
4446.65
4472.55
4498.4
4524.3
4550.2
4576.1
4601.95
4627.85
4653.6
4679.55
4705.45
4731.35
4757.15
4783.05
4808.95
4834.9
4860.65
4886.6
4912.5
4938.45
4964.2
4990.15
