0.05
20.05
44.45
68.85
93.3
117.7
142.1
166.5
190.95
215.35
239.75
264.2
288.6
313
337.45
361.85
386.25
410.65
435.1
459.5
483.9
508.35
532.75
557.15
581.6
606
630.4
654.8
679.25
703.65
728.05
752.5
776.9
801.3
825.75
850.15
874.55
898.95
923.4
947.8
972.2
996.65
1021.05
1045.45
1069.9
1094.3
1118.7
1143.1
1167.55
1191.95
1216.35
1240.8
1265.2
1289.6
1314.05
1338.45
1362.85
1387.25
1411.7
1436.1
1460.5
1484.95
1509.35
1533.75
1558.15
1582.6
1607
1631.4
1655.85
1680.25
1704.65
1729.1
1753.5
1777.9
1802.3
1826.75
1851.15
1875.55
1900
1924.4
1948.8
1973.25
1997.65
2022.05
2046.45
2070.9
2095.3
2119.7
2144.15
2168.55
2192.95
2217.4
2241.8
2266.2
2290.6
2315.05
2339.45
2363.85
2388.3
2412.7
2437.1
2461.55
2485.95
2510.35
2534.75
2559.2
2583.6
2608
2632.45
2656.85
2681.25
2705.7
2730.1
2754.5
2778.9
2803.35
2827.75
2852.15
2876.6
2901
2925.4
2949.85
2974.25
2998.65
3023.05
3047.5
3071.9
3096.3
3120.75
3145.15
3169.55
3194
3218.4
3242.8
3267.2
3291.65
3316.05
3340.45
3364.9
3389.3
3413.7
3438.15
3462.55
3486.95
3511.35
3535.8
3560.2
3584.6
3609.05
3633.45
3657.85
3682.25
3706.7
3731.1
3755.5
3779.95
3804.35
3828.75
3853.2
3877.6
3902
3926.4
3950.85
3975.25
3999.65
4024.1
4048.5
4072.9
4097.35
4121.75
4146.15
4170.55
4195
4219.4
4243.8
4268.25
4292.65
4317.05
4341.5
4365.9
4390.3
4414.7
4439.15
4463.55
4487.95
4512.4
4536.8
4561.2
4585.65
4610.05
4634.45
4658.85
4683.3
4707.7
4732.1
-1000
0.05
26
52.65
78.65
104.25
129.5
154.75
179.9
205
230
255.05
280.05
304.95
330
355.1
380.15
405.6
432.55
461.4
489.4
516.2
542.15
567.85
593.25
618.4
643.55
668.65
693.75
718.75
743.75
768.8
793.7
818.8
843.95
869.2
895.4
923.95
952.4
979.5
1005.7
1031.35
1056.85
1082.15
1107.35
1132.45
1157.5
1182.55
1207.55
1232.6
1257.65
1282.55
1307.7
1333.05
1359.3
1387.85
1416.25
1443.35
1469.6
1495.35
1520.7
1546
1571.2
1596.3
1621.4
1646.4
1671.45
1696.45
1721.5
1746.6
1771.65
1796.95
1823.25
1851.85
1880.25
1907.3
1933.5
1959.3
1984.75
2009.9
2035.1
2060.2
2085.25
2110.3
2135.3
2160.35
2185.4
2210.5
2235.65
2260.95
2287.35
2316
2344.35
2371.35
2397.5
2423.1
2448.6
2473.9
2498.9
2524.05
2549.1
2574.15
2599.15
2624.2
2649.25
2674.15
2699.3
2724.6
2750.5
2778.75
2807.4
2834.65
2861
2886.8
2912.2
2937.55
2962.75
2987.7
3012.8
3037.85
3062.85
3087.9
3112.9
3138
3163
3188.25
3213.9
3241.8
3270.6
3298.1
3324.55
3350.45
3376.05
3401.25
3426.45
3451.6
3476.7
3501.75
3526.75
3551.75
3576.8
3601.9
3627.05
3652.15
3677.85
3705.85
3734.65
3762.1
3788.55
3814.4
3839.95
3865.3
3890.35
3915.5
3940.6
3965.6
3990.65
4015.65
4040.7
4065.8
4090.9
4116.25
4142
4170.2
4198.85
4226.2
4252.6
4278.4
4303.95
4329.25
4354.45
4379.45
4404.5
4429.55
4454.55
4479.6
4504.65
4529.7
4554.7
4579.95
4605.7
4633.7
4662.45
4689.85
4716.3
4742.2
4767.75
4792.95
4818.15
4843.3
4868.2
4893.25
4918.3
4943.3
4968.35
4993.4
