0.05
24.7
54.3
83.9
113.5
143.1
172.7
202.3
231.9
261.5
291.05
320.65
350.25
379.85
409.45
439.05
468.65
498.25
527.85
557.45
587.05
616.65
646.2
675.8
705.4
735
764.6
794.2
823.8
853.4
883
912.6
942.2
971.8
1001.35
1030.95
1060.55
1090.15
1119.75
1149.35
1178.95
1208.55
1238.15
1267.75
1297.35
1326.95
1356.55
1386.1
1415.7
1445.3
1474.9
1504.5
1534.1
1563.7
1593.3
1622.9
1652.5
1682.1
1711.7
1741.25
1770.85
1800.45
1830.05
1859.65
1889.25
1918.85
1948.45
1978.05
2007.65
2037.25
2066.85
2096.4
2126
2155.6
2185.2
2214.8
2244.4
2274
2303.6
2333.2
2362.8
2392.4
2422
2451.6
2481.15
2510.75
2540.35
2569.95
2599.55
2629.15
2658.75
2688.35
2717.95
2747.55
2777.15
2806.75
2836.3
2865.9
2895.5
2925.1
2954.7
2984.3
3013.9
3043.5
3073.1
3102.7
3132.3
3161.9
3191.45
3221.05
3250.65
3280.25
3309.85
3339.45
3369.05
3398.65
3428.25
3457.85
3487.45
3517.05
3546.65
3576.2
3605.8
3635.4
3665
3694.6
3724.2
3753.8
3783.4
3813
3842.6
3872.2
3901.8
3931.35
3960.95
3990.55
4020.15
4049.75
4079.35
4108.95
4138.55
4168.15
4197.75
4227.35
4256.95
4286.5
4316.1
4345.7
4375.3
4404.9
4434.5
4464.1
4493.7
4523.3
4552.9
4582.5
4612.1
4641.7
4671.25
4700.85
4730.45
4760.05
4789.65
4819.25
4848.85
4878.45
4908.05
4937.65
4967.25
4996.85
-1000
0.05
26
54.35
83.2
112.35
141.65
171.1
200.55
230.1
259.6
289.15
318.75
348.35
377.95
407.55
437.15
466.75
496.3
525.9
555.5
585.1
614.7
644.25
673.85
703.45
733.05
762.65
792.25
821.85
851.45
881.05
910.65
940.25
969.85
999.45
1029
1058.6
1088.2
1117.8
1147.4
1177
1206.6
1236.2
1265.8
1295.4
1325
1354.6
1384.15
1413.75
1443.35
1472.95
1502.55
1532.15
1561.75
1591.35
1620.95
1650.55
1680.15
1709.75
1739.3
1768.9
1798.5
1828.1
1857.7
1887.3
1916.9
1946.5
1976.1
2005.7
2035.3
2064.9
2094.5
2124.05
2153.65
2183.25
2212.85
2242.45
2272.05
2301.65
2331.25
2360.85
2390.45
2420.05
2449.65
2479.2
2508.8
2538.4
2568
2597.6
2627.2
2656.8
2686.4
2716
2745.6
2775.2
2804.8
2834.4
2863.95
2893.55
2923.15
2952.75
2982.35
3011.95
3041.55
3071.15
3100.75
3130.35
3159.95
3189.55
3219.1
3248.7
3278.3
3307.9
3337.5
3367.1
3396.7
3426.3
3455.9
3485.5
3515.1
3544.7
3574.25
3603.85
3633.45
3663.05
3692.65
3722.25
3751.85
3781.45
3811.05
3840.65
3870.25
3899.85
3929.45
3959
3988.6
4018.2
4047.8
4077.4
4107
4136.6
4166.2
4195.8
4225.4
4255
4284.6
4314.15
4343.75
4373.35
4402.95
4432.55
4462.15
4491.75
4521.35
4550.95
4580.55
4610.15
4639.75
4669.3
4698.9
4728.5
4758.1
4787.7
4817.3
4846.9
4876.5
4906.1
4935.7
4965.3
4994.9
