0.05
18.5
41.2
63.85
86.55
109.25
131.95
154.6
177.3
200
222.7
245.35
268.05
290.75
313.45
336.15
358.8
381.5
404.2
426.9
449.55
472.25
494.95
517.65
540.3
563
585.7
608.4
631.05
653.75
676.45
699.15
721.85
744.5
767.2
789.9
812.6
835.25
857.95
880.65
903.35
926
948.7
971.4
994.1
1016.75
1039.45
1062.15
1084.85
1107.55
1130.2
1152.9
1175.6
1198.3
1220.95
1243.65
1266.35
1289.05
1311.7
1334.4
1357.1
1379.8
1402.45
1425.15
1447.85
1470.55
1493.2
1515.9
1538.6
1561.3
1584
1606.65
1629.35
1652.05
1674.75
1697.4
1720.1
1742.8
1765.5
1788.15
1810.85
1833.55
1856.25
1878.9
1901.6
1924.3
1947
1969.7
1992.35
2015.05
2037.75
2060.45
2083.1
2105.8
2128.5
2151.2
2173.85
2196.55
2219.25
2241.95
2264.6
2287.3
2310
2332.7
2355.35
2378.05
2400.75
2423.45
2446.15
2468.8
2491.5
2514.2
2536.9
2559.55
2582.25
2604.95
2627.65
2650.3
2673
2695.7
2718.4
2741.05
2763.75
2786.45
2809.15
2831.85
2854.5
2877.2
2899.9
2922.6
2945.25
2967.95
2990.65
3013.35
3036
3058.7
3081.4
3104.1
3126.75
3149.45
3172.15
3194.85
3217.55
3240.2
3262.9
3285.6
3308.3
3330.95
3353.65
3376.35
3399.05
3421.7
3444.4
3467.1
3489.8
3512.45
3535.15
3557.85
3580.55
3603.2
3625.9
3648.6
3671.3
3694
3716.65
3739.35
3762.05
3784.75
3807.4
3830.1
3852.8
3875.5
3898.15
3920.85
3943.55
3966.25
3988.9
4011.6
4034.3
4057
4079.7
4102.35
4125.05
4147.75
4170.45
4193.1
4215.8
4238.5
4261.2
4283.85
4306.55
4329.25
-1000
0.05
25.25
52.35
78.25
103.55
128.55
153.45
179.6
207.85
234.7
260.4
285.6
310.6
335.75
363.25
391.15
417.45
442.8
467.9
492.9
518.2
546.1
573.6
599.65
625
650.05
675.1
700.95
729.1
756.15
781.95
807.15
832.05
857.1
883.85
911.9
938.55
964.15
989.3
1014.3
1039.5
1067.2
1094.95
1121.1
1146.5
1171.55
1196.6
1221.95
1250.05
1277.4
1303.2
1328.5
1353.55
1378.6
1404.55
1432.75
1459.7
1485.45
1510.65
1535.65
1560.8
1588.15
1616.1
1642.5
1667.95
1692.9
1717.9
1743.15
1771
1798.6
1824.7
1850.05
1875.1
1900.15
1925.85
1954.05
1981.1
2006.95
2032.15
2057.2
2082.15
2108.55
2136.75
2163.4
2189.05
2214.2
2239.25
2264.2
2291.8
2319.7
2346
2371.45
2396.5
2421.55
2446.9
2474.9
2502.35
2528.35
2553.5
2578.55
2603.6
2629.45
2657.6
2684.65
2710.45
2735.65
2760.7
2785.8
2812.85
2840.85
2867.35
2892.9
2918
2942.85
2968.05
2995.75
3023.4
3049.6
3075
3100.05
3125.1
3150.65
3178.75
3206.05
3231.95
3257.2
3282.25
3307.3
3333.6
3361.8
3388.6
3414.1
3439.3
3464.3
3489.45
3517
3544.85
3571.15
3596.6
3621.7
3646.7
3672.1
3700.1
3727.5
3753.5
3778.8
3803.7
3828.75
3854.6
3882.75
3909.8
3935.6
3960.8
3985.85
4010.95
4038
4066.05
4092.45
4118
4143.1
4168.15
4193.2
4220.9
4248.6
4274.7
4300.1
4325.15
4350.2
4375.5
4403.55
4430.95
4456.9
4482.2
4507.25
4532.3
4558.45
4586.6
4613.5
4639.2
4664.25
4689.25
4714.4
4741.65
4769.65
4796.05
4821.55
4846.65
4871.65
4896.95
4924.85
4952.3
4978.4
