42.15
90.95
139.7
188.5
237.3
286.1
334.85
383.65
432.45
481.25
530
578.8
627.6
676.4
725.15
773.95
822.75
871.55
920.3
969.1
1017.9
1066.7
1115.45
1164.25
1213.05
1261.85
1310.6
1359.4
1408.2
1457
1505.75
1554.55
1603.35
1652.15
1700.9
1749.7
1798.5
1847.3
1896.05
1944.85
1993.65
2042.45
2091.2
2140
2188.8
2237.6
2286.35
2335.15
2383.95
2432.75
2481.5
2530.3
2579.1
2627.9
2676.65
2725.45
2774.25
2823.05
2871.8
2920.6
2969.4
3018.2
3066.95
3115.75
3164.55
3213.35
3262.1
3310.9
3359.7
3408.5
3457.25
3506.05
3554.85
3603.65
3652.4
3701.2
3750
3798.8
3847.55
3896.35
3945.15
3993.95
4042.7
4091.5
4140.3
4189.1
4237.85
4286.65
4335.45
4384.25
4433
4481.8
4530.6
4579.4
4628.15
4676.95
4725.75
4774.55
4823.3
4872.1
4920.9
4969.7
-1000
25.6
69.15
115.55
162.7
209.75
255.1
286.15
319.55
362.5
408.7
455.55
502.65
548.55
580.05
611.65
654.95
701.25
748.35
795.45
841.5
873.8
904.25
947.65
993.95
1041.05
1088.15
1134.15
1166.15
1196.95
1240.35
1286.65
1333.75
1380.85
1426.9
1458.85
1489.65
1533.1
1579.4
1626.5
1673.6
1719.6
1751.5
1782.4
1825.8
1872.1
1919.2
1966.3
2012.35
2044.3
2075.1
2118.55
2164.85
2211.95
2259.05
2305.05
2336.95
2367.85
2411.25
2457.55
2504.65
2551.75
2597.8
2629.75
2660.55
2704
2750.3
2797.4
2844.5
2890.5
2922.4
2953.3
2996.7
3043
3090.1
3137.2
3183.25
3215.2
3246
3289.45
3335.75
3382.85
3429.95
3475.95
3507.85
3538.75
3582.15
3628.45
3675.55
3722.65
3768.7
3800.65
3831.45
3874.9
3921.2
3968.3
4015.4
4061.4
4093.3
4124.2
4167.6
4213.9
4261
