0.05
25.2
55.35
85.5
115.65
145.8
176
206.15
236.3
266.45
296.6
326.75
356.9
387.05
417.2
447.35
477.5
507.65
537.8
567.95
598.1
628.25
658.4
688.6
718.75
748.9
779.05
809.2
839.35
869.5
899.65
929.8
959.95
990.1
1020.25
1050.4
1080.55
1110.7
1140.85
1171
1201.2
1231.35
1261.5
1291.65
1321.8
1351.95
1382.1
1412.25
1442.4
1472.55
1502.7
1532.85
1563
1593.15
1623.3
1653.45
1683.65
1713.8
1743.95
1774.1
1804.25
1834.4
1864.55
1894.7
1924.85
1955
1985.15
2015.3
2045.45
2075.6
2105.75
2135.9
2166.05
2196.25
2226.4
2256.55
2286.7
2316.85
2347
2377.15
2407.3
2437.45
2467.6
2497.75
2527.9
2558.05
2588.2
2618.35
2648.5
2678.7
2708.85
2739
2769.15
2799.3
2829.45
2859.6
2889.75
2919.9
2950.05
2980.2
3010.35
3040.5
3070.65
3100.8
3130.95
3161.1
3191.3
3221.45
3251.6
3281.75
3311.9
3342.05
3372.2
3402.35
3432.5
3462.65
3492.8
3522.95
3553.1
3583.25
3613.4
3643.55
3673.75
3703.9
3734.05
3764.2
3794.35
3824.5
3854.65
3884.8
3914.95
3945.1
3975.25
4005.4
4035.55
4065.7
4095.85
4126
4156.15
4186.35
4216.5
4246.65
4276.8
4306.95
4337.1
4367.25
4397.4
4427.55
4457.7
4487.85
4518
4548.15
4578.3
4608.45
4638.6
4668.8
4698.95
4729.1
4759.25
4789.4
4819.55
4849.7
4879.85
4910
4940.15
4970.3
-1000
0.05
26
51.15
77.25
104.65
133.15
162.25
191.8
221.5
251.45
281.45
311.5
341.55
371.65
401.75
431.9
462.05
492.15
522.3
552.45
582.6
612.75
642.9
673.05
703.2
733.35
763.5
793.65
823.8
854
884.15
914.3
944.45
974.6
1004.75
1034.9
1065.05
1095.2
1125.35
1155.5
1185.65
1215.8
1245.95
1276.1
1306.3
1336.45
1366.6
1396.75
1426.9
1457.05
1487.2
1517.35
1547.5
1577.65
1607.8
1637.95
1668.1
1698.25
1728.4
1758.55
1788.7
1818.85
1849.05
1879.2
1909.35
1939.5
1969.65
1999.8
2029.95
2060.1
2090.25
2120.4
2150.55
2180.7
2210.85
2241
2271.15
2301.3
2331.45
2361.65
2391.8
2421.95
2452.1
2482.25
2512.4
2542.55
2572.7
2602.85
2633
2663.15
2693.3
2723.45
2753.6
2783.75
2813.9
2844.1
2874.25
2904.4
2934.55
2964.7
2994.85
3025
3055.15
3085.3
3115.45
3145.6
3175.75
3205.9
3236.05
3266.2
3296.35
3326.5
3356.7
3386.85
3417
3447.15
3477.3
3507.45
3537.6
3567.75
3597.9
3628.05
3658.2
3688.35
3718.5
3748.65
3778.8
3808.95
3839.15
3869.3
3899.45
3929.6
3959.75
3989.9
4020.05
4050.2
4080.35
4110.5
4140.65
4170.8
4200.95
4231.1
4261.25
4291.4
4321.55
4351.75
4381.9
4412.05
4442.2
4472.35
4502.5
4532.65
4562.8
4592.95
4623.1
4653.25
4683.4
4713.55
4743.7
4773.85
4804.05
4834.2
4864.35
4894.5
4924.65
4954.8
