0.05
18.75
41.75
64.7
87.7
110.65
133.65
156.65
179.6
202.6
225.55
248.55
271.55
294.5
317.5
340.45
363.45
386.45
409.4
432.4
455.35
478.35
501.35
524.3
547.3
570.25
593.25
616.25
639.2
662.2
685.15
708.15
731.15
754.1
777.1
800.05
823.05
846.05
869
892
915
937.95
960.95
983.9
1006.9
1029.9
1052.85
1075.85
1098.8
1121.8
1144.8
1167.75
1190.75
1213.7
1236.7
1259.7
1282.65
1305.65
1328.6
1351.6
1374.6
1397.55
1420.55
1443.5
1466.5
1489.5
1512.45
1535.45
1558.4
1581.4
1604.4
1627.35
1650.35
1673.3
1696.3
1719.3
1742.25
1765.25
1788.2
1811.2
1834.2
1857.15
1880.15
1903.1
1926.1
1949.1
1972.05
1995.05
2018
2041
2064
2086.95
2109.95
2132.9
2155.9
2178.9
2201.85
2224.85
2247.8
2270.8
2293.8
2316.75
2339.75
2362.7
2385.7
2408.7
2431.65
2454.65
2477.6
2500.6
2523.6
2546.55
2569.55
2592.5
2615.5
2638.5
2661.45
2684.45
2707.4
2730.4
2753.4
2776.35
2799.35
2822.3
2845.3
2868.3
2891.25
2914.25
2937.2
2960.2
2983.2
3006.15
3029.15
3052.1
3075.1
3098.1
3121.05
3144.05
3167
3190
3213
3235.95
3258.95
3281.9
3304.9
3327.9
3350.85
3373.85
3396.8
3419.8
3442.8
3465.75
3488.75
3511.7
3534.7
3557.7
3580.65
3603.65
3626.6
3649.6
3672.6
3695.55
3718.55
3741.5
3764.5
3787.5
3810.45
3833.45
3856.4
3879.4
3902.4
3925.35
3948.35
3971.3
3994.3
4017.3
4040.25
4063.25
4086.2
4109.2
4132.2
4155.15
4178.15
4201.1
4224.1
4247.1
4270.05
4293.05
4316
4339
4362
4384.95
4407.95
-1000
0.05
26
52.25
77.6
102.7
127.75
152.85
179.6
207.9
234.7
260.45
285.7
310.6
335.6
360.95
389
416.6
442.85
468.35
493.45
518.45
543.5
570.3
598.55
625.4
651.15
676.35
701.4
726.45
751.9
780.05
807.6
833.75
859.2
884.3
909.3
934.45
961.95
990.05
1016.6
1042.25
1067.4
1092.45
1117.5
1143.4
1171.65
1198.95
1224.9
1250.25
1275.35
1300.2
1325.4
1353.1
1381.1
1407.45
1433.05
1458.2
1483.25
1508.3
1534.2
1562.55
1589.75
1615.7
1640.85
1665.95
1690.95
1716.2
1743.95
1771.9
1798.3
1823.85
1849
1873.85
1898.95
1924.95
1953.25
1980.35
2006.3
2031.65
2056.7
2081.75
2106.8
2134.6
2162.55
2188.95
2214.35
2239.55
2264.55
2289.65
2315.7
2344
2371.15
2397.1
2422.4
2447.3
2472.35
2497.55
2525.3
2553.2
2579.6
2605.15
2630.3
2655.35
2680.25
2706.25
2734.55
2761.75
2787.55
2812.9
2838
2863
2888.2
2915.9
2943.9
2970.3
2995.8
3020.8
3045.85
3070.95
3096.95
3125.25
3152.45
3178.35
3203.7
3228.75
3253.6
3278.8
3306.6
3334.55
3360.85
3386.4
3411.55
3436.6
3461.7
3487.7
3516.05
3543.2
3569.1
3594.25
3619.3
3644.35
3669.55
3697.35
3725.25
3751.65
3777.2
3802.35
3827.2
3852.3
3878.3
3906.65
3933.7
3959.65
3985
4010.05
4035.1
4060.15
4087.95
4115.85
4142.25
4167.8
4192.95
4218
4243.1
4269.4
4297.75
4324.75
4350.6
4375.9
4400.95
4425.95
4451.25
4479.2
4507
4533.25
4558.75
4583.85
4608.9
4634
4660.9
4689.15
4715.9
4741.65
4766.9
4791.9
4816.8
4842.2
4870.2
4897.9
4924
4949.45
4974.55
4999.6
