0.05
19.9
44.15
68.35
92.6
116.85
141.1
165.35
189.6
213.85
238.1
262.35
286.55
310.8
335.05
359.3
383.55
407.8
432.05
456.3
480.55
504.8
529
553.25
577.5
601.75
626
650.25
674.5
698.75
723
747.25
771.45
795.7
819.95
844.2
868.45
892.7
916.95
941.2
965.45
989.7
1013.9
1038.15
1062.4
1086.65
1110.9
1135.15
1159.4
1183.65
1207.9
1232.1
1256.35
1280.6
1304.85
1329.1
1353.35
1377.6
1401.85
1426.1
1450.35
1474.55
1498.8
1523.05
1547.3
1571.55
1595.8
1620.05
1644.3
1668.55
1692.8
1717
1741.25
1765.5
1789.75
1814
1838.25
1862.5
1886.75
1911
1935.25
1959.45
1983.7
2007.95
2032.2
2056.45
2080.7
2104.95
2129.2
2153.45
2177.7
2201.9
2226.15
2250.4
2274.65
2298.9
2323.15
2347.4
2371.65
2395.9
2420.1
2444.35
2468.6
2492.85
2517.1
2541.35
2565.6
2589.85
2614.1
2638.35
2662.55
2686.8
2711.05
2735.3
2759.55
2783.8
2808.05
2832.3
2856.55
2880.8
2905
2929.25
2953.5
2977.75
3002
3026.25
3050.5
3074.75
3099
3123.25
3147.45
3171.7
3195.95
3220.2
3244.45
3268.7
3292.95
3317.2
3341.45
3365.65
3389.9
3414.15
3438.4
3462.65
3486.9
3511.15
3535.4
3559.65
3583.9
3608.1
3632.35
3656.6
3680.85
3705.1
3729.35
3753.6
3777.85
3802.1
3826.35
3850.55
3874.8
3899.05
3923.3
3947.55
3971.8
3996.05
4020.3
4044.55
4068.8
4093
4117.25
4141.5
4165.75
4190
4214.25
4238.5
4262.75
4287
4311.2
4335.45
4359.7
4383.95
4408.2
4432.45
4456.7
4480.95
4505.2
4529.45
4553.65
4577.9
4602.15
4626.4
4650.65
4674.9
-1000
0.05
26.3
55.1
82.8
109.35
135.25
160.8
186.1
211.25
236.35
261.4
286.25
311.25
336.35
361.5
386.85
413.75
442.55
470.45
497.1
522.95
548.5
573.85
599
624.1
649.15
674.2
699.2
724.25
749.25
774.4
800.45
828.9
857.3
884.3
910.45
936.1
961.5
986.55
1011.55
1036.6
1061.65
1086.65
1111.7
1136.8
1162
1187.6
1215.55
1244.2
1271.55
1297.9
1323.65
1349.1
1374.35
1399.5
1424.55
1449.6
1474.45
1499.5
1524.6
1549.75
1575.25
1603.15
1631.9
1659.3
1685.6
1711.3
1736.8
1762.1
1787.25
1812.3
1837.35
1862.35
1887.4
1912.5
1937.5
1962.75
1989.7
2018.5
2046.35
2073
2098.95
2124.55
2149.85
2174.85
2199.95
2225
2250.05
2275.05
2300.1
2325.25
2350.6
2377.2
2405.9
2433.95
2460.7
2486.7
2512.3
2537.65
2562.85
2587.95
2612.95
2637.85
2662.7
2687.75
2712.85
2738.1
2763.85
2792
2820.6
2847.8
2873.9
2899.55
2925
2950.25
2975.4
3000.45
3025.5
3050.5
3075.55
3100.65
3125.7
3151.2
3179.15
3207.85
3235.25
3261.65
3287.45
3312.9
3338.15
3363.15
3388.25
3413.25
3438.3
3463.3
3488.4
3513.6
3539.05
3566.9
3595.6
3623.05
3649.45
3675.3
3700.75
3726.05
3751.2
3776.25
3801.3
3826.15
3851
3876.05
3901.2
3926.55
3953.4
3982.15
4010.1
4036.8
4062.65
4088.1
4113.45
4138.65
4163.75
4188.8
4213.8
4238.85
4263.9
4289.05
4314.2
4340.3
4368.85
4397.15
4424.1
4450.25
4475.9
4501.3
4526.5
4551.45
4576.5
4601.55
4626.55
4651.6
4676.7
4701.95
4727.75
4755.95
4784.45
4811.65
4837.85
4863.6
4889
4914.25
4939.35
4964.45
4989.45
