0.05
26
57.05
88.1
119.15
150.15
181.2
212.25
243.3
274.3
305.35
336.4
367.45
398.45
429.5
460.55
491.6
522.65
553.65
584.7
615.75
646.8
677.8
708.85
739.9
770.95
801.95
833
864.05
895.1
926.1
957.15
988.2
1019.25
1050.25
1081.3
1112.35
1143.4
1174.4
1205.45
1236.5
1267.55
1298.55
1329.6
1360.65
1391.7
1422.7
1453.75
1484.8
1515.85
1546.9
1577.9
1608.95
1640
1671.05
1702.05
1733.1
1764.15
1795.2
1826.2
1857.25
1888.3
1919.35
1950.35
1981.4
2012.45
2043.5
2074.5
2105.55
2136.6
2167.65
2198.65
2229.7
2260.75
2291.8
2322.8
2353.85
2384.9
2415.95
2447
2478
2509.05
2540.1
2571.15
2602.15
2633.2
2664.25
2695.3
2726.3
2757.35
2788.4
2819.45
2850.45
2881.5
2912.55
2943.6
2974.6
3005.65
3036.7
3067.75
3098.75
3129.8
3160.85
3191.9
3222.9
3253.95
3285
3316.05
3347.05
3378.1
3409.15
3440.2
3471.25
3502.25
3533.3
3564.35
3595.4
3626.4
3657.45
3688.5
3719.55
3750.55
3781.6
3812.65
3843.7
3874.7
3905.75
3936.8
3967.85
3998.85
4029.9
4060.95
4092
4123
4154.05
4185.1
4216.15
4247.15
4278.2
4309.25
4340.3
4371.35
4402.35
4433.4
4464.45
4495.5
4526.5
4557.55
4588.6
4619.65
4650.65
4681.7
4712.75
4743.8
4774.8
4805.85
4836.9
4867.95
4898.95
4930
4961.05
4992.1
-1000
0.05
26
51.3
76.5
103
131.15
160.4
190.35
220.65
251.2
281.8
312.5
343.25
374.05
404.8
435.55
466.3
496.9
527.4
557.6
587.05
615.05
640.2
665.4
692.15
720.5
749.95
779.9
810.25
840.8
871.45
902.15
932.9
963.7
994.45
1025.2
1055.9
1086.55
1116.95
1147
1176.2
1203.85
1228.95
1254.4
1281.4
1309.95
1339.45
1369.55
1399.95
1430.5
1461.15
1491.85
1522.6
1553.4
1584.15
1614.9
1645.6
1676.2
1706.6
1736.6
1765.7
1793.05
1817.95
1843.55
1870.75
1899.45
1929.05
1959.2
1989.6
2020.15
2050.85
2081.55
2112.3
2143.1
2173.85
2204.6
2235.3
2265.9
2296.3
2326.2
2355.25
2382.2
2407.2
2432.95
2460.25
2489.05
2518.7
2548.85
2579.25
2609.85
2640.5
2671.25
2702
2732.75
2763.55
2794.25
2824.95
2855.5
2885.85
2915.7
2944.5
2970.45
2995.5
3021.55
3049.3
3078.35
3108.15
3138.4
3168.85
3199.5
3230.15
3260.9
3291.65
3322.45
3353.2
3383.9
3414.6
3445.15
3475.45
3505.05
3533.6
3559
3584.15
3610.45
3638.5
3667.75
3697.7
3727.95
3758.45
3789.1
3819.8
3850.55
3881.3
3912.1
3942.85
3973.55
4004.2
4034.7
4064.9
4094.3
4122.3
4147.45
4172.75
4199.5
4227.85
4257.25
4287.25
4317.6
4348.1
4378.75
4409.45
4440.2
4471
4501.75
4532.5
4563.2
4593.85
4624.3
4654.35
4683.65
4711.35
4736.4
