0.05
23.75
52.3
80.85
109.4
137.95
166.5
195.05
223.6
252.15
280.7
309.3
337.85
366.4
394.95
423.5
452.05
480.6
509.15
537.7
566.25
594.8
623.35
651.9
680.45
709
737.55
766.1
794.65
823.2
851.75
880.3
908.85
937.45
966
994.55
1023.1
1051.65
1080.2
1108.75
1137.3
1165.85
1194.4
1222.95
1251.5
1280.05
1308.6
1337.15
1365.7
1394.25
1422.8
1451.35
1479.9
1508.45
1537
1565.55
1594.15
1622.7
1651.25
1679.8
1708.35
1736.9
1765.45
1794
1822.55
1851.1
1879.65
1908.2
1936.75
1965.3
1993.85
2022.4
2050.95
2079.5
2108.05
2136.6
2165.15
2193.7
2222.25
2250.85
2279.4
2307.95
2336.5
2365.05
2393.6
2422.15
2450.7
2479.25
2507.8
2536.35
2564.9
2593.45
2622
2650.55
2679.1
2707.65
2736.2
2764.75
2793.3
2821.85
2850.4
2879
2907.55
2936.1
2964.65
2993.2
3021.75
3050.3
3078.85
3107.4
3135.95
3164.5
3193.05
3221.6
3250.15
3278.7
3307.25
3335.8
3364.35
3392.9
3421.45
3450
3478.55
3507.1
3535.7
3564.25
3592.8
3621.35
3649.9
3678.45
3707
3735.55
3764.1
3792.65
3821.2
3849.75
3878.3
3906.85
3935.4
3963.95
3992.5
4021.05
4049.6
4078.15
4106.7
4135.25
4163.8
4192.4
4220.95
4249.5
4278.05
4306.6
4335.15
4363.7
4392.25
4420.8
4449.35
4477.9
4506.45
4535
4563.55
4592.1
4620.65
4649.2
4677.75
4706.3
4734.85
4763.4
4791.95
4820.55
4849.1
4877.65
4906.2
4934.75
4963.3
4991.85
-1000
0.05
26
52
78.7
106.1
133.9
162
190.25
218.65
247.1
275.6
304.1
332.55
361.1
389.6
418.2
446.8
475.35
503.9
532.45
561
589.6
618.15
646.7
675.25
703.8
732.35
760.9
789.45
818
846.55
875.1
903.65
932.2
960.75
989.25
1017.75
1046.35
1074.95
1103.5
1132.05
1160.6
1189.15
1217.75
1246.3
1274.85
1303.4
1331.95
1360.5
1389.05
1417.6
1446.15
1474.7
1503.25
1531.8
1560.35
1588.9
1617.4
1645.9
1674.45
1703.05
1731.65
1760.2
1788.75
1817.3
1845.85
1874.45
1903
1931.55
1960.1
1988.65
2017.2
2045.75
2074.3
2102.85
2131.4
2159.95
2188.5
2217.05
2245.6
2274.1
2302.6
2331.2
2359.8
2388.35
2416.9
2445.45
2474
2502.6
2531.15
2559.7
2588.25
2616.8
2645.35
2673.9
2702.45
2731
2759.55
2788.1
2816.65
2845.2
2873.75
2902.3
2930.8
2959.3
2987.9
3016.5
3045.05
3073.6
3102.15
3130.7
3159.3
3187.85
3216.4
3244.95
3273.5
3302.05
3330.6
3359.15
3387.7
3416.25
3444.8
3473.35
3501.9
3530.45
3558.95
3587.45
3616
3644.6
3673.2
3701.75
3730.3
3758.85
3787.4
3816
3844.55
3873.1
3901.65
3930.2
3958.75
3987.3
4015.85
4044.4
4072.95
4101.5
4130.05
4158.6
4187.15
4215.65
4244.15
4272.75
4301.35
4329.9
4358.45
4387
4415.55
4444.15
4472.7
4501.25
4529.8
4558.35
4586.9
4615.45
4644
4672.55
4701.1
4729.65
4758.2
4786.75
4815.3
4843.85
4872.35
4900.85
4929.45
4958.05
4986.6
