0.05
22.5
49.6
76.75
103.9
131.05
158.2
185.35
212.45
239.6
266.75
293.9
321.05
348.2
375.3
402.45
429.6
456.75
483.9
511.05
538.15
565.3
592.45
619.6
646.75
673.9
701
728.15
755.3
782.45
809.6
836.75
863.85
891
918.15
945.3
972.45
999.55
1026.7
1053.85
1081
1108.15
1135.3
1162.4
1189.55
1216.7
1243.85
1271
1298.15
1325.25
1352.4
1379.55
1406.7
1433.85
1461
1488.1
1515.25
1542.4
1569.55
1596.7
1623.85
1650.95
1678.1
1705.25
1732.4
1759.55
1786.7
1813.8
1840.95
1868.1
1895.25
1922.4
1949.5
1976.65
2003.8
2030.95
2058.1
2085.25
2112.35
2139.5
2166.65
2193.8
2220.95
2248.1
2275.2
2302.35
2329.5
2356.65
2383.8
2410.95
2438.05
2465.2
2492.35
2519.5
2546.65
2573.8
2600.9
2628.05
2655.2
2682.35
2709.5
2736.65
2763.75
2790.9
2818.05
2845.2
2872.35
2899.5
2926.6
2953.75
2980.9
3008.05
3035.2
3062.3
3089.45
3116.6
3143.75
3170.9
3198.05
3225.15
3252.3
3279.45
3306.6
3333.75
3360.9
3388
3415.15
3442.3
3469.45
3496.6
3523.75
3550.85
3578
3605.15
3632.3
3659.45
3686.6
3713.7
3740.85
3768
3795.15
3822.3
3849.45
3876.55
3903.7
3930.85
3958
3985.15
4012.25
4039.4
4066.55
4093.7
4120.85
4148
4175.1
4202.25
4229.4
4256.55
4283.7
4310.85
4337.95
4365.1
4392.25
4419.4
4446.55
4473.7
4500.8
4527.95
4555.1
4582.25
4609.4
4636.55
4663.65
4690.8
4717.95
4745.1
4772.25
4799.4
4826.5
4853.65
4880.8
4907.95
4935.1
4962.2
-1000
0.05
26.2
55.7
85.4
114.4
142.7
170.6
198.1
225.55
252.9
280.15
307.4
334.6
361.65
388.85
416.05
443.2
470.35
497.5
524.55
551.75
578.9
606.05
633.2
660.35
687.4
714.6
741.75
768.9
796.05
823.2
850.25
877.45
904.6
931.75
958.9
986.05
1013.2
1040.35
1067.5
1094.65
1121.8
1148.85
1176
1203.15
1230.3
1257.45
1284.6
1311.65
1338.85
1366
1393.15
1420.3
1447.45
1474.5
1501.7
1528.85
1556
1583.15
1610.3
1637.35
1664.55
1691.7
1718.85
1746
1773.15
1800.2
1827.4
1854.55
1881.7
1908.85
1936
1963.15
1990.3
2017.45
2044.6
2071.75
2098.85
2126
2153.15
2180.3
2207.45
2234.6
2261.65
2288.8
2315.95
2343.1
2370.25
2397.4
2424.45
2451.65
2478.8
2505.95
2533.1
2560.25
2587.3
2614.5
2641.65
2668.8
2695.95
2723.1
2750.15
2777.35
2804.5
2831.65
2858.8
2885.95
2913.1
2940.25
2967.4
2994.55
3021.7
3048.8
3075.95
3103.1
3130.25
3157.4
3184.55
3211.6
3238.75
3265.9
3293.05
3320.2
3347.35
3374.4
3401.6
3428.75
3455.9
3483.05
3510.2
3537.25
3564.45
3591.6
3618.75
3645.9
3673.05
3700.1
3727.3
3754.45
3781.6
3808.75
3835.9
3863.05
3890.2
3917.35
3944.5
3971.65
3998.75
4025.9
4053.05
4080.2
4107.35
4134.5
4161.55
4188.7
4215.85
4243
4270.15
4297.3
4324.35
4351.55
4378.7
4405.85
4433
4460.15
4487.2
4514.4
4541.55
4568.7
4595.85
4623
4650.05
4677.25
4704.4
4731.55
4758.7
4785.85
4812.9
4840.1
4867.25
4894.4
4921.55
4948.7
4975.85
