29.55
64.85
100.15
135.5
170.8
206.1
241.4
276.75
312.05
347.35
382.7
418
453.3
488.6
523.95
559.25
594.55
629.85
665.2
700.5
735.8
771.15
806.45
841.75
877.05
912.4
947.7
983
1018.3
1053.65
1088.95
1124.25
1159.6
1194.9
1230.2
1265.5
1300.85
1336.15
1371.45
1406.8
1442.1
1477.4
1512.7
1548.05
1583.35
1618.65
1653.95
1689.3
1724.6
1759.9
1795.25
1830.55
1865.85
1901.15
1936.5
1971.8
2007.1
2042.4
2077.75
2113.05
2148.35
2183.7
2219
2254.3
2289.6
2324.95
2360.25
2395.55
2430.9
2466.2
2501.5
2536.8
2572.15
2607.45
2642.75
2678.05
2713.4
2748.7
2784
2819.35
2854.65
2889.95
2925.25
2960.6
2995.9
3031.2
3066.5
3101.85
3137.15
3172.45
3207.8
3243.1
3278.4
3313.7
3349.05
3384.35
3419.65
3455
3490.3
3525.6
3560.9
3596.25
3631.55
3666.85
3702.15
3737.5
3772.8
3808.1
3843.45
3878.75
3914.05
3949.35
3984.7
4020
4055.3
4090.6
4125.95
4161.25
4196.55
4231.9
4267.2
4302.5
4337.8
4373.15
4408.45
4443.75
4479.1
4514.4
4549.7
4585
4620.35
4655.65
4690.95
4726.25
4761.6
4796.9
4832.2
4867.55
4902.85
4938.15
4973.45
-1000
25.6
61.65
97.25
132.75
168.15
203.45
238.8
274.15
309.45
344.75
380.1
415.4
450.7
486.05
521.35
556.65
591.95
627.3
662.6
697.9
733.2
768.55
803.85
839.15
874.5
909.8
945.1
980.4
1015.75
1051.05
1086.35
1121.65
1157
1192.3
1227.55
1262.95
1298.25
1333.55
1368.85
1404.2
1439.5
1474.8
1510.15
1545.45
1580.75
1616.05
1651.4
1686.7
1722
1757.3
1792.65
1827.95
1863.25
1898.6
1933.9
1969.2
2004.5
2039.85
2075.15
2110.45
2145.75
2181.1
2216.4
2251.65
2287.05
2322.35
2357.65
2392.95
2428.3
2463.6
2498.9
2534.25
2569.55
2604.85
2640.15
2675.5
2710.8
2746.1
2781.4
2816.75
2852.05
2887.35
2922.7
2958
2993.3
3028.6
3063.95
3099.25
3134.55
3169.85
3205.2
3240.5
3275.75
3311.15
3346.45
3381.75
3417.05
3452.4
3487.7
3523
3558.35
3593.65
3628.95
3664.25
3699.6
3734.9
3770.2
3805.5
3840.85
3876.15
3911.45
3946.8
3982.1
4017.4
4052.7
4088.05
4123.35
4158.65
4193.95
4229.3
4264.6
4299.85
4335.25
4370.55
4405.85
4441.15
4476.5
4511.8
4547.1
4582.45
4617.75
4653.05
4688.35
4723.7
4759
4794.3
4829.6
4864.95
4900.25
4935.55
4970.9
