0.05
21.9
48.4
74.9
101.4
127.9
154.4
180.9
207.4
233.9
260.35
286.85
313.35
339.85
366.35
392.85
419.35
445.85
472.35
498.85
525.35
551.85
578.35
604.85
631.3
657.8
684.3
710.8
737.3
763.8
790.3
816.8
843.3
869.8
896.3
922.8
949.3
975.8
1002.3
1028.75
1055.25
1081.75
1108.25
1134.75
1161.25
1187.75
1214.25
1240.75
1267.25
1293.75
1320.25
1346.75
1373.25
1399.7
1426.2
1452.7
1479.2
1505.7
1532.2
1558.7
1585.2
1611.7
1638.2
1664.7
1691.2
1717.7
1744.2
1770.7
1797.15
1823.65
1850.15
1876.65
1903.15
1929.65
1956.15
1982.65
2009.15
2035.65
2062.15
2088.65
2115.15
2141.65
2168.1
2194.6
2221.1
2247.6
2274.1
2300.6
2327.1
2353.6
2380.1
2406.6
2433.1
2459.6
2486.1
2512.6
2539.1
2565.55
2592.05
2618.55
2645.05
2671.55
2698.05
2724.55
2751.05
2777.55
2804.05
2830.55
2857.05
2883.55
2910.05
2936.5
2963
2989.5
3016
3042.5
3069
3095.5
3122
3148.5
3175
3201.5
3228
3254.5
3281
3307.45
3333.95
3360.45
3386.95
3413.45
3439.95
3466.45
3492.95
3519.45
3545.95
3572.45
3598.95
3625.45
3651.95
3678.45
3704.9
3731.4
3757.9
3784.4
3810.9
3837.4
3863.9
3890.4
3916.9
3943.4
3969.9
3996.4
4022.9
4049.4
4075.85
4102.35
4128.85
4155.35
4181.85
4208.35
4234.85
4261.35
4287.85
4314.35
4340.85
4367.35
4393.85
4420.35
4446.85
4473.3
4499.8
4526.3
4552.8
4579.3
4605.8
4632.3
4658.8
4685.3
4711.8
4738.3
4764.8
4791.3
4817.8
4844.25
4870.75
4897.25
4923.75
4950.25
4976.75
-1000
0.05
26
51.05
76.2
101.55
127.05
152.8
178.75
204.8
230.9
257.1
283.5
309.9
336.35
362.85
389.3
415.8
442.3
468.8
495.25
521.75
548.25
574.75
601.15
627.55
654.1
680.65
707.15
733.7
760.2
786.7
813.2
839.7
866.2
892.7
919.2
945.7
972.2
998.6
1025.1
1051.65
1078.15
1104.65
1131.15
1157.65
1184.15
1210.65
1237.15
1263.65
1290.15
1316.65
1343.15
1369.55
1395.95
1422.5
1449.05
1475.55
1502.1
1528.6
1555.1
1581.6
1608.1
1634.6
1661.1
1687.6
1714.1
1740.6
1767
1793.5
1820.05
1846.55
1873.05
1899.55
1926.05
1952.55
1979.05
2005.55
2032.05
2058.55
2085.05
2111.55
2137.95
2164.35
2190.9
2217.45
2243.95
2270.5
2297
2323.5
2350
2376.5
2403
2429.5
2456
2482.5
2508.9
2535.3
2561.85
2588.4
2614.9
2641.45
2667.95
2694.45
2720.95
2747.45
2773.95
2800.45
2826.95
2853.45
2879.95
2906.35
2932.75
2959.3
2985.85
3012.35
3038.9
3065.4
3091.9
3118.4
3144.9
3171.4
3197.9
3224.4
3250.9
3277.3
3303.7
3330.25
3356.8
3383.3
3409.85
3436.35
3462.85
3489.35
3515.85
3542.35
3568.85
3595.35
3621.85
3648.35
3674.75
3701.15
3727.7
3754.25
3780.75
3807.3
3833.8
3860.3
3886.8
3913.3
3939.8
3966.3
3992.8
4019.3
4045.7
4072.1
4098.65
4125.2
4151.7
4178.25
4204.75
4231.25
4257.75
4284.25
4310.75
4337.25
4363.75
4390.25
4416.75
4443.15
4469.55
4496.1
4522.65
4549.15
4575.7
4602.2
4628.7
4655.2
4681.7
4708.2
4734.7
4761.2
4787.7
4814.1
4840.5
4867.05
4893.6
4920.1
4946.65
4973.15
