0.05
21.2
46.85
72.55
98.25
123.95
149.65
175.35
201
226.7
252.4
278.1
303.8
329.5
355.15
380.85
406.55
432.25
457.95
483.6
509.3
535
560.7
586.4
612.1
637.75
663.45
689.15
714.85
740.55
766.25
791.9
817.6
843.3
869
894.7
920.4
946.05
971.75
997.45
1023.15
1048.85
1074.55
1100.2
1125.9
1151.6
1177.3
1203
1228.7
1254.35
1280.05
1305.75
1331.45
1357.15
1382.85
1408.5
1434.2
1459.9
1485.6
1511.3
1537
1562.65
1588.35
1614.05
1639.75
1665.45
1691.15
1716.8
1742.5
1768.2
1793.9
1819.6
1845.3
1870.95
1896.65
1922.35
1948.05
1973.75
1999.45
2025.1
2050.8
2076.5
2102.2
2127.9
2153.6
2179.25
2204.95
2230.65
2256.35
2282.05
2307.7
2333.4
2359.1
2384.8
2410.5
2436.2
2461.85
2487.55
2513.25
2538.95
2564.65
2590.35
2616
2641.7
2667.4
2693.1
2718.8
2744.5
2770.15
2795.85
2821.55
2847.25
2872.95
2898.65
2924.3
2950
2975.7
3001.4
3027.1
3052.8
3078.45
3104.15
3129.85
3155.55
3181.25
3206.95
3232.6
3258.3
3284
3309.7
3335.4
3361.1
3386.75
3412.45
3438.15
3463.85
3489.55
3515.25
3540.9
3566.6
3592.3
3618
3643.7
3669.4
3695.05
3720.75
3746.45
3772.15
3797.85
3823.55
3849.2
3874.9
3900.6
3926.3
3952
3977.65
4003.35
4029.05
4054.75
4080.45
4106.15
4131.8
4157.5
4183.2
4208.9
4234.6
4260.3
4285.95
4311.65
4337.35
4363.05
4388.75
4414.45
4440.1
4465.8
4491.5
4517.2
4542.9
4568.6
4594.25
4619.95
4645.65
4671.35
4697.05
4722.75
4748.4
4774.1
4799.8
4825.5
4851.2
4876.9
4902.55
4928.25
4953.95
4979.65
-1000
0.05
26
52.95
79.55
105.85
132
158.05
183.95
209.7
235.55
261.4
287.15
312.95
338.7
364.3
390.05
415.8
441.5
467.25
492.95
518.65
544.35
570.05
595.75
621.45
647.15
672.85
698.55
724.25
749.9
775.6
801.2
826.9
852.6
878.3
904.05
929.75
955.3
981.05
1006.75
1032.45
1058.15
1083.9
1109.45
1135.15
1160.9
1186.6
1212.3
1238.05
1263.6
1289.3
1315.05
1340.75
1366.45
1392.2
1417.75
1443.45
1469.2
1494.9
1520.6
1546.35
1571.9
1597.6
1623.35
1649.05
1674.75
1700.5
1726.05
1751.75
1777.5
1803.2
1828.9
1854.65
1880.2
1905.9
1931.65
1957.35
1983.05
2008.8
2034.35
2060.05
2085.8
2111.5
2137.2
2162.95
2188.6
2214.3
2240
2265.7
2291.4
2317.1
2342.8
2368.5
2394.2
2419.9
2445.55
2471.15
2496.85
2522.55
2548.25
2574
2599.7
2625.25
2651
2676.7
2702.4
2728.1
2753.85
2779.4
2805.1
2830.85
2856.55
2882.25
2908
2933.55
2959.25
2985
3010.7
3036.4
3062.15
3087.7
3113.4
3139.15
3164.85
3190.55
3216.3
3241.85
3267.55
3293.3
3319
3344.7
3370.45
3396
3421.7
3447.45
3473.15
3498.85
3524.6
3550.15
3575.85
3601.6
3627.3
3653
3678.75
3704.3
3730
3755.75
3781.45
3807.15
3832.9
3858.45
3884.2
3909.9
3935.6
3961.3
3987.05
4012.75
4038.4
4064.1
4089.8
4115.5
4141.2
4166.9
4192.6
4218.3
4244
4269.65
4295.25
4320.95
4346.65
4372.35
4398.1
4423.8
4449.35
4475.1
4500.8
4526.5
4552.2
4577.95
4603.5
4629.2
4654.95
4680.65
4706.35
4732.1
4757.65
4783.35
4809.1
4834.8
4860.5
4886.25
4911.8
4937.5
4963.25
4988.95
