0.05
27.2
59.5
91.85
124.15
156.45
188.8
221.1
253.45
285.75
318.05
350.4
382.7
415.05
447.35
479.65
512
544.3
576.65
608.95
641.25
673.6
705.9
738.25
770.55
802.85
835.2
867.5
899.85
932.15
964.45
996.8
1029.1
1061.45
1093.75
1126.05
1158.4
1190.7
1223.05
1255.35
1287.7
1320
1352.3
1384.65
1416.95
1449.3
1481.6
1513.9
1546.25
1578.55
1610.9
1643.2
1675.5
1707.85
1740.15
1772.5
1804.8
1837.1
1869.45
1901.75
1934.1
1966.4
1998.7
2031.05
2063.35
2095.7
2128
2160.3
2192.65
2224.95
2257.3
2289.6
2321.9
2354.25
2386.55
2418.9
2451.2
2483.5
2515.85
2548.15
2580.5
2612.8
2645.1
2677.45
2709.75
2742.1
2774.4
2806.7
2839.05
2871.35
2903.7
2936
2968.3
3000.65
3032.95
3065.3
3097.6
3129.9
3162.25
3194.55
3226.9
3259.2
3291.5
3323.85
3356.15
3388.5
3420.8
3453.1
3485.45
3517.75
3550.1
3582.4
3614.7
3647.05
3679.35
3711.7
3744
3776.3
3808.65
3840.95
3873.3
3905.6
3937.9
3970.25
4002.55
4034.9
4067.2
4099.55
4131.85
4164.15
4196.5
4228.8
4261.15
4293.45
4325.75
4358.1
4390.4
4422.75
4455.05
4487.35
4519.7
4552
4584.35
4616.65
4648.95
4681.3
4713.6
4745.95
4778.25
4810.55
4842.9
4875.2
4907.55
4939.85
4972.15
-1000
0.05
26
52.4
80.9
110.95
141.65
172.65
203.4
233.25
261.1
286.1
312.05
340.15
369.9
400.5
431.5
462.35
492.45
520.95
546.05
571.65
599.35
628.85
659.35
690.3
721.2
751.55
780.5
805.75
831.15
858.5
887.75
918.2
949.05
980
1010.5
1039.75
1065.4
1090.65
1117.65
1146.7
1176.95
1207.8
1238.8
1269.35
1298.85
1325.4
1350.45
1377.05
1405.75
1435.85
1466.65
1497.6
1528.35
1558.1
1585.75
1610.75
1636.7
1665
1694.85
1725.55
1756.5
1787.35
1817.3
1845.55
1870.6
1896.35
1924.2
1953.8
1984.35
2015.3
2046.2
2076.4
2105.15
2130.15
2155.7
2183.25
2212.65
2243.15
2274.05
2305
2335.35
2364.45
2389.8
2415.1
2442.25
2471.5
2501.9
2532.8
2563.75
2594.25
2623.5
2649.2
2674.4
2701.4
2730.4
2760.7
2791.55
2822.5
2853.1
2882.65
2909.3
2934.4
2960.9
2989.55
3019.6
3050.4
3081.35
3112.1
3141.85
3169.6
3194.6
3220.6
3248.8
3278.65
3309.25
3340.25
3371.1
3401.15
3429.45
3454.55
3480.25
3508
3537.55
3568.1
3599.05
3629.95
3660.25
3689.1
3714.35
3739.8
3767.2
3796.5
3826.95
3857.85
3888.8
3919.2
3948.4
3973.95
3999.2
4026.3
4055.4
4085.75
4116.6
4147.55
4178.1
4207.55
4233.75
4258.9
4285.5
4314.35
4344.55
4375.35
4406.3
4437
