35.15
76.5
117.85
159.2
200.55
241.9
283.25
324.6
365.95
407.3
448.65
490
531.35
572.7
614.05
655.4
696.75
738.1
779.45
820.8
862.15
903.5
944.85
986.2
1027.55
1068.9
1110.25
1151.6
1192.95
1234.3
1275.65
1317
1358.35
1399.7
1441.05
1482.4
1523.75
1565.1
1606.45
1647.8
1689.15
1730.5
1771.85
1813.2
1854.55
1895.9
1937.25
1978.6
2019.95
2061.3
2102.65
2144
2185.35
2226.7
2268.05
2309.4
2350.75
2392.1
2433.45
2474.8
2516.15
2557.5
2598.85
2640.2
2681.55
2722.9
2764.25
2805.6
2846.95
2888.3
2929.65
2971
3012.35
3053.7
3095.05
3136.4
3177.75
3219.1
3260.45
3301.8
3343.15
3384.5
3425.85
3467.2
3508.55
3549.9
3591.25
3632.6
3673.95
3715.3
3756.65
3798
3839.35
3880.7
3922.05
3963.4
4004.75
4046.1
4087.45
4128.8
4170.15
4211.5
4252.85
4294.2
4335.55
4376.9
4418.25
4459.6
4500.95
4542.3
4583.65
4625
4666.35
4707.7
4749.05
4790.4
4831.75
4873.1
4914.45
4955.8
4997.15
-1000
25.6
64.85
105.4
146.45
187.7
229
270.3
311.65
353
394.35
435.7
477.05
518.4
559.75
601.1
642.45
683.8
725.15
766.5
807.85
849.2
890.55
931.9
973.25
1014.6
1055.95
1097.3
1138.65
1180
1221.35
1262.7
1304.05
1345.55
1386.95
1428.3
1469.7
1511.05
1552.4
1593.75
1635.1
1676.45
1717.8
1759.15
1800.5
1841.85
1883.2
1924.55
1965.9
2007.25
2048.6
2089.95
2131.3
2172.65
2214
2255.35
2296.7
2338.05
2379.4
2420.75
2462.1
2503.45
2544.8
2586.15
2627.5
2668.85
2710.2
2751.55
2792.9
2834.25
2875.6
2916.95
2958.3
2999.65
3041
3082.35
3123.7
3165.05
3206.4
3247.75
3289.1
3330.45
3371.8
3413.15
3454.5
3495.85
3537.2
3578.55
3619.9
3661.25
3702.6
3743.95
3785.3
3826.65
3868
3909.35
3950.7
3992.05
4033.4
4074.75
4116.1
4157.45
4198.8
4240.15
4281.5
4322.85
4364.2
4405.55
4446.9
4488.25
4529.6
4570.95
4612.3
4653.65
4695
4736.35
4777.7
4819.05
4860.4
4901.75
4943.1
4984.45
