0.05
24.45
53.8
83.1
112.45
141.75
171.1
200.4
229.75
259.05
288.4
317.75
347.05
376.4
405.7
435.05
464.35
493.7
523
552.35
581.65
611
640.3
669.65
698.95
728.3
757.6
786.95
816.3
845.6
874.95
904.25
933.6
962.9
992.25
1021.55
1050.9
1080.2
1109.55
1138.85
1168.2
1197.5
1226.85
1256.15
1285.5
1314.85
1344.15
1373.5
1402.8
1432.15
1461.45
1490.8
1520.1
1549.45
1578.75
1608.1
1637.4
1666.75
1696.05
1725.4
1754.7
1784.05
1813.4
1842.7
1872.05
1901.35
1930.7
1960
1989.35
2018.65
2048
2077.3
2106.65
2135.95
2165.3
2194.6
2223.95
2253.25
2282.6
2311.95
2341.25
2370.6
2399.9
2429.25
2458.55
2487.9
2517.2
2546.55
2575.85
2605.2
2634.5
2663.85
2693.15
2722.5
2751.8
2781.15
2810.5
2839.8
2869.15
2898.45
2927.8
2957.1
2986.45
3015.75
3045.1
3074.4
3103.75
3133.05
3162.4
3191.7
3221.05
3250.35
3279.7
3309.05
3338.35
3367.7
3397
3426.35
3455.65
3485
3514.3
3543.65
3572.95
3602.3
3631.6
3660.95
3690.25
3719.6
3748.9
3778.25
3807.6
3836.9
3866.25
3895.55
3924.9
3954.2
3983.55
4012.85
4042.2
4071.5
4100.85
4130.15
4159.5
4188.8
4218.15
4247.45
4276.8
4306.15
4335.45
4364.8
4394.1
4423.45
4452.75
4482.1
4511.4
4540.75
4570.05
4599.4
4628.7
4658.05
4687.35
4716.7
4746
4775.35
4804.7
4834
4863.35
4892.65
4922
4951.3
4980.65
-1000
0.05
26
54.25
82.95
111.85
140.95
170.15
199.35
228.65
257.9
287.2
316.55
345.85
375.15
404.45
433.8
463.15
492.45
521.8
551.15
580.45
609.8
639.1
668.45
697.75
727.1
756.4
785.75
815.05
844.4
873.7
903
932.35
961.7
991
1020.35
1049.7
1079
1108.35
1137.65
1167
1196.3
1225.65
1254.95
1284.3
1313.6
1342.95
1372.25
1401.55
1430.9
1460.25
1489.55
1518.9
1548.25
1577.55
1606.9
1636.2
1665.55
1694.85
1724.2
1753.5
1782.85
1812.15
1841.45
1870.8
1900.1
1929.45
1958.8
1988.1
2017.45
2046.8
2076.1
2105.45
2134.75
2164.1
2193.4
2222.75
2252.05
2281.4
2310.7
2340
2369.35
2398.65
2428
2457.35
2486.65
2516
2545.35
2574.65
2604
2633.3
2662.65
2691.95
2721.3
2750.6
2779.95
2809.25
2838.55
2867.9
2897.2
2926.55
2955.9
2985.2
3014.55
3043.9
3073.2
3102.55
3131.85
3161.2
3190.5
3219.85
3249.15
3278.5
3307.8
3337.1
3366.45
3395.75
3425.1
3454.45
3483.75
3513.1
3542.45
3571.75
3601.1
3630.4
3659.75
3689.05
3718.4
3747.7
3777.05
3806.35
3835.65
3865
3894.3
3923.65
3953
3982.3
4011.65
4041
4070.3
4099.65
4128.95
4158.3
4187.6
4216.95
4246.25
4275.6
4304.9
4334.2
4363.55
4392.85
4422.2
4451.55
4480.85
4510.2
4539.55
4568.85
4598.2
4627.5
4656.85
4686.15
4715.5
4744.8
4774.15
4803.45
4832.75
4862.1
4891.4
4920.75
4950.1
4979.4
