0.05
25.75
56.5
87.2
117.95
148.7
179.4
210.15
240.9
271.65
302.35
333.1
363.85
394.6
425.3
456.05
486.8
517.5
548.25
579
609.75
640.45
671.2
701.95
732.65
763.4
794.15
824.9
855.6
886.35
917.1
947.85
978.55
1009.3
1040.05
1070.75
1101.5
1132.25
1163
1193.7
1224.45
1255.2
1285.9
1316.65
1347.4
1378.15
1408.85
1439.6
1470.35
1501.1
1531.8
1562.55
1593.3
1624
1654.75
1685.5
1716.25
1746.95
1777.7
1808.45
1839.15
1869.9
1900.65
1931.4
1962.1
1992.85
2023.6
2054.35
2085.05
2115.8
2146.55
2177.25
2208
2238.75
2269.5
2300.2
2330.95
2361.7
2392.4
2423.15
2453.9
2484.65
2515.35
2546.1
2576.85
2607.6
2638.3
2669.05
2699.8
2730.5
2761.25
2792
2822.75
2853.45
2884.2
2914.95
2945.65
2976.4
3007.15
3037.9
3068.6
3099.35
3130.1
3160.85
3191.55
3222.3
3253.05
3283.75
3314.5
3345.25
3376
3406.7
3437.45
3468.2
3498.9
3529.65
3560.4
3591.15
3621.85
3652.6
3683.35
3714.1
3744.8
3775.55
3806.3
3837
3867.75
3898.5
3929.25
3959.95
3990.7
4021.45
4052.15
4082.9
4113.65
4144.4
4175.1
4205.85
4236.6
4267.35
4298.05
4328.8
4359.55
4390.25
4421
4451.75
4482.5
4513.2
4543.95
4574.7
4605.4
4636.15
4666.9
4697.65
4728.35
4759.1
4789.85
4820.6
4851.3
4882.05
4912.8
4943.5
4974.25
-1000
0.05
26
51.2
77.5
105.45
134.55
164.25
194.3
224.6
255
285.5
316.05
346.65
377.25
407.9
438.55
469.2
499.85
530.55
561.25
591.95
622.6
653.3
684
714.7
745.4
776.15
806.85
837.55
868.25
898.95
929.7
960.4
991.1
1021.8
1052.55
1083.25
1113.95
1144.65
1175.35
1206.1
1236.8
1267.5
1298.2
1328.9
1359.6
1390.3
1421
1451.7
1482.4
1513.1
1543.75
1574.45
1605.1
1635.7
1666.35
1696.95
1727.5
1757.95
1788.3
1818.35
1847.85
1876.25
1901.65
1926.8
1953
1980.75
2009.65
2039.3
2069.3
2099.55
2129.95
2160.45
2190.95
2221.55
2252.15
2282.8
2313.45
2344.1
2374.8
2405.45
2436.15
2466.85
2497.55
2528.2
2558.95
2589.65
2620.35
2651.05
2681.75
2712.45
2743.15
2773.85
2804.6
2835.3
2866
2896.7
2927.45
2958.15
2988.85
3019.55
3050.3
3081
3111.7
3142.4
3173.1
3203.8
3234.5
3265.25
3295.9
3326.6
3357.3
3388
3418.65
3449.35
3480
3510.65
3541.3
3571.9
3602.45
3632.9
3663.3
3693.45
3723.05
3751.8
3777.8
3802.85
3828.75
3856.15
3884.85
3914.4
3944.3
3974.55
4004.9
4035.4
4065.9
4096.5
4127.1
4157.75
4188.35
4219.05
4249.7
4280.35
4311.05
4341.75
4372.45
4403.15
4433.85
4464.55
4495.25
4525.95
4556.65
4587.35
4618.05
4648.8
4679.5
4710.2
4740.9
4771.65
4802.35
4833.05
4863.75
4894.5
