43.05
92.75
142.45
192.2
241.9
291.6
341.35
391.05
440.8
490.5
540.2
589.95
639.65
689.4
739.1
788.8
838.55
888.25
938
987.7
1037.4
1087.15
1136.85
1186.55
1236.3
1286
1335.75
1385.45
1435.15
1484.9
1534.6
1584.35
1634.05
1683.75
1733.5
1783.2
1832.95
1882.65
1932.35
1982.1
2031.8
2081.5
2131.25
2180.95
2230.7
2280.4
2330.1
2379.85
2429.55
2479.3
2529
2578.7
2628.45
2678.15
2727.85
2777.6
2827.3
2877.05
2926.75
2976.45
3026.2
3075.9
3125.65
3175.35
3225.05
3274.8
3324.5
3374.25
3423.95
3473.65
3523.4
3573.1
3622.8
3672.55
3722.25
3772
3821.7
3871.4
3921.15
3970.85
4020.6
4070.3
4120
4169.75
4219.45
4269.2
4318.9
4368.6
4418.35
4468.05
4517.75
4567.5
4617.2
4666.95
4716.65
4766.35
4816.1
4865.8
4915.55
4965.25
-1000
25.6
69.8
116.45
163.4
205.9
236.95
273.6
318.15
365.05
412.05
454.75
485.75
522.2
566.75
613.65
660.65
703.4
734.4
770.8
815.35
862.25
909.25
952.05
983.05
1019.45
1063.95
1110.9
1157.9
1200.7
1231.7
1268.1
1312.6
1359.5
1406.2
1447.75
1478.7
1516.05
1560.9
1607.9
1654.5
1694.05
1724.95
1763.7
1809.05
1856.15
1902.55
1936.7
1966.7
2009.65
2056
2103.15
2147.9
2178.95
2213.95
2257.75
2304.3
2351.35
2394.9
2425.95
2461.8
2506.05
2552.65
2599.65
2642.1
2673.1
2709.8
2754.35
2801.05
2847.95
2888.95
2919.9
2957.55
3002.6
3049.6
3096.5
3137
3167.95
3205.95
3251.1
3298.15
3344.95
3384.65
3415.55
3454.1
3499.5
3546.6
3593.35
3631
3661.65
3701.85
3747.65
3794.8
3840.95
3872.15
3904.55
3948.25
3995
4042.1
4086.1
4117.15
