33
72.1
111.15
150.25
189.3
228.4
267.45
306.55
345.6
384.7
423.75
462.85
501.9
541
580.05
619.15
658.2
697.3
736.35
775.45
814.5
853.6
892.65
931.75
970.8
1009.9
1048.95
1088.05
1127.1
1166.2
1205.25
1244.35
1283.4
1322.5
1361.55
1400.65
1439.7
1478.8
1517.85
1556.95
1596
1635.1
1674.15
1713.25
1752.3
1791.4
1830.45
1869.55
1908.6
1947.7
1986.75
2025.85
2064.9
2104
2143.05
2182.15
2221.2
2260.3
2299.35
2338.45
2377.5
2416.6
2455.65
2494.75
2533.8
2572.9
2611.95
2651.05
2690.1
2729.2
2768.25
2807.35
2846.4
2885.5
2924.55
2963.65
3002.7
3041.8
3080.85
3119.95
3159
3198.1
3237.15
3276.25
3315.3
3354.4
3393.45
3432.55
3471.6
3510.7
3549.75
3588.85
3627.9
3667
3706.05
3745.15
3784.2
3823.3
3862.35
3901.45
3940.5
3979.6
4018.65
4057.75
4096.8
4135.9
4174.95
4214.05
4253.1
4292.2
4331.25
4370.35
4409.4
4448.5
4487.55
4526.65
4565.7
4604.8
4643.85
4682.95
4722
4761.1
4800.15
4839.25
4878.3
4917.4
4956.45
4995.55
-1000
25.6
63.7
102.25
141.25
180.2
219.3
258.3
297.45
336.45
375.6
414.6
453.75
492.75
531.9
570.9
610.05
649.05
688.2
727.2
766.35
805.35
844.5
883.5
922.65
961.65
1000.8
1039.8
1078.95
1117.95
1157.1
1196.1
1235.25
1274.25
1313.4
1352.4
1391.55
1430.55
1469.7
1508.7
1547.85
1586.85
1626
1665
1704.15
1743.15
1782.3
1821.3
1860.45
1899.45
1938.6
1977.6
2016.75
2055.75
2094.9
2133.9
2173.05
2212.05
2251.2
2290.2
2329.35
2368.35
2407.5
2446.5
2485.65
2524.65
2563.8
2602.85
2641.95
2681.05
2720.1
2759.2
2798.25
2837.35
2876.4
2915.5
2954.55
2993.65
3032.7
3071.8
3110.85
3149.95
3189
3228.1
3267.15
3306.25
3345.3
3384.4
3423.45
3462.55
3501.6
3540.7
3579.75
3618.85
3657.9
3697
3736.05
3775.15
3814.2
3853.3
3892.35
3931.45
3970.5
4009.6
4048.65
4087.75
4126.8
4165.9
4204.95
4244.05
4283.1
4322.2
4361.25
4400.35
4439.4
4478.5
4517.55
4556.65
4595.7
4634.8
4673.85
4712.95
4752
4791.1
4830.15
4869.25
4908.3
4947.4
4986.45
