0.05
24.2
53.3
82.35
111.4
140.45
169.55
198.6
227.65
256.7
285.8
314.85
343.9
373
402.05
431.1
460.15
489.25
518.3
547.35
576.4
605.5
634.55
663.6
692.65
721.75
750.8
779.85
808.9
838
867.05
896.1
925.15
954.25
983.3
1012.35
1041.4
1070.5
1099.55
1128.6
1157.65
1186.75
1215.8
1244.85
1273.9
1303
1332.05
1361.1
1390.15
1419.25
1448.3
1477.35
1506.45
1535.5
1564.55
1593.6
1622.7
1651.75
1680.8
1709.85
1738.95
1768
1797.05
1826.1
1855.2
1884.25
1913.3
1942.35
1971.45
2000.5
2029.55
2058.6
2087.7
2116.75
2145.8
2174.85
2203.95
2233
2262.05
2291.1
2320.2
2349.25
2378.3
2407.35
2436.45
2465.5
2494.55
2523.65
2552.7
2581.75
2610.8
2639.9
2668.95
2698
2727.05
2756.15
2785.2
2814.25
2843.3
2872.4
2901.45
2930.5
2959.55
2988.65
3017.7
3046.75
3075.8
3104.9
3133.95
3163
3192.05
3221.15
3250.2
3279.25
3308.3
3337.4
3366.45
3395.5
3424.55
3453.65
3482.7
3511.75
3540.85
3569.9
3598.95
3628
3657.1
3686.15
3715.2
3744.25
3773.35
3802.4
3831.45
3860.5
3889.6
3918.65
3947.7
3976.75
4005.85
4034.9
4063.95
4093
4122.1
4151.15
4180.2
4209.25
4238.35
4267.4
4296.45
4325.5
4354.6
4383.65
4412.7
4441.75
4470.85
4499.9
4528.95
4558
4587.1
4616.15
4645.2
4674.3
4703.35
4732.4
4761.45
4790.55
4819.6
4848.65
4877.7
4906.8
4935.85
4964.9
4993.95
-1000
0.05
26
53.4
81.45
109.9
138.55
167.35
196.3
225.3
254.3
283.3
312.35
341.4
370.45
399.5
428.6
457.65
486.7
515.7
544.8
573.85
602.95
631.95
661.05
690.1
719.2
748.2
777.3
806.35
835.45
864.45
893.55
922.6
951.7
980.75
1009.85
1038.9
1067.95
1097
1126.1
1155.15
1184.2
1213.25
1242.35
1271.4
1300.45
1329.5
1358.6
1387.65
1416.7
1445.75
1474.85
1503.9
1532.9
1562
1591.05
1620.15
1649.15
1678.25
1707.3
1736.4
1765.4
1794.5
1823.55
1852.65
1881.65
1910.75
1939.8
1968.9
1997.95
2027.05
2056.1
2085.15
2114.2
2143.3
2172.35
2201.4
2230.45
2259.55
2288.6
2317.65
2346.7
2375.8
2404.85
2433.9
2462.95
2492.05
2521.1
2550.1
2579.2
2608.3
2637.35
2666.35
2695.45
2724.5
2753.6
2782.6
2811.7
2840.75
2869.85
2898.85
2927.95
2957
2986.1
3015.15
3044.25
3073.3
3102.35
3131.4
3160.5
3189.55
3218.6
3247.65
3276.75
3305.8
3334.85
3363.9
3393
3422.05
3451.1
3480.15
3509.25
3538.3
3567.35
3596.4
3625.5
3654.55
3683.55
3712.65
3741.7
3770.8
3799.8
3828.9
3857.95
3887.05
3916.05
3945.15
3974.2
4003.3
4032.3
4061.4
4090.45
4119.55
4148.6
4177.7
4206.75
4235.8
4264.85
4293.95
4323
4352.05
4381.1
4410.2
4439.25
4468.3
4497.35
4526.45
4555.5
4584.55
4613.6
4642.7
4671.75
4700.75
4729.85
4758.9
4788
4817
4846.1
4875.15
4904.25
4933.25
4962.35
4991.4
