0.05
19.75
43.8
67.9
91.95
116.05
140.1
164.2
188.25
212.35
236.45
260.5
284.6
308.65
332.75
356.8
380.9
404.95
429.05
453.15
477.2
501.3
525.35
549.45
573.5
597.6
621.65
645.75
669.85
693.9
718
742.05
766.15
790.2
814.3
838.35
862.45
886.5
910.6
934.7
958.75
982.85
1006.9
1031
1055.05
1079.15
1103.2
1127.3
1151.4
1175.45
1199.55
1223.6
1247.7
1271.75
1295.85
1319.9
1344
1368.1
1392.15
1416.25
1440.3
1464.4
1488.45
1512.55
1536.6
1560.7
1584.75
1608.85
1632.95
1657
1681.1
1705.15
1729.25
1753.3
1777.4
1801.45
1825.55
1849.65
1873.7
1897.8
1921.85
1945.95
1970
1994.1
2018.15
2042.25
2066.35
2090.4
2114.5
2138.55
2162.65
2186.7
2210.8
2234.85
2258.95
2283
2307.1
2331.2
2355.25
2379.35
2403.4
2427.5
2451.55
2475.65
2499.7
2523.8
2547.9
2571.95
2596.05
2620.1
2644.2
2668.25
2692.35
2716.4
2740.5
2764.6
2788.65
2812.75
2836.8
2860.9
2884.95
2909.05
2933.1
2957.2
2981.25
3005.35
3029.45
3053.5
3077.6
3101.65
3125.75
3149.8
3173.9
3197.95
3222.05
3246.15
3270.2
3294.3
3318.35
3342.45
3366.5
3390.6
3414.65
3438.75
3462.85
3486.9
3511
3535.05
3559.15
3583.2
3607.3
3631.35
3655.45
3679.55
3703.6
3727.7
3751.75
3775.85
3799.9
3824
3848.05
3872.15
3896.2
3920.3
3944.4
3968.45
3992.55
4016.6
4040.7
4064.75
4088.85
4112.9
4137
4161.1
4185.15
4209.25
4233.3
4257.4
4281.45
4305.55
4329.6
4353.7
4377.8
4401.85
4425.95
4450
4474.1
4498.15
4522.25
4546.3
4570.4
4594.45
4618.55
-1000
0.05
26.3
55.05
82.6
109.05
134.8
160.25
185.45
210.55
235.6
260.45
285.5
310.6
335.9
362.35
391.05
418.95
445.6
471.4
496.9
522.05
547.2
572.25
597.3
622.3
647.4
672.6
698.2
726.35
754.8
781.85
808
833.6
858.95
884.1
909.2
934.2
959.05
984.15
1009.3
1034.7
1062.6
1091.25
1118.5
1144.75
1170.35
1195.75
1220.8
1245.9
1270.9
1295.95
1321
1346.1
1371.45
1398.45
1427.2
1454.85
1481.35
1507.15
1532.6
1557.8
1582.9
1607.95
1633
1657.85
1682.95
1708.2
1734.5
1763.1
1791.15
1817.9
1843.85
1869.2
1894.5
1919.65
1944.7
1969.75
1994.75
2019.85
2045.05
2070.85
2099.15
2127.45
2154.45
2180.55
2206.1
2231.45
2256.6
2281.65
2306.7
2331.7
2356.6
2381.8
2407.25
2435.2
2463.8
2491.05
2517.25
2542.95
2568.15
2593.35
2618.45
2643.5
2668.5
2693.55
2718.7
2744.1
2771.8
2800.5
2827.8
2854.1
2879.85
2905.25
2930.45
2955.5
2980.55
3005.6
3030.65
3055.6
3080.95
3107.95
3136.7
3164.35
3190.85
3216.65
3242.1
3267.2
3292.3
3317.35
3342.35
3367.4
3392.5
3417.75
3444.2
3472.85
3500.85
3527.4
3553.35
3578.85
3604.15
3629.25
3654.3
3679.35
3704.35
3729.45
3754.55
3780.35
3808.6
3837
3863.95
3890.05
3915.65
3940.95
3965.95
3991.05
4016.05
4041.1
4066.15
4091.3
4116.8
4144.75
4173.3
4200.55
4226.65
4252.35
4277.75
4302.95
4328
4353.05
4378.05
4403.1
4428.25
4453.55
4481.15
4509.85
4537.25
4563.6
4589.35
4614.75
4639.95
4664.85
4689.9
4714.95
4739.95
4765.1
4790.4
4817.35
4846.1
4873.75
4900.25
4925.95
4951.45
4976.7
