41.3
89.2
137.1
185
232.9
280.8
328.7
376.6
424.5
472.4
520.3
568.15
616.05
663.95
711.85
759.75
807.65
855.55
903.45
951.35
999.25
1047.15
1095.05
1142.95
1190.85
1238.75
1286.65
1334.55
1382.45
1430.3
1478.2
1526.1
1574
1621.9
1669.8
1717.7
1765.6
1813.5
1861.4
1909.3
1957.2
2005.1
2053
2100.9
2148.8
2196.7
2244.55
2292.45
2340.35
2388.25
2436.15
2484.05
2531.95
2579.85
2627.75
2675.65
2723.55
2771.45
2819.35
2867.25
2915.15
2963.05
3010.95
3058.85
3106.7
3154.6
3202.5
3250.4
3298.3
3346.2
3394.1
3442
3489.9
3537.8
3585.7
3633.6
3681.5
3729.4
3777.3
3825.2
3873.1
3921
3968.85
4016.75
4064.65
4112.55
4160.45
4208.35
4256.25
4304.15
4352.05
4399.95
4447.85
4495.75
4543.65
4591.55
4639.45
4687.35
4735.25
4783.1
4831
4878.9
4926.8
4974.7
-1000
25.6
68.65
114.35
160.9
208
255.2
302.3
349.15
395.05
433.3
464.1
502.7
547
593.15
640
687.1
734.3
781.4
828.3
874.05
911.9
942.65
981.4
1025.7
1071.95
1118.85
1165.95
1213.15
1260.25
1307.1
1353
1391.45
1422.2
1460.7
1504.95
1551.15
1597.95
1645.05
1692.25
1739.1
1785.5
1829.95
1861
1895.3
1937.4
1982.9
2029.5
2076.5
2123.65
2170.8
2217.85
2264.5
2309.4
2340.45
2373.85
2416.25
2461.8
2508.45
2555.45
2602.35
2649.2
2695.65
2740.8
2771.9
2804.65
2847.2
2892.85
2939.45
2986.5
3033.65
3080.8
3127.85
3174.4
3219
3250.05
3284.35
3326.45
3371.95
3418.3
3465.1
3512
3558.75
3605.25
3649.35
3680.35
3715
3757.35
3802.95
3849.55
3896.55
3943.7
3990.9
4037.9
4084.5
4129.25
4160.3
4194.25
4236.45
4281.8
4328.2
4375.05
4421.95
4469
4515.6
