0.05
24
52.8
81.6
110.4
139.2
168
196.8
225.6
254.45
283.25
312.05
340.85
369.65
398.45
427.25
456.05
484.85
513.65
542.45
571.3
600.1
628.9
657.7
686.5
715.3
744.1
772.9
801.7
830.5
859.35
888.15
916.95
945.75
974.55
1003.35
1032.15
1060.95
1089.75
1118.55
1147.4
1176.2
1205
1233.8
1262.6
1291.4
1320.2
1349
1377.8
1406.6
1435.4
1464.25
1493.05
1521.85
1550.65
1579.45
1608.25
1637.05
1665.85
1694.65
1723.45
1752.3
1781.1
1809.9
1838.7
1867.5
1896.3
1925.1
1953.9
1982.7
2011.5
2040.3
2069.15
2097.95
2126.75
2155.55
2184.35
2213.15
2241.95
2270.75
2299.55
2328.35
2357.2
2386
2414.8
2443.6
2472.4
2501.2
2530
2558.8
2587.6
2616.4
2645.25
2674.05
2702.85
2731.65
2760.45
2789.25
2818.05
2846.85
2875.65
2904.45
2933.25
2962.1
2990.9
3019.7
3048.5
3077.3
3106.1
3134.9
3163.7
3192.5
3221.3
3250.15
3278.95
3307.75
3336.55
3365.35
3394.15
3422.95
3451.75
3480.55
3509.35
3538.15
3567
3595.8
3624.6
3653.4
3682.2
3711
3739.8
3768.6
3797.4
3826.2
3855.05
3883.85
3912.65
3941.45
3970.25
3999.05
4027.85
4056.65
4085.45
4114.25
4143.1
4171.9
4200.7
4229.5
4258.3
4287.1
4315.9
4344.7
4373.5
4402.3
4431.1
4459.95
4488.75
4517.55
4546.35
4575.15
4603.95
4632.75
4661.55
4690.35
4719.15
4748
4776.8
4805.6
4834.4
4863.2
4892
4920.8
4949.6
4978.4
-1000
0.05
26
54.1
82.45
110.95
139.6
168.3
197.05
225.8
254.6
283.35
312.1
340.95
369.75
398.55
427.4
456.2
485
513.8
542.6
571.4
600.15
629
657.8
686.65
715.45
744.25
773.05
801.85
830.65
859.45
888.2
917.05
945.85
974.7
1003.5
1032.3
1061.1
1089.9
1118.7
1147.5
1176.3
1205.05
1233.9
1262.7
1291.55
1320.35
1349.15
1377.95
1406.75
1435.55
1464.35
1493.1
1521.95
1550.75
1579.6
1608.4
1637.2
1666
1694.8
1723.6
1752.4
1781.15
1809.95
1838.75
1867.6
1896.4
1925.25
1954.05
1982.85
2011.65
2040.45
2069.25
2098
2126.85
2155.65
2184.5
2213.3
2242.1
2270.9
2299.7
2328.5
2357.3
2386.05
2414.9
2443.7
2472.55
2501.35
2530.15
2558.95
2587.75
2616.55
2645.35
2674.15
2702.9
2731.75
2760.55
2789.4
2818.2
2847
2875.8
2904.6
2933.4
2962.2
2990.95
3019.8
3048.6
3077.45
3106.25
3135.05
3163.85
3192.65
3221.45
3250.25
3279
3307.85
3336.65
3365.5
3394.3
3423.1
3451.9
3480.7
3509.5
3538.3
3567.1
3595.85
3624.7
3653.5
3682.35
3711.15
3739.95
3768.75
3797.55
3826.35
3855.15
3883.9
3912.75
3941.55
3970.4
3999.2
4028
4056.8
4085.6
4114.4
4143.2
4171.95
4200.75
4229.55
4258.4
4287.2
4316.05
4344.85
4373.65
4402.45
4431.25
4460.05
4488.8
4517.65
4546.45
4575.3
4604.1
4632.9
4661.7
4690.5
4719.3
4748.1
4776.85
4805.7
4834.5
4863.35
4892.15
4920.95
4949.75
4978.55
