0.05
20.35
45.1
69.85
94.65
119.4
144.15
168.95
193.7
218.45
243.2
268
292.75
317.5
342.3
367.05
391.8
416.55
441.35
466.1
490.85
515.6
540.4
565.15
589.9
614.7
639.45
664.2
688.95
713.75
738.5
763.25
788.05
812.8
837.55
862.3
887.1
911.85
936.6
961.35
986.15
1010.9
1035.65
1060.45
1085.2
1109.95
1134.7
1159.5
1184.25
1209
1233.8
1258.55
1283.3
1308.05
1332.85
1357.6
1382.35
1407.1
1431.9
1456.65
1481.4
1506.2
1530.95
1555.7
1580.45
1605.25
1630
1654.75
1679.55
1704.3
1729.05
1753.8
1778.6
1803.35
1828.1
1852.9
1877.65
1902.4
1927.15
1951.95
1976.7
2001.45
2026.2
2051
2075.75
2100.5
2125.3
2150.05
2174.8
2199.55
2224.35
2249.1
2273.85
2298.65
2323.4
2348.15
2372.9
2397.7
2422.45
2447.2
2471.95
2496.75
2521.5
2546.25
2571.05
2595.8
2620.55
2645.3
2670.1
2694.85
2719.6
2744.4
2769.15
2793.9
2818.65
2843.45
2868.2
2892.95
2917.7
2942.5
2967.25
2992
3016.8
3041.55
3066.3
3091.05
3115.85
3140.6
3165.35
3190.15
3214.9
3239.65
3264.4
3289.2
3313.95
3338.7
3363.45
3388.25
3413
3437.75
3462.55
3487.3
3512.05
3536.8
3561.6
3586.35
3611.1
3635.9
3660.65
3685.4
3710.15
3734.95
3759.7
3784.45
3809.25
3834
3858.75
3883.5
3908.3
3933.05
3957.8
3982.55
4007.35
4032.1
4056.85
4081.65
4106.4
4131.15
4155.9
4180.7
4205.45
4230.2
4255
4279.75
4304.5
4329.25
4354.05
4378.8
4403.55
4428.3
4453.1
4477.85
4502.6
4527.4
4552.15
4576.9
4601.65
4626.45
4651.2
4675.95
4700.75
4725.5
4750.25
4775
4799.8
4824.55
-1000
0.05
26.25
55.2
83.4
110.45
136.75
162.65
188.1
213.6
238.95
264.2
289.4
314.55
339.65
364.6
389.65
414.75
439.75
464.65
489.65
514.7
539.7
564.7
589.75
614.8
639.65
664.7
689.8
714.85
740
765.2
790.45
815.8
841.8
870.05
898.85
926.5
953.15
979.25
1005
1030.55
1055.95
1081.1
1106.35
1131.5
1156.65
1181.75
1206.85
1231.9
1256.75
1281.8
1306.85
1331.85
1356.85
1381.9
1406.9
1431.95
1457
1482.05
1507.15
1532.05
1557.2
1582.4
1607.65
1633.1
1659.4
1687.95
1716.7
1744.1
1770.65
1796.65
1822.35
1847.9
1873.25
1898.55
1923.75
1948.9
1973.85
1998.95
2024.05
2049.1
2074.15
2099.15
2124.2
2149.05
2174.1
2199.1
2224.1
2249.15
2274.2
2299.25
2324.15
2349.25
2374.35
2399.55
2424.65
2450
2475.8
2503.8
2532.8
2560.6
2587.25
2613.45
2639.25
2664.8
2690.25
2715.55
2740.8
2765.8
2790.95
2816.1
2841.15
2866.05
2891.1
2916.15
2941.2
2966.2
2991.25
3016.25
3041.1
3066.15
3091.15
3116.2
3141.25
3166.35
3191.45
3216.45
3241.65
3266.95
3292.5
3319.25
3348.05
3376.5
3403.7
3430.1
3456.05
3481.6
3507.1
3532.45
3557.75
3582.95
3608.1
3633.2
3658.15
3683.25
3708.3
3733.35
3758.35
3783.4
3808.4
3833.4
3858.45
3883.45
3908.5
3933.4
3958.45
3983.55
4008.65
4033.8
4059
4084.35
4109.95
4137.5
4166.45
4194.55
4221.45
4247.7
4273.45
4299.05
4324.5
4349.85
4374.95
4400.15
4425.3
4450.45
4475.5
4500.6
4525.65
4550.5
4575.55
4600.55
4625.6
4650.6
4675.65
4700.65
4725.5
4750.55
4775.6
4800.7
4825.65
4850.75
4875.95
4901.2
4926.65
4952.75
4981.05
