0.05
23.3
51.4
79.45
107.5
135.55
163.65
191.7
219.75
247.8
275.9
303.95
332
360.05
388.15
416.2
444.25
472.3
500.4
528.45
556.5
584.55
612.65
640.7
668.75
696.8
724.9
752.95
781
809.05
837.15
865.2
893.25
921.3
949.4
977.45
1005.5
1033.55
1061.65
1089.7
1117.75
1145.8
1173.9
1201.95
1230
1258.05
1286.15
1314.2
1342.25
1370.3
1398.4
1426.45
1454.5
1482.6
1510.65
1538.7
1566.75
1594.85
1622.9
1650.95
1679
1707.1
1735.15
1763.2
1791.25
1819.35
1847.4
1875.45
1903.5
1931.6
1959.65
1987.7
2015.75
2043.85
2071.9
2099.95
2128
2156.1
2184.15
2212.2
2240.25
2268.35
2296.4
2324.45
2352.5
2380.6
2408.65
2436.7
2464.75
2492.85
2520.9
2548.95
2577
2605.1
2633.15
2661.2
2689.25
2717.35
2745.4
2773.45
2801.5
2829.6
2857.65
2885.7
2913.75
2941.85
2969.9
2997.95
3026
3054.1
3082.15
3110.2
3138.25
3166.35
3194.4
3222.45
3250.55
3278.6
3306.65
3334.7
3362.8
3390.85
3418.9
3446.95
3475.05
3503.1
3531.15
3559.2
3587.3
3615.35
3643.4
3671.45
3699.55
3727.6
3755.65
3783.7
3811.8
3839.85
3867.9
3895.95
3924.05
3952.1
3980.15
4008.2
4036.3
4064.35
4092.4
4120.45
4148.55
4176.6
4204.65
4232.7
4260.8
4288.85
4316.9
4344.95
4373.05
4401.1
4429.15
4457.2
4485.3
4513.35
4541.4
4569.45
4597.55
4625.6
4653.65
4681.7
4709.8
4737.85
4765.9
4793.95
4822.05
4850.1
4878.15
4906.2
4934.3
4962.35
4990.4
-1000
0.05
26
51.7
76.6
101.7
127.25
153.35
180
207.2
234.7
262.45
290.25
318.2
346.2
374.2
402.2
430.25
458.35
486.4
514.4
542.5
570.55
598.65
626.65
654.75
682.8
710.9
738.95
767.05
795.1
823.15
851.2
879.3
907.35
935.4
963.45
991.55
1019.6
1047.65
1075.7
1103.8
1131.85
1159.9
1187.95
1216.05
1244.1
1272.15
1300.2
1328.3
1356.35
1384.4
1412.45
1440.55
1468.6
1496.65
1524.7
1552.8
1580.85
1608.85
1636.95
1665
1693.1
1721.1
1749.2
1777.25
1805.35
1833.35
1861.45
1889.5
1917.6
1945.6
1973.7
2001.75
2029.85
2057.85
2085.95
2114
2142.1
2170.1
2198.2
2226.25
2254.35
2282.35
2310.45
2338.5
2366.6
2394.6
2422.7
2450.75
2478.85
2506.9
2535
2563.05
2591.1
2619.15
2647.25
2675.3
2703.35
2731.4
2759.5
2787.55
2815.6
2843.65
2871.75
2899.8
2927.85
2955.9
2984
3012.05
3040.1
3068.15
3096.25
3124.3
3152.35
3180.4
3208.5
3236.55
3264.6
3292.65
3320.75
3348.8
3376.8
3404.9
3432.95
3461.05
3489.05
3517.15
3545.2
3573.3
3601.3
3629.4
3657.45
3685.55
3713.55
3741.65
3769.7
3797.8
3825.8
3853.9
3881.95
3910.05
3938.05
3966.15
3994.2
4022.3
4050.3
4078.4
4106.45
4134.55
4162.6
4190.7
4218.75
4246.8
4274.85
4302.95
4331
4359.05
4387.1
4415.2
4443.25
4471.3
4499.35
4527.45
4555.5
4583.55
4611.6
4639.7
4667.75
4695.8
4723.85
4751.95
4780
4808.05
4836.1
4864.2
4892.25
4920.3
4948.35
4976.45
