0.05
20.05
44.45
68.85
93.3
117.7
142.1
166.5
190.95
215.35
239.75
264.2
288.6
313
337.45
361.85
386.25
410.65
435.1
459.5
483.9
508.35
532.75
557.15
581.6
606
630.4
654.8
679.25
703.65
728.05
752.5
776.9
801.3
825.75
850.15
874.55
898.95
923.4
947.8
972.2
996.65
1021.05
1045.45
1069.9
1094.3
1118.7
1143.1
1167.55
1191.95
1216.35
1240.8
1265.2
1289.6
1314.05
1338.45
1362.85
1387.25
1411.7
1436.1
1460.5
1484.95
1509.35
1533.75
1558.15
1582.6
1607
1631.4
1655.85
1680.25
1704.65
1729.1
1753.5
1777.9
1802.3
1826.75
1851.15
1875.55
1900
1924.4
1948.8
1973.25
1997.65
2022.05
2046.45
2070.9
2095.3
2119.7
2144.15
2168.55
2192.95
2217.4
2241.8
2266.2
2290.6
2315.05
2339.45
2363.85
2388.3
2412.7
2437.1
2461.55
2485.95
2510.35
2534.75
2559.2
2583.6
2608
2632.45
2656.85
2681.25
2705.7
2730.1
2754.5
2778.9
2803.35
2827.75
2852.15
2876.6
2901
2925.4
2949.85
2974.25
2998.65
3023.05
3047.5
3071.9
3096.3
3120.75
3145.15
3169.55
3194
3218.4
3242.8
3267.2
3291.65
3316.05
3340.45
3364.9
3389.3
3413.7
3438.15
3462.55
3486.95
3511.35
3535.8
3560.2
3584.6
3609.05
3633.45
3657.85
3682.25
3706.7
3731.1
3755.5
3779.95
3804.35
3828.75
3853.2
3877.6
3902
3926.4
3950.85
3975.25
3999.65
4024.1
4048.5
4072.9
4097.35
4121.75
4146.15
4170.55
4195
4219.4
4243.8
4268.25
4292.65
4317.05
4341.5
4365.9
4390.3
4414.7
4439.15
4463.55
4487.95
4512.4
4536.8
4561.2
4585.65
4610.05
4634.45
4658.85
4683.3
4707.7
4732.1
-1000
0.05
25.75
53.95
80.85
106.9
132.65
158.1
183.4
208.55
233.65
258.7
283.55
308.6
333.6
358.5
383.6
408.75
434.05
460.05
488.45
516.95
544.2
570.5
596.15
621.7
647.05
672.2
697.35
722.4
747.45
772.3
797.3
822.35
847.25
872.4
897.65
923.35
951.3
980.1
1007.5
1034
1059.85
1085.4
1110.75
1136
1161.1
1186.2
1211.2
1236.25
1261.1
1286.15
1311.2
1336.35
1361.6
1387.35
1415.4
1444.15
1471.55
1497.85
1523.75
1549.35
1574.65
1599.9
1625
1650.1
1675.1
1700.15
1725.15
1750.05
1775.1
1800.25
1825.55
1851.3
1879.35
1908.1
1935.5
1961.9
1987.65
2013.2
2038.55
2063.75
2088.9
2113.95
2139
2164
2189.05
2214.1
2239
2264.15
2289.45
2315.25
2343.35
2372.05
2399.35
2425.75
2451.65
2477.05
2502.4
2527.6
2552.75
2577.8
2602.85
2627.9
2652.75
2677.75
2702.85
2727.8
2753.05
2778.55
2806.4
2835.25
2862.85
2889.3
2915.25
2940.85
2966.05
2991.3
3016.45
3041.55
3066.6
3091.6
3116.65
3141.5
3166.55
3191.7
3216.75
3242.2
3269.3
3298.2
3326.15
3352.85
3378.8
3404.45
3429.85
3455.15
3480.3
3505.35
3530.4
3555.45
3580.45
3605.5
3630.4
3655.5
3680.7
3706.2
3733.75
3762.6
3790.35
3817
3842.95
3868.45
3893.85
3919.1
3944.25
3969.3
3994.35
4019.4
4044.4
4069.45
4094.5
4119.5
4144.7
4170.25
4198.15
4227
4254.55
4281.1
4307
4332.6
4357.8
4383.05
4408.2
4433.25
4458.3
4483.3
4508.35
4533.2
4558.3
4583.4
4608.5
4633.95
4661.45
4690.3
4718.1
4744.7
4770.6
4796.2
4821.6
4846.7
4871.9
4896.95
4922
4947.05
4972.05
4997.1
