0.05
22.1
48.8
75.5
102.2
128.9
155.65
182.35
209.05
235.75
262.45
289.15
315.85
342.6
369.3
396
422.7
449.4
476.1
502.8
529.55
556.25
582.95
609.65
636.35
663.05
689.75
716.5
743.2
769.9
796.6
823.3
850
876.75
903.45
930.15
956.85
983.55
1010.25
1036.95
1063.7
1090.4
1117.1
1143.8
1170.5
1197.2
1223.9
1250.65
1277.35
1304.05
1330.75
1357.45
1384.15
1410.85
1437.6
1464.3
1491
1517.7
1544.4
1571.1
1597.8
1624.55
1651.25
1677.95
1704.65
1731.35
1758.05
1784.8
1811.5
1838.2
1864.9
1891.6
1918.3
1945
1971.75
1998.45
2025.15
2051.85
2078.55
2105.25
2131.95
2158.7
2185.4
2212.1
2238.8
2265.5
2292.2
2318.9
2345.65
2372.35
2399.05
2425.75
2452.45
2479.15
2505.85
2532.6
2559.3
2586
2612.7
2639.4
2666.1
2692.8
2719.55
2746.25
2772.95
2799.65
2826.35
2853.05
2879.8
2906.5
2933.2
2959.9
2986.6
3013.3
3040
3066.75
3093.45
3120.15
3146.85
3173.55
3200.25
3226.95
3253.7
3280.4
3307.1
3333.8
3360.5
3387.2
3413.9
3440.65
3467.35
3494.05
3520.75
3547.45
3574.15
3600.85
3627.6
3654.3
3681
3707.7
3734.4
3761.1
3787.85
3814.55
3841.25
3867.95
3894.65
3921.35
3948.05
3974.8
4001.5
4028.2
4054.9
4081.6
4108.3
4135
4161.75
4188.45
4215.15
4241.85
4268.55
4295.25
4321.95
4348.7
4375.4
4402.1
4428.8
4455.5
4482.2
4508.9
4535.65
4562.35
4589.05
4615.75
4642.45
4669.15
4695.9
4722.6
4749.3
4776
4802.7
4829.4
4856.1
4882.85
4909.55
4936.25
4962.95
-1000
0.05
26
53.8
82.75
112.4
141.4
169.45
197.1
224.4
251.5
278.45
305.3
332.1
358.8
385.6
412.35
439.1
465.85
492.55
519.25
545.9
572.65
599.35
626.1
652.8
679.5
706.2
732.85
759.6
786.3
813.05
839.75
866.45
893.1
919.85
946.55
973.3
1000
1026.7
1053.4
1080.05
1106.8
1133.5
1160.25
1186.95
1213.65
1240.35
1267
1293.75
1320.45
1347.2
1373.9
1400.6
1427.3
1453.95
1480.7
1507.4
1534.15
1560.85
1587.55
1614.25
1640.9
1667.65
1694.35
1721.1
1747.8
1774.5
1801.2
1827.95
1854.65
1881.35
1908.05
1934.8
1961.5
1988.1
2014.85
2041.55
2068.3
2095
2121.7
2148.4
2175.05
2201.8
2228.5
2255.25
2281.95
2308.65
2335.35
2362
2388.75
2415.45
2442.2
2468.9
2495.6
2522.3
2548.95
2575.7
2602.4
2629.15
2655.85
2682.55
2709.25
2736
2762.7
2789.4
2816.1
2842.85
2869.55
2896.15
2922.9
2949.6
2976.35
3003.05
3029.75
3056.45
3083.1
3109.85
3136.55
3163.3
3190
3216.7
3243.4
3270.05
3296.8
3323.5
3350.25
3376.95
3403.65
3430.35
3457
3483.75
3510.45
3537.2
3563.9
3590.6
3617.3
3643.95
3670.7
3697.4
3724.15
3750.85
3777.55
3804.2
3830.95
3857.65
3884.4
3911.1
3937.8
3964.5
3991.15
4017.9
4044.6
4071.35
4098.05
4124.75
4151.45
4178.1
4204.85
4231.55
4258.3
4285
4311.7
4338.4
4365.05
4391.8
4418.5
4445.25
4471.95
4498.65
4525.35
4552
4578.75
4605.45
4632.2
4658.9
4685.6
4712.3
4739.05
4765.75
4792.45
4819.15
4845.9
4872.6
4899.2
4925.95
4952.65
4979.4
