0.05
23.1
50.95
78.75
106.6
134.4
162.25
190.05
217.9
245.7
273.55
301.35
329.2
357
384.85
412.65
440.5
468.3
496.15
523.95
551.8
579.6
607.45
635.25
663.1
690.9
718.75
746.55
774.4
802.2
830.05
857.85
885.7
913.5
941.35
969.15
997
1024.8
1052.65
1080.45
1108.3
1136.1
1163.95
1191.75
1219.6
1247.4
1275.25
1303.05
1330.9
1358.7
1386.55
1414.35
1442.2
1470
1497.85
1525.65
1553.5
1581.3
1609.15
1636.95
1664.8
1692.6
1720.45
1748.25
1776.1
1803.95
1831.75
1859.6
1887.4
1915.25
1943.05
1970.9
1998.7
2026.55
2054.35
2082.2
2110
2137.85
2165.65
2193.5
2221.3
2249.15
2276.95
2304.8
2332.6
2360.45
2388.25
2416.1
2443.9
2471.75
2499.55
2527.4
2555.2
2583.05
2610.85
2638.7
2666.5
2694.35
2722.15
2750
2777.8
2805.65
2833.45
2861.3
2889.1
2916.95
2944.75
2972.6
3000.4
3028.25
3056.05
3083.9
3111.7
3139.55
3167.35
3195.2
3223
3250.85
3278.65
3306.5
3334.3
3362.15
3389.95
3417.8
3445.6
3473.45
3501.25
3529.1
3556.95
3584.75
3612.6
3640.4
3668.25
3696.05
3723.9
3751.7
3779.55
3807.35
3835.2
3863
3890.85
3918.65
3946.5
3974.3
4002.15
4029.95
4057.8
4085.6
4113.45
4141.25
4169.1
4196.9
4224.75
4252.55
4280.4
4308.2
4336.05
4363.85
4391.7
4419.5
4447.35
4475.15
4503
4530.8
4558.65
4586.45
4614.3
4642.1
4669.95
4697.75
4725.6
4753.4
4781.25
4809.05
4836.9
4864.7
4892.55
4920.35
4948.2
4976
-1000
0.05
26
53
80.2
107.75
135.3
163
190.7
218.55
246.3
274.15
301.9
329.75
357.55
385.4
413.2
441.05
468.85
496.7
524.55
552.4
580.25
608.05
635.9
663.7
691.55
719.4
747.2
775.05
802.85
830.7
858.5
886.35
914.15
942
969.8
997.65
1025.45
1053.3
1081.1
1108.95
1136.75
1164.6
1192.4
1220.25
1248.05
1275.9
1303.7
1331.55
1359.35
1387.2
1415
1442.85
1470.65
1498.5
1526.3
1554.15
1581.95
1609.8
1637.6
1665.45
1693.25
1721.1
1748.9
1776.75
1804.55
1832.4
1860.2
1887.95
1915.8
1943.6
1971.45
1999.25
2027.1
2054.9
2082.75
2110.55
2138.4
2166.2
2194.05
2221.85
2249.7
2277.55
2305.4
2333.25
2361.05
2388.9
2416.7
2444.55
2472.4
2500.2
2528.05
2555.85
2583.7
2611.5
2639.35
2667.15
2695
2722.8
2750.65
2778.45
2806.3
2834.1
2861.95
2889.75
2917.6
2945.4
2973.25
3001.05
3028.9
3056.7
3084.55
3112.35
3140.2
3168
3195.85
3223.65
3251.5
3279.3
3307.15
3334.95
3362.8
3390.6
3418.45
3446.25
3474.1
3501.9
3529.75
3557.55
3585.4
3613.2
3640.95
3668.8
3696.6
3724.45
3752.25
3780.1
3807.9
3835.75
3863.55
3891.4
3919.2
3947.05
3974.85
4002.7
4030.5
4058.35
4086.2
4114.05
4141.9
4169.7
4197.55
4225.35
4253.2
4281.05
4308.85
4336.7
4364.5
4392.35
4420.15
4448
4475.8
4503.65
4531.45
4559.3
4587.1
4614.95
4642.75
4670.6
4698.4
4726.25
4754.05
4781.9
4809.7
4837.55
4865.35
4893.2
4921
4948.85
4976.65
