0.05
19.3
42.9
66.5
90.05
113.65
137.25
160.85
184.45
208.05
231.65
255.2
278.8
302.4
326
349.6
373.2
396.75
420.35
443.95
467.55
491.15
514.75
538.3
561.9
585.5
609.1
632.7
656.3
679.9
703.45
727.05
750.65
774.25
797.85
821.45
845
868.6
892.2
915.8
939.4
963
986.55
1010.15
1033.75
1057.35
1080.95
1104.55
1128.1
1151.7
1175.3
1198.9
1222.5
1246.1
1269.7
1293.25
1316.85
1340.45
1364.05
1387.65
1411.25
1434.8
1458.4
1482
1505.6
1529.2
1552.8
1576.35
1599.95
1623.55
1647.15
1670.75
1694.35
1717.95
1741.5
1765.1
1788.7
1812.3
1835.9
1859.5
1883.05
1906.65
1930.25
1953.85
1977.45
2001.05
2024.6
2048.2
2071.8
2095.4
2119
2142.6
2166.2
2189.75
2213.35
2236.95
2260.55
2284.15
2307.75
2331.3
2354.9
2378.5
2402.1
2425.7
2449.3
2472.85
2496.45
2520.05
2543.65
2567.25
2590.85
2614.4
2638
2661.6
2685.2
2708.8
2732.4
2756
2779.55
2803.15
2826.75
2850.35
2873.95
2897.55
2921.1
2944.7
2968.3
2991.9
3015.5
3039.1
3062.65
3086.25
3109.85
3133.45
3157.05
3180.65
3204.25
3227.8
3251.4
3275
3298.6
3322.2
3345.8
3369.35
3392.95
3416.55
3440.15
3463.75
3487.35
3510.9
3534.5
3558.1
3581.7
3605.3
3628.9
3652.45
3676.05
3699.65
3723.25
3746.85
3770.45
3794.05
3817.6
3841.2
3864.8
3888.4
3912
3935.6
3959.15
3982.75
4006.35
4029.95
4053.55
4077.15
4100.7
4124.3
4147.9
4171.5
4195.1
4218.7
4242.3
4265.85
4289.45
4313.05
4336.65
4360.25
4383.85
4407.4
4431
4454.6
4478.2
4501.8
4525.4
-1000
0.05
26
51.05
76.1
101.15
127.55
156.1
183.65
209.9
235.5
260.6
285.65
310.7
335.75
360.95
388.15
416.65
443.85
469.9
495.4
520.6
545.5
570.5
595.6
620.9
648.8
677.1
703.9
729.8
755.2
780.4
805.4
830.45
855.4
880.85
908.85
937.05
963.8
989.5
1014.85
1040
1065.05
1090.1
1115.2
1140.75
1169
1197.05
1223.6
1249.35
1274.7
1299.65
1324.7
1349.7
1374.85
1400.75
1429.15
1457
1483.4
1509.1
1534.4
1559.5
1584.35
1609.4
1634.55
1660.85
1689.4
1717
1743.2
1768.8
1794.05
1819.15
1844.2
1869.25
1894.3
1921.15
1949.75
1977.05
2003.2
2028.6
2053.8
2078.9
2103.9
2128.95
2154.25
2181.95
2210.35
2237.3
2263.25
2288.65
2313.85
2338.7
2363.75
2388.85
2414.25
2442.2
2470.4
2497.15
2523
2548.4
2573.55
2598.55
2623.45
2648.55
2674.1
2702.3
2730.35
2757
2782.65
2808
2833.15
2858.15
2883.2
2908.35
2934.1
2962.45
2990.35
3016.85
3042.55
3067.7
3092.8
3117.85
3142.85
3168.05
3194.25
3222.75
3250.4
3276.7
3302.3
3327.6
3352.65
3377.55
3402.6
3427.8
3454.6
3483.15
3510.4
3536.6
3562.1
3587.35
3612.4
3637.45
3662.35
3687.6
3715.2
3743.65
3770.65
3796.65
3821.95
3847.15
3872.2
3897.2
3922.3
3947.7
3975.55
4003.8
4030.6
4056.45
4081.85
4106.85
4131.9
4156.9
4182.05
4207.55
4235.7
4263.8
4290.45
4316.2
4341.55
4366.7
4391.7
4416.6
4441.75
4467.5
4495.85
4523.75
4550.15
4575.9
4601.2
4626.3
4651.35
4676.4
4701.4
4727.45
4755.9
4783.65
4810.05
4835.7
4860.85
4885.95
4910.95
4936
4961.2
4987.75
