0.05
18.75
41.75
64.7
87.7
110.65
133.65
156.65
179.6
202.6
225.55
248.55
271.55
294.5
317.5
340.45
363.45
386.45
409.4
432.4
455.35
478.35
501.35
524.3
547.3
570.25
593.25
616.25
639.2
662.2
685.15
708.15
731.15
754.1
777.1
800.05
823.05
846.05
869
892
915
937.95
960.95
983.9
1006.9
1029.9
1052.85
1075.85
1098.8
1121.8
1144.8
1167.75
1190.75
1213.7
1236.7
1259.7
1282.65
1305.65
1328.6
1351.6
1374.6
1397.55
1420.55
1443.5
1466.5
1489.5
1512.45
1535.45
1558.4
1581.4
1604.4
1627.35
1650.35
1673.3
1696.3
1719.3
1742.25
1765.25
1788.2
1811.2
1834.2
1857.15
1880.15
1903.1
1926.1
1949.1
1972.05
1995.05
2018
2041
2064
2086.95
2109.95
2132.9
2155.9
2178.9
2201.85
2224.85
2247.8
2270.8
2293.8
2316.75
2339.75
2362.7
2385.7
2408.7
2431.65
2454.65
2477.6
2500.6
2523.6
2546.55
2569.55
2592.5
2615.5
2638.5
2661.45
2684.45
2707.4
2730.4
2753.4
2776.35
2799.35
2822.3
2845.3
2868.3
2891.25
2914.25
2937.2
2960.2
2983.2
3006.15
3029.15
3052.1
3075.1
3098.1
3121.05
3144.05
3167
3190
3213
3235.95
3258.95
3281.9
3304.9
3327.9
3350.85
3373.85
3396.8
3419.8
3442.8
3465.75
3488.75
3511.7
3534.7
3557.7
3580.65
3603.65
3626.6
3649.6
3672.6
3695.55
3718.55
3741.5
3764.5
3787.5
3810.45
3833.45
3856.4
3879.4
3902.4
3925.35
3948.35
3971.3
3994.3
4017.3
4040.25
4063.25
4086.2
4109.2
4132.2
4155.15
4178.15
4201.1
4224.1
4247.1
4270.05
4293.05
4316
4339
4362
4384.95
-1000
0.05
26
51.1
75.95
101.1
128.35
156.55
183.1
208.75
233.95
259
284.05
309.55
337.75
365.2
391.3
416.55
441.65
466.7
491.85
519.25
547.35
573.95
599.6
624.75
649.8
674.85
700.65
728.95
756.3
782.25
807.6
832.7
857.7
882.9
910.7
938.6
965.05
990.55
1015.7
1040.75
1065.85
1092.15
1120.5
1147.5
1173.25
1198.55
1223.6
1248.65
1273.9
1301.7
1329.55
1355.85
1381.4
1406.35
1431.4
1456.5
1482.8
1511.05
1538.1
1564
1589.25
1614.3
1639.2
1664.45
1692.2
1720.1
1746.35
1771.9
1797.05
1822.05
1847.15
1873.35
1901.7
1928.75
1954.6
1979.75
2004.8
2029.85
2055.1
2082.9
2110.75
2137.1
2162.65
2187.8
2212.65
2237.75
2263.85
2292.2
2319.25
2345.15
2370.45
2395.5
2420.55
2445.65
2473.4
2501.3
2527.7
2553.1
2578.25
2603.3
2628.4
2654.5
2682.85
2709.95
2735.85
2761.15
2786.05
2811.1
2836.3
2864.05
2891.95
2918.35
2943.9
2969
2994.05
3019
3045
3073.35
3100.5
3126.3
3151.65
3176.7
3201.75
3226.95
3254.65
3282.6
3309
3334.55
3359.55
3384.55
3409.65
3435.7
3464
3491.15
3517.1
3542.4
3567.45
3592.35
3617.55
3645.3
3673.25
3699.55
3725.1
3750.25
3775.3
3800.4
3826.45
3854.75
3881.9
3907.8
3932.95
3958.05
3983.05
4008.3
4036.05
4063.95
4090.35
4115.9
4141.05
4166.05
4191.15
4217.5
4245.85
4272.85
4298.7
4323.95
4349
4374.05
4399.35
4427.3
4455.05
4481.3
4506.8
4531.9
4556.95
4582.05
4609
4637.25
4664
4689.7
4714.95
4740
4765.05
4790.55
4818.7
4846.25
4872.35
4897.75
4922.7
4947.7
4972.85
