0.05
26.9
58.85
90.85
122.85
154.85
186.85
218.8
250.8
282.8
314.8
346.75
378.75
410.75
442.75
474.7
506.7
538.7
570.7
602.65
634.65
666.65
698.65
730.6
762.6
794.6
826.6
858.55
890.55
922.55
954.55
986.5
1018.5
1050.5
1082.5
1114.45
1146.45
1178.45
1210.45
1242.4
1274.4
1306.4
1338.4
1370.35
1402.35
1434.35
1466.35
1498.3
1530.3
1562.3
1594.3
1626.25
1658.25
1690.25
1722.25
1754.2
1786.2
1818.2
1850.2
1882.2
1914.15
1946.15
1978.15
2010.15
2042.1
2074.1
2106.1
2138.1
2170.05
2202.05
2234.05
2266.05
2298
2330
2362
2394
2425.95
2457.95
2489.95
2521.95
2553.9
2585.9
2617.9
2649.9
2681.85
2713.85
2745.85
2777.85
2809.8
2841.8
2873.8
2905.8
2937.75
2969.75
3001.75
3033.75
3065.7
3097.7
3129.7
3161.7
3193.65
3225.65
3257.65
3289.65
3321.6
3353.6
3385.6
3417.6
3449.6
3481.55
3513.55
3545.55
3577.55
3609.5
3641.5
3673.5
3705.5
3737.45
3769.45
3801.45
3833.45
3865.4
3897.4
3929.4
3961.4
3993.35
4025.35
4057.35
4089.35
4121.3
4153.3
4185.3
4217.3
4249.25
4281.25
4313.25
4345.25
4377.2
4409.2
4441.2
4473.2
4505.15
4537.15
4569.15
4601.15
4633.1
4665.1
4697.1
4729.1
4761.05
4793.05
4825.05
4857.05
4889
4921
4953
4985
-1000
0.05
26
53.65
83
113.35
144.1
175.05
205.85
236.05
264.95
290.3
315.6
342.55
371.5
401.6
432.3
463.25
494.1
524.5
553.85
580.25
605.15
631.65
660.1
690
720.55
751.4
782.3
812.95
842.65
870.35
895.4
921.2
949.05
978.5
1008.9
1039.7
1070.6
1101.4
1131.45
1160.2
1185.4
1210.8
1238
1267.05
1297.2
1327.9
1358.85
1389.7
1420.1
1449.35
1475.45
1500.55
1527.1
1555.65
1585.55
1616.15
1647.05
1677.95
1708.55
1738.2
1765.9
1790.95
1816.8
1844.65
1874.15
1904.5
1935.3
1966.25
1997
2027.05
2055.65
2080.85
2106.25
2133.5
2162.55
2192.75
2223.5
2254.45
2285.3
2315.6
2344.8
2370.6
2395.75
2422.35
2451.05
2481.05
2511.7
2542.6
2573.5
2604.05
2633.6
2661.2
2686.2
2712.15
2740.1
2769.65
2800.1
2830.9
2861.85
2892.6
2922.6
2951.1
2976.25
3001.75
3029.05
3058.2
3088.4
3119.15
3150.05
3180.9
3211.25
3240.4
3266.2
3291.35
3318.05
3346.75
3376.75
3407.35
3438.25
3469.15
3499.7
3529.3
3556.95
3581.95
3607.75
3635.75
3665.3
3695.75
3726.55
3757.5
3788.25
3818.2
3846.7
3871.65
3897.15
3924.6
3953.8
3984
4014.75
4045.65
4076.5
4106.8
4135.85
4161.35
4186.6
4213.45
4242.25
4272.3
4302.95
4333.85
4364.75
4395.25
4424.75
4452.05
4477.1
4503.15
