0.05
26.3
57.65
89
120.35
151.7
183.05
214.4
245.75
277.1
308.45
339.75
371.1
402.45
433.8
465.15
496.5
527.85
559.2
590.55
621.9
653.25
684.6
715.95
747.3
778.65
810
841.3
872.65
904
935.35
966.7
998.05
1029.4
1060.75
1092.1
1123.45
1154.8
1186.15
1217.5
1248.85
1280.2
1311.55
1342.9
1374.2
1405.55
1436.9
1468.25
1499.6
1530.95
1562.3
1593.65
1625
1656.35
1687.7
1719.05
1750.4
1781.75
1813.1
1844.45
1875.75
1907.1
1938.45
1969.8
2001.15
2032.5
2063.85
2095.2
2126.55
2157.9
2189.25
2220.6
2251.95
2283.3
2314.65
2346
2377.35
2408.65
2440
2471.35
2502.7
2534.05
2565.4
2596.75
2628.1
2659.45
2690.8
2722.15
2753.5
2784.85
2816.2
2847.55
2878.9
2910.2
2941.55
2972.9
3004.25
3035.6
3066.95
3098.3
3129.65
3161
3192.35
3223.7
3255.05
3286.4
3317.75
3349.1
3380.45
3411.8
3443.1
3474.45
3505.8
3537.15
3568.5
3599.85
3631.2
3662.55
3693.9
3725.25
3756.6
3787.95
3819.3
3850.65
3882
3913.35
3944.65
3976
4007.35
4038.7
4070.05
4101.4
4132.75
4164.1
4195.45
4226.8
4258.15
4289.5
4320.85
4352.2
4383.55
4414.9
4446.25
4477.55
4508.9
4540.25
4571.6
4602.95
4634.3
4665.65
4697
4728.35
4759.7
4791.05
4822.4
4853.75
4885.1
4916.45
4947.8
4979.1
-1000
0.05
26
51.3
78.05
106.5
136.1
166.35
196.9
227.6
258.45
289.25
320
350.6
380.75
410
437.35
462.4
488.1
515.6
544.55
574.45
604.85
635.5
666.25
697.05
727.9
758.6
789.05
818.85
847.4
872.75
897.95
924.6
953
982.55
1012.75
1043.3
1074
1104.8
1135.65
1166.4
1197
1227.2
1256.45
1283.85
1308.85
1334.45
1361.85
1390.85
1420.75
1451.15
1481.8
1512.6
1543.4
1574.2
1604.95
1635.4
1665.15
1693.65
1718.95
1744.15
1770.9
1799.3
1828.9
1859.05
1889.6
1920.35
1951.15
1981.95
2012.75
2043.35
2073.5
2102.75
2130.05
2155.05
2180.8
2208.3
2237.3
2267.2
2297.6
2328.2
2359
2389.8
2420.6
2451.3
2481.8
2511.6
2540.25
2565.6
2590.8
2617.4
2645.75
2675.3
2705.5
2736.05
2766.75
2797.55
2828.4
2859.15
2889.8
2919.95
2949.3
2976.9
3001.95
3027.6
3054.9
3083.8
3113.65
3144
3174.65
3205.4
3236.2
3267.05
3297.75
3328.25
3358.1
3386.8
3412.15
3437.15
3463.8
3492.15
3521.65
3551.85
3582.4
3613.1
3643.9
3674.75
3705.5
3736.15
3766.3
3795.6
3823.1
3848.1
3873.8
3901.2
3930.05
3959.95
3990.3
4020.95
4051.7
4082.55
4113.35
4144.05
4174.55
4204.35
4233
4258.35
4283.55
4310.15
4338.5
4368.05
4398.25
4428.75
4459.5
4490.3
4521.1
4551.9
4582.5
4612.7
4642
