0.05
24
52.8
81.6
110.4
139.2
168
196.8
225.6
254.45
283.25
312.05
340.85
369.65
398.45
427.25
456.05
484.85
513.65
542.45
571.3
600.1
628.9
657.7
686.5
715.3
744.1
772.9
801.7
830.5
859.35
888.15
916.95
945.75
974.55
1003.35
1032.15
1060.95
1089.75
1118.55
1147.4
1176.2
1205
1233.8
1262.6
1291.4
1320.2
1349
1377.8
1406.6
1435.4
1464.25
1493.05
1521.85
1550.65
1579.45
1608.25
1637.05
1665.85
1694.65
1723.45
1752.3
1781.1
1809.9
1838.7
1867.5
1896.3
1925.1
1953.9
1982.7
2011.5
2040.3
2069.15
2097.95
2126.75
2155.55
2184.35
2213.15
2241.95
2270.75
2299.55
2328.35
2357.2
2386
2414.8
2443.6
2472.4
2501.2
2530
2558.8
2587.6
2616.4
2645.25
2674.05
2702.85
2731.65
2760.45
2789.25
2818.05
2846.85
2875.65
2904.45
2933.25
2962.1
2990.9
3019.7
3048.5
3077.3
3106.1
3134.9
3163.7
3192.5
3221.3
3250.15
3278.95
3307.75
3336.55
3365.35
3394.15
3422.95
3451.75
3480.55
3509.35
3538.15
3567
3595.8
3624.6
3653.4
3682.2
3711
3739.8
3768.6
3797.4
3826.2
3855.05
3883.85
3912.65
3941.45
3970.25
3999.05
4027.85
4056.65
4085.45
4114.25
4143.1
4171.9
4200.7
4229.5
4258.3
4287.1
4315.9
4344.7
4373.5
4402.3
4431.1
4459.95
4488.75
4517.55
4546.35
4575.15
4603.95
4632.75
4661.55
4690.35
4719.15
4748
4776.8
4805.6
4834.4
4863.2
4892
4920.8
4949.6
4978.4
-1000
0.05
26
51.3
76.35
101.75
128
155
182.7
210.8
239.2
267.7
296.3
325.05
353.85
382.6
411.4
440.2
469
497.8
526.6
555.4
584.15
613
641.8
670.65
699.45
728.25
757.05
785.85
814.65
843.45
872.2
901.05
929.85
958.7
987.5
1016.3
1045.1
1073.9
1102.7
1131.5
1160.3
1189.05
1217.9
1246.7
1275.55
1304.35
1333.15
1361.95
1390.75
1419.55
1448.35
1477.1
1505.95
1534.75
1563.6
1592.4
1621.2
1650
1678.8
1707.6
1736.4
1765.15
1793.95
1822.75
1851.6
1880.4
1909.25
1938.05
1966.85
1995.65
2024.45
2053.25
2082
2110.85
2139.65
2168.5
2197.3
2226.1
2254.9
2283.7
2312.5
2341.3
2370.05
2398.9
2427.7
2456.55
2485.35
2514.15
2542.95
2571.75
2600.55
2629.35
2658.15
2686.9
2715.75
2744.55
2773.4
2802.2
2831
2859.8
2888.6
2917.4
2946.2
2974.95
3003.8
3032.6
3061.45
3090.25
3119.05
3147.85
3176.65
3205.45
3234.25
3263
3291.85
3320.65
3349.5
3378.3
3407.1
3435.9
3464.7
3493.5
3522.3
3551.1
3579.85
3608.7
3637.5
3666.35
3695.15
3723.95
3752.75
3781.55
3810.35
3839.15
3867.9
3896.75
3925.55
3954.4
3983.2
4012
4040.8
4069.6
4098.4
4127.2
4155.95
4184.75
4213.55
4242.4
4271.2
4300.05
4328.85
4357.65
4386.45
4415.25
4444.05
4472.8
4501.65
4530.45
4559.3
4588.1
4616.9
4645.7
4674.5
4703.3
4732.1
4760.85
4789.7
4818.5
4847.35
4876.15
4904.95
4933.75
4962.55
