0.05
25.45
55.9
86.35
116.8
147.25
177.7
208.1
238.55
269
299.45
329.9
360.35
390.75
421.2
451.65
482.1
512.55
543
573.4
603.85
634.3
664.75
695.2
725.6
756.05
786.5
816.95
847.4
877.85
908.25
938.7
969.15
999.6
1030.05
1060.5
1090.9
1121.35
1151.8
1182.25
1212.7
1243.1
1273.55
1304
1334.45
1364.9
1395.35
1425.75
1456.2
1486.65
1517.1
1547.55
1578
1608.4
1638.85
1669.3
1699.75
1730.2
1760.65
1791.05
1821.5
1851.95
1882.4
1912.85
1943.25
1973.7
2004.15
2034.6
2065.05
2095.5
2125.9
2156.35
2186.8
2217.25
2247.7
2278.15
2308.55
2339
2369.45
2399.9
2430.35
2460.75
2491.2
2521.65
2552.1
2582.55
2613
2643.4
2673.85
2704.3
2734.75
2765.2
2795.65
2826.05
2856.5
2886.95
2917.4
2947.85
2978.3
3008.7
3039.15
3069.6
3100.05
3130.5
3160.9
3191.35
3221.8
3252.25
3282.7
3313.15
3343.55
3374
3404.45
3434.9
3465.35
3495.8
3526.2
3556.65
3587.1
3617.55
3648
3678.4
3708.85
3739.3
3769.75
3800.2
3830.65
3861.05
3891.5
3921.95
3952.4
3982.85
4013.3
4043.7
4074.15
4104.6
4135.05
4165.5
4195.95
4226.35
4256.8
4287.25
4317.7
4348.15
4378.55
4409
4439.45
4469.9
4500.35
4530.8
4561.2
4591.65
4622.1
4652.55
4683
4713.45
4743.85
4774.3
4804.75
4835.2
4865.65
4896.05
4926.5
4956.95
4987.4
-1000
0.05
26
51.9
79.25
107.75
137.05
166.75
196.75
226.85
257.1
287.35
317.7
348.05
378.45
408.85
439.25
469.65
500.1
530.5
560.95
591.35
621.8
652.25
682.7
713.15
743.55
774
804.45
834.9
865.35
895.75
926.2
956.65
987.1
1017.55
1048
1078.4
1108.85
1139.3
1169.75
1200.2
1230.65
1261.05
1291.5
1321.95
1352.4
1382.85
1413.25
1443.7
1474.15
1504.6
1535.05
1565.5
1595.9
1626.35
1656.8
1687.25
1717.7
1748.15
1778.55
1809
1839.45
1869.9
1900.35
1930.8
1961.2
1991.65
2022.1
2052.55
2083
2113.4
2143.85
2174.3
2204.75
2235.2
2265.65
2296.05
2326.5
2356.95
2387.4
2417.85
2448.3
2478.7
2509.15
2539.6
2570.05
2600.5
2630.9
2661.35
2691.8
2722.25
2752.7
2783.15
2813.55
2844
2874.45
2904.9
2935.35
2965.8
2996.2
3026.65
3057.1
3087.55
3118
3148.45
3178.85
3209.3
3239.75
3270.2
3300.65
3331.05
3361.5
3391.95
3422.4
3452.85
3483.3
3513.7
3544.15
3574.6
3605.05
3635.5
3665.95
3696.35
3726.8
3757.25
3787.7
3818.15
3848.55
3879
3909.45
3939.9
3970.35
4000.8
4031.2
4061.65
4092.1
4122.55
4153
4183.45
4213.85
4244.3
4274.75
4305.2
4335.65
4366.1
4396.5
4426.95
4457.4
4487.85
4518.3
4548.7
4579.15
4609.6
4640.05
4670.5
4700.95
4731.35
4761.8
4792.25
4822.7
4853.15
4883.6
4914
4944.45
4974.9
