0.05
25.75
56.5
87.2
117.95
148.7
179.4
210.15
240.9
271.65
302.35
333.1
363.85
394.6
425.3
456.05
486.8
517.5
548.25
579
609.75
640.45
671.2
701.95
732.65
763.4
794.15
824.9
855.6
886.35
917.1
947.85
978.55
1009.3
1040.05
1070.75
1101.5
1132.25
1163
1193.7
1224.45
1255.2
1285.9
1316.65
1347.4
1378.15
1408.85
1439.6
1470.35
1501.1
1531.8
1562.55
1593.3
1624
1654.75
1685.5
1716.25
1746.95
1777.7
1808.45
1839.15
1869.9
1900.65
1931.4
1962.1
1992.85
2023.6
2054.35
2085.05
2115.8
2146.55
2177.25
2208
2238.75
2269.5
2300.2
2330.95
2361.7
2392.4
2423.15
2453.9
2484.65
2515.35
2546.1
2576.85
2607.6
2638.3
2669.05
2699.8
2730.5
2761.25
2792
2822.75
2853.45
2884.2
2914.95
2945.65
2976.4
3007.15
3037.9
3068.6
3099.35
3130.1
3160.85
3191.55
3222.3
3253.05
3283.75
3314.5
3345.25
3376
3406.7
3437.45
3468.2
3498.9
3529.65
3560.4
3591.15
3621.85
3652.6
3683.35
3714.1
3744.8
3775.55
3806.3
3837
3867.75
3898.5
3929.25
3959.95
3990.7
4021.45
4052.15
4082.9
4113.65
4144.4
4175.1
4205.85
4236.6
4267.35
4298.05
4328.8
4359.55
4390.25
4421
4451.75
4482.5
4513.2
4543.95
4574.7
4605.4
4636.15
4666.9
4697.65
4728.35
4759.1
4789.85
4820.6
4851.3
4882.05
4912.8
4943.5
4974.25
-1000
0.05
26
51.05
76.4
103.3
131.65
160.9
190.75
220.9
251.2
281.65
312.2
342.75
373.35
403.95
434.6
465.25
495.9
526.6
557.25
587.95
618.65
649.35
680.05
710.75
741.45
772.15
802.85
833.55
864.25
895
925.7
956.4
987.1
1017.85
1048.55
1079.25
1109.95
1140.7
1171.4
1202.1
1232.8
1263.5
1294.2
1324.95
1355.65
1386.35
1417.05
1447.75
1478.45
1509.15
1539.8
1570.5
1601.15
1631.8
1662.45
1693.05
1723.65
1754.2
1784.65
1814.95
1844.95
1874.25
1902.3
1927.55
1952.75
1979.15
2007.15
2036.2
2065.85
2095.95
2126.2
2156.65
2187.15
2217.7
2248.3
2278.9
2309.5
2340.15
2370.85
2401.5
2432.2
2462.85
2493.55
2524.25
2554.95
2585.65
2616.35
2647.05
2677.75
2708.5
2739.2
2769.9
2800.6
2831.3
2862
2892.75
2923.45
2954.15
2984.85
3015.6
3046.3
3077
3107.7
3138.45
3169.15
3199.85
3230.55
3261.25
3291.95
3322.65
3353.35
3384.05
3414.7
3445.4
3476.05
3506.7
3537.35
3568
3598.6
3629.1
3659.6
3689.95
3720
3749.5
3777.9
3803.3
3828.4
3854.6
3882.35
3911.3
3940.9
3970.9
4001.2
4031.6
4062.05
4092.6
4123.2
4153.8
4184.45
4215.1
4245.75
4276.4
4307.1
4337.8
4368.5
4399.15
4429.85
4460.55
4491.25
4521.95
4552.65
4583.4
4614.1
4644.8
4675.5
4706.25
4736.95
4767.65
4798.35
4829.05
4859.8
4890.5
