0.05
21.35
47.25
73.15
99
124.9
150.8
176.7
202.55
228.45
254.35
280.25
306.1
332
357.9
383.75
409.65
435.55
461.45
487.3
513.2
539.1
565
590.85
616.75
642.65
668.55
694.4
720.3
746.2
772.1
797.95
823.85
849.75
875.65
901.5
927.4
953.3
979.2
1005.05
1030.95
1056.85
1082.75
1108.6
1134.5
1160.4
1186.3
1212.15
1238.05
1263.95
1289.85
1315.7
1341.6
1367.5
1393.4
1419.25
1445.15
1471.05
1496.95
1522.8
1548.7
1574.6
1600.5
1626.35
1652.25
1678.15
1704
1729.9
1755.8
1781.7
1807.55
1833.45
1859.35
1885.25
1911.1
1937
1962.9
1988.8
2014.65
2040.55
2066.45
2092.35
2118.2
2144.1
2170
2195.9
2221.75
2247.65
2273.55
2299.45
2325.3
2351.2
2377.1
2403
2428.85
2454.75
2480.65
2506.55
2532.4
2558.3
2584.2
2610.1
2635.95
2661.85
2687.75
2713.65
2739.5
2765.4
2791.3
2817.2
2843.05
2868.95
2894.85
2920.7
2946.6
2972.5
2998.4
3024.25
3050.15
3076.05
3101.95
3127.8
3153.7
3179.6
3205.5
3231.35
3257.25
3283.15
3309.05
3334.9
3360.8
3386.7
3412.6
3438.45
3464.35
3490.25
3516.15
3542
3567.9
3593.8
3619.7
3645.55
3671.45
3697.35
3723.25
3749.1
3775
3800.9
3826.8
3852.65
3878.55
3904.45
3930.35
3956.2
3982.1
4008
4033.9
4059.75
4085.65
4111.55
4137.4
4163.3
4189.2
4215.1
4240.95
4266.85
4292.75
4318.65
4344.5
4370.4
4396.3
4422.2
4448.05
4473.95
4499.85
4525.75
4551.6
4577.5
4603.4
4629.3
4655.15
4681.05
4706.95
4732.85
4758.7
4784.6
4810.5
4836.4
4862.25
4888.15
4914.05
4939.95
4965.8
4991.7
-1000
0.05
26
51.45
76.95
102.45
128.1
153.85
179.6
205.3
231.15
257
282.85
308.6
334.5
360.4
386.3
412.2
438.1
464
489.9
515.75
541.65
567.55
593.45
619.3
645.2
671.1
697
722.9
748.75
774.65
800.55
826.45
852.3
878.2
904.1
930
955.85
981.75
1007.5
1033.45
1059.35
1085.25
1111.05
1136.95
1162.85
1188.8
1214.55
1240.5
1266.4
1292.35
1318.1
1344.05
1369.95
1395.9
1421.65
1447.6
1473.5
1499.4
1525.2
1551.15
1577.05
1602.95
1628.85
1654.75
1680.65
1706.55
1732.45
1758.35
1784.25
1810.15
1836
1861.9
1887.8
1913.7
1939.6
1965.45
1991.35
2017.25
2043.15
2069
2094.9
2120.8
2146.7
2172.55
2198.45
2224.2
2250.15
2276.05
2301.95
2327.75
2353.65
2379.55
2405.5
2431.25
2457.2
2483.1
2509.05
2534.8
2560.75
2586.65
2612.6
2638.35
2664.3
2690.2
2716.1
2741.9
2767.85
2793.75
2819.65
2845.55
2871.45
2897.35
2923.25
2949.15
2975.05
3000.95
3026.85
3052.7
3078.6
3104.5
3130.4
3156.3
3182.15
3208.05
3233.95
3259.85
3285.7
3311.6
3337.5
3363.4
3389.25
3415.15
3440.9
3466.85
3492.75
3518.65
3544.45
3570.35
3596.25
3622.2
3647.95
3673.9
3699.8
3725.75
3751.5
3777.45
3803.35
3829.3
3855.05
3881
3906.9
3932.8
3958.6
3984.55
4010.45
4036.35
4062.25
4088.15
4114.05
4139.95
4165.85
4191.75
4217.65
4243.55
4269.4
4295.3
4321.2
4347.1
4373
4398.85
4424.75
4450.65
4476.55
4502.4
4528.3
4554.2
4580.1
4605.95
4631.85
4657.6
4683.55
4709.45
4735.35
4761.15
4787.05
4812.95
4838.9
4864.65
4890.6
4916.5
4942.45
4968.2
4994.15
