0.05
18.9
42
65.15
88.25
111.4
134.55
157.65
180.8
203.9
227.05
250.2
273.3
296.45
319.55
342.7
365.85
388.95
412.1
435.2
458.35
481.45
504.6
527.75
550.85
574
597.1
620.25
643.4
666.5
689.65
712.75
735.9
759.05
782.15
805.3
828.4
851.55
874.7
897.8
920.95
944.05
967.2
990.3
1013.45
1036.6
1059.7
1082.85
1105.95
1129.1
1152.25
1175.35
1198.5
1221.6
1244.75
1267.9
1291
1314.15
1337.25
1360.4
1383.5
1406.65
1429.8
1452.9
1476.05
1499.15
1522.3
1545.45
1568.55
1591.7
1614.8
1637.95
1661.1
1684.2
1707.35
1730.45
1753.6
1776.7
1799.85
1823
1846.1
1869.25
1892.35
1915.5
1938.65
1961.75
1984.9
2008
2031.15
2054.3
2077.4
2100.55
2123.65
2146.8
2169.9
2193.05
2216.2
2239.3
2262.45
2285.55
2308.7
2331.85
2354.95
2378.1
2401.2
2424.35
2447.5
2470.6
2493.75
2516.85
2540
2563.1
2586.25
2609.4
2632.5
2655.65
2678.75
2701.9
2725.05
2748.15
2771.3
2794.4
2817.55
2840.7
2863.8
2886.95
2910.05
2933.2
2956.35
2979.45
3002.6
3025.7
3048.85
3071.95
3095.1
3118.25
3141.35
3164.5
3187.6
3210.75
3233.9
3257
3280.15
3303.25
3326.4
3349.55
3372.65
3395.8
3418.9
3442.05
3465.15
3488.3
3511.45
3534.55
3557.7
3580.8
3603.95
3627.1
3650.2
3673.35
3696.45
3719.6
3742.75
3765.85
3789
3812.1
3835.25
3858.35
3881.5
3904.65
3927.75
3950.9
3974
3997.15
4020.3
4043.4
4066.55
4089.65
4112.8
4135.95
4159.05
4182.2
4205.3
4228.45
4251.55
4274.7
4297.85
4320.95
4344.1
4367.2
4390.35
4413.5
4436.6
-1000
0.05
26
53.85
80.25
105.8
131
155.85
180.9
206.25
234.2
262
288.4
314
339.15
364.2
389.05
414.4
442.35
470.2
496.6
522.15
547.2
572.2
597.25
622.6
650.6
678.45
704.8
730.35
755.55
780.4
805.45
830.8
858.8
886.65
913
938.55
963.7
988.75
1013.8
1039.25
1067.35
1095.1
1121.35
1146.85
1171.85
1196.9
1221.95
1247.4
1275.55
1303.25
1329.55
1355.05
1380.2
1405.2
1430.3
1455.7
1483.9
1511.55
1537.8
1563.15
1588.3
1613.35
1638.4
1663.95
1692.1
1719.75
1746
1771.45
1796.6
1821.65
1846.55
1872.1
1900.25
1927.9
1954.05
1979.55
2004.7
2029.7
2054.8
2080.2
2108.4
2136.05
2162.3
2187.8
2212.9
2237.8
2262.85
2288.35
2316.55
2344.15
2370.4
2395.9
2421.05
2446.05
2470.95
2496.45
2524.6
2552.3
2578.55
2604.05
2629.05
2654.05
2679.15
2704.6
2732.75
2760.45
2786.7
2812.2
2837.35
2862.25
2887.3
2912.75
2940.9
2968.6
2994.85
3020.35
3045.5
3070.55
3095.6
3121.25
3149.45
3177.05
3203.2
3228.7
3253.65
3278.7
3303.75
3329.35
3357.6
3385.2
3411.4
3436.85
3462
3487
3512.1
3537.7
3566
3593.5
3619.65
3644.95
3670.1
3695.15
3720.2
3745.95
3774.2
3801.7
3827.85
3853.3
3878.4
3903.45
3928.35
3954.05
3982.35
4009.85
4035.9
4061.35
4086.5
4111.5
4136.6
4162.2
4190.5
4218
4244.15
4269.6
4294.75
4319.6
4344.65
4370.35
4398.6
4426.1
4452.25
4477.7
4502.85
4527.85
4552.8
4578.4
4606.65
4634.25
4660.4
4685.85
4711
4736
4761.1
4786.95
4815.2
4842.65
4868.75
4894.2
4919.3
4944.15
4969.25
4995.05
