0.05
26.6
58.25
89.9
121.6
153.25
184.9
216.55
248.25
279.9
311.55
343.2
374.9
406.55
438.2
469.9
501.55
533.2
564.85
596.55
628.2
659.85
691.5
723.2
754.85
786.5
818.2
849.85
881.5
913.15
944.85
976.5
1008.15
1039.8
1071.5
1103.15
1134.8
1166.45
1198.15
1229.8
1261.45
1293.15
1324.8
1356.45
1388.1
1419.8
1451.45
1483.1
1514.75
1546.45
1578.1
1609.75
1641.4
1673.1
1704.75
1736.4
1768.1
1799.75
1831.4
1863.05
1894.75
1926.4
1958.05
1989.7
2021.4
2053.05
2084.7
2116.4
2148.05
2179.7
2211.35
2243.05
2274.7
2306.35
2338
2369.7
2401.35
2433
2464.65
2496.35
2528
2559.65
2591.35
2623
2654.65
2686.3
2718
2749.65
2781.3
2812.95
2844.65
2876.3
2907.95
2939.65
2971.3
3002.95
3034.6
3066.3
3097.95
3129.6
3161.25
3192.95
3224.6
3256.25
3287.9
3319.6
3351.25
3382.9
3414.6
3446.25
3477.9
3509.55
3541.25
3572.9
3604.55
3636.2
3667.9
3699.55
3731.2
3762.85
3794.55
3826.2
3857.85
3889.55
3921.2
3952.85
3984.5
4016.2
4047.85
4079.5
4111.15
4142.85
4174.5
4206.15
4237.85
4269.5
4301.15
4332.8
4364.5
4396.15
4427.8
4459.45
4491.15
4522.8
4554.45
4586.1
4617.8
4649.45
4681.1
4712.8
4744.45
4776.1
4807.75
4839.45
4871.1
4902.75
4934.4
4966.1
4997.75
-1000
0.05
26
51.05
76.85
104.6
133.85
164
194.6
225.45
256.35
287.1
317.45
346.85
374.4
399.45
425.25
452.9
482.15
512.3
542.95
573.75
604.65
635.4
665.75
695.2
722.7
747.75
773.55
801.25
830.45
860.6
891.25
922.05
952.95
983.7
1014.05
1043.5
1071.1
1096.1
1121.9
1149.55
1178.8
1208.95
1239.55
1270.4
1301.25
1332.05
1362.4
1391.85
1419.5
1444.5
1470.3
1497.9
1527.1
1557.25
1587.85
1618.7
1649.55
1680.35
1710.75
1740.2
1767.9
1792.75
1818.55
1846.2
1875.4
1905.55
1936.15
1967
1997.85
2028.65
2059.05
2088.5
2116.15
2141
2166.8
2194.45
2223.7
2253.8
2284.45
2315.25
2346.15
2376.9
2407.3
2436.7
2464.3
2489.3
2515.1
2542.75
2572
2602.1
2632.75
2663.55
2694.45
2725.2
2755.55
2785
2812.6
2837.6
2863.4
2891.05
2920.3
2950.45
2981.05
3011.85
3042.75
3073.55
3103.9
3133.35
3161
3186
3211.8
3239.4
3268.6
3298.75
3329.35
3360.2
3391.05
3421.85
3452.25
3481.7
3509.35
3534.4
3560
3587.65
3616.9
3647.05
3677.65
3708.45
3739.35
3770.1
3800.5
3830
3857.65
3882.65
3908.3
3935.95
3965.2
3995.3
4025.95
4056.75
4087.65
4118.4
4148.8
4178.25
4205.9
4230.95
4256.7
4284.3
4313.5
4343.65
4374.25
4405.05
4435.95
4466.7
4497.1
4526.55
4554.2
4579.25
