0.05
24.7
54.3
83.9
113.5
143.1
172.7
202.3
231.9
261.5
291.05
320.65
350.25
379.85
409.45
439.05
468.65
498.25
527.85
557.45
587.05
616.65
646.2
675.8
705.4
735
764.6
794.2
823.8
853.4
883
912.6
942.2
971.8
1001.35
1030.95
1060.55
1090.15
1119.75
1149.35
1178.95
1208.55
1238.15
1267.75
1297.35
1326.95
1356.55
1386.1
1415.7
1445.3
1474.9
1504.5
1534.1
1563.7
1593.3
1622.9
1652.5
1682.1
1711.7
1741.25
1770.85
1800.45
1830.05
1859.65
1889.25
1918.85
1948.45
1978.05
2007.65
2037.25
2066.85
2096.4
2126
2155.6
2185.2
2214.8
2244.4
2274
2303.6
2333.2
2362.8
2392.4
2422
2451.6
2481.15
2510.75
2540.35
2569.95
2599.55
2629.15
2658.75
2688.35
2717.95
2747.55
2777.15
2806.75
2836.3
2865.9
2895.5
2925.1
2954.7
2984.3
3013.9
3043.5
3073.1
3102.7
3132.3
3161.9
3191.45
3221.05
3250.65
3280.25
3309.85
3339.45
3369.05
3398.65
3428.25
3457.85
3487.45
3517.05
3546.65
3576.2
3605.8
3635.4
3665
3694.6
3724.2
3753.8
3783.4
3813
3842.6
3872.2
3901.8
3931.35
3960.95
3990.55
4020.15
4049.75
4079.35
4108.95
4138.55
4168.15
4197.75
4227.35
4256.95
4286.5
4316.1
4345.7
4375.3
4404.9
4434.5
4464.1
4493.7
4523.3
4552.9
4582.5
4612.1
4641.7
4671.25
4700.85
4730.45
4760.05
4789.65
4819.25
4848.85
4878.45
4908.05
4937.65
4967.25
4996.85
-1000
0.05
26
52.75
77.8
103.05
129.2
156.5
184.65
213.4
242.4
271.65
301.05
330.55
360.05
389.6
419.2
448.75
478.35
507.95
537.55
567.15
596.7
626.25
655.85
685.45
715.05
744.65
774.25
803.85
833.45
863.05
892.65
922.25
951.85
981.45
1011
1040.6
1070.2
1099.8
1129.4
1159
1188.6
1218.2
1247.8
1277.4
1307
1336.6
1366.15
1395.75
1425.35
1454.95
1484.55
1514.15
1543.75
1573.35
1602.95
1632.55
1662.15
1691.75
1721.3
1750.9
1780.5
1810.1
1839.7
1869.3
1898.9
1928.5
1958.1
1987.7
2017.3
2046.9
2076.5
2106.05
2135.65
2165.25
2194.85
2224.45
2254.05
2283.65
2313.25
2342.85
2372.45
2402.05
2431.65
2461.2
2490.8
2520.4
2550
2579.6
2609.2
2638.8
2668.4
2698
2727.6
2757.2
2786.8
2816.4
2845.95
2875.55
2905.15
2934.75
2964.35
2993.95
3023.55
3053.15
3082.75
3112.35
3141.95
3171.55
3201.1
3230.7
3260.3
3289.9
3319.5
3349.1
3378.7
3408.3
3437.9
3467.5
3497.1
3526.7
3556.25
3585.85
3615.45
3645.05
3674.65
3704.25
3733.85
3763.45
3793.05
3822.65
3852.25
3881.85
3911.45
3941
3970.6
4000.2
4029.8
4059.4
4089
4118.6
4148.2
4177.8
4207.4
4237
4266.6
4296.15
4325.75
4355.35
4384.95
4414.55
4444.15
4473.75
4503.35
4532.95
4562.55
4592.15
4621.75
4651.3
4680.9
4710.5
4740.1
4769.7
4799.3
4828.9
4858.5
4888.1
4917.7
4947.3
4976.9
