0.05
24.45
53.8
83.1
112.45
141.75
171.1
200.4
229.75
259.05
288.4
317.75
347.05
376.4
405.7
435.05
464.35
493.7
523
552.35
581.65
611
640.3
669.65
698.95
728.3
757.6
786.95
816.3
845.6
874.95
904.25
933.6
962.9
992.25
1021.55
1050.9
1080.2
1109.55
1138.85
1168.2
1197.5
1226.85
1256.15
1285.5
1314.85
1344.15
1373.5
1402.8
1432.15
1461.45
1490.8
1520.1
1549.45
1578.75
1608.1
1637.4
1666.75
1696.05
1725.4
1754.7
1784.05
1813.4
1842.7
1872.05
1901.35
1930.7
1960
1989.35
2018.65
2048
2077.3
2106.65
2135.95
2165.3
2194.6
2223.95
2253.25
2282.6
2311.95
2341.25
2370.6
2399.9
2429.25
2458.55
2487.9
2517.2
2546.55
2575.85
2605.2
2634.5
2663.85
2693.15
2722.5
2751.8
2781.15
2810.5
2839.8
2869.15
2898.45
2927.8
2957.1
2986.45
3015.75
3045.1
3074.4
3103.75
3133.05
3162.4
3191.7
3221.05
3250.35
3279.7
3309.05
3338.35
3367.7
3397
3426.35
3455.65
3485
3514.3
3543.65
3572.95
3602.3
3631.6
3660.95
3690.25
3719.6
3748.9
3778.25
3807.6
3836.9
3866.25
3895.55
3924.9
3954.2
3983.55
4012.85
4042.2
4071.5
4100.85
4130.15
4159.5
4188.8
4218.15
4247.45
4276.8
4306.15
4335.45
4364.8
4394.1
4423.45
4452.75
4482.1
4511.4
4540.75
4570.05
4599.4
4628.7
4658.05
4687.35
4716.7
4746
4775.35
4804.7
4834
4863.35
4892.65
4922
4951.3
4980.65
-1000
0.05
26.2
55.75
85.5
115.55
145.85
176.25
206.5
236.5
266.3
295.95
325.5
354.95
384.3
413.7
443.1
472.45
501.8
531.1
560.45
589.8
619.1
648.45
677.75
707.1
736.4
765.75
795.05
824.4
853.7
883
912.35
941.7
971
1000.35
1029.7
1059
1088.35
1117.65
1147
1176.3
1205.65
1234.95
1264.3
1293.6
1322.95
1352.25
1381.55
1410.9
1440.25
1469.55
1498.9
1528.25
1557.55
1586.9
1616.2
1645.55
1674.85
1704.2
1733.5
1762.85
1792.15
1821.45
1850.8
1880.1
1909.45
1938.8
1968.1
1997.45
2026.8
2056.1
2085.45
2114.75
2144.1
2173.4
2202.75
2232.05
2261.4
2290.7
2320
2349.35
2378.65
2408
2437.35
2466.65
2496
2525.35
2554.65
2584
2613.3
2642.65
2671.95
2701.3
2730.6
2759.95
2789.25
2818.55
2847.9
2877.2
2906.55
2935.9
2965.2
2994.55
3023.9
3053.2
3082.55
3111.85
3141.2
3170.5
3199.85
3229.15
3258.5
3287.8
3317.1
3346.45
3375.75
3405.1
3434.45
3463.75
3493.1
3522.45
3551.75
3581.1
3610.4
3639.75
3669.05
3698.4
3727.7
3757.05
3786.35
3815.65
3845
3874.3
3903.65
3933
3962.3
3991.65
4021
4050.3
4079.65
4108.95
4138.3
4167.6
4196.95
4226.25
4255.6
4284.9
4314.2
4343.55
4372.85
4402.2
4431.55
4460.85
4490.2
4519.55
4548.85
4578.2
4607.5
4636.85
4666.15
4695.5
4724.8
4754.15
4783.45
4812.75
4842.1
4871.4
4900.75
4930.1
4959.4
4988.75
