0.05
18.9
42
65.15
88.25
111.4
134.55
157.65
180.8
203.9
227.05
250.2
273.3
296.45
319.55
342.7
365.85
388.95
412.1
435.2
458.35
481.45
504.6
527.75
550.85
574
597.1
620.25
643.4
666.5
689.65
712.75
735.9
759.05
782.15
805.3
828.4
851.55
874.7
897.8
920.95
944.05
967.2
990.3
1013.45
1036.6
1059.7
1082.85
1105.95
1129.1
1152.25
1175.35
1198.5
1221.6
1244.75
1267.9
1291
1314.15
1337.25
1360.4
1383.5
1406.65
1429.8
1452.9
1476.05
1499.15
1522.3
1545.45
1568.55
1591.7
1614.8
1637.95
1661.1
1684.2
1707.35
1730.45
1753.6
1776.7
1799.85
1823
1846.1
1869.25
1892.35
1915.5
1938.65
1961.75
1984.9
2008
2031.15
2054.3
2077.4
2100.55
2123.65
2146.8
2169.9
2193.05
2216.2
2239.3
2262.45
2285.55
2308.7
2331.85
2354.95
2378.1
2401.2
2424.35
2447.5
2470.6
2493.75
2516.85
2540
2563.1
2586.25
2609.4
2632.5
2655.65
2678.75
2701.9
2725.05
2748.15
2771.3
2794.4
2817.55
2840.7
2863.8
2886.95
2910.05
2933.2
2956.35
2979.45
3002.6
3025.7
3048.85
3071.95
3095.1
3118.25
3141.35
3164.5
3187.6
3210.75
3233.9
3257
3280.15
3303.25
3326.4
3349.55
3372.65
3395.8
3418.9
3442.05
3465.15
3488.3
3511.45
3534.55
3557.7
3580.8
3603.95
3627.1
3650.2
3673.35
3696.45
3719.6
3742.75
3765.85
3789
3812.1
3835.25
3858.35
3881.5
3904.65
3927.75
3950.9
3974
3997.15
4020.3
4043.4
4066.55
4089.65
4112.8
4135.95
4159.05
4182.2
4205.3
4228.45
4251.55
4274.7
4297.85
4320.95
4344.1
4367.2
4390.35
4413.5
4436.6
-1000
0.05
26
51.75
77.05
102.1
127.1
152.35
180.05
208.15
234.7
260.3
285.4
310.4
335.45
360.7
388.5
416.5
443
468.6
493.8
518.85
543.9
569.05
596.95
624.85
651.3
676.75
701.95
726.95
752
777.35
805.25
833.15
859.55
885.1
910.25
935.3
960.35
985.8
1013.85
1041.65
1067.8
1093.35
1118.5
1143.55
1168.6
1193.9
1222
1249.75
1276.05
1301.45
1326.65
1351.65
1376.7
1402.15
1430.3
1457.95
1484.25
1509.75
1534.9
1559.95
1584.85
1610.3
1638.35
1666.1
1692.3
1717.85
1743
1768.05
1793.1
1818.6
1846.75
1874.45
1900.7
1926.2
1951.35
1976.2
2001.25
2026.75
2054.9
2082.5
2108.8
2134.3
2159.45
2184.5
2209.55
2235.15
2263.35
2290.95
2317.15
2342.65
2367.6
2392.65
2417.7
2443.3
2471.5
2499.1
2525.3
2550.8
2575.9
2600.95
2626
2651.6
2679.9
2707.45
2733.6
2758.9
2784.05
2809.05
2834.15
2859.85
2888.1
2915.65
2941.75
2967.2
2992.35
3017.35
3042.45
3068.35
3096.7
3124.05
3150.05
3175.45
3200.6
3225.6
3250.7
3276.55
3304.9
3332.25
3358.35
3383.6
3408.75
3433.75
3458.85
3484.8
3513.15
3540.45
3566.5
3591.9
3617
3642.05
3667
3692.9
3721.25
3748.6
3774.55
3800
3825.1
3850.1
3875.2
3901.3
3929.65
3956.95
3982.95
4008.35
4033.45
4058.3
4083.4
4109.45
4137.8
4165.05
4191.05
4216.45
4241.55
4266.6
4291.7
4318.05
4346.4
4373.55
4399.5
4424.85
4449.8
4474.8
4499.9
4526.4
4554.75
4581.85
4607.75
4633.1
4658.15
4683.2
4708.35
4735.3
4763.65
4790.5
4816.3
4841.4
4866.5
4891.5
4916.7
4944.1
4972.3
4999
