0.05
22.5
49.6
76.75
103.9
131.05
158.2
185.35
212.45
239.6
266.75
293.9
321.05
348.2
375.3
402.45
429.6
456.75
483.9
511.05
538.15
565.3
592.45
619.6
646.75
673.9
701
728.15
755.3
782.45
809.6
836.75
863.85
891
918.15
945.3
972.45
999.55
1026.7
1053.85
1081
1108.15
1135.3
1162.4
1189.55
1216.7
1243.85
1271
1298.15
1325.25
1352.4
1379.55
1406.7
1433.85
1461
1488.1
1515.25
1542.4
1569.55
1596.7
1623.85
1650.95
1678.1
1705.25
1732.4
1759.55
1786.7
1813.8
1840.95
1868.1
1895.25
1922.4
1949.5
1976.65
2003.8
2030.95
2058.1
2085.25
2112.35
2139.5
2166.65
2193.8
2220.95
2248.1
2275.2
2302.35
2329.5
2356.65
2383.8
2410.95
2438.05
2465.2
2492.35
2519.5
2546.65
2573.8
2600.9
2628.05
2655.2
2682.35
2709.5
2736.65
2763.75
2790.9
2818.05
2845.2
2872.35
2899.5
2926.6
2953.75
2980.9
3008.05
3035.2
3062.3
3089.45
3116.6
3143.75
3170.9
3198.05
3225.15
3252.3
3279.45
3306.6
3333.75
3360.9
3388
3415.15
3442.3
3469.45
3496.6
3523.75
3550.85
3578
3605.15
3632.3
3659.45
3686.6
3713.7
3740.85
3768
3795.15
3822.3
3849.45
3876.55
3903.7
3930.85
3958
3985.15
4012.25
4039.4
4066.55
4093.7
4120.85
4148
4175.1
4202.25
4229.4
4256.55
4283.7
4310.85
4337.95
4365.1
4392.25
4419.4
4446.55
4473.7
4500.8
4527.95
4555.1
4582.25
4609.4
4636.55
4663.65
4690.8
4717.95
4745.1
4772.25
4799.4
4826.5
4853.65
4880.8
4907.95
4935.1
4962.2
4989.35
-1000
0.05
26
52.2
78.65
105.3
132.15
159.05
186.1
213.05
240.15
267.25
294.4
321.55
348.7
375.75
402.9
430.05
457.2
484.35
511.5
538.55
565.75
592.9
620.05
647.2
674.35
701.4
728.6
755.75
782.9
810.05
837.2
864.25
891.45
918.6
945.75
972.9
1000.05
1027.2
1054.35
1081.5
1108.65
1135.8
1162.85
1190
1217.15
1244.3
1271.45
1298.6
1325.65
1352.85
1380
1407.15
1434.3
1461.45
1488.5
1515.7
1542.85
1570
1597.15
1624.3
1651.35
1678.55
1705.7
1732.85
1760
1787.15
1814.2
1841.4
1868.55
1895.7
1922.85
1950
1977.15
2004.3
2031.45
2058.6
2085.75
2112.85
2140
2167.15
2194.3
2221.45
2248.6
2275.65
2302.8
2329.95
2357.1
2384.25
2411.4
2438.45
2465.65
2492.8
2519.95
2547.1
2574.25
2601.3
2628.5
2655.65
2682.8
2709.95
2737.1
2764.15
2791.35
2818.5
2845.65
2872.8
2899.95
2927.1
2954.25
2981.4
3008.55
3035.7
3062.8
3089.95
3117.1
3144.25
3171.4
3198.55
3225.6
3252.75
3279.9
3307.05
3334.2
3361.35
3388.4
3415.6
3442.75
3469.9
3497.05
3524.2
3551.25
3578.45
3605.6
3632.75
3659.9
3687.05
3714.1
3741.3
3768.45
3795.6
3822.75
3849.9
3877.05
3904.2
3931.35
3958.5
3985.65
4012.75
4039.9
4067.05
4094.2
4121.35
4148.5
4175.55
4202.7
4229.85
4257
4284.15
4311.3
4338.35
4365.55
4392.7
4419.85
4447
4474.15
4501.2
4528.4
4555.55
4582.7
4609.85
4637
4664.05
4691.25
4718.4
4745.55
4772.7
4799.85
4826.9
4854.1
4881.25
4908.4
4935.55
4962.7
4989.85
