0.05
20.5
45.45
70.4
95.35
120.3
145.2
170.15
195.1
220.05
245
269.95
294.9
319.8
344.75
369.7
394.65
419.6
444.55
469.5
494.4
519.35
544.3
569.25
594.2
619.15
644.1
669
693.95
718.9
743.85
768.8
793.75
818.7
843.65
868.55
893.5
918.45
943.4
968.35
993.3
1018.25
1043.15
1068.1
1093.05
1118
1142.95
1167.9
1192.85
1217.75
1242.7
1267.65
1292.6
1317.55
1342.5
1367.45
1392.35
1417.3
1442.25
1467.2
1492.15
1517.1
1542.05
1566.95
1591.9
1616.85
1641.8
1666.75
1691.7
1716.65
1741.55
1766.5
1791.45
1816.4
1841.35
1866.3
1891.25
1916.15
1941.1
1966.05
1991
2015.95
2040.9
2065.85
2090.75
2115.7
2140.65
2165.6
2190.55
2215.5
2240.45
2265.4
2290.3
2315.25
2340.2
2365.15
2390.1
2415.05
2440
2464.9
2489.85
2514.8
2539.75
2564.7
2589.65
2614.6
2639.5
2664.45
2689.4
2714.35
2739.3
2764.25
2789.2
2814.1
2839.05
2864
2888.95
2913.9
2938.85
2963.8
2988.7
3013.65
3038.6
3063.55
3088.5
3113.45
3138.4
3163.3
3188.25
3213.2
3238.15
3263.1
3288.05
3313
3337.9
3362.85
3387.8
3412.75
3437.7
3462.65
3487.6
3512.55
3537.45
3562.4
3587.35
3612.3
3637.25
3662.2
3687.15
3712.05
3737
3761.95
3786.9
3811.85
3836.8
3861.75
3886.65
3911.6
3936.55
3961.5
3986.45
4011.4
4036.35
4061.25
4086.2
4111.15
4136.1
4161.05
4186
4210.95
4235.85
4260.8
4285.75
4310.7
4335.65
4360.6
4385.55
4410.45
4435.4
4460.35
4485.3
4510.25
4535.2
4560.15
4585.05
4610
4634.95
4659.9
4684.85
4709.8
4734.75
4759.65
4784.6
4809.55
4834.5
4859.45
4884.4
4909.35
-1000
0.05
26
53.5
82.55
110.8
137.85
164.25
190.25
216
241.6
267.05
292.4
317.55
342.8
368
393.2
418.35
443.5
468.65
493.6
518.7
543.75
568.85
593.9
619
644.05
668.95
694
719
744.05
769.1
794.15
819.15
844.05
869.05
894.1
919.1
944.15
969.15
994.2
1019.2
1044.05
1069.1
1094.1
1119.1
1144.15
1169.15
1194.2
1219.05
1244.05
1269.1
1294.1
1319.15
1344.15
1369.2
1394.05
1419.05
1444.1
1469.15
1494.15
1519.2
1544.25
1569.15
1594.2
1619.25
1644.3
1669.35
1694.45
1719.55
1744.45
1769.6
1794.7
1819.85
1845
1870.2
1895.5
1920.75
1946.35
1972.95
2001.6
2030.35
2057.85
2084.35
2110.5
2136.35
2161.95
2187.45
2212.85
2238.15
2263.45
2288.5
2313.7
2338.85
2364
2389.15
2414.25
2439.35
2464.3
2489.35
2514.45
2539.5
2564.6
2589.65
2614.7
2639.55
2664.6
2689.65
2714.7
2739.7
2764.75
2789.75
2814.65
2839.65
2864.7
2889.7
2914.75
2939.75
2964.8
2989.65
3014.65
3039.7
3064.7
3089.7
3114.75
3139.75
3164.6
3189.65
3214.65
3239.7
3264.7
3289.75
3314.75
3339.6
3364.65
3389.7
3414.7
3439.75
3464.8
3489.85
3514.7
3539.75
3564.8
3589.9
3614.95
3640.05
3665.15
3690.25
3715.2
3740.3
3765.5
3790.65
3815.9
3841.2
3866.65
3892.55
3920.55
3949.6
3977.55
4004.5
4030.8
4056.55
4082.3
4107.8
4133.25
4158.6
4183.9
4209.15
4234.2
4259.35
4284.55
4309.65
4334.8
4359.9
4385
4409.9
4435
4460.05
4485.1
4510.2
4535.25
4560.25
4585.15
4610.2
4635.25
4660.25
4685.3
4710.35
4735.35
4760.2
4785.25
4810.25
4835.3
4860.3
4885.35
4910.35
4935.4
4960.25
4985.25
