53.5
114.15
174.8
235.45
296.1
356.8
417.45
478.1
538.75
599.4
660.05
720.75
781.4
842.05
902.7
963.35
1024.05
1084.7
1145.35
1206
1266.65
1327.35
1388
1448.65
1509.3
1569.95
1630.65
1691.3
1751.95
1812.6
1873.25
1933.95
1994.6
2055.25
2115.9
2176.55
2237.25
2297.9
2358.55
2419.2
2479.85
2540.55
2601.2
2661.85
2722.5
2783.15
2843.8
2904.5
2965.15
3025.8
3086.45
3147.1
3207.8
3268.45
3329.1
3389.75
3450.4
3511.1
3571.75
3632.4
3693.05
3753.7
3814.4
3875.05
3935.7
3996.35
4057
4117.7
4178.35
4239
4299.65
4360.3
4421
4481.65
4542.3
4602.95
4663.6
4724.25
4784.95
4845.6
4906.25
4966.9
-1000
25.6
70.8
101.85
142.9
173.95
208.45
254.85
285.85
325.65
356.7
390.4
436.75
467.75
507.5
538.55
572.55
619.1
650.15
689.75
720.8
754.2
800.45
831.5
871.5
902.55
936.5
982.95
1014
1053.65
1084.7
1118.2
1164.05
1195.1
1235.3
1266.35
1300.55
1347.15
1378.2
1417.7
1448.75
1482.1
1528.25
1559.3
1599.35
1630.4
1664.45
1710.95
1742
1781.5
1812.55
1846.25
1892.6
1923.65
1963.45
1994.5
2028.2
2074.15
2105.2
2145.3
2176.35
2210.4
2256.95
2287.95
2327.55
2358.6
2392.05
2438.25
2469.25
2509.3
2540.35
2574.3
2620.8
2651.8
2691.4
2722.4
2756.2
2802.55
2833.6
2873.4
2904.4
2938.05
2984.4
