0.05
20.5
45.45
70.4
95.35
120.3
145.2
170.15
195.1
220.05
245
269.95
294.9
319.8
344.75
369.7
394.65
419.6
444.55
469.5
494.4
519.35
544.3
569.25
594.2
619.15
644.1
669
693.95
718.9
743.85
768.8
793.75
818.7
843.65
868.55
893.5
918.45
943.4
968.35
993.3
1018.25
1043.15
1068.1
1093.05
1118
1142.95
1167.9
1192.85
1217.75
1242.7
1267.65
1292.6
1317.55
1342.5
1367.45
1392.35
1417.3
1442.25
1467.2
1492.15
1517.1
1542.05
1566.95
1591.9
1616.85
1641.8
1666.75
1691.7
1716.65
1741.55
1766.5
1791.45
1816.4
1841.35
1866.3
1891.25
1916.15
1941.1
1966.05
1991
2015.95
2040.9
2065.85
2090.75
2115.7
2140.65
2165.6
2190.55
2215.5
2240.45
2265.4
2290.3
2315.25
2340.2
2365.15
2390.1
2415.05
2440
2464.9
2489.85
2514.8
2539.75
2564.7
2589.65
2614.6
2639.5
2664.45
2689.4
2714.35
2739.3
2764.25
2789.2
2814.1
2839.05
2864
2888.95
2913.9
2938.85
2963.8
2988.7
3013.65
3038.6
3063.55
3088.5
3113.45
3138.4
3163.3
3188.25
3213.2
3238.15
3263.1
3288.05
3313
3337.9
3362.85
3387.8
3412.75
3437.7
3462.65
3487.6
3512.55
3537.45
3562.4
3587.35
3612.3
3637.25
3662.2
3687.15
3712.05
3737
3761.95
3786.9
3811.85
3836.8
3861.75
3886.65
3911.6
3936.55
3961.5
3986.45
4011.4
4036.35
4061.25
4086.2
4111.15
4136.1
4161.05
4186
4210.95
4235.85
4260.8
4285.75
4310.7
4335.65
4360.6
4385.55
4410.45
4435.4
4460.35
4485.3
4510.25
4535.2
4560.15
4585.05
4610
4634.95
4659.9
4684.85
4709.8
4734.75
4759.65
4784.6
4809.55
4834.5
4859.45
4884.4
4909.35
4934.3
-1000
0.05
26
51.1
76.15
101.2
126.25
151.15
176.2
201.25
226.3
251.35
276.35
301.4
326.25
351.3
376.3
401.35
426.35
451.4
476.4
501.25
526.3
551.3
576.35
601.35
626.35
651.4
676.25
701.25
726.3
751.3
776.35
801.35
826.4
851.25
876.25
901.3
926.35
951.35
976.4
1001.45
1026.5
1051.35
1076.4
1101.5
1126.55
1151.6
1176.7
1201.8
1226.7
1251.85
1276.95
1302.1
1327.3
1352.55
1377.85
1403.15
1428.95
1456.7
1485.75
1513.9
1540.95
1567.15
1593.15
1618.85
1644.45
1669.85
1695.2
1720.5
1745.6
1770.85
1796
1821.15
1846.3
1871.45
1896.55
1921.45
1946.55
1971.65
1996.7
2021.75
2046.85
2071.9
2096.75
2121.8
2146.85
2171.9
2196.95
2221.95
2247
2272
2296.9
2321.9
2346.95
2371.95
2396.95
2422
2447
2471.85
2496.9
2521.9
2546.95
2571.95
2596.95
2622
2646.85
2671.85
2696.9
2721.9
2746.95
2771.95
2797
2821.85
2846.9
2871.9
2896.95
2922
2947.05
2972.1
2996.95
3022.05
3047.1
3072.15
3097.25
3122.3
3147.4
3172.35
3197.5
3222.6
3247.8
3273
3298.25
3323.65
3349.15
3375.8
3404.55
3433.25
3460.7
3487.3
3513.3
3539.15
3564.75
3590.25
3615.65
3640.95
3666.25
3691.45
3716.5
3741.65
3766.8
3791.95
3817.05
3842.15
3867.25
3892.15
3917.25
3942.3
3967.35
3992.4
4017.45
4042.5
4067.4
4092.45
4117.45
4142.5
4167.55
4192.55
4217.6
4242.45
4267.5
4292.5
4317.5
4342.55
4367.55
4392.6
4417.45
4442.45
4467.5
4492.5
4517.5
4542.55
4567.55
4592.4
4617.45
4642.45
4667.5
4692.5
4717.55
4742.55
4767.45
4792.45
4817.5
4842.55
4867.55
4892.6
4917.65
4942.7
4967.6
4992.7
