0.05
23.3
51.4
79.45
107.5
135.55
163.65
191.7
219.75
247.8
275.9
303.95
332
360.05
388.15
416.2
444.25
472.3
500.4
528.45
556.5
584.55
612.65
640.7
668.75
696.8
724.9
752.95
781
809.05
837.15
865.2
893.25
921.3
949.4
977.45
1005.5
1033.55
1061.65
1089.7
1117.75
1145.8
1173.9
1201.95
1230
1258.05
1286.15
1314.2
1342.25
1370.3
1398.4
1426.45
1454.5
1482.6
1510.65
1538.7
1566.75
1594.85
1622.9
1650.95
1679
1707.1
1735.15
1763.2
1791.25
1819.35
1847.4
1875.45
1903.5
1931.6
1959.65
1987.7
2015.75
2043.85
2071.9
2099.95
2128
2156.1
2184.15
2212.2
2240.25
2268.35
2296.4
2324.45
2352.5
2380.6
2408.65
2436.7
2464.75
2492.85
2520.9
2548.95
2577
2605.1
2633.15
2661.2
2689.25
2717.35
2745.4
2773.45
2801.5
2829.6
2857.65
2885.7
2913.75
2941.85
2969.9
2997.95
3026
3054.1
3082.15
3110.2
3138.25
3166.35
3194.4
3222.45
3250.55
3278.6
3306.65
3334.7
3362.8
3390.85
3418.9
3446.95
3475.05
3503.1
3531.15
3559.2
3587.3
3615.35
3643.4
3671.45
3699.55
3727.6
3755.65
3783.7
3811.8
3839.85
3867.9
3895.95
3924.05
3952.1
3980.15
4008.2
4036.3
4064.35
4092.4
4120.45
4148.55
4176.6
4204.65
4232.7
4260.8
4288.85
4316.9
4344.95
4373.05
4401.1
4429.15
4457.2
4485.3
4513.35
4541.4
4569.45
4597.55
4625.6
4653.65
4681.7
4709.8
4737.85
4765.9
4793.95
4822.05
4850.1
4878.15
4906.2
4934.3
4962.35
4990.4
-1000
0.05
26
53.8
81.65
109.65
137.65
165.7
193.65
221.75
249.85
277.9
305.9
334
362.05
390.15
418.15
446.25
474.3
502.4
530.4
558.5
586.55
614.65
642.65
670.75
698.8
726.9
754.95
783.05
811.1
839.15
867.2
895.3
923.35
951.4
979.45
1007.55
1035.6
1063.65
1091.7
1119.8
1147.85
1175.9
1203.95
1232.05
1260.1
1288.15
1316.2
1344.3
1372.35
1400.4
1428.45
1456.55
1484.6
1512.65
1540.7
1568.8
1596.85
1624.85
1652.95
1681
1709.1
1737.1
1765.2
1793.25
1821.35
1849.35
1877.45
1905.5
1933.6
1961.6
1989.7
2017.75
2045.85
2073.85
2101.95
2130
2158.1
2186.1
2214.2
2242.25
2270.35
2298.35
2326.45
2354.5
2382.6
2410.6
2438.7
2466.75
2494.85
2522.9
2551
2579.05
2607.1
2635.15
2663.25
2691.3
2719.35
2747.4
2775.5
2803.55
2831.6
2859.65
2887.75
2915.8
2943.85
2971.9
3000
3028.05
3056.1
3084.15
3112.25
3140.3
3168.35
3196.4
3224.5
3252.55
3280.6
3308.65
3336.75
3364.8
3392.8
3420.9
3448.95
3477.05
3505.05
3533.15
3561.2
3589.3
3617.3
3645.4
3673.45
3701.55
3729.55
3757.65
3785.7
3813.8
3841.8
3869.9
3897.95
3926.05
3954.05
3982.15
4010.2
4038.3
4066.3
4094.4
4122.45
4150.55
4178.6
4206.7
4234.75
4262.8
4290.85
4318.95
4347
4375.05
4403.1
4431.2
4459.25
4487.3
4515.35
4543.45
4571.5
4599.55
4627.6
4655.7
4683.75
4711.8
4739.85
4767.95
4796
4824.05
4852.1
4880.2
4908.25
4936.3
4964.35
4992.45
