0.05
19.6
43.5
67.4
91.3
115.25
139.15
163.05
187
210.9
234.8
258.7
282.65
306.55
330.45
354.35
378.3
402.2
426.1
450
473.95
497.85
521.75
545.65
569.6
593.5
617.4
641.3
665.25
689.15
713.05
737
760.9
784.8
808.7
832.65
856.55
880.45
904.35
928.3
952.2
976.1
1000
1023.95
1047.85
1071.75
1095.65
1119.6
1143.5
1167.4
1191.3
1215.25
1239.15
1263.05
1287
1310.9
1334.8
1358.7
1382.65
1406.55
1430.45
1454.35
1478.3
1502.2
1526.1
1550
1573.95
1597.85
1621.75
1645.65
1669.6
1693.5
1717.4
1741.35
1765.25
1789.15
1813.05
1837
1860.9
1884.8
1908.7
1932.65
1956.55
1980.45
2004.35
2028.3
2052.2
2076.1
2100
2123.95
2147.85
2171.75
2195.65
2219.6
2243.5
2267.4
2291.35
2315.25
2339.15
2363.05
2387
2410.9
2434.8
2458.7
2482.65
2506.55
2530.45
2554.35
2578.3
2602.2
2626.1
2650
2673.95
2697.85
2721.75
2745.65
2769.6
2793.5
2817.4
2841.35
2865.25
2889.15
2913.05
2937
2960.9
2984.8
3008.7
3032.65
3056.55
3080.45
3104.35
3128.3
3152.2
3176.1
3200
3223.95
3247.85
3271.75
3295.65
3319.6
3343.5
3367.4
3391.35
3415.25
3439.15
3463.05
3487
3510.9
3534.8
3558.7
3582.65
3606.55
3630.45
3654.35
3678.3
3702.2
3726.1
3750
3773.95
3797.85
3821.75
3845.7
3869.6
3893.5
3917.4
3941.35
3965.25
3989.15
4013.05
4037
4060.9
4084.8
4108.7
4132.65
4156.55
4180.45
4204.35
4228.3
4252.2
4276.1
4300
4323.95
4347.85
4371.75
4395.7
4419.6
4443.5
4467.4
4491.35
4515.25
4539.15
4563.05
4587
-1000
0.05
26
51.5
76.7
101.8
126.85
151.85
176.95
202.2
228.9
257.6
285.25
311.55
337.35
362.75
387.9
412.85
437.85
462.9
488
513.15
540.1
568.75
596.35
622.7
648.4
673.75
698.95
724
749
773.9
799
824.35
852.2
880.75
907.95
934.1
959.55
984.85
1010
1035.05
1059.9
1084.95
1110.1
1135.55
1163.5
1192
1219.05
1245.1
1270.7
1295.95
1320.95
1346
1371
1396.05
1421.05
1446.6
1474.55
1502.95
1530
1556.05
1581.6
1606.85
1632
1657.05
1682.05
1707.1
1732.3
1758.3
1786.8
1814.85
1841.55
1867.3
1892.8
1918
1943.1
1968
1993
2018.05
2043.3
2069.4
2097.95
2125.9
2152.55
2178.4
2203.85
2229.05
2254.1
2279.15
2304.15
2329.1
2354.35
2381.1
2409.75
2437.4
2463.85
2489.6
2514.85
2540.05
2565.1
2590.1
2615
2640.1
2665.35
2692.55
2721.2
2748.65
2775
2800.65
2826
2851.15
2876.05
2901.1
2926.15
2951.25
2976.5
3004.2
3032.8
3059.95
3086.15
3111.75
3137.05
3162.05
3187.1
3212.15
3237.2
3262.3
3287.8
3315.75
3344.25
3371.3
3397.35
3422.75
3448.05
3473.2
3498.25
3523.1
3548.15
3573.3
3598.85
3626.9
3655.3
3682.25
3708.3
3733.85
3759.1
3784.2
3809.25
3834.25
3859.35
3884.55
3910.65
3939.15
3967.1
3993.75
4019.65
4045.1
4070.15
4095.25
4120.3
4145.3
4170.2
4195.45
4221.6
4250.15
4278.1
4304.75
4330.6
4356
4381.25
4406.3
4431.15
4456.2
4481.3
4506.55
4533.15
4561.8
4589.5
4615.85
4641.65
4667.05
4692.25
4717.15
4742.2
4767.2
4792.3
4817.6
4844.85
4873.5
4900.95
4927.2
4952.9
4978.1
