50.65
108.4
166.15
223.85
281.6
339.3
397.05
454.8
512.5
570.25
628
685.7
743.45
801.15
858.9
916.65
974.35
1032.1
1089.85
1147.55
1205.3
1263
1320.75
1378.5
1436.2
1493.95
1551.7
1609.4
1667.15
1724.85
1782.6
1840.35
1898.05
1955.8
2013.55
2071.25
2129
2186.7
2244.45
2302.2
2359.9
2417.65
2475.35
2533.1
2590.85
2648.55
2706.3
2764.05
2821.75
2879.5
2937.2
2994.95
3052.7
3110.4
3168.15
3225.9
3283.6
3341.35
3399.05
3456.8
3514.55
3572.25
3630
3687.75
3745.45
3803.2
3860.9
3918.65
3976.4
4034.1
4091.85
4149.6
4207.3
4265.05
4322.75
4380.5
4438.25
4495.95
4553.7
4611.45
4669.15
4726.9
4784.6
4842.35
4900.1
4957.8
-1000
25.6
72.8
103.85
140.15
187.2
218.2
255.25
302.1
333.15
370.5
416.85
447.9
485.65
532.15
563.15
600.95
647.3
678.35
716.4
762.75
793.8
831.85
877.8
908.85
947.15
993.25
1024.3
1062.5
1108.55
1139.6
1178
1224.1
1255.1
1293.5
1339.2
1370.25
1408.8
1454.7
1485.75
1524.25
1570.2
1601.2
1639.75
1685.75
1716.8
1755.25
1800.9
1831.9
1870.6
1916.4
1947.45
1986.05
2031.9
2062.95
2101.55
2147.5
2178.55
2217.05
2262.65
2293.65
2332.4
2378.15
2409.2
2447.85
2493.7
2524.7
2563.4
2609.25
2640.3
2678.9
2724.4
2755.45
2794.2
2839.95
2870.95
2909.7
2955.45
2986.5
3025.2
3071.05
3102.1
3140.7
3186.2
3217.25
3256.05
3301.75
