0.05
19
42.3
65.6
88.85
112.15
135.45
158.7
182
205.25
228.55
251.85
275.1
298.4
321.7
344.95
368.25
391.5
414.8
438.1
461.35
484.65
507.95
531.2
554.5
577.75
601.05
624.35
647.6
670.9
694.2
717.45
740.75
764
787.3
810.6
833.85
857.15
880.4
903.7
927
950.25
973.55
996.85
1020.1
1043.4
1066.65
1089.95
1113.25
1136.5
1159.8
1183.1
1206.35
1229.65
1252.9
1276.2
1299.5
1322.75
1346.05
1369.35
1392.6
1415.9
1439.15
1462.45
1485.75
1509
1532.3
1555.6
1578.85
1602.15
1625.4
1648.7
1672
1695.25
1718.55
1741.85
1765.1
1788.4
1811.65
1834.95
1858.25
1881.5
1904.8
1928.1
1951.35
1974.65
1997.9
2021.2
2044.5
2067.75
2091.05
2114.35
2137.6
2160.9
2184.15
2207.45
2230.75
2254
2277.3
2300.6
2323.85
2347.15
2370.4
2393.7
2417
2440.25
2463.55
2486.85
2510.1
2533.4
2556.65
2579.95
2603.25
2626.5
2649.8
2673.1
2696.35
2719.65
2742.9
2766.2
2789.5
2812.75
2836.05
2859.35
2882.6
2905.9
2929.15
2952.45
2975.75
2999
3022.3
3045.6
3068.85
3092.15
3115.4
3138.7
3162
3185.25
3208.55
3231.85
3255.1
3278.4
3301.65
3324.95
3348.25
3371.5
3394.8
3418.1
3441.35
3464.65
3487.9
3511.2
3534.5
3557.75
3581.05
3604.35
3627.6
3650.9
3674.15
3697.45
3720.75
3744
3767.3
3790.55
3813.85
3837.15
3860.4
3883.7
3907
3930.25
3953.55
3976.8
4000.1
4023.4
4046.65
4069.95
4093.25
4116.5
4139.8
4163.05
4186.35
4209.65
4232.9
4256.2
4279.5
4302.75
4326.05
4349.3
4372.6
4395.9
4419.15
4442.45
4465.75
-1000
0.05
25.4
52.95
79.05
104.55
129.75
154.6
179.65
204.85
232.55
260.7
287.45
313.2
338.35
363.45
388.45
413.6
439.5
467.85
495.35
521.55
547.05
572.2
597.25
622.25
647.4
675.2
703.35
730
755.75
781
806.05
830.9
856.05
882.15
910.55
937.95
964.05
989.55
1014.5
1039.55
1064.6
1089.85
1117.7
1145.8
1172.45
1198
1223.25
1248.35
1273.35
1298.5
1324.8
1353.25
1380.45
1406.5
1431.95
1457.1
1482.1
1507.2
1532.55
1560.45
1588.45
1615
1640.65
1665.85
1690.9
1715.95
1741.1
1768
1796.4
1823.4
1849.35
1874.7
1899.8
1924.8
1949.75
1975.2
2003.3
2031.15
2057.6
2083.2
2108.4
2133.25
2158.3
2183.45
2210.5
2238.9
2265.85
2291.75
2316.95
2342.05
2367.1
2392.15
2417.7
2445.85
2473.65
2499.9
2525.5
2550.75
2575.75
2600.8
2625.85
2652.9
2681.25
2708.2
2734.1
2759.45
2784.55
2809.4
2834.5
2860
2888.1
2915.95
2942.3
2967.9
2992.95
3018
3043.05
3068.05
3094.8
3123.25
3150.3
3176.15
3201.55
3226.65
3251.5
3276.55
3301.9
3329.85
3357.8
3384.35
3410
3435.2
3460.25
3485.3
3510.45
3537.3
3565.7
3592.75
3618.65
3644.05
3669.15
3694.15
3719.25
3744.65
3772.85
3800.65
3827
3852.6
3877.8
3902.85
3927.7
3952.9
3980
4008.4
4035.35
4061.2
4086.5
4111.45
4136.5
4161.55
4187.15
4215.35
4243.1
4269.45
4294.9
4320.1
4345.15
4370.15
4395.35
4422.75
4451.05
4477.8
4503.6
4528.95
4554.05
4579.05
4604.15
4630
4658.35
4685.9
4712.1
4737.6
4762.8
4787.8
4812.85
4838.1
4865.85
4894
4920.65
4946.35
4971.6
4996.7
