0.05
24.7
54.3
83.9
113.5
143.1
172.7
202.3
231.9
261.5
291.05
320.65
350.25
379.85
409.45
439.05
468.65
498.25
527.85
557.45
587.05
616.65
646.2
675.8
705.4
735
764.6
794.2
823.8
853.4
883
912.6
942.2
971.8
1001.35
1030.95
1060.55
1090.15
1119.75
1149.35
1178.95
1208.55
1238.15
1267.75
1297.35
1326.95
1356.55
1386.1
1415.7
1445.3
1474.9
1504.5
1534.1
1563.7
1593.3
1622.9
1652.5
1682.1
1711.7
1741.25
1770.85
1800.45
1830.05
1859.65
1889.25
1918.85
1948.45
1978.05
2007.65
2037.25
2066.85
2096.4
2126
2155.6
2185.2
2214.8
2244.4
2274
2303.6
2333.2
2362.8
2392.4
2422
2451.6
2481.15
2510.75
2540.35
2569.95
2599.55
2629.15
2658.75
2688.35
2717.95
2747.55
2777.15
2806.75
2836.3
2865.9
2895.5
2925.1
2954.7
2984.3
3013.9
3043.5
3073.1
3102.7
3132.3
3161.9
3191.45
3221.05
3250.65
3280.25
3309.85
3339.45
3369.05
3398.65
3428.25
3457.85
3487.45
3517.05
3546.65
3576.2
3605.8
3635.4
3665
3694.6
3724.2
3753.8
3783.4
3813
3842.6
3872.2
3901.8
3931.35
3960.95
3990.55
4020.15
4049.75
4079.35
4108.95
4138.55
4168.15
4197.75
4227.35
4256.95
4286.5
4316.1
4345.7
4375.3
4404.9
4434.5
4464.1
4493.7
4523.3
4552.9
4582.5
4612.1
4641.7
4671.25
4700.85
4730.45
4760.05
4789.65
4819.25
4848.85
4878.45
4908.05
4937.65
4967.25
4996.85
-1000
0.05
26
53.6
81.95
110.8
139.95
169.25
198.7
228.15
257.65
287.2
316.75
346.35
375.95
405.55
435.15
464.75
494.35
523.9
553.5
583.1
612.7
642.25
671.85
701.45
731.05
760.65
790.25
819.85
849.45
879.05
908.65
938.25
967.85
997.45
1027
1056.6
1086.2
1115.8
1145.4
1175
1204.6
1234.2
1263.8
1293.4
1323
1352.6
1382.15
1411.75
1441.35
1470.95
1500.55
1530.15
1559.75
1589.35
1618.95
1648.55
1678.15
1707.75
1737.3
1766.9
1796.5
1826.1
1855.7
1885.3
1914.9
1944.5
1974.1
2003.7
2033.3
2062.9
2092.5
2122.05
2151.65
2181.25
2210.85
2240.45
2270.05
2299.65
2329.25
2358.85
2388.45
2418.05
2447.65
2477.2
2506.8
2536.4
2566
2595.6
2625.2
2654.8
2684.4
2714
2743.6
2773.2
2802.8
2832.4
2861.95
2891.55
2921.15
2950.75
2980.35
3009.95
3039.55
3069.15
3098.75
3128.35
3157.95
3187.55
3217.1
3246.7
3276.3
3305.9
3335.5
3365.1
3394.7
3424.3
3453.9
3483.5
3513.1
3542.7
3572.25
3601.85
3631.45
3661.05
3690.65
3720.25
3749.85
3779.45
3809.05
3838.65
3868.25
3897.85
3927.45
3957
3986.6
4016.2
4045.8
4075.4
4105
4134.6
4164.2
4193.8
4223.4
4253
4282.6
4312.15
4341.75
4371.35
4400.95
4430.55
4460.15
4489.75
4519.35
4548.95
4578.55
4608.15
4637.75
4667.3
4696.9
4726.5
4756.1
4785.7
4815.3
4844.9
4874.5
4904.1
4933.7
4963.3
4992.9
