0.05
19.45
43.2
66.95
90.7
114.45
138.2
161.95
185.7
209.45
233.2
256.95
280.7
304.45
328.2
351.95
375.7
399.45
423.2
446.95
470.7
494.45
518.2
541.95
565.7
589.45
613.2
636.95
660.7
684.45
708.2
731.95
755.7
779.45
803.25
827
850.75
874.5
898.25
922
945.75
969.5
993.25
1017
1040.75
1064.5
1088.25
1112
1135.75
1159.5
1183.25
1207
1230.75
1254.5
1278.25
1302
1325.75
1349.5
1373.25
1397
1420.75
1444.5
1468.25
1492
1515.75
1539.5
1563.25
1587
1610.75
1634.5
1658.25
1682
1705.75
1729.5
1753.25
1777
1800.75
1824.5
1848.3
1872.05
1895.8
1919.55
1943.3
1967.05
1990.8
2014.55
2038.3
2062.05
2085.8
2109.55
2133.3
2157.05
2180.8
2204.55
2228.3
2252.05
2275.8
2299.55
2323.3
2347.05
2370.8
2394.55
2418.3
2442.05
2465.8
2489.55
2513.3
2537.05
2560.8
2584.55
2608.3
2632.05
2655.8
2679.55
2703.3
2727.05
2750.8
2774.55
2798.3
2822.05
2845.8
2869.55
2893.35
2917.1
2940.85
2964.6
2988.35
3012.1
3035.85
3059.6
3083.35
3107.1
3130.85
3154.6
3178.35
3202.1
3225.85
3249.6
3273.35
3297.1
3320.85
3344.6
3368.35
3392.1
3415.85
3439.6
3463.35
3487.1
3510.85
3534.6
3558.35
3582.1
3605.85
3629.6
3653.35
3677.1
3700.85
3724.6
3748.35
3772.1
3795.85
3819.6
3843.35
3867.1
3890.85
3914.6
3938.4
3962.15
3985.9
4009.65
4033.4
4057.15
4080.9
4104.65
4128.4
4152.15
4175.9
4199.65
4223.4
4247.15
4270.9
4294.65
4318.4
4342.15
4365.9
4389.65
4413.4
4437.15
4460.9
4484.65
4508.4
4532.15
4555.9
-1000
0.05
26
51.45
76.65
101.7
126.75
151.8
177
203.35
231.9
259.6
286.05
311.75
337.05
362.2
387.25
412.25
437.35
462.7
490.55
519
546
572.05
597.55
622.75
647.8
672.85
697.9
723.05
749
777.45
805.4
831.95
857.6
882.85
907.9
932.8
957.65
982.55
1007.65
1033.1
1061.05
1089.4
1116.3
1142.25
1167.7
1192.9
1218
1243
1268.05
1293.25
1319.45
1348
1375.75
1402.25
1427.95
1453.3
1478.45
1503.45
1528.5
1553.6
1578.9
1606.7
1635.15
1662.2
1688.25
1713.75
1739
1764.05
1789.1
1814.15
1839.3
1865.15
1893.55
1921.5
1948
1973.75
1999
2024.05
2049.15
2074.15
2099.2
2124.4
2150.25
2178.7
2206.65
2233.25
2259.05
2284.4
2309.55
2334.6
2359.65
2384.7
2410
2437.3
2465.9
2493.15
2519.3
2544.85
2570.1
2595.2
2620.2
2645.25
2670.4
2696
2724.15
2752.35
2779.1
2805
2830.45
2855.6
2880.65
2905.7
2930.75
2955.8
2981.85
3010.3
3038.1
3064.55
3090.35
3115.7
3140.85
3165.9
3190.95
3216
3241.25
3268.55
3297.15
3324.4
3350.55
3376.15
3401.4
3426.5
3451.5
3476.55
3501.7
3527.25
3555.4
3583.6
3610.4
3636.3
3661.7
3686.9
3711.95
3737
3762.05
3787.25
3813.85
3842.45
3870.05
3896.35
3922.05
3947.35
3972.45
3997.3
4022.15
4047.1
4072.15
4098.25
4126.8
4154.6
4181.1
4206.8
4232.15
4257.3
4282.35
4307.35
4332.45
4357.75
4385.5
4414
4441.05
4467.1
4492.65
4517.85
4542.95
4567.95
4593
4618.15
4643.95
4672.35
4700.35
4727
4752.8
4778.2
4803.35
4828.4
4853.45
4878.5
4903.75
4930.9
4959.5
4986.85
