0.05
19.75
43.8
67.9
91.95
116.05
140.1
164.2
188.25
212.35
236.45
260.5
284.6
308.65
332.75
356.8
380.9
404.95
429.05
453.15
477.2
501.3
525.35
549.45
573.5
597.6
621.65
645.75
669.85
693.9
718
742.05
766.15
790.2
814.3
838.35
862.45
886.5
910.6
934.7
958.75
982.85
1006.9
1031
1055.05
1079.15
1103.2
1127.3
1151.4
1175.45
1199.55
1223.6
1247.7
1271.75
1295.85
1319.9
1344
1368.1
1392.15
1416.25
1440.3
1464.4
1488.45
1512.55
1536.6
1560.7
1584.75
1608.85
1632.95
1657
1681.1
1705.15
1729.25
1753.3
1777.4
1801.45
1825.55
1849.65
1873.7
1897.8
1921.85
1945.95
1970
1994.1
2018.15
2042.25
2066.35
2090.4
2114.5
2138.55
2162.65
2186.7
2210.8
2234.85
2258.95
2283
2307.1
2331.2
2355.25
2379.35
2403.4
2427.5
2451.55
2475.65
2499.7
2523.8
2547.9
2571.95
2596.05
2620.1
2644.2
2668.25
2692.35
2716.4
2740.5
2764.6
2788.65
2812.75
2836.8
2860.9
2884.95
2909.05
2933.1
2957.2
2981.25
3005.35
3029.45
3053.5
3077.6
3101.65
3125.75
3149.8
3173.9
3197.95
3222.05
3246.15
3270.2
3294.3
3318.35
3342.45
3366.5
3390.6
3414.65
3438.75
3462.85
3486.9
3511
3535.05
3559.15
3583.2
3607.3
3631.35
3655.45
3679.55
3703.6
3727.7
3751.75
3775.85
3799.9
3824
3848.05
3872.15
3896.2
3920.3
3944.4
3968.45
3992.55
4016.6
4040.7
4064.75
4088.85
4112.9
4137
4161.1
4185.15
4209.25
4233.3
4257.4
4281.45
4305.55
4329.6
4353.7
4377.8
4401.85
4425.95
4450
4474.1
4498.15
4522.25
4546.3
4570.4
4594.45
4618.55
-1000
0.05
26.15
54.6
81.65
107.75
133.4
158.7
183.9
208.95
233.95
258.85
283.9
309.05
334.5
362.4
391.05
418.3
444.55
470.1
495.5
520.55
545.65
570.7
595.7
620.75
645.85
671.2
698.3
727
754.65
781.1
806.9
832.35
857.6
882.7
907.75
932.75
957.65
982.75
1008
1034.35
1062.95
1091
1117.7
1143.6
1169
1194.3
1219.25
1244.35
1269.35
1294.4
1319.45
1344.65
1370.25
1398.3
1426.75
1453.9
1480.05
1505.7
1531.05
1556.25
1581.3
1606.35
1631.35
1656.25
1681.4
1706.8
1734.6
1763.25
1790.6
1816.85
1842.55
1867.8
1893.05
1918.15
1943.15
1968.2
1993.25
2018.35
2043.7
2071.15
2099.85
2127.3
2153.7
2179.45
2204.85
2230.1
2255.2
2280.2
2305.25
2330.3
2355.25
2380.55
2407.2
2435.9
2463.75
2490.35
2516.2
2541.7
2566.8
2591.95
2617
2642
2667.05
2692.15
2717.35
2743.45
2771.95
2800.1
2826.85
2852.85
2878.45
2903.75
2928.9
2953.95
2978.95
3004
3029.05
3054.1
3079.7
3107.7
3136.25
3163.4
3189.55
3215.2
3240.55
3265.6
3290.65
3315.7
3340.7
3365.75
3390.9
3416.35
3444.15
3472.8
3500.1
3526.3
3552
3577.4
3602.6
3627.7
3652.75
3677.75
3702.8
3727.95
3753.2
3780.5
3809.2
3836.75
3863.15
3888.95
3914.35
3939.6
3964.55
3989.55
4014.6
4039.65
4064.75
4090.05
4116.65
4145.35
4173.15
4199.75
4225.55
4251.05
4276.35
4301.45
4326.5
4351.55
4376.55
4401.65
4426.9
4452.85
4481.35
4509.55
4536.4
4562.4
4587.95
4613.25
4638.4
4663.3
4688.35
4713.35
4738.4
4763.6
4789.2
4817.15
4845.7
4872.8
4899
4924.5
4949.9
4975.1
