0.05
21.2
46.85
72.55
98.25
123.95
149.65
175.35
201
226.7
252.4
278.1
303.8
329.5
355.15
380.85
406.55
432.25
457.95
483.6
509.3
535
560.7
586.4
612.1
637.75
663.45
689.15
714.85
740.55
766.25
791.9
817.6
843.3
869
894.7
920.4
946.05
971.75
997.45
1023.15
1048.85
1074.55
1100.2
1125.9
1151.6
1177.3
1203
1228.7
1254.35
1280.05
1305.75
1331.45
1357.15
1382.85
1408.5
1434.2
1459.9
1485.6
1511.3
1537
1562.65
1588.35
1614.05
1639.75
1665.45
1691.15
1716.8
1742.5
1768.2
1793.9
1819.6
1845.3
1870.95
1896.65
1922.35
1948.05
1973.75
1999.45
2025.1
2050.8
2076.5
2102.2
2127.9
2153.6
2179.25
2204.95
2230.65
2256.35
2282.05
2307.7
2333.4
2359.1
2384.8
2410.5
2436.2
2461.85
2487.55
2513.25
2538.95
2564.65
2590.35
2616
2641.7
2667.4
2693.1
2718.8
2744.5
2770.15
2795.85
2821.55
2847.25
2872.95
2898.65
2924.3
2950
2975.7
3001.4
3027.1
3052.8
3078.45
3104.15
3129.85
3155.55
3181.25
3206.95
3232.6
3258.3
3284
3309.7
3335.4
3361.1
3386.75
3412.45
3438.15
3463.85
3489.55
3515.25
3540.9
3566.6
3592.3
3618
3643.7
3669.4
3695.05
3720.75
3746.45
3772.15
3797.85
3823.55
3849.2
3874.9
3900.6
3926.3
3952
3977.65
4003.35
4029.05
4054.75
4080.45
4106.15
4131.8
4157.5
4183.2
4208.9
4234.6
4260.3
4285.95
4311.65
4337.35
4363.05
4388.75
4414.45
4440.1
4465.8
4491.5
4517.2
4542.9
4568.6
4594.25
4619.95
4645.65
4671.35
4697.05
4722.75
4748.4
4774.1
4799.8
4825.5
4851.2
4876.9
4902.55
4928.25
4953.95
4979.65
-1000
0.05
26
50.95
76
101
126.05
151.1
176.15
201.15
226.35
251.65
276.95
302.35
327.8
353.2
378.75
404.35
429.95
455.55
481.2
506.85
532.5
558.15
583.85
609.55
635.2
660.9
686.55
712.25
737.95
763.65
789.2
814.9
840.6
866.35
892.05
917.75
943.3
969.05
994.75
1020.45
1046.15
1071.9
1097.45
1123.15
1148.9
1174.6
1200.3
1226.05
1251.6
1277.3
1303.05
1328.75
1354.45
1380.2
1405.75
1431.45
1457.2
1482.9
1508.6
1534.35
1559.9
1585.6
1611.35
1637.05
1662.75
1688.5
1714.05
1739.75
1765.5
1791.2
1816.9
1842.65
1868.2
1893.9
1919.65
1945.35
1971.05
1996.8
2022.35
2048.05
2073.8
2099.5
2125.2
2150.95
2176.6
2202.3
2228
2253.7
2279.4
2305.1
2330.8
2356.5
2382.2
2407.9
2433.55
2459.15
2484.85
2510.55
2536.25
2562
2587.7
2613.25
2639
2664.7
2690.4
2716.1
2741.85
2767.4
2793.1
2818.85
2844.55
2870.25
2896
2921.55
2947.25
2973
2998.7
3024.4
3050.15
3075.7
3101.4
3127.15
3152.85
3178.55
3204.3
3229.85
3255.55
3281.3
3307
3332.7
3358.45
3384
3409.7
3435.45
3461.15
3486.85
3512.6
3538.15
3563.85
3589.6
3615.3
3641
3666.75
3692.3
3718
3743.75
3769.45
3795.15
3820.9
3846.45
3872.2
3897.9
3923.6
3949.3
3975.05
4000.75
4026.4
4052.1
4077.8
4103.5
4129.2
4154.9
4180.6
4206.3
4232
4257.65
4283.25
4308.95
4334.65
4360.35
4386.1
4411.8
4437.35
4463.1
4488.8
4514.5
4540.2
4565.95
4591.5
4617.2
4642.95
4668.65
4694.35
4720.1
4745.65
4771.35
4797.1
4822.8
4848.5
4874.25
4899.8
4925.5
4951.25
4976.95
