0.05
19.15
42.6
66.05
89.45
112.9
136.35
159.75
183.2
206.65
230.1
253.5
276.95
300.4
323.8
347.25
370.7
394.1
417.55
441
464.45
487.85
511.3
534.75
558.15
581.6
605.05
628.5
651.9
675.35
698.8
722.2
745.65
769.1
792.55
815.95
839.4
862.85
886.25
909.7
933.15
956.55
980
1003.45
1026.9
1050.3
1073.75
1097.2
1120.6
1144.05
1167.5
1190.95
1214.35
1237.8
1261.25
1284.65
1308.1
1331.55
1354.95
1378.4
1401.85
1425.3
1448.7
1472.15
1495.6
1519
1542.45
1565.9
1589.35
1612.75
1636.2
1659.65
1683.05
1706.5
1729.95
1753.4
1776.8
1800.25
1823.7
1847.1
1870.55
1894
1917.4
1940.85
1964.3
1987.75
2011.15
2034.6
2058.05
2081.45
2104.9
2128.35
2151.8
2175.2
2198.65
2222.1
2245.5
2268.95
2292.4
2315.85
2339.25
2362.7
2386.15
2409.55
2433
2456.45
2479.85
2503.3
2526.75
2550.2
2573.6
2597.05
2620.5
2643.9
2667.35
2690.8
2714.25
2737.65
2761.1
2784.55
2807.95
2831.4
2854.85
2878.25
2901.7
2925.15
2948.6
2972
2995.45
3018.9
3042.3
3065.75
3089.2
3112.65
3136.05
3159.5
3182.95
3206.35
3229.8
3253.25
3276.7
3300.1
3323.55
3347
3370.4
3393.85
3417.3
3440.7
3464.15
3487.6
3511.05
3534.45
3557.9
3581.35
3604.75
3628.2
3651.65
3675.1
3698.5
3721.95
3745.4
3768.8
3792.25
3815.7
3839.15
3862.55
3886
3909.45
3932.85
3956.3
3979.75
4003.15
4026.6
4050.05
4073.5
4096.9
4120.35
4143.8
4167.2
4190.65
4214.1
4237.55
4260.95
4284.4
4307.85
4331.25
4354.7
4378.15
4401.55
4425
4448.45
4471.9
4495.3
-1000
0.05
26
51.1
76.7
104.85
132.75
159.25
184.9
210.2
235.25
260.1
285.2
310.55
338.45
366.6
393.25
419
444.3
469.4
494.25
519.3
544.6
572.45
600.7
627.4
653.1
678.45
703.55
728.55
753.6
778.9
806.75
835
861.75
887.4
912.75
937.85
962.9
987.95
1013.25
1041.1
1069.3
1096.05
1121.9
1147.2
1172.3
1197.35
1222.25
1247.5
1275.3
1303.55
1330.35
1356.2
1381.5
1406.6
1431.65
1456.55
1481.8
1509.5
1537.8
1564.65
1590.5
1615.7
1640.8
1665.85
1690.9
1716.15
1743.85
1772.1
1798.95
1824.8
1850
1875.15
1900.15
1925.2
1950.45
1978.15
2006.4
2033.25
2059.1
2084.5
2109.6
2134.6
2159.7
2184.8
2212.45
2240.8
2267.6
2293.5
2318.85
2343.95
2369
2394.05
2419.15
2446.8
2475.15
2502
2527.85
2553.2
2578.15
2603.2
2628.25
2653.45
2681.05
2709.45
2736.2
2762.1
2787.45
2812.45
2837.45
2862.5
2887.7
2915.15
2943.55
2970.4
2996.3
3021.7
3046.85
3071.9
3096.9
3122.15
3149.6
3178
3204.9
3230.8
3256.2
3281.3
3306.15
3331.2
3356.4
3383.7
3412.15
3439.1
3465.05
3490.45
3515.55
3540.45
3565.45
3590.65
3617.7
3646.2
3673.25
3699.15
3724.55
3749.75
3774.6
3799.65
3824.8
3851.3
3879.8
3907.15
3933.15
3958.65
3983.8
4008.85
4033.9
4059.05
4085.3
4113.75
4141.25
4167.4
4192.95
4218.1
4243.15
4268.05
4293.15
4319
4347.35
4375.05
4401.4
4427
4452.2
4477.3
4502.15
4527.25
4552.75
4580.9
4608.85
4635.35
4660.9
4686.2
4711.3
4736.3
4761.4
4786.8
4814.75
4842.85
4869.45
4895.05
4920.4
4945.5
4970.5
4995.55
