58.45
124.3
190.1
255.95
321.8
387.6
453.45
519.3
585.1
650.95
716.75
782.6
848.45
914.25
980.1
1045.9
1111.75
1177.6
1243.4
1309.25
1375.1
1440.9
1506.75
1572.55
1638.4
1704.25
1770.05
1835.9
1901.75
1967.55
2033.4
2099.2
2165.05
2230.9
2296.7
2362.55
2428.35
2494.2
2560.05
2625.85
2691.7
2757.55
2823.35
2889.2
2955
3020.85
3086.7
3152.5
3218.35
3284.15
3350
3415.85
3481.65
3547.5
3613.35
3679.15
3745
3810.8
3876.65
3942.5
4008.3
4074.15
4139.95
4205.8
4271.65
4337.45
4403.3
4469.15
4534.95
4600.8
4666.6
4732.45
4798.3
4864.1
4929.95
4995.75
-1000
25.6
56.65
91.6
122.6
157.45
188.5
223.35
254.35
289.15
320.15
355
386.05
420.85
451.9
486.65
517.7
552.5
583.55
618.35
649.4
684.2
715.2
750
781.05
815.8
846.85
881.65
912.7
947.5
978.55
1013.35
1044.4
1079.2
1110.2
1145
1176.05
1210.85
1241.9
1276.7
1307.7
1342.45
1373.5
1408.3
1439.35
1474.15
1505.2
1540
1571.05
1605.85
1636.85
1671.6
1702.65
1737.45
1768.5
1803.3
1834.35
1869.15
1900.2
1935
1966
2000.8
2031.85
2066.65
2097.7
2132.5
2163.5
2198.25
2229.3
2264.1
2295.15
2329.95
2361
2395.8
2426.85
2461.65
2492.65
