39
84.45
129.9
175.35
220.8
266.25
311.7
357.15
402.55
448
493.45
538.9
584.35
629.8
675.25
720.7
766.15
811.6
857.05
902.5
947.95
993.4
1038.85
1084.3
1129.75
1175.2
1220.65
1266.1
1311.5
1356.95
1402.4
1447.85
1493.3
1538.75
1584.2
1629.65
1675.1
1720.55
1766
1811.45
1856.9
1902.35
1947.8
1993.25
2038.7
2084.15
2129.6
2175.05
2220.45
2265.9
2311.35
2356.8
2402.25
2447.7
2493.15
2538.6
2584.05
2629.5
2674.95
2720.4
2765.85
2811.3
2856.75
2902.2
2947.65
2993.1
3038.55
3084
3129.4
3174.85
3220.3
3265.75
3311.2
3356.65
3402.1
3447.55
3493
3538.45
3583.9
3629.35
3674.8
3720.25
3765.7
3811.15
3856.6
3902.05
3947.5
3992.95
4038.35
4083.8
4129.25
4174.7
4220.15
4265.6
4311.05
4356.5
4401.95
4447.4
4492.85
4538.3
4583.75
4629.2
4674.65
4720.1
4765.55
4811
4856.45
4901.9
4947.3
4992.75
-1000
25.6
67.35
111.35
156.2
201.35
246.65
292.05
337.45
382.9
428.35
473.8
519.25
564.7
610.15
655.6
701.05
746.3
791.65
837.05
882.45
928.1
973.6
1019.1
1064.55
1110.05
1155.5
1200.95
1246.4
1291.85
1337.3
1382.75
1428.2
1473.65
1519.1
1564.55
1610
1655.25
1700.6
1746
1791.4
1837.05
1882.55
1928.05
1973.5
2019
2064.45
2109.9
2155.35
2200.8
2246.25
2291.7
2337.15
2382.6
2428.05
2473.5
2518.95
2564.2
2609.55
2654.95
2700.35
2746
2791.5
2837
2882.45
2927.95
2973.4
3018.85
3064.3
3109.75
3155.2
3200.65
3246.1
3291.55
3337
3382.45
3427.9
3473.15
3518.5
3563.9
3609.3
3654.95
3700.45
3745.95
3791.4
3836.9
3882.35
3927.8
3973.25
4018.7
4064.15
4109.6
4155.05
4200.5
4245.95
4291.4
4336.85
4382.1
4427.45
4472.85
4518.25
4563.9
4609.4
4654.9
4700.35
4745.85
4791.3
4836.75
4882.2
4927.65
4973.1
