0.05
18.9
42
65.15
88.25
111.4
134.55
157.65
180.8
203.9
227.05
250.2
273.3
296.45
319.55
342.7
365.85
388.95
412.1
435.2
458.35
481.45
504.6
527.75
550.85
574
597.1
620.25
643.4
666.5
689.65
712.75
735.9
759.05
782.15
805.3
828.4
851.55
874.7
897.8
920.95
944.05
967.2
990.3
1013.45
1036.6
1059.7
1082.85
1105.95
1129.1
1152.25
1175.35
1198.5
1221.6
1244.75
1267.9
1291
1314.15
1337.25
1360.4
1383.5
1406.65
1429.8
1452.9
1476.05
1499.15
1522.3
1545.45
1568.55
1591.7
1614.8
1637.95
1661.1
1684.2
1707.35
1730.45
1753.6
1776.7
1799.85
1823
1846.1
1869.25
1892.35
1915.5
1938.65
1961.75
1984.9
2008
2031.15
2054.3
2077.4
2100.55
2123.65
2146.8
2169.9
2193.05
2216.2
2239.3
2262.45
2285.55
2308.7
2331.85
2354.95
2378.1
2401.2
2424.35
2447.5
2470.6
2493.75
2516.85
2540
2563.1
2586.25
2609.4
2632.5
2655.65
2678.75
2701.9
2725.05
2748.15
2771.3
2794.4
2817.55
2840.7
2863.8
2886.95
2910.05
2933.2
2956.35
2979.45
3002.6
3025.7
3048.85
3071.95
3095.1
3118.25
3141.35
3164.5
3187.6
3210.75
3233.9
3257
3280.15
3303.25
3326.4
3349.55
3372.65
3395.8
3418.9
3442.05
3465.15
3488.3
3511.45
3534.55
3557.7
3580.8
3603.95
3627.1
3650.2
3673.35
3696.45
3719.6
3742.75
3765.85
3789
3812.1
3835.25
3858.35
3881.5
3904.65
3927.75
3950.9
3974
3997.15
4020.3
4043.4
4066.55
4089.65
4112.8
4135.95
4159.05
4182.2
4205.3
4228.45
4251.55
4274.7
4297.85
4320.95
4344.1
4367.2
4390.35
4413.5
4436.6
-1000
0.05
26.15
54.4
81.9
108.05
133.45
158.45
183.45
208.55
234.3
262.55
290.05
316.2
341.65
366.75
391.6
416.7
442.4
470.65
498.2
524.35
549.65
574.75
599.8
624.9
650.6
678.85
706.4
732.5
757.95
782.9
807.95
833.05
858.75
887
914.55
940.7
966.1
991.25
1016.25
1041.35
1067.15
1095.5
1122.9
1149
1174.25
1199.4
1224.4
1249.5
1275.4
1303.7
1331.1
1357.15
1382.6
1407.7
1432.7
1457.65
1483.55
1511.9
1539.3
1565.25
1590.65
1615.8
1640.8
1665.9
1691.75
1720.1
1747.5
1773.55
1798.95
1824.05
1848.9
1874
1899.9
1928.25
1955.55
1981.65
2007.05
2032.15
2057.2
2082.15
2108
2136.3
2163.75
2189.8
2215.25
2240.2
2265.2
2290.3
2316.15
2344.5
2371.9
2398
2423.4
2448.5
2473.35
2498.45
2524.3
2552.6
2580.05
2606.1
2631.4
2656.55
2681.55
2706.65
2732.55
2760.85
2788.25
2814.3
2839.75
2864.7
2889.7
2914.8
2940.7
2969
2996.4
3022.5
3047.9
3073
3098.05
3123.15
3149.2
3177.55
3204.85
3230.85
3256.1
3281.2
3306.2
3331.3
3357.5
3385.85
3413.1
3439.1
3464.45
3489.55
3514.55
3539.55
3565.8
3594.15
3621.35
3647.2
3672.55
3697.65
3722.7
3747.8
3774.2
3802.6
3829.7
3855.6
3880.95
3906
3930.9
3956
3982.55
4010.95
4037.9
4063.8
4089.15
4114.2
4139.25
4164.2
4190.9
4219.25
4246.25
4272.1
4297.4
4322.35
4347.35
4372.5
4399.45
4427.75
4454.65
4480.45
4505.7
4530.8
4555.65
4580.8
4608.1
4636.35
4663.1
4688.8
4714.1
4739.15
4764.15
4789.4
4817.2
4845.25
4871.75
4897.4
4922.6
4947.45
4972.5
4997.75
