0.05
19.3
42.9
66.5
90.05
113.65
137.25
160.85
184.45
208.05
231.65
255.2
278.8
302.4
326
349.6
373.2
396.75
420.35
443.95
467.55
491.15
514.75
538.3
561.9
585.5
609.1
632.7
656.3
679.9
703.45
727.05
750.65
774.25
797.85
821.45
845
868.6
892.2
915.8
939.4
963
986.55
1010.15
1033.75
1057.35
1080.95
1104.55
1128.1
1151.7
1175.3
1198.9
1222.5
1246.1
1269.7
1293.25
1316.85
1340.45
1364.05
1387.65
1411.25
1434.8
1458.4
1482
1505.6
1529.2
1552.8
1576.35
1599.95
1623.55
1647.15
1670.75
1694.35
1717.95
1741.5
1765.1
1788.7
1812.3
1835.9
1859.5
1883.05
1906.65
1930.25
1953.85
1977.45
2001.05
2024.6
2048.2
2071.8
2095.4
2119
2142.6
2166.2
2189.75
2213.35
2236.95
2260.55
2284.15
2307.75
2331.3
2354.9
2378.5
2402.1
2425.7
2449.3
2472.85
2496.45
2520.05
2543.65
2567.25
2590.85
2614.4
2638
2661.6
2685.2
2708.8
2732.4
2756
2779.55
2803.15
2826.75
2850.35
2873.95
2897.55
2921.1
2944.7
2968.3
2991.9
3015.5
3039.1
3062.65
3086.25
3109.85
3133.45
3157.05
3180.65
3204.25
3227.8
3251.4
3275
3298.6
3322.2
3345.8
3369.35
3392.95
3416.55
3440.15
3463.75
3487.35
3510.9
3534.5
3558.1
3581.7
3605.3
3628.9
3652.45
3676.05
3699.65
3723.25
3746.85
3770.45
3794.05
3817.6
3841.2
3864.8
3888.4
3912
3935.6
3959.15
3982.75
4006.35
4029.95
4053.55
4077.15
4100.7
4124.3
4147.9
4171.5
4195.1
4218.7
4242.3
4265.85
4289.45
4313.05
4336.65
4360.25
4383.85
4407.4
4431
4454.6
4478.2
4501.8
4525.4
-1000
0.05
26
51.1
76.45
104.25
132.6
159.4
185.3
210.7
235.85
260.75
285.75
310.85
336.35
364.45
392.5
419.2
445
470.4
495.5
520.55
545.4
570.55
596.2
624.5
652.5
679.05
704.65
730
755.1
780.15
805.2
830.35
856.3
884.75
912.5
938.9
964.55
989.7
1014.8
1039.85
1064.85
1090.05
1116.55
1145.1
1172.6
1198.8
1224.4
1249.65
1274.7
1299.55
1324.6
1349.85
1377.1
1405.6
1432.65
1458.75
1484.25
1509.45
1534.5
1559.5
1584.45
1609.75
1637.65
1665.95
1692.85
1718.75
1744
1769.2
1794.2
1819.25
1844.35
1869.85
1897.85
1926.05
1952.7
1978.55
2003.9
2028.85
2053.9
2078.95
2104.05
2129.75
2158
2186
2212.55
2238.25
2263.6
2288.7
2313.75
2338.6
2363.75
2389.7
2418.15
2445.95
2472.25
2497.95
2523.25
2548.35
2573.35
2598.4
2623.45
2649.8
2678.35
2705.9
2732.2
2757.8
2782.9
2808
2833
2858.05
2883.3
2910.35
2938.85
2966.1
2992.15
3017.7
3042.9
3067.8
3092.8
3117.9
3143.2
3171
3199.35
3226.2
3252.15
3277.55
3302.7
3327.75
3352.8
3377.75
3403.2
3431.2
3459.4
3486.15
3511.85
3537.2
3562.35
3587.4
3612.4
3637.55
3663.1
3691.35
3719.35
3745.95
3771.7
3797.05
3822
3847.05
3872.05
3897.2
3923.1
3951.5
3979.3
4005.75
4031.45
4056.75
4081.85
4106.7
4131.75
4156.9
4183.2
4211.75
4239.25
4265.6
4291.2
4316.45
4341.55
4366.55
4391.6
4416.7
4443.65
4472.2
4499.5
4525.6
4551
4576.2
4601.25
4626.3
4651.35
4676.65
4704.45
4732.8
4759.7
4785.65
4811.05
4836.2
4861.1
4886.1
4911.2
4936.65
4964.65
4992.8
