0.05
24.2
53.3
82.35
111.4
140.45
169.55
198.6
227.65
256.7
285.8
314.85
343.9
373
402.05
431.1
460.15
489.25
518.3
547.35
576.4
605.5
634.55
663.6
692.65
721.75
750.8
779.85
808.9
838
867.05
896.1
925.15
954.25
983.3
1012.35
1041.4
1070.5
1099.55
1128.6
1157.65
1186.75
1215.8
1244.85
1273.9
1303
1332.05
1361.1
1390.15
1419.25
1448.3
1477.35
1506.45
1535.5
1564.55
1593.6
1622.7
1651.75
1680.8
1709.85
1738.95
1768
1797.05
1826.1
1855.2
1884.25
1913.3
1942.35
1971.45
2000.5
2029.55
2058.6
2087.7
2116.75
2145.8
2174.85
2203.95
2233
2262.05
2291.1
2320.2
2349.25
2378.3
2407.35
2436.45
2465.5
2494.55
2523.65
2552.7
2581.75
2610.8
2639.9
2668.95
2698
2727.05
2756.15
2785.2
2814.25
2843.3
2872.4
2901.45
2930.5
2959.55
2988.65
3017.7
3046.75
3075.8
3104.9
3133.95
3163
3192.05
3221.15
3250.2
3279.25
3308.3
3337.4
3366.45
3395.5
3424.55
3453.65
3482.7
3511.75
3540.85
3569.9
3598.95
3628
3657.1
3686.15
3715.2
3744.25
3773.35
3802.4
3831.45
3860.5
3889.6
3918.65
3947.7
3976.75
4005.85
4034.9
4063.95
4093
4122.1
4151.15
4180.2
4209.25
4238.35
4267.4
4296.45
4325.5
4354.6
4383.65
4412.7
4441.75
4470.85
4499.9
4528.95
4558
4587.1
4616.15
4645.2
4674.3
4703.35
4732.4
4761.45
4790.55
4819.6
4848.65
4877.7
4906.8
4935.85
4964.9
4993.95
-1000
0.05
26
51.25
77.3
104.3
132.05
160.25
188.85
217.6
246.5
275.45
304.45
333.45
362.5
391.55
420.6
449.65
478.7
507.7
536.8
565.85
594.95
623.95
653.05
682.1
711.2
740.2
769.3
798.35
827.45
856.45
885.55
914.6
943.7
972.75
1001.85
1030.9
1059.95
1089
1118.1
1147.15
1176.2
1205.25
1234.35
1263.4
1292.45
1321.5
1350.6
1379.65
1408.7
1437.75
1466.85
1495.9
1524.9
1554
1583.05
1612.15
1641.15
1670.25
1699.3
1728.4
1757.4
1786.5
1815.55
1844.65
1873.65
1902.75
1931.8
1960.9
1989.95
2019.05
2048.1
2077.15
2106.2
2135.3
2164.35
2193.4
2222.45
2251.55
2280.6
2309.65
2338.7
2367.8
2396.85
2425.9
2454.95
2484.05
2513.1
2542.1
2571.2
2600.3
2629.35
2658.35
2687.45
2716.5
2745.6
2774.6
2803.7
2832.75
2861.85
2890.85
2919.95
2949
2978.1
3007.15
3036.25
3065.3
3094.35
3123.4
3152.5
3181.55
3210.6
3239.65
3268.75
3297.8
3326.85
3355.9
3385
3414.05
3443.1
3472.15
3501.25
3530.3
3559.35
3588.4
3617.5
3646.55
3675.55
3704.65
3733.7
3762.8
3791.8
3820.9
3849.95
3879.05
3908.05
3937.15
3966.2
3995.3
4024.3
4053.4
4082.45
4111.55
4140.6
4169.7
4198.75
4227.8
4256.85
4285.95
4315
4344.05
4373.1
4402.2
4431.25
4460.3
4489.35
4518.45
4547.5
4576.55
4605.6
4634.7
4663.75
4692.75
4721.85
4750.9
4780
4809
4838.1
4867.15
4896.25
4925.25
4954.35
4983.4
