0.05
21.55
47.6
73.7
99.8
125.9
151.95
178.05
204.15
230.2
256.3
282.4
308.5
334.55
360.65
386.75
412.85
438.9
465
491.1
517.2
543.25
569.35
595.45
621.5
647.6
673.7
699.8
725.85
751.95
778.05
804.15
830.2
856.3
882.4
908.5
934.55
960.65
986.75
1012.8
1038.9
1065
1091.1
1117.15
1143.25
1169.35
1195.45
1221.5
1247.6
1273.7
1299.75
1325.85
1351.95
1378.05
1404.1
1430.2
1456.3
1482.4
1508.45
1534.55
1560.65
1586.75
1612.8
1638.9
1665
1691.05
1717.15
1743.25
1769.35
1795.4
1821.5
1847.6
1873.7
1899.75
1925.85
1951.95
1978
2004.1
2030.2
2056.3
2082.35
2108.45
2134.55
2160.65
2186.7
2212.8
2238.9
2265
2291.05
2317.15
2343.25
2369.3
2395.4
2421.5
2447.6
2473.65
2499.75
2525.85
2551.95
2578
2604.1
2630.2
2656.3
2682.35
2708.45
2734.55
2760.6
2786.7
2812.8
2838.9
2864.95
2891.05
2917.15
2943.25
2969.3
2995.4
3021.5
3047.55
3073.65
3099.75
3125.85
3151.9
3178
3204.1
3230.2
3256.25
3282.35
3308.45
3334.55
3360.6
3386.7
3412.8
3438.85
3464.95
3491.05
3517.15
3543.2
3569.3
3595.4
3621.5
3647.55
3673.65
3699.75
3725.8
3751.9
3778
3804.1
3830.15
3856.25
3882.35
3908.45
3934.5
3960.6
3986.7
4012.8
4038.85
4064.95
4091.05
4117.1
4143.2
4169.3
4195.4
4221.45
4247.55
4273.65
4299.75
4325.8
4351.9
4378
4404.05
4430.15
4456.25
4482.35
4508.4
4534.5
4560.6
4586.7
4612.75
4638.85
4664.95
4691.05
4717.1
4743.2
4769.3
4795.35
4821.45
4847.55
4873.65
4899.7
4925.8
4951.9
4978
-1000
0.05
26
51.5
77.05
102.75
128.55
154.3
180.25
206.25
232.25
258.25
284.3
310.35
336.45
362.5
388.6
414.65
440.65
466.75
492.85
518.95
544.95
571.05
597.15
623.3
649.4
675.5
701.55
727.65
753.75
779.85
805.95
831.9
858
884.15
910.25
936.35
962.45
988.55
1014.6
1040.7
1066.8
1092.9
1118.85
1144.95
1171.1
1197.2
1223.2
1249.3
1275.4
1301.55
1327.65
1353.7
1379.8
1405.9
1432
1458.1
1484.2
1510.15
1536.25
1562.4
1588.5
1614.5
1640.6
1666.7
1692.85
1718.95
1745
1771.1
1797.1
1823.2
1849.35
1875.45
1901.4
1927.55
1953.65
1979.8
2005.9
2031.95
2058.05
2084.15
2110.25
2136.35
2162.45
2188.4
2214.5
2240.65
2266.75
2292.75
2318.85
2344.95
2371.1
2397.2
2423.25
2449.35
2475.45
2501.55
2527.65
2553.75
2579.7
2605.8
2631.95
2658.05
2684.15
2710.25
2736.35
2762.4
2788.5
2814.6
2840.7
2866.65
2892.75
2918.9
2945
2971
2997.1
3023.2
3049.35
3075.45
3101.5
3127.6
3153.7
3179.8
3205.9
3232
3257.95
3284.05
3310.2
3336.3
3362.35
3388.45
3414.55
3440.65
3466.75
3492.85
3518.95
3544.9
3571
3597.15
3623.25
3649.25
3675.35
3701.45
3727.6
3753.7
3779.75
3805.85
3831.95
3858.05
3884.15
3910.25
3936.2
3962.3
3988.45
4014.55
4040.55
4066.65
4092.75
4118.9
4145
4171.05
4197.15
4223.15
4249.25
4275.4
4301.5
4327.45
4353.6
4379.7
4405.85
4431.95
4458
4484.1
4510.2
4536.3
4562.4
4588.5
4614.45
4640.55
4666.7
4692.8
4718.8
4744.9
4771
4797.15
4823.25
4849.3
4875.4
4901.5
4927.6
4953.7
4979.8
