0.05
24.95
54.85
84.7
114.55
144.45
174.3
204.2
234.05
263.95
293.8
323.65
353.55
383.4
413.3
443.15
473.05
502.9
532.75
562.65
592.5
622.4
652.25
682.15
712
741.85
771.75
801.6
831.5
861.35
891.25
921.1
950.95
980.85
1010.7
1040.6
1070.45
1100.35
1130.2
1160.05
1189.95
1219.8
1249.7
1279.55
1309.4
1339.3
1369.15
1399.05
1428.9
1458.8
1488.65
1518.5
1548.4
1578.25
1608.15
1638
1667.9
1697.75
1727.6
1757.5
1787.35
1817.25
1847.1
1877
1906.85
1936.7
1966.6
1996.45
2026.35
2056.2
2086.1
2115.95
2145.8
2175.7
2205.55
2235.45
2265.3
2295.2
2325.05
2354.9
2384.8
2414.65
2444.55
2474.4
2504.3
2534.15
2564
2593.9
2623.75
2653.65
2683.5
2713.4
2743.25
2773.1
2803
2832.85
2862.75
2892.6
2922.5
2952.35
2982.2
3012.1
3041.95
3071.85
3101.7
3131.6
3161.45
3191.3
3221.2
3251.05
3280.95
3310.8
3340.7
3370.55
3400.4
3430.3
3460.15
3490.05
3519.9
3549.8
3579.65
3609.5
3639.4
3669.25
3699.15
3729
3758.9
3788.75
3818.6
3848.5
3878.35
3908.25
3938.1
3968
3997.85
4027.7
4057.6
4087.45
4117.35
4147.2
4177.1
4206.95
4236.8
4266.7
4296.55
4326.45
4356.3
4386.2
4416.05
4445.9
4475.8
4505.65
4535.55
4565.4
4595.3
4625.15
4655
4684.9
4714.75
4744.65
4774.5
4804.4
4834.25
4864.1
4894
4923.85
4953.75
4983.6
-1000
0.05
26
52.2
77.05
102.55
129.2
157
185.6
214.7
244.1
273.65
303.3
333.05
362.9
392.7
422.55
452.4
482.2
512.1
541.95
571.85
601.7
631.6
661.45
691.3
721.15
751.05
780.95
810.8
840.7
870.55
900.4
930.3
960.15
990.05
1019.9
1049.8
1079.65
1109.5
1139.4
1169.25
1199.15
1229
1258.9
1288.75
1318.6
1348.5
1378.35
1408.25
1438.1
1468
1497.85
1527.7
1557.6
1587.45
1617.35
1647.2
1677.1
1706.95
1736.8
1766.7
1796.55
1826.45
1856.3
1886.2
1916.05
1945.9
1975.8
2005.65
2035.55
2065.4
2095.25
2125.1
2155
2184.9
2214.75
2244.65
2274.5
2304.35
2334.2
2364.1
2394
2423.85
2453.75
2483.6
2513.45
2543.3
2573.2
2603.1
2632.95
2662.85
2692.7
2722.55
2752.4
2782.3
2812.2
2842.05
2871.95
2901.8
2931.65
2961.5
2991.4
3021.3
3051.15
3081.05
3110.9
3140.75
3170.6
3200.5
3230.4
3260.25
3290.15
3320
3349.85
3379.7
3409.6
3439.5
3469.35
3499.25
3529.1
3558.95
3588.8
3618.7
3648.6
3678.45
3708.35
3738.2
3768.05
3797.9
3827.8
3857.7
3887.55
3917.45
3947.3
3977.15
4007
4036.9
4066.8
4096.65
4126.55
4156.4
4186.25
4216.1
4246
4275.9
4305.75
4335.65
4365.5
4395.35
4425.2
4455.1
4485
4514.85
4544.75
4574.6
4604.45
4634.3
4664.2
4694.1
4723.95
4753.85
4783.7
4813.55
4843.4
4873.3
4903.2
4933.05
4962.95
