0.05
25.45
55.9
86.35
116.8
147.25
177.7
208.1
238.55
269
299.45
329.9
360.35
390.75
421.2
451.65
482.1
512.55
543
573.4
603.85
634.3
664.75
695.2
725.6
756.05
786.5
816.95
847.4
877.85
908.25
938.7
969.15
999.6
1030.05
1060.5
1090.9
1121.35
1151.8
1182.25
1212.7
1243.1
1273.55
1304
1334.45
1364.9
1395.35
1425.75
1456.2
1486.65
1517.1
1547.55
1578
1608.4
1638.85
1669.3
1699.75
1730.2
1760.65
1791.05
1821.5
1851.95
1882.4
1912.85
1943.25
1973.7
2004.15
2034.6
2065.05
2095.5
2125.9
2156.35
2186.8
2217.25
2247.7
2278.15
2308.55
2339
2369.45
2399.9
2430.35
2460.75
2491.2
2521.65
2552.1
2582.55
2613
2643.4
2673.85
2704.3
2734.75
2765.2
2795.65
2826.05
2856.5
2886.95
2917.4
2947.85
2978.3
3008.7
3039.15
3069.6
3100.05
3130.5
3160.9
3191.35
3221.8
3252.25
3282.7
3313.15
3343.55
3374
3404.45
3434.9
3465.35
3495.8
3526.2
3556.65
3587.1
3617.55
3648
3678.4
3708.85
3739.3
3769.75
3800.2
3830.65
3861.05
3891.5
3921.95
3952.4
3982.85
4013.3
4043.7
4074.15
4104.6
4135.05
4165.5
4195.95
4226.35
4256.8
4287.25
4317.7
4348.15
4378.55
4409
4439.45
4469.9
4500.35
4530.8
4561.2
4591.65
4622.1
4652.55
4683
4713.45
4743.85
4774.3
4804.75
4835.2
4865.65
4896.05
4926.5
4956.95
4987.4
-1000
0.05
26
51.2
77.4
105.1
133.85
163.25
193.05
223.1
253.25
283.5
313.8
344.15
374.5
404.85
435.25
465.7
496.1
526.55
556.95
587.35
617.8
648.25
678.7
709.15
739.55
770
800.45
830.9
861.35
891.75
922.2
952.65
983.1
1013.55
1044
1074.4
1104.85
1135.3
1165.75
1196.2
1226.65
1257.05
1287.5
1317.95
1348.4
1378.85
1409.25
1439.7
1470.15
1500.6
1531.05
1561.5
1591.9
1622.35
1652.8
1683.25
1713.7
1744.15
1774.55
1805
1835.45
1865.9
1896.35
1926.8
1957.2
1987.65
2018.1
2048.55
2079
2109.4
2139.85
2170.3
2200.75
2231.2
2261.65
2292.05
2322.5
2352.95
2383.4
2413.85
2444.3
2474.7
2505.15
2535.6
2566.05
2596.5
2626.9
2657.35
2687.8
2718.25
2748.7
2779.15
2809.55
2840
2870.45
2900.9
2931.35
2961.8
2992.2
3022.65
3053.1
3083.55
3114
3144.45
3174.85
3205.3
3235.75
3266.2
3296.65
3327.05
3357.5
3387.95
3418.4
3448.85
3479.3
3509.7
3540.15
3570.6
3601.05
3631.5
3661.95
3692.35
3722.8
3753.25
3783.7
3814.15
3844.55
3875
3905.45
3935.9
3966.35
3996.8
4027.2
4057.65
4088.1
4118.55
4149
4179.45
4209.85
4240.3
4270.75
4301.2
4331.65
4362.1
4392.5
4422.95
4453.4
4483.85
4514.3
4544.7
4575.15
4605.6
4636.05
4666.5
4696.95
4727.35
4757.8
4788.25
4818.7
4849.15
4879.6
4910
4940.45
4970.9
