0.05
26.6
58.25
89.9
121.6
153.25
184.9
216.55
248.25
279.9
311.55
343.2
374.9
406.55
438.2
469.9
501.55
533.2
564.85
596.55
628.2
659.85
691.5
723.2
754.85
786.5
818.2
849.85
881.5
913.15
944.85
976.5
1008.15
1039.8
1071.5
1103.15
1134.8
1166.45
1198.15
1229.8
1261.45
1293.15
1324.8
1356.45
1388.1
1419.8
1451.45
1483.1
1514.75
1546.45
1578.1
1609.75
1641.4
1673.1
1704.75
1736.4
1768.1
1799.75
1831.4
1863.05
1894.75
1926.4
1958.05
1989.7
2021.4
2053.05
2084.7
2116.4
2148.05
2179.7
2211.35
2243.05
2274.7
2306.35
2338
2369.7
2401.35
2433
2464.65
2496.35
2528
2559.65
2591.35
2623
2654.65
2686.3
2718
2749.65
2781.3
2812.95
2844.65
2876.3
2907.95
2939.65
2971.3
3002.95
3034.6
3066.3
3097.95
3129.6
3161.25
3192.95
3224.6
3256.25
3287.9
3319.6
3351.25
3382.9
3414.6
3446.25
3477.9
3509.55
3541.25
3572.9
3604.55
3636.2
3667.9
3699.55
3731.2
3762.85
3794.55
3826.2
3857.85
3889.55
3921.2
3952.85
3984.5
4016.2
4047.85
4079.5
4111.15
4142.85
4174.5
4206.15
4237.85
4269.5
4301.15
4332.8
4364.5
4396.15
4427.8
4459.45
4491.15
4522.8
4554.45
4586.1
4617.8
4649.45
4681.1
4712.8
4744.45
4776.1
4807.75
4839.45
4871.1
4902.75
4934.4
4966.1
4997.75
-1000
0.05
26
54.35
83.95
114.3
145
175.85
206.75
237.4
267.5
296.45
322
347.15
373.8
402.3
432.05
462.5
493.2
524.05
554.9
585.55
615.55
644.2
669.55
694.8
721.65
750.35
780.2
810.65
841.4
872.3
903.1
933.7
963.6
992.05
1017.2
1042.6
1069.6
1098.45
1128.35
1158.85
1189.65
1220.5
1251.35
1281.9
1311.7
1339.9
1365
1390.45
1417.65
1446.6
1476.55
1507.1
1537.9
1568.75
1599.6
1630.1
1659.8
1687.9
1713
1738.5
1765.8
1794.75
1824.75
1855.3
1886.1
1917
1947.8
1978.3
2007.9
2035.8
2060.85
2086.45
2113.85
2142.9
2173
2203.55
2234.35
2265.25
2296.05
2326.5
2356.05
2383.75
2408.8
2434.5
2462
2491.15
2521.25
2551.85
2582.65
2613.5
2644.3
2674.75
2704.25
2731.95
2757
2782.7
2810.25
2839.4
2869.5
2900.1
2930.9
2961.8
2992.6
3023
3052.55
3080.25
3105.1
3130.85
3158.45
3187.65
3217.8
3248.4
3279.2
3310.05
3340.85
3371.25
3400.75
3428.45
3453.3
3479.1
3506.7
3535.9
3566.05
3596.65
3627.45
3658.35
3689.1
3719.5
3748.95
3776.55
3801.6
3827.35
3855
3884.2
3914.35
3944.95
3975.75
4006.65
4037.4
4067.8
4097.25
4124.85
4149.9
4175.65
4203.3
4232.5
4262.65
4293.25
4324.05
4354.95
4385.75
4416.1
4445.6
4473.25
4498.25
4524
4551.65
4580.85
