0.05
22.1
48.8
75.5
102.2
128.9
155.65
182.35
209.05
235.75
262.45
289.15
315.85
342.6
369.3
396
422.7
449.4
476.1
502.8
529.55
556.25
582.95
609.65
636.35
663.05
689.75
716.5
743.2
769.9
796.6
823.3
850
876.75
903.45
930.15
956.85
983.55
1010.25
1036.95
1063.7
1090.4
1117.1
1143.8
1170.5
1197.2
1223.9
1250.65
1277.35
1304.05
1330.75
1357.45
1384.15
1410.85
1437.6
1464.3
1491
1517.7
1544.4
1571.1
1597.8
1624.55
1651.25
1677.95
1704.65
1731.35
1758.05
1784.8
1811.5
1838.2
1864.9
1891.6
1918.3
1945
1971.75
1998.45
2025.15
2051.85
2078.55
2105.25
2131.95
2158.7
2185.4
2212.1
2238.8
2265.5
2292.2
2318.9
2345.65
2372.35
2399.05
2425.75
2452.45
2479.15
2505.85
2532.6
2559.3
2586
2612.7
2639.4
2666.1
2692.8
2719.55
2746.25
2772.95
2799.65
2826.35
2853.05
2879.8
2906.5
2933.2
2959.9
2986.6
3013.3
3040
3066.75
3093.45
3120.15
3146.85
3173.55
3200.25
3226.95
3253.7
3280.4
3307.1
3333.8
3360.5
3387.2
3413.9
3440.65
3467.35
3494.05
3520.75
3547.45
3574.15
3600.85
3627.6
3654.3
3681
3707.7
3734.4
3761.1
3787.85
3814.55
3841.25
3867.95
3894.65
3921.35
3948.05
3974.8
4001.5
4028.2
4054.9
4081.6
4108.3
4135
4161.75
4188.45
4215.15
4241.85
4268.55
4295.25
4321.95
4348.7
4375.4
4402.1
4428.8
4455.5
4482.2
4508.9
4535.65
4562.35
4589.05
4615.75
4642.45
4669.15
4695.9
4722.6
4749.3
4776
4802.7
4829.4
4856.1
4882.85
4909.55
4936.25
4962.95
4989.65
-1000
0.05
26
52.7
79.35
106.05
132.7
159.4
186
212.75
239.5
266.2
292.9
319.6
346.3
372.95
399.7
426.4
453.15
479.85
506.55
533.25
559.9
586.65
613.35
640.1
666.8
693.5
720.2
746.85
773.6
800.3
827.05
853.75
880.45
907.1
933.85
960.55
987.3
1014
1040.7
1067.4
1094.05
1120.8
1147.5
1174.25
1200.95
1227.65
1254.35
1281
1307.75
1334.45
1361.2
1387.9
1414.6
1441.3
1467.95
1494.7
1521.4
1548.15
1574.85
1601.55
1628.25
1654.9
1681.65
1708.35
1735.1
1761.8
1788.5
1815.2
1841.95
1868.65
1895.35
1922.05
1948.8
1975.5
2002.1
2028.85
2055.55
2082.3
2109
2135.7
2162.4
2189.05
2215.8
2242.5
2269.25
2295.95
2322.65
2349.35
2376
2402.75
2429.45
2456.2
2482.9
2509.6
2536.3
2562.95
2589.7
2616.4
2643.15
2669.85
2696.55
2723.25
2750
2776.7
2803.4
2830.1
2856.85
2883.55
2910.15
2936.9
2963.6
2990.35
3017.05
3043.75
3070.45
3097.1
3123.85
3150.55
3177.3
3204
3230.7
3257.4
3284.05
3310.8
3337.5
3364.25
3390.95
3417.65
3444.35
3471
3497.75
3524.45
3551.2
3577.9
3604.6
3631.3
3657.95
3684.7
3711.4
3738.15
3764.85
3791.55
3818.2
3844.95
3871.65
3898.4
3925.1
3951.8
3978.5
4005.15
4031.9
4058.6
4085.35
4112.05
4138.75
4165.45
4192.1
4218.85
4245.55
4272.3
4299
4325.7
4352.4
4379.05
4405.8
4432.5
4459.25
4485.95
4512.65
4539.35
4566
4592.75
4619.45
4646.2
4672.9
4699.6
4726.3
4753.05
4779.75
4806.45
4833.15
4859.9
4886.6
4913.2
4939.95
4966.65
4993.4
