0.05
22.5
49.6
76.75
103.9
131.05
158.2
185.35
212.45
239.6
266.75
293.9
321.05
348.2
375.3
402.45
429.6
456.75
483.9
511.05
538.15
565.3
592.45
619.6
646.75
673.9
701
728.15
755.3
782.45
809.6
836.75
863.85
891
918.15
945.3
972.45
999.55
1026.7
1053.85
1081
1108.15
1135.3
1162.4
1189.55
1216.7
1243.85
1271
1298.15
1325.25
1352.4
1379.55
1406.7
1433.85
1461
1488.1
1515.25
1542.4
1569.55
1596.7
1623.85
1650.95
1678.1
1705.25
1732.4
1759.55
1786.7
1813.8
1840.95
1868.1
1895.25
1922.4
1949.5
1976.65
2003.8
2030.95
2058.1
2085.25
2112.35
2139.5
2166.65
2193.8
2220.95
2248.1
2275.2
2302.35
2329.5
2356.65
2383.8
2410.95
2438.05
2465.2
2492.35
2519.5
2546.65
2573.8
2600.9
2628.05
2655.2
2682.35
2709.5
2736.65
2763.75
2790.9
2818.05
2845.2
2872.35
2899.5
2926.6
2953.75
2980.9
3008.05
3035.2
3062.3
3089.45
3116.6
3143.75
3170.9
3198.05
3225.15
3252.3
3279.45
3306.6
3333.75
3360.9
3388
3415.15
3442.3
3469.45
3496.6
3523.75
3550.85
3578
3605.15
3632.3
3659.45
3686.6
3713.7
3740.85
3768
3795.15
3822.3
3849.45
3876.55
3903.7
3930.85
3958
3985.15
4012.25
4039.4
4066.55
4093.7
4120.85
4148
4175.1
4202.25
4229.4
4256.55
4283.7
4310.85
4337.95
4365.1
4392.25
4419.4
4446.55
4473.7
4500.8
4527.95
4555.1
4582.25
4609.4
4636.55
4663.65
4690.8
4717.95
4745.1
4772.25
4799.4
4826.5
4853.65
4880.8
4907.95
4935.1
4962.2
4989.35
-1000
0.05
26
52.8
79.7
106.7
133.7
160.8
187.9
214.95
242.05
269.2
296.35
323.5
350.65
377.7
404.9
432.05
459.2
486.35
513.5
540.55
567.75
594.9
622.05
649.2
676.35
703.4
730.6
757.75
784.9
812.05
839.2
866.25
893.45
920.6
947.75
974.9
1002.05
1029.2
1056.35
1083.5
1110.65
1137.8
1164.85
1192
1219.15
1246.3
1273.45
1300.6
1327.65
1354.85
1382
1409.15
1436.3
1463.45
1490.5
1517.7
1544.85
1572
1599.15
1626.3
1653.35
1680.55
1707.7
1734.85
1762
1789.15
1816.2
1843.4
1870.55
1897.7
1924.85
1952
1979.15
2006.3
2033.45
2060.6
2087.75
2114.85
2142
2169.15
2196.3
2223.45
2250.6
2277.65
2304.8
2331.95
2359.1
2386.25
2413.4
2440.45
2467.65
2494.8
2521.95
2549.1
2576.25
2603.3
2630.5
2657.65
2684.8
2711.95
2739.1
2766.15
2793.35
2820.5
2847.65
2874.8
2901.95
2929.1
2956.25
2983.4
3010.55
3037.7
3064.8
3091.95
3119.1
3146.25
3173.4
3200.55
3227.6
3254.75
3281.9
3309.05
3336.2
3363.35
3390.4
3417.6
3444.75
3471.9
3499.05
3526.2
3553.25
3580.45
3607.6
3634.75
3661.9
3689.05
3716.1
3743.3
3770.45
3797.6
3824.75
3851.9
3879.05
3906.2
3933.35
3960.5
3987.65
4014.75
4041.9
4069.05
4096.2
4123.35
4150.5
4177.55
4204.7
4231.85
4259
4286.15
4313.3
4340.35
4367.55
4394.7
4421.85
4449
4476.15
4503.2
4530.4
4557.55
4584.7
4611.85
4639
4666.05
4693.25
4720.4
4747.55
4774.7
4801.85
4828.9
4856.1
4883.25
4910.4
4937.55
4964.7
4991.85
