0.05
18.9
42
65.15
88.25
111.4
134.55
157.65
180.8
203.9
227.05
250.2
273.3
296.45
319.55
342.7
365.85
388.95
412.1
435.2
458.35
481.45
504.6
527.75
550.85
574
597.1
620.25
643.4
666.5
689.65
712.75
735.9
759.05
782.15
805.3
828.4
851.55
874.7
897.8
920.95
944.05
967.2
990.3
1013.45
1036.6
1059.7
1082.85
1105.95
1129.1
1152.25
1175.35
1198.5
1221.6
1244.75
1267.9
1291
1314.15
1337.25
1360.4
1383.5
1406.65
1429.8
1452.9
1476.05
1499.15
1522.3
1545.45
1568.55
1591.7
1614.8
1637.95
1661.1
1684.2
1707.35
1730.45
1753.6
1776.7
1799.85
1823
1846.1
1869.25
1892.35
1915.5
1938.65
1961.75
1984.9
2008
2031.15
2054.3
2077.4
2100.55
2123.65
2146.8
2169.9
2193.05
2216.2
2239.3
2262.45
2285.55
2308.7
2331.85
2354.95
2378.1
2401.2
2424.35
2447.5
2470.6
2493.75
2516.85
2540
2563.1
2586.25
2609.4
2632.5
2655.65
2678.75
2701.9
2725.05
2748.15
2771.3
2794.4
2817.55
2840.7
2863.8
2886.95
2910.05
2933.2
2956.35
2979.45
3002.6
3025.7
3048.85
3071.95
3095.1
3118.25
3141.35
3164.5
3187.6
3210.75
3233.9
3257
3280.15
3303.25
3326.4
3349.55
3372.65
3395.8
3418.9
3442.05
3465.15
3488.3
3511.45
3534.55
3557.7
3580.8
3603.95
3627.1
3650.2
3673.35
3696.45
3719.6
3742.75
3765.85
3789
3812.1
3835.25
3858.35
3881.5
3904.65
3927.75
3950.9
3974
3997.15
4020.3
4043.4
4066.55
4089.65
4112.8
4135.95
4159.05
4182.2
4205.3
4228.45
4251.55
4274.7
4297.85
4320.95
4344.1
4367.2
4390.35
4413.5
4436.6
-1000
0.05
26
52.3
77.8
102.95
128
153.05
178.5
206.7
234.35
260.55
285.9
311.05
336.1
361.15
386.7
414.9
442.55
468.75
494.25
519.35
544.4
569.3
594.85
623.05
650.7
676.8
702.3
727.45
752.45
777.55
803
831.2
858.85
885.05
910.55
935.7
960.7
985.8
1011.45
1039.75
1067.2
1093.35
1118.85
1143.95
1169
1193.9
1219.55
1247.8
1275.35
1301.4
1326.9
1352.05
1377.05
1402.15
1427.85
1456.15
1483.65
1509.8
1535.2
1560.35
1585.2
1610.3
1635.95
1664.25
1691.7
1717.85
1743.35
1768.45
1793.5
1818.55
1844.4
1872.7
1900.15
1926.25
1951.65
1976.6
2001.65
2026.7
2052.55
2080.9
2108.3
2134.4
2159.8
2184.95
2209.95
2235.05
2261
2289.4
2316.7
2342.75
2368
2393.1
2418.1
2443.2
2469.3
2497.65
2524.95
2550.95
2576.35
2601.45
2626.45
2651.4
2677.55
2705.95
2733.2
2759.05
2784.45
2809.55
2834.55
2859.7
2885.9
2914.3
2941.45
2967.45
2992.8
3017.85
3042.9
3068.05
3094.75
3123.1
3150
3175.85
3201.15
3226.25
3251.25
3276.25
3303.15
3331.5
3358.4
3384.1
3409.4
3434.45
3459.5
3484.65
3512.1
3540.25
3566.95
3592.7
3617.95
3643
3667.85
3693.05
3720.8
3748.9
3775.35
3801
3826.25
3851.3
3876.35
3901.6
3929.4
3957.4
3983.85
4009.45
4034.65
4059.5
4084.55
4109.85
4137.7
4165.6
4192.05
4217.65
4242.8
4267.85
4292.9
4318.3
4346.25
4374.1
4400.45
4426
4451
4476
4501.1
4526.45
4554.45
4582.3
4608.65
4634.15
4659.35
4684.35
4709.4
4734.9
4763.05
4790.75
4817
4842.35
4867.5
4892.55
4917.6
4943.15
4971.25
4998.95
