0.05
18.6
41.45
64.3
87.1
109.95
132.8
155.6
178.45
201.3
224.1
246.95
269.8
292.6
315.45
338.3
361.1
383.95
406.8
429.6
452.45
475.3
498.1
520.95
543.8
566.6
589.45
612.3
635.1
657.95
680.8
703.6
726.45
749.3
772.1
794.95
817.8
840.6
863.45
886.25
909.1
931.95
954.75
977.6
1000.45
1023.25
1046.1
1068.95
1091.75
1114.6
1137.45
1160.25
1183.1
1205.95
1228.75
1251.6
1274.45
1297.25
1320.1
1342.95
1365.75
1388.6
1411.45
1434.25
1457.1
1479.95
1502.75
1525.6
1548.45
1571.25
1594.1
1616.95
1639.75
1662.6
1685.45
1708.25
1731.1
1753.95
1776.75
1799.6
1822.45
1845.25
1868.1
1890.95
1913.75
1936.6
1959.45
1982.25
2005.1
2027.9
2050.75
2073.6
2096.4
2119.25
2142.1
2164.9
2187.75
2210.6
2233.4
2256.25
2279.1
2301.9
2324.75
2347.6
2370.4
2393.25
2416.1
2438.9
2461.75
2484.6
2507.4
2530.25
2553.1
2575.9
2598.75
2621.6
2644.4
2667.25
2690.1
2712.9
2735.75
2758.6
2781.4
2804.25
2827.1
2849.9
2872.75
2895.6
2918.4
2941.25
2964.1
2986.9
3009.75
3032.6
3055.4
3078.25
3101.05
3123.9
3146.75
3169.55
3192.4
3215.25
3238.05
3260.9
3283.75
3306.55
3329.4
3352.25
3375.05
3397.9
3420.75
3443.55
3466.4
3489.25
3512.05
3534.9
3557.75
3580.55
3603.4
3626.25
3649.05
3671.9
3694.75
3717.55
3740.4
3763.25
3786.05
3808.9
3831.75
3854.55
3877.4
3900.25
3923.05
3945.9
3968.75
3991.55
4014.4
4037.25
4060.05
4082.9
4105.75
4128.55
4151.4
4174.25
4197.05
4219.9
4242.7
4265.55
4288.4
4311.2
4334.05
4356.9
-1000
0.05
26.2
54.45
81.65
107.55
132.8
157.85
182.9
208.5
236.7
264
290
315.3
340.35
365.25
390.6
418.6
446.15
472.25
497.5
522.6
547.6
572.7
600.45
628.2
654.45
679.95
704.9
729.9
755.05
782.75
810.65
836.9
862.4
887.5
912.55
937.7
965.4
993.3
1019.65
1045.15
1070.25
1095.25
1120.45
1148.2
1176.05
1202.4
1227.85
1252.95
1278
1303.15
1330.9
1358.75
1385.05
1410.55
1435.5
1460.5
1485.7
1513.35
1541.25
1567.5
1593
1618.15
1643
1668.15
1695.6
1723.6
1750.05
1775.45
1800.6
1825.65
1850.6
1877.7
1905.8
1932.4
1958
1983.15
2008.15
2033.3
2060.45
2088.55
2115.1
2140.7
2165.85
2190.9
2216
2243.25
2271.35
2297.85
2323.45
2348.6
2373.6
2398.75
2426.15
2454.15
2480.65
2506.2
2531.35
2556.35
2581.35
2608.6
2636.65
2663.15
2688.75
2713.75
2738.75
2763.9
2790.8
2819
2845.5
2871.15
2896.35
2921.2
2946.3
2972.7
3000.95
3027.8
3053.4
3078.65
3103.65
3128.75
3154.8
3183.1
3210.1
3235.9
3261.15
3286.2
3311.25
3337.15
3365.4
3392.55
3418.4
3443.7
3468.7
3493.8
3519.45
3547.7
3574.95
3600.85
3626.15
3651.05
3676.1
3701.5
3729.55
3757.05
3783
3808.4
3833.5
3858.35
3883.6
3911.35
3939.1
3965.35
3990.65
4015.75
4040.8
4065.8
4093.55
4121.4
4147.75
4173.25
4198.35
4223.35
4248.55
4276.3
4304.15
4330.5
4355.95
4381.05
4406.1
4431.3
4459
4486.85
4513.2
4538.65
4563.75
4588.8
4613.95
4641.7
4669.55
4695.85
4721.35
4746.45
4771.45
4796.5
4824.25
4852.05
4878.4
4903.9
4928.85
4953.9
4979.05
