0.05
23.3
51.4
79.45
107.5
135.55
163.65
191.7
219.75
247.8
275.9
303.95
332
360.05
388.15
416.2
444.25
472.3
500.4
528.45
556.5
584.55
612.65
640.7
668.75
696.8
724.9
752.95
781
809.05
837.15
865.2
893.25
921.3
949.4
977.45
1005.5
1033.55
1061.65
1089.7
1117.75
1145.8
1173.9
1201.95
1230
1258.05
1286.15
1314.2
1342.25
1370.3
1398.4
1426.45
1454.5
1482.6
1510.65
1538.7
1566.75
1594.85
1622.9
1650.95
1679
1707.1
1735.15
1763.2
1791.25
1819.35
1847.4
1875.45
1903.5
1931.6
1959.65
1987.7
2015.75
2043.85
2071.9
2099.95
2128
2156.1
2184.15
2212.2
2240.25
2268.35
2296.4
2324.45
2352.5
2380.6
2408.65
2436.7
2464.75
2492.85
2520.9
2548.95
2577
2605.1
2633.15
2661.2
2689.25
2717.35
2745.4
2773.45
2801.5
2829.6
2857.65
2885.7
2913.75
2941.85
2969.9
2997.95
3026
3054.1
3082.15
3110.2
3138.25
3166.35
3194.4
3222.45
3250.55
3278.6
3306.65
3334.7
3362.8
3390.85
3418.9
3446.95
3475.05
3503.1
3531.15
3559.2
3587.3
3615.35
3643.4
3671.45
3699.55
3727.6
3755.65
3783.7
3811.8
3839.85
3867.9
3895.95
3924.05
3952.1
3980.15
4008.2
4036.3
4064.35
4092.4
4120.45
4148.55
4176.6
4204.65
4232.7
4260.8
4288.85
4316.9
4344.95
4373.05
4401.1
4429.15
4457.2
4485.3
4513.35
4541.4
4569.45
4597.55
4625.6
4653.65
4681.7
4709.8
4737.85
4765.9
4793.95
4822.05
4850.1
4878.15
4906.2
4934.3
4962.35
4990.4
-1000
0.05
26
51.85
78.25
105.3
132.7
160.3
188.05
216
243.95
272
299.95
328
356.1
384.15
412.15
440.25
468.3
496.4
524.4
552.5
580.55
608.65
636.65
664.75
692.8
720.9
748.95
777.05
805.1
833.15
861.2
889.3
917.35
945.4
973.45
1001.55
1029.6
1057.65
1085.7
1113.8
1141.85
1169.9
1197.95
1226.05
1254.1
1282.15
1310.2
1338.3
1366.35
1394.4
1422.45
1450.55
1478.6
1506.65
1534.7
1562.8
1590.85
1618.85
1646.95
1675
1703.1
1731.1
1759.2
1787.25
1815.35
1843.35
1871.45
1899.5
1927.6
1955.6
1983.7
2011.75
2039.85
2067.85
2095.95
2124
2152.1
2180.1
2208.2
2236.25
2264.35
2292.35
2320.45
2348.5
2376.6
2404.6
2432.7
2460.75
2488.85
2516.9
2545
2573.05
2601.1
2629.15
2657.25
2685.3
2713.35
2741.4
2769.5
2797.55
2825.6
2853.65
2881.75
2909.8
2937.85
2965.9
2994
3022.05
3050.1
3078.15
3106.25
3134.3
3162.35
3190.4
3218.5
3246.55
3274.6
3302.65
3330.75
3358.8
3386.8
3414.9
3442.95
3471.05
3499.05
3527.15
3555.2
3583.3
3611.3
3639.4
3667.45
3695.55
3723.55
3751.65
3779.7
3807.8
3835.8
3863.9
3891.95
3920.05
3948.05
3976.15
4004.2
4032.3
4060.3
4088.4
4116.45
4144.55
4172.6
4200.7
4228.75
4256.8
4284.85
4312.95
4341
4369.05
4397.1
4425.2
4453.25
4481.3
4509.35
4537.45
4565.5
4593.55
4621.6
4649.7
4677.75
4705.8
4733.85
4761.95
4790
4818.05
4846.1
4874.2
4902.25
4930.3
4958.35
4986.45
