0.05
18.6
41.45
64.3
87.1
109.95
132.8
155.6
178.45
201.3
224.1
246.95
269.8
292.6
315.45
338.3
361.1
383.95
406.8
429.6
452.45
475.3
498.1
520.95
543.8
566.6
589.45
612.3
635.1
657.95
680.8
703.6
726.45
749.3
772.1
794.95
817.8
840.6
863.45
886.25
909.1
931.95
954.75
977.6
1000.45
1023.25
1046.1
1068.95
1091.75
1114.6
1137.45
1160.25
1183.1
1205.95
1228.75
1251.6
1274.45
1297.25
1320.1
1342.95
1365.75
1388.6
1411.45
1434.25
1457.1
1479.95
1502.75
1525.6
1548.45
1571.25
1594.1
1616.95
1639.75
1662.6
1685.45
1708.25
1731.1
1753.95
1776.75
1799.6
1822.45
1845.25
1868.1
1890.95
1913.75
1936.6
1959.45
1982.25
2005.1
2027.9
2050.75
2073.6
2096.4
2119.25
2142.1
2164.9
2187.75
2210.6
2233.4
2256.25
2279.1
2301.9
2324.75
2347.6
2370.4
2393.25
2416.1
2438.9
2461.75
2484.6
2507.4
2530.25
2553.1
2575.9
2598.75
2621.6
2644.4
2667.25
2690.1
2712.9
2735.75
2758.6
2781.4
2804.25
2827.1
2849.9
2872.75
2895.6
2918.4
2941.25
2964.1
2986.9
3009.75
3032.6
3055.4
3078.25
3101.05
3123.9
3146.75
3169.55
3192.4
3215.25
3238.05
3260.9
3283.75
3306.55
3329.4
3352.25
3375.05
3397.9
3420.75
3443.55
3466.4
3489.25
3512.05
3534.9
3557.75
3580.55
3603.4
3626.25
3649.05
3671.9
3694.75
3717.55
3740.4
3763.25
3786.05
3808.9
3831.75
3854.55
3877.4
3900.25
3923.05
3945.9
3968.75
3991.55
4014.4
4037.25
4060.05
4082.9
4105.75
4128.55
4151.4
4174.25
4197.05
4219.9
4242.7
4265.55
4288.4
4311.2
4334.05
4356.9
-1000
0.05
26
53.25
81.35
107.9
133.45
158.6
183.65
208.75
236.1
264.15
290.65
316.2
341.35
366.2
391.35
418.5
446.6
473.15
498.6
523.75
548.8
573.75
600.4
628.55
655.35
681.05
706.1
731.1
756.2
782.25
810.55
837.45
863.25
888.5
913.55
938.6
964.45
992.7
1019.85
1045.75
1071
1096.05
1121.1
1146.75
1174.95
1202.25
1228.2
1253.5
1278.55
1303.6
1329.1
1357.25
1384.65
1410.65
1435.85
1460.95
1485.95
1511.1
1539
1566.6
1592.8
1618.25
1643.2
1668.2
1693.4
1721.05
1748.9
1775.1
1800.6
1825.7
1850.6
1875.75
1903.35
1931.3
1957.7
1983.2
2008.3
2033.35
2058.5
2086.25
2114.15
2140.45
2165.95
2191.05
2216.1
2241.25
2269
2296.9
2323.2
2348.65
2373.8
2398.8
2424
2451.7
2479.6
2505.9
2531.35
2556.45
2581.35
2606.5
2634.2
2662.1
2688.45
2713.8
2738.95
2763.95
2788.95
2816.45
2844.4
2870.85
2896.4
2921.35
2946.4
2971.5
2998.75
3026.85
3053.25
3078.85
3104
3129.05
3154.15
3181.4
3209.5
3236
3261.6
3286.75
3311.75
3336.9
3364.3
3392.3
3418.8
3444.35
3469.5
3494.5
3519.65
3547.25
3575.2
3601.6
3627.15
3652.1
3677.15
3702.25
3729.7
3757.7
3784.05
3809.65
3834.75
3859.65
3884.75
3911.85
3939.95
3966.55
3992
4017.2
4042.2
4067.15
4093.7
4121.9
4148.7
4174.4
4199.6
4224.65
4249.75
4276.15
4304.4
4331.25
4357
4382.2
4407.25
4432.3
4458.55
4486.8
4513.75
4539.55
4564.75
4589.8
4614.85
4640.9
4669.15
4696.2
4722.05
4747.3
4772.3
4797.2
4822.85
4851.05
4878.35
4904.3
4929.45
4954.5
4979.55
