0.05
24
52.8
81.6
110.4
139.2
168
196.8
225.6
254.45
283.25
312.05
340.85
369.65
398.45
427.25
456.05
484.85
513.65
542.45
571.3
600.1
628.9
657.7
686.5
715.3
744.1
772.9
801.7
830.5
859.35
888.15
916.95
945.75
974.55
1003.35
1032.15
1060.95
1089.75
1118.55
1147.4
1176.2
1205
1233.8
1262.6
1291.4
1320.2
1349
1377.8
1406.6
1435.4
1464.25
1493.05
1521.85
1550.65
1579.45
1608.25
1637.05
1665.85
1694.65
1723.45
1752.3
1781.1
1809.9
1838.7
1867.5
1896.3
1925.1
1953.9
1982.7
2011.5
2040.3
2069.15
2097.95
2126.75
2155.55
2184.35
2213.15
2241.95
2270.75
2299.55
2328.35
2357.2
2386
2414.8
2443.6
2472.4
2501.2
2530
2558.8
2587.6
2616.4
2645.25
2674.05
2702.85
2731.65
2760.45
2789.25
2818.05
2846.85
2875.65
2904.45
2933.25
2962.1
2990.9
3019.7
3048.5
3077.3
3106.1
3134.9
3163.7
3192.5
3221.3
3250.15
3278.95
3307.75
3336.55
3365.35
3394.15
3422.95
3451.75
3480.55
3509.35
3538.15
3567
3595.8
3624.6
3653.4
3682.2
3711
3739.8
3768.6
3797.4
3826.2
3855.05
3883.85
3912.65
3941.45
3970.25
3999.05
4027.85
4056.65
4085.45
4114.25
4143.1
4171.9
4200.7
4229.5
4258.3
4287.1
4315.9
4344.7
4373.5
4402.3
4431.1
4459.95
4488.75
4517.55
4546.35
4575.15
4603.95
4632.75
4661.55
4690.35
4719.15
4748
4776.8
4805.6
4834.4
4863.2
4892
4920.8
4949.6
4978.4
-1000
0.05
26
53.75
79.7
104.7
129.9
155.75
182.45
209.9
237.85
266.1
294.55
323.2
351.95
380.7
409.45
438.25
467
495.8
524.6
553.4
582.15
611
639.8
668.65
697.45
726.25
755.05
783.85
812.65
841.45
870.2
899.05
927.85
956.7
985.5
1014.3
1043.1
1071.9
1100.7
1129.5
1158.3
1187.05
1215.9
1244.7
1273.55
1302.35
1331.15
1359.95
1388.75
1417.55
1446.35
1475.1
1503.95
1532.75
1561.6
1590.4
1619.2
1648
1676.8
1705.6
1734.4
1763.15
1791.95
1820.75
1849.6
1878.4
1907.25
1936.05
1964.85
1993.65
2022.45
2051.25
2080
2108.85
2137.65
2166.5
2195.3
2224.1
2252.9
2281.7
2310.5
2339.3
2368.05
2396.9
2425.7
2454.55
2483.35
2512.15
2540.95
2569.75
2598.55
2627.35
2656.15
2684.9
2713.75
2742.55
2771.4
2800.2
2829
2857.8
2886.6
2915.4
2944.2
2972.95
3001.8
3030.6
3059.45
3088.25
3117.05
3145.85
3174.65
3203.45
3232.25
3261
3289.85
3318.65
3347.5
3376.3
3405.1
3433.9
3462.7
3491.5
3520.3
3549.1
3577.85
3606.7
3635.5
3664.35
3693.15
3721.95
3750.75
3779.55
3808.35
3837.15
3865.9
3894.75
3923.55
3952.4
3981.2
4010
4038.8
4067.6
4096.4
4125.2
4153.95
4182.75
4211.55
4240.4
4269.2
4298.05
4326.85
4355.65
4384.45
4413.25
4442.05
4470.8
4499.65
4528.45
4557.3
4586.1
4614.9
4643.7
4672.5
4701.3
4730.1
4758.85
4787.7
4816.5
4845.35
4874.15
4902.95
4931.75
4960.55
