0.05
24
52.8
81.6
110.4
139.2
168
196.8
225.6
254.45
283.25
312.05
340.85
369.65
398.45
427.25
456.05
484.85
513.65
542.45
571.3
600.1
628.9
657.7
686.5
715.3
744.1
772.9
801.7
830.5
859.35
888.15
916.95
945.75
974.55
1003.35
1032.15
1060.95
1089.75
1118.55
1147.4
1176.2
1205
1233.8
1262.6
1291.4
1320.2
1349
1377.8
1406.6
1435.4
1464.25
1493.05
1521.85
1550.65
1579.45
1608.25
1637.05
1665.85
1694.65
1723.45
1752.3
1781.1
1809.9
1838.7
1867.5
1896.3
1925.1
1953.9
1982.7
2011.5
2040.3
2069.15
2097.95
2126.75
2155.55
2184.35
2213.15
2241.95
2270.75
2299.55
2328.35
2357.2
2386
2414.8
2443.6
2472.4
2501.2
2530
2558.8
2587.6
2616.4
2645.25
2674.05
2702.85
2731.65
2760.45
2789.25
2818.05
2846.85
2875.65
2904.45
2933.25
2962.1
2990.9
3019.7
3048.5
3077.3
3106.1
3134.9
3163.7
3192.5
3221.3
3250.15
3278.95
3307.75
3336.55
3365.35
3394.15
3422.95
3451.75
3480.55
3509.35
3538.15
3567
3595.8
3624.6
3653.4
3682.2
3711
3739.8
3768.6
3797.4
3826.2
3855.05
3883.85
3912.65
3941.45
3970.25
3999.05
4027.85
4056.65
4085.45
4114.25
4143.1
4171.9
4200.7
4229.5
4258.3
4287.1
4315.9
4344.7
4373.5
4402.3
4431.1
4459.95
4488.75
4517.55
4546.35
4575.15
4603.95
4632.75
4661.55
4690.35
4719.15
4748
4776.8
4805.6
4834.4
4863.2
4892
4920.8
4949.6
4978.4
-1000
0.05
26
51.05
76.55
102.9
130.05
157.8
185.95
214.35
242.9
271.55
300.2
329
357.8
386.6
415.4
444.2
473
501.8
530.6
559.4
588.15
617
645.8
674.65
703.45
732.25
761.05
789.85
818.65
847.45
876.2
905.05
933.85
962.7
991.5
1020.3
1049.1
1077.9
1106.7
1135.5
1164.3
1193.05
1221.9
1250.7
1279.55
1308.35
1337.15
1365.95
1394.75
1423.55
1452.35
1481.1
1509.95
1538.75
1567.6
1596.4
1625.2
1654
1682.8
1711.6
1740.4
1769.15
1797.95
1826.75
1855.6
1884.4
1913.25
1942.05
1970.85
1999.65
2028.45
2057.25
2086
2114.85
2143.65
2172.5
2201.3
2230.1
2258.9
2287.7
2316.5
2345.3
2374.05
2402.9
2431.7
2460.55
2489.35
2518.15
2546.95
2575.75
2604.55
2633.35
2662.15
2690.9
2719.75
2748.55
2777.4
2806.2
2835
2863.8
2892.6
2921.4
2950.2
2978.95
3007.8
3036.6
3065.45
3094.25
3123.05
3151.85
3180.65
3209.45
3238.25
3267
3295.85
3324.65
3353.5
3382.3
3411.1
3439.9
3468.7
3497.5
3526.3
3555.1
3583.85
3612.7
3641.5
3670.35
3699.15
3727.95
3756.75
3785.55
3814.35
3843.15
3871.9
3900.75
3929.55
3958.4
3987.2
4016
4044.8
4073.6
4102.4
4131.2
4159.95
4188.75
4217.55
4246.4
4275.2
4304.05
4332.85
4361.65
4390.45
4419.25
4448.05
4476.8
4505.65
4534.45
4563.3
4592.1
4620.9
4649.7
4678.5
4707.3
4736.1
4764.85
4793.7
4822.5
4851.35
4880.15
4908.95
4937.75
4966.55
