0.05
20.2
44.8
69.35
93.95
118.55
143.15
167.7
192.3
216.9
241.5
266.05
290.65
315.25
339.85
364.4
389
413.6
438.2
462.75
487.35
511.95
536.55
561.1
585.7
610.3
634.9
659.45
684.05
708.65
733.25
757.85
782.4
807
831.6
856.2
880.75
905.35
929.95
954.55
979.1
1003.7
1028.3
1052.9
1077.45
1102.05
1126.65
1151.25
1175.8
1200.4
1225
1249.6
1274.15
1298.75
1323.35
1347.95
1372.55
1397.1
1421.7
1446.3
1470.9
1495.45
1520.05
1544.65
1569.25
1593.8
1618.4
1643
1667.6
1692.15
1716.75
1741.35
1765.95
1790.5
1815.1
1839.7
1864.3
1888.85
1913.45
1938.05
1962.65
1987.2
2011.8
2036.4
2061
2085.6
2110.15
2134.75
2159.35
2183.95
2208.5
2233.1
2257.7
2282.3
2306.85
2331.45
2356.05
2380.65
2405.2
2429.8
2454.4
2479
2503.55
2528.15
2552.75
2577.35
2601.9
2626.5
2651.1
2675.7
2700.3
2724.85
2749.45
2774.05
2798.65
2823.2
2847.8
2872.4
2897
2921.55
2946.15
2970.75
2995.35
3019.9
3044.5
3069.1
3093.7
3118.25
3142.85
3167.45
3192.05
3216.6
3241.2
3265.8
3290.4
3314.95
3339.55
3364.15
3388.75
3413.35
3437.9
3462.5
3487.1
3511.7
3536.25
3560.85
3585.45
3610.05
3634.6
3659.2
3683.8
3708.4
3732.95
3757.55
3782.15
3806.75
3831.3
3855.9
3880.5
3905.1
3929.65
3954.25
3978.85
4003.45
4028.05
4052.6
4077.2
4101.8
4126.4
4150.95
4175.55
4200.15
4224.75
4249.3
4273.9
4298.5
4323.1
4347.65
4372.25
4396.85
4421.45
4446
4470.6
4495.2
4519.8
4544.35
4568.95
4593.55
4618.15
4642.7
4667.3
4691.9
4716.5
4741.1
4765.65
-1000
0.05
26.25
54.95
82.4
108.85
134.8
160.3
185.75
211.05
236.25
261.25
286.35
311.4
336.45
361.3
386.35
411.35
436.4
461.45
486.5
511.65
536.85
562.3
588.8
617.5
645.95
673.1
699.4
725.25
750.8
776.05
801.3
826.5
851.65
876.55
901.6
926.65
951.65
976.55
1001.55
1026.6
1051.65
1076.55
1101.7
1126.9
1152.25
1178.4
1206.85
1235.5
1262.85
1289.25
1315.15
1340.75
1366.15
1391.3
1416.5
1441.65
1466.75
1491.65
1516.65
1541.7
1566.7
1591.55
1616.6
1641.65
1666.75
1691.7
1716.9
1742.25
1768.1
1796.2
1825
1852.55
1879.1
1905.05
1930.7
1956.15
1981.45
2006.65
2031.75
2056.85
2081.9
2106.8
2131.8
2156.85
2181.85
2206.7
2231.75
2256.85
2282
2307.05
2332.4
2358.4
2386.65
2415.4
2442.85
2469.35
2495.3
2520.9
2546.3
2571.6
2596.8
2621.9
2647
2672.05
2697.1
2722.1
2747.15
2772.15
2797.2
2822.1
2847.2
2872.4
2897.65
2923.2
2951.05
2979.95
3007.65
3034.35
3060.45
3086.15
3111.45
3136.8
3162.05
3187.2
3212.3
3237.35
3262.4
3287.45
3312.45
3337.45
3362.5
3387.55
3412.65
3437.65
3462.9
3488.35
3515
3543.75
3572.1
3599.2
3625.35
3651.2
3676.75
3702.15
3727.25
3752.45
3777.55
3802.65
3827.7
3852.75
3877.75
3902.75
3927.8
3952.85
3977.9
4003.05
4028.25
4053.6
4079.75
4108.15
4136.8
4164.15
4190.6
4216.5
4242
4267.4
4292.7
4317.9
4342.9
4368
4393.05
4418.1
4442.95
4467.95
4493
4518
4543.05
4568.15
4593.3
4618.5
4643.95
4670.7
4699.5
4727.8
4754.75
4781.05
4806.9
4832.45
4857.65
4882.95
4908.1
4933.25
4958.15
4983.25
