0.05
20.35
45.1
69.85
94.65
119.4
144.15
168.95
193.7
218.45
243.2
268
292.75
317.5
342.3
367.05
391.8
416.55
441.35
466.1
490.85
515.6
540.4
565.15
589.9
614.7
639.45
664.2
688.95
713.75
738.5
763.25
788.05
812.8
837.55
862.3
887.1
911.85
936.6
961.35
986.15
1010.9
1035.65
1060.45
1085.2
1109.95
1134.7
1159.5
1184.25
1209
1233.8
1258.55
1283.3
1308.05
1332.85
1357.6
1382.35
1407.1
1431.9
1456.65
1481.4
1506.2
1530.95
1555.7
1580.45
1605.25
1630
1654.75
1679.55
1704.3
1729.05
1753.8
1778.6
1803.35
1828.1
1852.9
1877.65
1902.4
1927.15
1951.95
1976.7
2001.45
2026.2
2051
2075.75
2100.5
2125.3
2150.05
2174.8
2199.55
2224.35
2249.1
2273.85
2298.65
2323.4
2348.15
2372.9
2397.7
2422.45
2447.2
2471.95
2496.75
2521.5
2546.25
2571.05
2595.8
2620.55
2645.3
2670.1
2694.85
2719.6
2744.4
2769.15
2793.9
2818.65
2843.45
2868.2
2892.95
2917.7
2942.5
2967.25
2992
3016.8
3041.55
3066.3
3091.05
3115.85
3140.6
3165.35
3190.15
3214.9
3239.65
3264.4
3289.2
3313.95
3338.7
3363.45
3388.25
3413
3437.75
3462.55
3487.3
3512.05
3536.8
3561.6
3586.35
3611.1
3635.9
3660.65
3685.4
3710.15
3734.95
3759.7
3784.45
3809.25
3834
3858.75
3883.5
3908.3
3933.05
3957.8
3982.55
4007.35
4032.1
4056.85
4081.65
4106.4
4131.15
4155.9
4180.7
4205.45
4230.2
4255
4279.75
4304.5
4329.25
4354.05
4378.8
4403.55
4428.3
4453.1
4477.85
4502.6
4527.4
4552.15
4576.9
4601.65
4626.45
4651.2
4675.95
4700.75
4725.5
4750.25
4775
4799.8
4824.55
-1000
0.05
26
51.1
76.15
101.15
126.2
151.2
176.25
201.1
226.1
251.15
276.2
301.2
326.3
351.4
376.35
401.5
426.7
452.05
477.65
505.25
534.25
562.3
589.2
615.45
641.15
666.75
692.2
717.55
742.8
768
793.15
818.1
843.2
868.25
893.3
918.2
943.2
968.25
993.25
1018.3
1043.3
1068.35
1093.2
1118.25
1143.3
1168.35
1193.45
1218.6
1243.8
1268.95
1294.4
1320.7
1349.2
1377.95
1405.4
1431.9
1457.95
1483.65
1509.15
1534.4
1559.7
1584.95
1610.1
1635.25
1660.35
1685.4
1710.3
1735.35
1760.4
1785.4
1810.45
1835.45
1860.45
1885.5
1910.55
1935.55
1960.65
1985.55
2010.65
2035.8
2061
2086.25
2111.8
2138.65
2167.5
2195.95
2223.1
2249.5
2275.4
2301.05
2326.4
2351.8
2377.05
2402.25
2427.25
2452.4
2477.5
2502.6
2527.65
2552.65
2577.7
2602.55
2627.6
2652.6
2677.65
2702.65
2727.7
2752.75
2777.6
2802.7
2827.75
2852.9
2877.9
2903.15
2928.5
2954.3
2982.25
3011.25
3039
3065.8
3092
3117.8
3143.35
3168.75
3194.1
3219.15
3244.35
3269.5
3294.6
3319.7
3344.75
3369.8
3394.85
3419.85
3444.9
3469.9
3494.75
3519.8
3544.8
3569.85
3594.9
3619.95
3645.05
3670.05
3695.2
3720.45
3745.85
3771.75
3799.8
3828.7
3856.45
3883.2
3909.3
3934.95
3960.55
3985.95
4011.25
4036.5
4061.7
4086.8
4111.75
4136.85
4161.9
4186.95
4212
4237
4262.05
4286.9
4311.9
4336.95
4361.95
4386.85
4411.9
4436.95
4462
4487.1
4512.25
4537.45
4562.65
4588.15
4614.9
4643.7
4672.2
4699.4
4725.7
4751.7
4777.35
4802.85
4828.1
4853.35
4878.6
4903.75
4928.9
4953.95
4979.05
