0.05
19
42.3
65.6
88.85
112.15
135.45
158.7
182
205.25
228.55
251.85
275.1
298.4
321.7
344.95
368.25
391.5
414.8
438.1
461.35
484.65
507.95
531.2
554.5
577.75
601.05
624.35
647.6
670.9
694.2
717.45
740.75
764
787.3
810.6
833.85
857.15
880.4
903.7
927
950.25
973.55
996.85
1020.1
1043.4
1066.65
1089.95
1113.25
1136.5
1159.8
1183.1
1206.35
1229.65
1252.9
1276.2
1299.5
1322.75
1346.05
1369.35
1392.6
1415.9
1439.15
1462.45
1485.75
1509
1532.3
1555.6
1578.85
1602.15
1625.4
1648.7
1672
1695.25
1718.55
1741.85
1765.1
1788.4
1811.65
1834.95
1858.25
1881.5
1904.8
1928.1
1951.35
1974.65
1997.9
2021.2
2044.5
2067.75
2091.05
2114.35
2137.6
2160.9
2184.15
2207.45
2230.75
2254
2277.3
2300.6
2323.85
2347.15
2370.4
2393.7
2417
2440.25
2463.55
2486.85
2510.1
2533.4
2556.65
2579.95
2603.25
2626.5
2649.8
2673.1
2696.35
2719.65
2742.9
2766.2
2789.5
2812.75
2836.05
2859.35
2882.6
2905.9
2929.15
2952.45
2975.75
2999
3022.3
3045.6
3068.85
3092.15
3115.4
3138.7
3162
3185.25
3208.55
3231.85
3255.1
3278.4
3301.65
3324.95
3348.25
3371.5
3394.8
3418.1
3441.35
3464.65
3487.9
3511.2
3534.5
3557.75
3581.05
3604.35
3627.6
3650.9
3674.15
3697.45
3720.75
3744
3767.3
3790.55
3813.85
3837.15
3860.4
3883.7
3907
3930.25
3953.55
3976.8
4000.1
4023.4
4046.65
4069.95
4093.25
4116.5
4139.8
4163.05
4186.35
4209.65
4232.9
4256.2
4279.5
4302.75
4326.05
4349.3
4372.6
4395.9
4419.15
4442.45
-1000
0.05
26.1
54.45
82
108.25
133.8
158.85
183.85
208.9
234.1
261.7
289.95
316.7
342.35
367.65
392.75
417.75
442.9
468.65
497.05
524.6
550.8
576.3
601.45
626.5
651.35
676.6
704.35
732.55
759.25
784.95
810.25
835.15
860.15
885.3
911.35
939.75
967.2
993.3
1018.65
1043.8
1068.85
1093.9
1119.15
1147
1175.1
1201.6
1227.35
1252.6
1277.65
1302.7
1327.8
1354.25
1382.7
1409.9
1435.95
1461.35
1486.5
1511.5
1536.55
1561.95
1589.95
1617.9
1644.35
1670
1695.2
1720.25
1745.3
1770.3
1797.1
1825.5
1852.6
1878.55
1903.9
1929
1953.85
1978.95
2004.35
2032.4
2060.35
2086.75
2112.4
2137.45
2162.5
2187.55
2212.7
2239.6
2268
2295
2320.8
2346.2
2371.3
2396.35
2421.4
2446.9
2475.05
2502.8
2529.2
2554.8
2580
2605.05
2629.95
2655.1
2682.1
2710.5
2737.45
2763.35
2788.7
2813.65
2838.65
2863.75
2889.1
2917.15
2945.05
2971.5
2996.95
3022.2
3047.25
3072.1
3097.25
3123.8
3152.25
3179.35
3205.35
3230.75
3255.7
3280.75
3305.8
3331.15
3359.05
3387.05
3413.6
3439.25
3464.5
3489.55
3514.55
3539.7
3566.5
3594.9
3622
3647.9
3673.3
3698.4
3723.4
3748.35
3773.75
3801.8
3829.7
3856.15
3881.75
3907
3931.9
3956.9
3982.05
4008.95
4037.4
4064.4
4090.3
4115.55
4140.65
4165.65
4190.75
4216.2
4244.35
4272.2
4298.5
4324.1
4349.3
4374.35
4399.4
4424.6
4451.9
4480.15
4507.05
4532.9
4558.2
4583.3
4608.3
4633.4
4659.25
4687.55
4715.15
4741.35
4766.85
4792.05
4817.05
4842.1
4867.2
4895
4923.2
4949.85
4975.6
