0.05
19.9
44.15
68.35
92.6
116.85
141.1
165.35
189.6
213.85
238.1
262.35
286.55
310.8
335.05
359.3
383.55
407.8
432.05
456.3
480.55
504.8
529
553.25
577.5
601.75
626
650.25
674.5
698.75
723
747.25
771.45
795.7
819.95
844.2
868.45
892.7
916.95
941.2
965.45
989.7
1013.9
1038.15
1062.4
1086.65
1110.9
1135.15
1159.4
1183.65
1207.9
1232.1
1256.35
1280.6
1304.85
1329.1
1353.35
1377.6
1401.85
1426.1
1450.35
1474.55
1498.8
1523.05
1547.3
1571.55
1595.8
1620.05
1644.3
1668.55
1692.8
1717
1741.25
1765.5
1789.75
1814
1838.25
1862.5
1886.75
1911
1935.25
1959.45
1983.7
2007.95
2032.2
2056.45
2080.7
2104.95
2129.2
2153.45
2177.7
2201.9
2226.15
2250.4
2274.65
2298.9
2323.15
2347.4
2371.65
2395.9
2420.1
2444.35
2468.6
2492.85
2517.1
2541.35
2565.6
2589.85
2614.1
2638.35
2662.55
2686.8
2711.05
2735.3
2759.55
2783.8
2808.05
2832.3
2856.55
2880.8
2905
2929.25
2953.5
2977.75
3002
3026.25
3050.5
3074.75
3099
3123.25
3147.45
3171.7
3195.95
3220.2
3244.45
3268.7
3292.95
3317.2
3341.45
3365.65
3389.9
3414.15
3438.4
3462.65
3486.9
3511.15
3535.4
3559.65
3583.9
3608.1
3632.35
3656.6
3680.85
3705.1
3729.35
3753.6
3777.85
3802.1
3826.35
3850.55
3874.8
3899.05
3923.3
3947.55
3971.8
3996.05
4020.3
4044.55
4068.8
4093
4117.25
4141.5
4165.75
4190
4214.25
4238.5
4262.75
4287
4311.2
4335.45
4359.7
4383.95
4408.2
4432.45
4456.7
4480.95
4505.2
4529.45
4553.65
4577.9
4602.15
4626.4
4650.65
4674.9
-1000
0.05
26
51.9
77.5
102.85
128.05
153.15
178.2
203.2
228.25
253.3
278.45
303.6
329.9
358.5
386.7
413.6
439.7
465.35
490.7
515.9
540.85
565.9
590.95
615.95
641
666.1
691.4
717.3
745.6
774.05
801.1
827.3
853
878.4
903.65
928.75
953.85
978.85
1003.7
1028.6
1053.65
1078.85
1104.35
1132.2
1160.95
1188.4
1214.8
1240.45
1265.95
1291.25
1316.4
1341.45
1366.5
1391.5
1416.55
1441.65
1466.8
1492.2
1520
1548.75
1576.25
1602.65
1628.45
1653.95
1679.2
1704.2
1729.15
1754.2
1779.2
1804.25
1829.3
1854.45
1879.8
1906.75
1935.5
1963.3
1990
2015.95
2041.5
2066.85
2092
2117.1
2142.15
2167.15
2192.05
2217.1
2242.2
2267.55
2294
2322.7
2350.8
2377.65
2403.65
2429.15
2454.5
2479.7
2504.8
2529.85
2554.9
2579.9
2604.95
2630.1
2655.25
2681.1
2709.45
2737.9
2765
2791.15
2816.85
2842.3
2867.5
2892.45
2917.4
2942.4
2967.45
2992.45
3017.55
3042.75
3068.25
3096.15
3124.85
3152.25
3178.65
3204.45
3229.9
3255.15
3280.3
3305.4
3330.4
3355.45
3380.3
3405.4
3430.55
3456.05
3483.8
3512.55
3540.05
3566.45
3592.3
3617.65
3642.95
3668.1
3693.15
3718.2
3743.2
3768.25
3793.35
3818.5
3843.85
3871.3
3900.1
3927.75
3954.2
3980.1
4005.6
4030.9
4056.05
4080.95
4105.85
4130.85
4155.9
4180.95
4206.1
4231.4
4257.9
4286.55
4314.6
4341.45
4367.45
4393.1
4418.45
4443.65
4468.75
4493.8
4518.8
4543.8
4568.7
4593.85
4619.1
4645.15
4673.65
4702
4729
4755.15
4780.7
4805.95
4831.2
4856.35
4881.4
4906.4
4931.45
4956.5
4981.6
