0.05
22.3
49.2
76.15
103.05
129.95
156.9
183.8
210.75
237.65
264.6
291.5
318.45
345.35
372.25
399.2
426.1
453.05
479.95
506.9
533.8
560.75
587.65
614.6
641.5
668.4
695.35
722.25
749.2
776.1
803.05
829.95
856.9
883.8
910.7
937.65
964.55
991.5
1018.4
1045.35
1072.25
1099.2
1126.1
1153
1179.95
1206.85
1233.8
1260.7
1287.65
1314.55
1341.5
1368.4
1395.3
1422.25
1449.15
1476.1
1503
1529.95
1556.85
1583.8
1610.7
1637.6
1664.55
1691.45
1718.4
1745.3
1772.25
1799.15
1826.1
1853
1879.9
1906.85
1933.75
1960.7
1987.6
2014.55
2041.45
2068.4
2095.3
2122.2
2149.15
2176.05
2203
2229.9
2256.85
2283.75
2310.7
2337.6
2364.5
2391.45
2418.35
2445.3
2472.2
2499.15
2526.05
2553
2579.9
2606.8
2633.75
2660.65
2687.6
2714.5
2741.45
2768.35
2795.3
2822.2
2849.15
2876.05
2902.95
2929.9
2956.8
2983.75
3010.65
3037.6
3064.5
3091.45
3118.35
3145.25
3172.2
3199.1
3226.05
3252.95
3279.9
3306.8
3333.75
3360.65
3387.55
3414.5
3441.4
3468.35
3495.25
3522.2
3549.1
3576.05
3602.95
3629.85
3656.8
3683.7
3710.65
3737.55
3764.5
3791.4
3818.35
3845.25
3872.15
3899.1
3926
3952.95
3979.85
4006.8
4033.7
4060.65
4087.55
4114.45
4141.4
4168.3
4195.25
4222.15
4249.1
4276
4302.95
4329.85
4356.75
4383.7
4410.6
4437.55
4464.45
4491.4
4518.3
4545.25
4572.15
4599.05
4626
4652.9
4679.85
4706.75
4733.7
4760.6
4787.55
4814.45
4841.35
4868.3
4895.2
4922.15
4949.05
4976
-1000
0.05
26
52.75
79.5
106.25
133.15
160.05
186.95
213.85
240.8
267.7
294.65
321.55
348.4
375.35
402.25
429.2
456.15
483.05
510
536.95
563.85
590.7
617.65
644.55
671.5
698.45
725.35
752.3
779.25
806.15
833
859.95
886.8
913.75
940.7
967.65
994.6
1021.5
1048.45
1075.35
1102.3
1129.1
1156.1
1183
1209.95
1236.9
1263.8
1290.75
1317.7
1344.6
1371.45
1398.4
1425.3
1452.25
1479.2
1506.1
1533.05
1560
1586.9
1613.75
1640.7
1667.6
1694.55
1721.5
1748.4
1775.35
1802.3
1829.2
1856.05
1883
1909.9
1936.85
1963.8
1990.7
2017.65
2044.6
2071.5
2098.35
2125.3
2152.2
2179.15
2206.1
2233
2259.95
2286.9
2313.8
2340.65
2367.6
2394.5
2421.45
2448.4
2475.3
2502.25
2529.2
2556.1
2582.95
2609.9
2636.8
2663.75
2690.7
2717.6
2744.55
2771.5
2798.4
2825.25
2852.2
2879.1
2906.05
2933
2959.9
2986.85
3013.8
3040.7
3067.55
3094.5
3121.35
3148.3
3175.25
3202.2
3229.15
3256.05
3283
3309.8
3336.8
3363.65
3390.6
3417.55
3444.5
3471.45
3498.35
3525.3
3552.2
3579.15
3605.95
3632.95
3659.85
3686.8
3713.75
3740.65
3767.6
3794.55
3821.45
3848.3
3875.25
3902.15
3929.1
3956.05
3982.95
4009.9
4036.85
4063.75
4090.6
4117.55
4144.45
4171.4
4198.35
4225.25
4252.2
4279.15
4306.05
4332.9
4359.85
4386.75
4413.7
4440.65
4467.55
4494.5
4521.45
4548.35
4575.2
4602.15
4629.05
4656
4682.95
4709.85
4736.8
4763.75
4790.65
4817.5
4844.45
4871.35
4898.3
4925.25
4952.15
4979.1
