0.05
21.9
48.4
74.9
101.4
127.9
154.4
180.9
207.4
233.9
260.35
286.85
313.35
339.85
366.35
392.85
419.35
445.85
472.35
498.85
525.35
551.85
578.35
604.85
631.3
657.8
684.3
710.8
737.3
763.8
790.3
816.8
843.3
869.8
896.3
922.8
949.3
975.8
1002.3
1028.75
1055.25
1081.75
1108.25
1134.75
1161.25
1187.75
1214.25
1240.75
1267.25
1293.75
1320.25
1346.75
1373.25
1399.7
1426.2
1452.7
1479.2
1505.7
1532.2
1558.7
1585.2
1611.7
1638.2
1664.7
1691.2
1717.7
1744.2
1770.7
1797.15
1823.65
1850.15
1876.65
1903.15
1929.65
1956.15
1982.65
2009.15
2035.65
2062.15
2088.65
2115.15
2141.65
2168.1
2194.6
2221.1
2247.6
2274.1
2300.6
2327.1
2353.6
2380.1
2406.6
2433.1
2459.6
2486.1
2512.6
2539.1
2565.55
2592.05
2618.55
2645.05
2671.55
2698.05
2724.55
2751.05
2777.55
2804.05
2830.55
2857.05
2883.55
2910.05
2936.5
2963
2989.5
3016
3042.5
3069
3095.5
3122
3148.5
3175
3201.5
3228
3254.5
3281
3307.45
3333.95
3360.45
3386.95
3413.45
3439.95
3466.45
3492.95
3519.45
3545.95
3572.45
3598.95
3625.45
3651.95
3678.45
3704.9
3731.4
3757.9
3784.4
3810.9
3837.4
3863.9
3890.4
3916.9
3943.4
3969.9
3996.4
4022.9
4049.4
4075.85
4102.35
4128.85
4155.35
4181.85
4208.35
4234.85
4261.35
4287.85
4314.35
4340.85
4367.35
4393.85
4420.35
4446.85
4473.3
4499.8
4526.3
4552.8
4579.3
4605.8
4632.3
4658.8
4685.3
4711.8
4738.3
4764.8
4791.3
4817.8
4844.25
4870.75
4897.25
4923.75
4950.25
4976.75
-1000
0.05
26
53.3
80.3
107.15
133.85
160.5
187.1
213.65
240.1
266.55
293.1
319.65
346.2
372.7
399.25
425.75
452.25
478.75
505.25
531.75
558.25
584.75
611.15
637.55
664.1
690.65
717.15
743.7
770.2
796.7
823.2
849.7
876.2
902.7
929.2
955.7
982.2
1008.6
1035.1
1061.65
1088.15
1114.65
1141.15
1167.65
1194.15
1220.65
1247.15
1273.65
1300.15
1326.65
1353.15
1379.55
1405.95
1432.5
1459.05
1485.55
1512.1
1538.6
1565.1
1591.6
1618.1
1644.6
1671.1
1697.6
1724.1
1750.6
1777
1803.5
1830.05
1856.55
1883.05
1909.55
1936.05
1962.55
1989.05
2015.55
2042.05
2068.55
2095.05
2121.55
2147.95
2174.35
2200.9
2227.45
2253.95
2280.5
2307
2333.5
2360
2386.5
2413
2439.5
2466
2492.5
2518.9
2545.3
2571.85
2598.4
2624.9
2651.45
2677.95
2704.45
2730.95
2757.45
2783.95
2810.45
2836.95
2863.45
2889.95
2916.35
2942.75
2969.3
2995.85
3022.35
3048.9
3075.4
3101.9
3128.4
3154.9
3181.4
3207.9
3234.4
3260.9
3287.3
3313.7
3340.25
3366.8
3393.3
3419.85
3446.35
3472.85
3499.35
3525.85
3552.35
3578.85
3605.35
3631.85
3658.35
3684.75
3711.15
3737.7
3764.25
3790.75
3817.3
3843.8
3870.3
3896.8
3923.3
3949.8
3976.3
4002.8
4029.3
4055.7
4082.1
4108.65
4135.2
4161.7
4188.25
4214.75
4241.25
4267.75
4294.25
4320.75
4347.25
4373.75
4400.25
4426.75
4453.15
4479.55
4506.1
4532.65
4559.15
4585.7
4612.2
4638.7
4665.2
4691.7
4718.2
4744.7
4771.2
4797.7
4824.1
4850.5
4877.05
4903.6
4930.1
4956.65
4983.15
