0.05
22.1
48.8
75.5
102.2
128.9
155.65
182.35
209.05
235.75
262.45
289.15
315.85
342.6
369.3
396
422.7
449.4
476.1
502.8
529.55
556.25
582.95
609.65
636.35
663.05
689.75
716.5
743.2
769.9
796.6
823.3
850
876.75
903.45
930.15
956.85
983.55
1010.25
1036.95
1063.7
1090.4
1117.1
1143.8
1170.5
1197.2
1223.9
1250.65
1277.35
1304.05
1330.75
1357.45
1384.15
1410.85
1437.6
1464.3
1491
1517.7
1544.4
1571.1
1597.8
1624.55
1651.25
1677.95
1704.65
1731.35
1758.05
1784.8
1811.5
1838.2
1864.9
1891.6
1918.3
1945
1971.75
1998.45
2025.15
2051.85
2078.55
2105.25
2131.95
2158.7
2185.4
2212.1
2238.8
2265.5
2292.2
2318.9
2345.65
2372.35
2399.05
2425.75
2452.45
2479.15
2505.85
2532.6
2559.3
2586
2612.7
2639.4
2666.1
2692.8
2719.55
2746.25
2772.95
2799.65
2826.35
2853.05
2879.8
2906.5
2933.2
2959.9
2986.6
3013.3
3040
3066.75
3093.45
3120.15
3146.85
3173.55
3200.25
3226.95
3253.7
3280.4
3307.1
3333.8
3360.5
3387.2
3413.9
3440.65
3467.35
3494.05
3520.75
3547.45
3574.15
3600.85
3627.6
3654.3
3681
3707.7
3734.4
3761.1
3787.85
3814.55
3841.25
3867.95
3894.65
3921.35
3948.05
3974.8
4001.5
4028.2
4054.9
4081.6
4108.3
4135
4161.75
4188.45
4215.15
4241.85
4268.55
4295.25
4321.95
4348.7
4375.4
4402.1
4428.8
4455.5
4482.2
4508.9
4535.65
4562.35
4589.05
4615.75
4642.45
4669.15
4695.9
4722.6
4749.3
4776
4802.7
4829.4
4856.1
4882.85
4909.55
4936.25
4962.95
4989.65
-1000
0.05
26
51.05
76.25
101.7
127.35
153.25
179.3
205.65
232.05
258.6
285.2
311.8
338.45
365
391.75
418.45
445.15
471.85
498.6
525.3
551.9
578.65
605.35
632.1
658.8
685.5
712.2
738.85
765.6
792.3
819.05
845.75
872.45
899.1
925.85
952.55
979.3
1006
1032.7
1059.4
1086.05
1112.8
1139.5
1166.25
1192.95
1219.65
1246.35
1273
1299.75
1326.45
1353.2
1379.9
1406.6
1433.3
1459.95
1486.7
1513.4
1540.15
1566.85
1593.55
1620.25
1646.9
1673.65
1700.35
1727.1
1753.8
1780.5
1807.2
1833.95
1860.65
1887.35
1914.05
1940.8
1967.5
1994.1
2020.85
2047.55
2074.3
2101
2127.7
2154.4
2181.05
2207.8
2234.5
2261.25
2287.95
2314.65
2341.35
2368
2394.75
2421.45
2448.2
2474.9
2501.6
2528.3
2554.95
2581.7
2608.4
2635.15
2661.85
2688.55
2715.25
2742
2768.7
2795.4
2822.1
2848.85
2875.55
2902.15
2928.9
2955.6
2982.35
3009.05
3035.75
3062.45
3089.1
3115.85
3142.55
3169.3
3196
3222.7
3249.4
3276.05
3302.8
3329.5
3356.25
3382.95
3409.65
3436.35
3463
3489.75
3516.45
3543.2
3569.9
3596.6
3623.3
3649.95
3676.7
3703.4
3730.15
3756.85
3783.55
3810.2
3836.95
3863.65
3890.4
3917.1
3943.8
3970.5
3997.15
4023.9
4050.6
4077.35
4104.05
4130.75
4157.45
4184.1
4210.85
4237.55
4264.3
4291
4317.7
4344.4
4371.05
4397.8
4424.5
4451.25
4477.95
4504.65
4531.35
4558
4584.75
4611.45
4638.2
4664.9
4691.6
4718.3
4745.05
4771.75
4798.45
4825.15
4851.9
4878.6
4905.2
4931.95
4958.65
4985.4
