0.05
24.95
54.85
84.7
114.55
144.45
174.3
204.2
234.05
263.95
293.8
323.65
353.55
383.4
413.3
443.15
473.05
502.9
532.75
562.65
592.5
622.4
652.25
682.15
712
741.85
771.75
801.6
831.5
861.35
891.25
921.1
950.95
980.85
1010.7
1040.6
1070.45
1100.35
1130.2
1160.05
1189.95
1219.8
1249.7
1279.55
1309.4
1339.3
1369.15
1399.05
1428.9
1458.8
1488.65
1518.5
1548.4
1578.25
1608.15
1638
1667.9
1697.75
1727.6
1757.5
1787.35
1817.25
1847.1
1877
1906.85
1936.7
1966.6
1996.45
2026.35
2056.2
2086.1
2115.95
2145.8
2175.7
2205.55
2235.45
2265.3
2295.2
2325.05
2354.9
2384.8
2414.65
2444.55
2474.4
2504.3
2534.15
2564
2593.9
2623.75
2653.65
2683.5
2713.4
2743.25
2773.1
2803
2832.85
2862.75
2892.6
2922.5
2952.35
2982.2
3012.1
3041.95
3071.85
3101.7
3131.6
3161.45
3191.3
3221.2
3251.05
3280.95
3310.8
3340.7
3370.55
3400.4
3430.3
3460.15
3490.05
3519.9
3549.8
3579.65
3609.5
3639.4
3669.25
3699.15
3729
3758.9
3788.75
3818.6
3848.5
3878.35
3908.25
3938.1
3968
3997.85
4027.7
4057.6
4087.45
4117.35
4147.2
4177.1
4206.95
4236.8
4266.7
4296.55
4326.45
4356.3
4386.2
4416.05
4445.9
4475.8
4505.65
4535.55
4565.4
4595.3
4625.15
4655
4684.9
4714.75
4744.65
4774.5
4804.4
4834.25
4864.1
4894
4923.85
4953.75
4983.6
-1000
0.05
26
51.4
77.75
105.4
133.95
163
192.4
221.95
251.6
281.35
311.15
340.95
370.8
400.65
430.5
460.35
490.2
520.1
549.95
579.85
609.7
639.6
669.45
699.3
729.15
759.05
788.95
818.8
848.7
878.55
908.4
938.3
968.15
998.05
1027.9
1057.8
1087.65
1117.5
1147.4
1177.25
1207.15
1237
1266.9
1296.75
1326.6
1356.5
1386.35
1416.25
1446.1
1476
1505.85
1535.7
1565.6
1595.45
1625.35
1655.2
1685.1
1714.95
1744.8
1774.7
1804.55
1834.45
1864.3
1894.2
1924.05
1953.9
1983.8
2013.65
2043.55
2073.4
2103.25
2133.1
2163
2192.9
2222.75
2252.65
2282.5
2312.35
2342.2
2372.1
2402
2431.85
2461.75
2491.6
2521.45
2551.3
2581.2
2611.1
2640.95
2670.85
2700.7
2730.55
2760.4
2790.3
2820.2
2850.05
2879.95
2909.8
2939.65
2969.5
2999.4
3029.3
3059.15
3089.05
3118.9
3148.75
3178.6
3208.5
3238.4
3268.25
3298.15
3328
3357.85
3387.7
3417.6
3447.5
3477.35
3507.25
3537.1
3566.95
3596.8
3626.7
3656.6
3686.45
3716.35
3746.2
3776.05
3805.9
3835.8
3865.7
3895.55
3925.45
3955.3
3985.15
4015
4044.9
4074.8
4104.65
4134.55
4164.4
4194.25
4224.1
4254
4283.9
4313.75
4343.65
4373.5
4403.35
4433.2
4463.1
4493
4522.85
4552.75
4582.6
4612.45
4642.3
4672.2
4702.1
4731.95
4761.85
4791.7
4821.55
4851.4
4881.3
4911.2
4941.05
4970.95
