0.05
21
46.5
72
97.5
123
148.5
174
199.5
225
250.5
276
301.5
327
352.5
378
403.5
429
454.5
480
505.5
531
556.5
582
607.5
633
658.5
684
709.5
735
760.5
786
811.5
837
862.5
888
913.5
939
964.5
990
1015.5
1041
1066.5
1092
1117.5
1143
1168.5
1194
1219.5
1245
1270.5
1296
1321.5
1347
1372.5
1398
1423.5
1449
1474.5
1500
1525.5
1551
1576.5
1602
1627.5
1653
1678.5
1704
1729.5
1755
1780.5
1806
1831.5
1857
1882.5
1908
1933.5
1959
1984.5
2010
2035.5
2061
2086.5
2112
2137.5
2163
2188.5
2214
2239.5
2265
2290.5
2316
2341.5
2367
2392.5
2418
2443.5
2469
2494.5
2520
2545.5
2571
2596.5
2622
2647.5
2673
2698.5
2724
2749.5
2775
2800.45
2825.95
2851.45
2876.95
2902.45
2927.95
2953.45
2978.95
3004.45
3029.95
3055.45
3080.95
3106.45
3131.95
3157.45
3182.95
3208.45
3233.95
3259.45
3284.95
3310.45
3335.95
3361.45
3386.95
3412.45
3437.95
3463.45
3488.95
3514.45
3539.95
3565.45
3590.95
3616.45
3641.95
3667.45
3692.95
3718.45
3743.95
3769.45
3794.95
3820.45
3845.95
3871.45
3896.95
3922.45
3947.95
3973.45
3998.95
4024.45
4049.95
4075.45
4100.95
4126.45
4151.95
4177.45
4202.95
4228.45
4253.95
4279.45
4304.95
4330.45
4355.95
4381.45
4406.95
4432.45
4457.95
4483.45
4508.95
4534.45
4559.95
4585.45
4610.95
4636.45
4661.95
4687.45
4712.95
4738.45
4763.95
4789.45
4814.95
4840.45
4865.95
4891.45
4916.95
4942.45
4967.95
-1000
0.05
26
53
79.45
105.65
131.65
157.5
183.3
209
234.65
260.3
285.9
311.5
337.05
362.6
388.15
413.7
439.2
464.7
490.25
515.75
541.25
566.75
592.3
617.8
643.3
668.8
694.3
719.8
745.3
770.8
796.3
821.8
847.3
872.8
898.3
923.8
949.3
974.8
1000.3
1025.8
1051.3
1076.8
1102.3
1127.8
1153.3
1178.8
1204.3
1229.8
1255.3
1280.8
1306.3
1331.8
1357.3
1382.8
1408.3
1433.8
1459.3
1484.8
1510.3
1535.8
1561.3
1586.8
1612.3
1637.8
1663.3
1688.8
1714.3
1739.8
1765.3
1790.8
1816.3
1841.8
1867.3
1892.8
1918.3
1943.8
1969.3
1994.8
2020.3
2045.8
2071.3
2096.8
2122.3
2147.8
2173.3
2198.8
2224.3
2249.8
2275.3
2300.8
2326.3
2351.8
2377.3
2402.8
2428.3
2453.8
2479.3
2504.8
2530.2
2555.55
2581
2606.4
2631.85
2657.3
2682.75
2708.25
2733.7
2759.2
2784.7
2810.3
2835.9
2861.45
2887.05
2912.55
2938.1
2963.65
2989.15
3014.7
3040.2
3065.7
3091.2
3116.75
3142.25
3167.75
3193.25
3218.75
3244.25
3269.75
3295.25
3320.75
3346.25
3371.75
3397.25
3422.75
3448.25
3473.75
3499.25
3524.75
3550.25
3575.75
3601.25
3626.75
3652.25
3677.75
3703.25
3728.75
3754.25
3779.75
3805.25
3830.75
3856.25
3881.75
3907.25
3932.75
3958.25
3983.75
4009.25
4034.75
4060.25
4085.75
4111.25
4136.75
4162.25
4187.75
4213.25
4238.75
4264.25
4289.75
4315.25
4340.75
4366.25
4391.75
4417.25
4442.75
4468.25
4493.75
4519.25
4544.75
4570.25
4595.75
4621.25
4646.75
4672.25
4697.75
4723.25
4748.75
4774.25
4799.75
4825.25
4850.75
4876.25
4901.75
4927.25
4952.75
4978.25
