0.05
19.9
44.15
68.35
92.6
116.85
141.1
165.35
189.6
213.85
238.1
262.35
286.55
310.8
335.05
359.3
383.55
407.8
432.05
456.3
480.55
504.8
529
553.25
577.5
601.75
626
650.25
674.5
698.75
723
747.25
771.45
795.7
819.95
844.2
868.45
892.7
916.95
941.2
965.45
989.7
1013.9
1038.15
1062.4
1086.65
1110.9
1135.15
1159.4
1183.65
1207.9
1232.1
1256.35
1280.6
1304.85
1329.1
1353.35
1377.6
1401.85
1426.1
1450.35
1474.55
1498.8
1523.05
1547.3
1571.55
1595.8
1620.05
1644.3
1668.55
1692.8
1717
1741.25
1765.5
1789.75
1814
1838.25
1862.5
1886.75
1911
1935.25
1959.45
1983.7
2007.95
2032.2
2056.45
2080.7
2104.95
2129.2
2153.45
2177.7
2201.9
2226.15
2250.4
2274.65
2298.9
2323.15
2347.4
2371.65
2395.9
2420.1
2444.35
2468.6
2492.85
2517.1
2541.35
2565.6
2589.85
2614.1
2638.35
2662.55
2686.8
2711.05
2735.3
2759.55
2783.8
2808.05
2832.3
2856.55
2880.8
2905
2929.25
2953.5
2977.75
3002
3026.25
3050.5
3074.75
3099
3123.25
3147.45
3171.7
3195.95
3220.2
3244.45
3268.7
3292.95
3317.2
3341.45
3365.65
3389.9
3414.15
3438.4
3462.65
3486.9
3511.15
3535.4
3559.65
3583.9
3608.1
3632.35
3656.6
3680.85
3705.1
3729.35
3753.6
3777.85
3802.1
3826.35
3850.55
3874.8
3899.05
3923.3
3947.55
3971.8
3996.05
4020.3
4044.55
4068.8
4093
4117.25
4141.5
4165.75
4190
4214.25
4238.5
4262.75
4287
4311.2
4335.45
4359.7
4383.95
4408.2
4432.45
4456.7
4480.95
4505.2
4529.45
4553.65
4577.9
4602.15
4626.4
4650.65
4674.9
-1000
0.05
26
51.1
76.2
101.25
126.3
151.3
176.35
201.45
226.7
252.6
280.9
309.35
336.45
362.65
388.35
413.75
439
464.1
489.15
514.2
539.05
564.1
589.2
614.4
640.05
668.05
696.7
724
750.2
775.85
801.35
826.6
851.75
876.85
901.85
926.9
951.95
977
1002.05
1027.35
1054.7
1083.5
1111.2
1137.75
1163.6
1189.15
1214.45
1239.45
1264.55
1289.55
1314.6
1339.6
1364.7
1389.85
1415.25
1442.35
1471.15
1498.9
1525.5
1551.4
1576.95
1602.25
1627.45
1652.5
1677.55
1702.4
1727.3
1752.35
1777.45
1802.75
1828.85
1857.35
1885.65
1912.65
1938.65
1964.2
1989.65
2014.85
2040
2065.05
2090.05
2115.1
2140.15
2165.25
2190.35
2216
2244
2272.65
2299.95
2326.25
2352
2377.45
2402.7
2427.7
2452.75
2477.8
2502.8
2527.85
2552.95
2578.15
2603.65
2631.6
2660.3
2687.65
2714
2739.8
2765.25
2790.55
2815.7
2840.75
2865.75
2890.65
2915.5
2940.55
2965.7
2991.1
3018.15
3046.95
3074.8
3101.4
3127.2
3152.75
3178.1
3203.25
3228.35
3253.4
3278.4
3303.45
3328.5
3353.65
3378.9
3405.65
3434.4
3462.35
3489.1
3515.05
3540.65
3566
3591.15
3616.1
3641.15
3666.15
3691.2
3716.25
3741.4
3766.7
3793.05
3821.65
3849.8
3876.65
3902.75
3928.35
3953.7
3978.95
4004.05
4029.1
4054.1
4078.95
4103.85
4128.95
4154.15
4179.8
4207.8
4236.45
4263.75
4290.1
4315.7
4341.15
4366.45
4391.6
4416.65
4441.65
4466.7
4491.75
4516.8
4542.05
4567.5
4595.45
4624.15
4651.55
4677.9
4703.65
4729.15
4754.4
4779.4
4804.3
4829.35
4854.35
4879.4
4904.45
4929.6
4955
4982.25
