0.05
19.15
42.6
66.05
89.45
112.9
136.35
159.75
183.2
206.65
230.1
253.5
276.95
300.4
323.8
347.25
370.7
394.1
417.55
441
464.45
487.85
511.3
534.75
558.15
581.6
605.05
628.5
651.9
675.35
698.8
722.2
745.65
769.1
792.55
815.95
839.4
862.85
886.25
909.7
933.15
956.55
980
1003.45
1026.9
1050.3
1073.75
1097.2
1120.6
1144.05
1167.5
1190.95
1214.35
1237.8
1261.25
1284.65
1308.1
1331.55
1354.95
1378.4
1401.85
1425.3
1448.7
1472.15
1495.6
1519
1542.45
1565.9
1589.35
1612.75
1636.2
1659.65
1683.05
1706.5
1729.95
1753.4
1776.8
1800.25
1823.7
1847.1
1870.55
1894
1917.4
1940.85
1964.3
1987.75
2011.15
2034.6
2058.05
2081.45
2104.9
2128.35
2151.8
2175.2
2198.65
2222.1
2245.5
2268.95
2292.4
2315.85
2339.25
2362.7
2386.15
2409.55
2433
2456.45
2479.85
2503.3
2526.75
2550.2
2573.6
2597.05
2620.5
2643.9
2667.35
2690.8
2714.25
2737.65
2761.1
2784.55
2807.95
2831.4
2854.85
2878.25
2901.7
2925.15
2948.6
2972
2995.45
3018.9
3042.3
3065.75
3089.2
3112.65
3136.05
3159.5
3182.95
3206.35
3229.8
3253.25
3276.7
3300.1
3323.55
3347
3370.4
3393.85
3417.3
3440.7
3464.15
3487.6
3511.05
3534.45
3557.9
3581.35
3604.75
3628.2
3651.65
3675.1
3698.5
3721.95
3745.4
3768.8
3792.25
3815.7
3839.15
3862.55
3886
3909.45
3932.85
3956.3
3979.75
4003.15
4026.6
4050.05
4073.5
4096.9
4120.35
4143.8
4167.2
4190.65
4214.1
4237.55
4260.95
4284.4
4307.85
4331.25
4354.7
4378.15
4401.55
4425
4448.45
4471.9
4495.3
-1000
0.05
26.3
54.75
81.7
107.65
133.1
158.2
183.25
208.3
233.5
260.75
289.2
316.1
342.05
367.45
392.6
417.6
442.65
467.9
495.2
523.6
550.6
576.5
601.9
627.05
651.9
676.95
702.15
729.2
757.65
784.75
810.6
836.05
861.2
886.05
911.1
936.25
962.8
991.3
1018.6
1044.6
1070.1
1095.3
1120.35
1145.35
1170.5
1196.8
1225.3
1252.75
1278.8
1304.3
1329.5
1354.55
1379.6
1404.7
1430.75
1459.2
1486.75
1513.05
1538.6
1563.8
1588.85
1613.7
1638.8
1664.5
1692.75
1720.6
1747
1772.5
1797.8
1822.85
1847.7
1872.8
1898.15
1926.05
1954.2
1980.85
2006.45
2031.8
2056.9
2081.9
2107
2132.3
2160.15
2188.35
2215.05
2240.85
2266.15
2291.25
2316.3
2341.35
2366.7
2394.55
2422.75
2449.45
2475.2
2500.55
2525.65
2550.65
2575.55
2600.85
2628.7
2656.9
2683.65
2709.5
2734.65
2759.8
2784.8
2809.7
2834.95
2862.5
2890.85
2917.75
2943.6
2968.85
2993.95
3019
3044.05
3069.25
3096.8
3125.1
3152.05
3177.95
3203.3
3228.45
3253.45
3278.5
3303.6
3331.05
3359.4
3386.35
3412.25
3437.6
3462.75
3487.75
3512.8
3537.9
3565.25
3593.7
3620.65
3646.55
3671.95
3696.9
3721.95
3747
3772.05
3798.85
3827.35
3854.55
3880.6
3906.05
3931.05
3956.05
3981.1
4006.25
4032.8
4061.3
4088.55
4114.65
4140.15
4165.35
4190.4
4215.4
4240.55
4266.8
4295.3
4322.65
4348.85
4374.4
4399.6
4424.65
4449.65
4474.8
4500.8
4529.25
4556.8
4583.05
4608.65
4633.85
4658.75
4683.75
4708.85
4734.5
4762.8
4790.65
4817.05
4842.7
4867.95
4892.85
4917.85
4942.95
4968.4
4996.45
