0.05
26
57.05
88.1
119.15
150.15
181.2
212.25
243.3
274.3
305.35
336.4
367.45
398.45
429.5
460.55
491.6
522.65
553.65
584.7
615.75
646.8
677.8
708.85
739.9
770.95
801.95
833
864.05
895.1
926.1
957.15
988.2
1019.25
1050.25
1081.3
1112.35
1143.4
1174.4
1205.45
1236.5
1267.55
1298.55
1329.6
1360.65
1391.7
1422.7
1453.75
1484.8
1515.85
1546.9
1577.9
1608.95
1640
1671.05
1702.05
1733.1
1764.15
1795.2
1826.2
1857.25
1888.3
1919.35
1950.35
1981.4
2012.45
2043.5
2074.5
2105.55
2136.6
2167.65
2198.65
2229.7
2260.75
2291.8
2322.8
2353.85
2384.9
2415.95
2447
2478
2509.05
2540.1
2571.15
2602.15
2633.2
2664.25
2695.3
2726.3
2757.35
2788.4
2819.45
2850.45
2881.5
2912.55
2943.6
2974.6
3005.65
3036.7
3067.75
3098.75
3129.8
3160.85
3191.9
3222.9
3253.95
3285
3316.05
3347.05
3378.1
3409.15
3440.2
3471.25
3502.25
3533.3
3564.35
3595.4
3626.4
3657.45
3688.5
3719.55
3750.55
3781.6
3812.65
3843.7
3874.7
3905.75
3936.8
3967.85
3998.85
4029.9
4060.95
4092
4123
4154.05
4185.1
4216.15
4247.15
4278.2
4309.25
4340.3
4371.35
4402.35
4433.4
4464.45
4495.5
4526.5
4557.55
4588.6
4619.65
4650.65
4681.7
4712.75
4743.8
4774.8
4805.85
4836.9
4867.95
4898.95
4930
4961.05
4992.1
-1000
0.05
26
52.65
80.9
110.25
140.25
170.55
201.05
231.7
262.4
293.15
323.95
354.7
385.45
416.15
446.8
477.3
507.45
536.8
564.6
589.75
615.1
641.95
670.3
699.75
729.8
760.2
790.7
821.35
852.1
882.85
913.6
944.35
975.1
1005.8
1036.4
1066.85
1096.85
1126
1153.55
1178.55
1204.1
1231.2
1259.8
1289.35
1319.45
1349.85
1380.4
1411.05
1441.75
1472.55
1503.3
1534.05
1564.8
1595.5
1626.1
1656.5
1686.45
1715.5
1742.6
1767.6
1793.3
1820.5
1849.25
1878.9
1909.05
1939.5
1970.05
2000.75
2031.45
2062.2
2093
2123.75
2154.5
2185.2
2215.75
2246.15
2276.05
2304.95
2331.35
2356.4
2382.3
2409.85
2438.75
2468.5
2498.7
2529.15
2559.75
2590.4
2621.1
2651.9
2682.65
2713.4
2744.15
2774.85
2805.4
2835.7
2865.4
2894.05
2919.6
2944.7
2971
2998.95
3028.1
3057.95
3088.25
3118.75
3149.35
3180.05
3210.8
3241.55
3272.3
3303.1
3333.8
3364.45
3395
3425.25
3454.8
3483.1
3508.2
3533.45
3560.05
3588.25
3617.5
3647.5
3677.8
3708.35
3739
3769.7
3800.45
3831.2
3862
3892.7
3923.45
3954.1
3984.55
4014.65
4044
4071.75
4096.8
4122.2
4149.1
4177.55
4207.05
4237.1
4267.45
4298
4328.65
4359.4
4390.1
4420.9
4451.65
4482.4
4513.1
4543.7
4574.15
4604.2
4633.4
4660.95
4686
4711.5
4738.55
