0.05
23.75
52.3
80.85
109.4
137.95
166.5
195.05
223.6
252.15
280.7
309.3
337.85
366.4
394.95
423.5
452.05
480.6
509.15
537.7
566.25
594.8
623.35
651.9
680.45
709
737.55
766.1
794.65
823.2
851.75
880.3
908.85
937.45
966
994.55
1023.1
1051.65
1080.2
1108.75
1137.3
1165.85
1194.4
1222.95
1251.5
1280.05
1308.6
1337.15
1365.7
1394.25
1422.8
1451.35
1479.9
1508.45
1537
1565.55
1594.15
1622.7
1651.25
1679.8
1708.35
1736.9
1765.45
1794
1822.55
1851.1
1879.65
1908.2
1936.75
1965.3
1993.85
2022.4
2050.95
2079.5
2108.05
2136.6
2165.15
2193.7
2222.25
2250.85
2279.4
2307.95
2336.5
2365.05
2393.6
2422.15
2450.7
2479.25
2507.8
2536.35
2564.9
2593.45
2622
2650.55
2679.1
2707.65
2736.2
2764.75
2793.3
2821.85
2850.4
2879
2907.55
2936.1
2964.65
2993.2
3021.75
3050.3
3078.85
3107.4
3135.95
3164.5
3193.05
3221.6
3250.15
3278.7
3307.25
3335.8
3364.35
3392.9
3421.45
3450
3478.55
3507.1
3535.7
3564.25
3592.8
3621.35
3649.9
3678.45
3707
3735.55
3764.1
3792.65
3821.2
3849.75
3878.3
3906.85
3935.4
3963.95
3992.5
4021.05
4049.6
4078.15
4106.7
4135.25
4163.8
4192.4
4220.95
4249.5
4278.05
4306.6
4335.15
4363.7
4392.25
4420.8
4449.35
4477.9
4506.45
4535
4563.55
4592.1
4620.65
4649.2
4677.75
4706.3
4734.85
4763.4
4791.95
4820.55
4849.1
4877.65
4906.2
4934.75
4963.3
-1000
0.05
26.3
56.35
86.55
116.4
145.8
174.95
203.85
232.6
261.3
289.9
318.45
347
375.55
404.2
432.75
461.35
489.9
518.45
547
575.6
604.15
632.7
661.25
689.8
718.35
746.9
775.45
804
832.55
861.1
889.65
918.2
946.75
975.25
1003.75
1032.35
1060.95
1089.5
1118.05
1146.6
1175.15
1203.75
1232.3
1260.85
1289.4
1317.95
1346.5
1375.05
1403.6
1432.15
1460.7
1489.25
1517.8
1546.35
1574.9
1603.4
1631.9
1660.45
1689.05
1717.65
1746.2
1774.75
1803.3
1831.85
1860.45
1889
1917.55
1946.1
1974.65
2003.2
2031.75
2060.3
2088.85
2117.4
2145.95
2174.5
2203.05
2231.6
2260.1
2288.6
2317.2
2345.8
2374.35
2402.9
2431.45
2460
2488.6
2517.15
2545.7
2574.25
2602.8
2631.35
2659.9
2688.45
2717
2745.55
2774.1
2802.65
2831.2
2859.75
2888.3
2916.8
2945.3
2973.9
3002.5
3031.05
3059.6
3088.15
3116.7
3145.3
3173.85
3202.4
3230.95
3259.5
3288.05
3316.6
3345.15
3373.7
3402.25
3430.8
3459.35
3487.9
3516.45
3544.95
3573.45
3602
3630.6
3659.2
3687.75
3716.3
3744.85
3773.4
3802
3830.55
3859.1
3887.65
3916.2
3944.75
3973.3
4001.85
4030.4
4058.95
4087.5
4116.05
4144.6
4173.15
4201.65
4230.15
4258.75
4287.35
4315.9
4344.45
4373
4401.55
4430.15
4458.7
4487.25
4515.8
4544.35
4572.9
4601.45
4630
4658.55
4687.1
4715.65
4744.2
4772.75
4801.3
4829.85
4858.35
4886.85
4915.45
4944.05
4972.6
