0.05
25.2
55.35
85.5
115.65
145.8
176
206.15
236.3
266.45
296.6
326.75
356.9
387.05
417.2
447.35
477.5
507.65
537.8
567.95
598.1
628.25
658.4
688.6
718.75
748.9
779.05
809.2
839.35
869.5
899.65
929.8
959.95
990.1
1020.25
1050.4
1080.55
1110.7
1140.85
1171
1201.2
1231.35
1261.5
1291.65
1321.8
1351.95
1382.1
1412.25
1442.4
1472.55
1502.7
1532.85
1563
1593.15
1623.3
1653.45
1683.65
1713.8
1743.95
1774.1
1804.25
1834.4
1864.55
1894.7
1924.85
1955
1985.15
2015.3
2045.45
2075.6
2105.75
2135.9
2166.05
2196.25
2226.4
2256.55
2286.7
2316.85
2347
2377.15
2407.3
2437.45
2467.6
2497.75
2527.9
2558.05
2588.2
2618.35
2648.5
2678.7
2708.85
2739
2769.15
2799.3
2829.45
2859.6
2889.75
2919.9
2950.05
2980.2
3010.35
3040.5
3070.65
3100.8
3130.95
3161.1
3191.3
3221.45
3251.6
3281.75
3311.9
3342.05
3372.2
3402.35
3432.5
3462.65
3492.8
3522.95
3553.1
3583.25
3613.4
3643.55
3673.75
3703.9
3734.05
3764.2
3794.35
3824.5
3854.65
3884.8
3914.95
3945.1
3975.25
4005.4
4035.55
4065.7
4095.85
4126
4156.15
4186.35
4216.5
4246.65
4276.8
4306.95
4337.1
4367.25
4397.4
4427.55
4457.7
4487.85
4518
4548.15
4578.3
4608.45
4638.6
4668.8
4698.95
4729.1
4759.25
4789.4
4819.55
4849.7
4879.85
4910
4940.15
4970.3
-1000
0.05
26
51.05
76.65
103.6
131.7
160.6
190
219.65
249.5
279.5
309.5
339.6
369.7
399.8
429.9
460.05
490.2
520.3
550.45
580.6
610.75
640.9
671.05
701.2
731.35
761.5
791.65
821.8
852
882.15
912.3
942.45
972.6
1002.75
1032.9
1063.05
1093.2
1123.35
1153.5
1183.65
1213.8
1243.95
1274.1
1304.3
1334.45
1364.6
1394.75
1424.9
1455.05
1485.2
1515.35
1545.5
1575.65
1605.8
1635.95
1666.1
1696.25
1726.4
1756.55
1786.7
1816.85
1847.05
1877.2
1907.35
1937.5
1967.65
1997.8
2027.95
2058.1
2088.25
2118.4
2148.55
2178.7
2208.85
2239
2269.15
2299.3
2329.45
2359.65
2389.8
2419.95
2450.1
2480.25
2510.4
2540.55
2570.7
2600.85
2631
2661.15
2691.3
2721.45
2751.6
2781.75
2811.9
2842.1
2872.25
2902.4
2932.55
2962.7
2992.85
3023
3053.15
3083.3
3113.45
3143.6
3173.75
3203.9
3234.05
3264.2
3294.35
3324.5
3354.7
3384.85
3415
3445.15
3475.3
3505.45
3535.6
3565.75
3595.9
3626.05
3656.2
3686.35
3716.5
3746.65
3776.8
3806.95
3837.15
3867.3
3897.45
3927.6
3957.75
3987.9
4018.05
4048.2
4078.35
4108.5
4138.65
4168.8
4198.95
4229.1
4259.25
4289.4
4319.55
4349.75
4379.9
4410.05
4440.2
4470.35
4500.5
4530.65
4560.8
4590.95
4621.1
4651.25
4681.4
4711.55
4741.7
4771.85
4802.05
4832.2
4862.35
4892.5
4922.65
4952.8
