0.05
18.9
42
65.15
88.25
111.4
134.55
157.65
180.8
203.9
227.05
250.2
273.3
296.45
319.55
342.7
365.85
388.95
412.1
435.2
458.35
481.45
504.6
527.75
550.85
574
597.1
620.25
643.4
666.5
689.65
712.75
735.9
759.05
782.15
805.3
828.4
851.55
874.7
897.8
920.95
944.05
967.2
990.3
1013.45
1036.6
1059.7
1082.85
1105.95
1129.1
1152.25
1175.35
1198.5
1221.6
1244.75
1267.9
1291
1314.15
1337.25
1360.4
1383.5
1406.65
1429.8
1452.9
1476.05
1499.15
1522.3
1545.45
1568.55
1591.7
1614.8
1637.95
1661.1
1684.2
1707.35
1730.45
1753.6
1776.7
1799.85
1823
1846.1
1869.25
1892.35
1915.5
1938.65
1961.75
1984.9
2008
2031.15
2054.3
2077.4
2100.55
2123.65
2146.8
2169.9
2193.05
2216.2
2239.3
2262.45
2285.55
2308.7
2331.85
2354.95
2378.1
2401.2
2424.35
2447.5
2470.6
2493.75
2516.85
2540
2563.1
2586.25
2609.4
2632.5
2655.65
2678.75
2701.9
2725.05
2748.15
2771.3
2794.4
2817.55
2840.7
2863.8
2886.95
2910.05
2933.2
2956.35
2979.45
3002.6
3025.7
3048.85
3071.95
3095.1
3118.25
3141.35
3164.5
3187.6
3210.75
3233.9
3257
3280.15
3303.25
3326.4
3349.55
3372.65
3395.8
3418.9
3442.05
3465.15
3488.3
3511.45
3534.55
3557.7
3580.8
3603.95
3627.1
3650.2
3673.35
3696.45
3719.6
3742.75
3765.85
3789
3812.1
3835.25
3858.35
3881.5
3904.65
3927.75
3950.9
3974
3997.15
4020.3
4043.4
4066.55
4089.65
4112.8
4135.95
4159.05
4182.2
4205.3
4228.45
4251.55
4274.7
4297.85
4320.95
4344.1
4367.2
4390.35
4413.5
4436.6
-1000
0.05
26
51.05
76.15
102.5
130.9
157.95
183.9
209.25
234.35
259.35
284.35
310.7
339.1
366.25
392.05
417.4
442.5
467.5
492.65
519.35
547.7
574.65
600.55
625.85
650.9
675.75
700.9
727.8
756.15
782.95
808.8
834.1
859.15
884.15
909.35
936.9
965.1
991.75
1017.4
1042.65
1067.55
1092.55
1117.8
1145.6
1173.6
1200.1
1225.75
1250.95
1276
1300.9
1326.15
1353.95
1381.95
1408.4
1434.05
1459.1
1484.1
1509.15
1534.45
1562.3
1590.25
1616.7
1642.25
1667.45
1692.35
1717.35
1742.65
1770.55
1798.45
1824.9
1850.35
1875.55
1900.55
1925.6
1950.95
1978.85
2006.75
2033.15
2058.7
2083.7
2108.75
2133.8
2159.15
2187.1
2214.95
2241.25
2266.8
2292
2317
2342.1
2367.3
2395.3
2423.15
2449.5
2474.95
2500.1
2525.15
2550.2
2575.55
2603.6
2631.35
2657.7
2683.25
2708.4
2733.45
2758.35
2783.7
2811.7
2839.55
2865.8
2891.35
2916.55
2941.55
2966.6
2992.05
3020.15
3047.9
3074.2
3099.7
3124.85
3149.75
3174.8
3200.2
3228.3
3256
3282.3
3307.85
3333
3358
3382.9
3408.35
3436.4
3464.15
3490.45
3516
3541
3566.05
3591.1
3616.5
3644.6
3672.35
3698.65
3724.2
3749.35
3774.2
3799.25
3824.65
3852.75
3880.5
3906.8
3932.2
3957.4
3982.4
4007.45
4032.9
4060.95
4088.75
4115
4140.55
4165.55
4190.55
4215.6
4241.05
4269.15
4296.9
4323.1
4348.6
4373.8
4398.8
4423.85
4449.2
4477.3
4505.05
4531.35
4556.75
4581.9
4606.9
4632
4657.45
4685.6
4713.3
4739.55
4765.1
4790.25
4815.25
4840.15
4865.65
4893.75
4921.45
4947.65
4973.15
4998.3
