0.05
18.9
42
65.15
88.25
111.4
134.55
157.65
180.8
203.9
227.05
250.2
273.3
296.45
319.55
342.7
365.85
388.95
412.1
435.2
458.35
481.45
504.6
527.75
550.85
574
597.1
620.25
643.4
666.5
689.65
712.75
735.9
759.05
782.15
805.3
828.4
851.55
874.7
897.8
920.95
944.05
967.2
990.3
1013.45
1036.6
1059.7
1082.85
1105.95
1129.1
1152.25
1175.35
1198.5
1221.6
1244.75
1267.9
1291
1314.15
1337.25
1360.4
1383.5
1406.65
1429.8
1452.9
1476.05
1499.15
1522.3
1545.45
1568.55
1591.7
1614.8
1637.95
1661.1
1684.2
1707.35
1730.45
1753.6
1776.7
1799.85
1823
1846.1
1869.25
1892.35
1915.5
1938.65
1961.75
1984.9
2008
2031.15
2054.3
2077.4
2100.55
2123.65
2146.8
2169.9
2193.05
2216.2
2239.3
2262.45
2285.55
2308.7
2331.85
2354.95
2378.1
2401.2
2424.35
2447.5
2470.6
2493.75
2516.85
2540
2563.1
2586.25
2609.4
2632.5
2655.65
2678.75
2701.9
2725.05
2748.15
2771.3
2794.4
2817.55
2840.7
2863.8
2886.95
2910.05
2933.2
2956.35
2979.45
3002.6
3025.7
3048.85
3071.95
3095.1
3118.25
3141.35
3164.5
3187.6
3210.75
3233.9
3257
3280.15
3303.25
3326.4
3349.55
3372.65
3395.8
3418.9
3442.05
3465.15
3488.3
3511.45
3534.55
3557.7
3580.8
3603.95
3627.1
3650.2
3673.35
3696.45
3719.6
3742.75
3765.85
3789
3812.1
3835.25
3858.35
3881.5
3904.65
3927.75
3950.9
3974
3997.15
4020.3
4043.4
4066.55
4089.65
4112.8
4135.95
4159.05
4182.2
4205.3
4228.45
4251.55
4274.7
4297.85
4320.95
4344.1
4367.2
4390.35
4413.5
4436.6
-1000
0.05
26
51.1
76.15
101.25
127.6
155.95
183.1
209.05
234.4
259.5
284.35
309.45
335.85
364.25
391.25
417.2
442.55
467.65
492.7
517.8
544.6
572.95
599.9
625.75
651.05
675.95
700.95
726.1
753.25
781.5
808.3
834.1
859.35
884.4
909.45
934.65
962.4
990.5
1017.05
1042.7
1067.75
1092.8
1117.85
1143.1
1170.9
1198.9
1225.4
1251
1276.2
1301.05
1326.1
1351.4
1379.2
1407.15
1433.65
1459.1
1484.3
1509.3
1534.35
1559.7
1587.55
1615.45
1641.9
1667.45
1692.5
1717.5
1742.55
1767.9
1795.8
1823.7
1850
1875.55
1900.75
1925.8
1950.85
1976.05
2004
2031.9
2058.25
2083.7
2108.9
2133.9
2158.95
2184.35
2212.35
2240.1
2266.5
2292.05
2317.2
2342.25
2367.15
2392.5
2420.45
2448.3
2474.55
2500.15
2525.3
2550.35
2575.4
2600.8
2628.9
2656.65
2682.95
2708.5
2733.65
2758.5
2783.55
2808.95
2837.05
2864.75
2891.1
2916.6
2941.75
2966.8
2991.85
3017.35
3045.55
3073.2
3099.45
3124.95
3149.95
3174.95
3200
3225.55
3253.7
3281.35
3307.6
3333.1
3358.25
3383.1
3408.15
3433.65
3461.8
3489.5
3515.75
3541.1
3566.25
3591.3
3616.35
3641.9
3670
3697.7
3723.95
3749.45
3774.45
3799.45
3824.5
3850.05
3878.2
3905.85
3932
3957.5
3982.65
4007.7
4032.75
4058.15
4086.35
4114
4140.25
4165.6
4190.75
4215.8
4240.85
4266.4
4294.6
4322.15
4348.4
4373.9
4399.05
4424.1
4449
4474.5
4502.6
4530.3
4556.45
4582
4607.15
4632.15
4657.25
4682.8
4711
4738.65
4764.85
4790.3
4815.45
4840.3
4865.4
4890.95
4919.15
4946.7
4972.95
4998.45
