0.05
24.45
53.8
83.1
112.45
141.75
171.1
200.4
229.75
259.05
288.4
317.75
347.05
376.4
405.7
435.05
464.35
493.7
523
552.35
581.65
611
640.3
669.65
698.95
728.3
757.6
786.95
816.3
845.6
874.95
904.25
933.6
962.9
992.25
1021.55
1050.9
1080.2
1109.55
1138.85
1168.2
1197.5
1226.85
1256.15
1285.5
1314.85
1344.15
1373.5
1402.8
1432.15
1461.45
1490.8
1520.1
1549.45
1578.75
1608.1
1637.4
1666.75
1696.05
1725.4
1754.7
1784.05
1813.4
1842.7
1872.05
1901.35
1930.7
1960
1989.35
2018.65
2048
2077.3
2106.65
2135.95
2165.3
2194.6
2223.95
2253.25
2282.6
2311.95
2341.25
2370.6
2399.9
2429.25
2458.55
2487.9
2517.2
2546.55
2575.85
2605.2
2634.5
2663.85
2693.15
2722.5
2751.8
2781.15
2810.5
2839.8
2869.15
2898.45
2927.8
2957.1
2986.45
3015.75
3045.1
3074.4
3103.75
3133.05
3162.4
3191.7
3221.05
3250.35
3279.7
3309.05
3338.35
3367.7
3397
3426.35
3455.65
3485
3514.3
3543.65
3572.95
3602.3
3631.6
3660.95
3690.25
3719.6
3748.9
3778.25
3807.6
3836.9
3866.25
3895.55
3924.9
3954.2
3983.55
4012.85
4042.2
4071.5
4100.85
4130.15
4159.5
4188.8
4218.15
4247.45
4276.8
4306.15
4335.45
4364.8
4394.1
4423.45
4452.75
4482.1
4511.4
4540.75
4570.05
4599.4
4628.7
4658.05
4687.35
4716.7
4746
4775.35
4804.7
4834
4863.35
4892.65
4922
4951.3
4980.65
-1000
0.05
26
51.2
76.3
102.05
128.8
156.5
184.8
213.5
242.45
271.55
300.75
330
359.25
388.5
417.85
447.15
476.5
505.8
535.15
564.45
593.8
623.1
652.45
681.75
711.1
740.4
769.75
799.05
828.4
857.7
887
916.35
945.7
975
1004.35
1033.7
1063
1092.35
1121.65
1151
1180.3
1209.65
1238.95
1268.3
1297.6
1326.95
1356.25
1385.55
1414.9
1444.25
1473.55
1502.9
1532.25
1561.55
1590.9
1620.2
1649.55
1678.85
1708.2
1737.5
1766.85
1796.15
1825.45
1854.8
1884.1
1913.45
1942.8
1972.1
2001.45
2030.8
2060.1
2089.45
2118.75
2148.1
2177.4
2206.75
2236.05
2265.4
2294.7
2324
2353.35
2382.65
2412
2441.35
2470.65
2500
2529.35
2558.65
2588
2617.3
2646.65
2675.95
2705.3
2734.6
2763.95
2793.25
2822.55
2851.9
2881.2
2910.55
2939.9
2969.2
2998.55
3027.9
3057.2
3086.55
3115.85
3145.2
3174.5
3203.85
3233.15
3262.5
3291.8
3321.1
3350.45
3379.75
3409.1
3438.45
3467.75
3497.1
3526.45
3555.75
3585.1
3614.4
3643.75
3673.05
3702.4
3731.7
3761.05
3790.35
3819.65
3849
3878.3
3907.65
3937
3966.3
3995.65
4025
4054.3
4083.65
4112.95
4142.3
4171.6
4200.95
4230.25
4259.6
4288.9
4318.2
4347.55
4376.85
4406.2
4435.55
4464.85
4494.2
4523.55
4552.85
4582.2
4611.5
4640.85
4670.15
4699.5
4728.8
4758.15
4787.45
4816.75
4846.1
4875.4
4904.75
4934.1
4963.4
