0.05
24.45
53.8
83.1
112.45
141.75
171.1
200.4
229.75
259.05
288.4
317.75
347.05
376.4
405.7
435.05
464.35
493.7
523
552.35
581.65
611
640.3
669.65
698.95
728.3
757.6
786.95
816.3
845.6
874.95
904.25
933.6
962.9
992.25
1021.55
1050.9
1080.2
1109.55
1138.85
1168.2
1197.5
1226.85
1256.15
1285.5
1314.85
1344.15
1373.5
1402.8
1432.15
1461.45
1490.8
1520.1
1549.45
1578.75
1608.1
1637.4
1666.75
1696.05
1725.4
1754.7
1784.05
1813.4
1842.7
1872.05
1901.35
1930.7
1960
1989.35
2018.65
2048
2077.3
2106.65
2135.95
2165.3
2194.6
2223.95
2253.25
2282.6
2311.95
2341.25
2370.6
2399.9
2429.25
2458.55
2487.9
2517.2
2546.55
2575.85
2605.2
2634.5
2663.85
2693.15
2722.5
2751.8
2781.15
2810.5
2839.8
2869.15
2898.45
2927.8
2957.1
2986.45
3015.75
3045.1
3074.4
3103.75
3133.05
3162.4
3191.7
3221.05
3250.35
3279.7
3309.05
3338.35
3367.7
3397
3426.35
3455.65
3485
3514.3
3543.65
3572.95
3602.3
3631.6
3660.95
3690.25
3719.6
3748.9
3778.25
3807.6
3836.9
3866.25
3895.55
3924.9
3954.2
3983.55
4012.85
4042.2
4071.5
4100.85
4130.15
4159.5
4188.8
4218.15
4247.45
4276.8
4306.15
4335.45
4364.8
4394.1
4423.45
4452.75
4482.1
4511.4
4540.75
4570.05
4599.4
4628.7
4658.05
4687.35
4716.7
4746
4775.35
4804.7
4834
4863.35
4892.65
4922
4951.3
4980.65
-1000
0.05
26
51.1
76.8
103.55
131.2
159.5
188.2
217.15
246.25
275.4
304.65
333.9
363.2
392.5
421.8
451.15
480.5
509.8
539.15
568.45
597.8
627.1
656.45
685.75
715.1
744.4
773.75
803.05
832.4
861.7
891
920.35
949.7
979
1008.35
1037.7
1067
1096.35
1125.65
1155
1184.3
1213.65
1242.95
1272.3
1301.6
1330.95
1360.25
1389.55
1418.9
1448.25
1477.55
1506.9
1536.25
1565.55
1594.9
1624.2
1653.55
1682.85
1712.2
1741.5
1770.85
1800.15
1829.45
1858.8
1888.1
1917.45
1946.8
1976.1
2005.45
2034.8
2064.1
2093.45
2122.75
2152.1
2181.4
2210.75
2240.05
2269.4
2298.7
2328
2357.35
2386.65
2416
2445.35
2474.65
2504
2533.35
2562.65
2592
2621.3
2650.65
2679.95
2709.3
2738.6
2767.95
2797.25
2826.55
2855.9
2885.2
2914.55
2943.9
2973.2
3002.55
3031.9
3061.2
3090.55
3119.85
3149.2
3178.5
3207.85
3237.15
3266.5
3295.8
3325.1
3354.45
3383.75
3413.1
3442.45
3471.75
3501.1
3530.45
3559.75
3589.1
3618.4
3647.75
3677.05
3706.4
3735.7
3765.05
3794.35
3823.65
3853
3882.3
3911.65
3941
3970.3
3999.65
4029
4058.3
4087.65
4116.95
4146.3
4175.6
4204.95
4234.25
4263.6
4292.9
4322.2
4351.55
4380.85
4410.2
4439.55
4468.85
4498.2
4527.55
4556.85
4586.2
4615.5
4644.85
4674.15
4703.5
4732.8
4762.15
4791.45
4820.75
4850.1
4879.4
4908.75
4938.1
4967.4
