38.3
83
127.7
172.35
217.05
261.75
306.45
351.15
395.85
440.55
485.25
529.95
574.65
619.35
664.05
708.75
753.45
798.15
842.85
887.5
932.2
976.9
1021.6
1066.3
1111
1155.7
1200.4
1245.1
1289.8
1334.5
1379.2
1423.9
1468.6
1513.3
1557.95
1602.65
1647.35
1692.05
1736.75
1781.45
1826.15
1870.85
1915.55
1960.25
2004.95
2049.65
2094.35
2139.05
2183.75
2228.45
2273.1
2317.8
2362.5
2407.2
2451.9
2496.6
2541.3
2586
2630.7
2675.4
2720.1
2764.8
2809.5
2854.2
2898.9
2943.55
2988.25
3032.95
3077.65
3122.35
3167.05
3211.75
3256.45
3301.15
3345.85
3390.55
3435.25
3479.95
3524.65
3569.35
3614.05
3658.7
3703.4
3748.1
3792.8
3837.5
3882.2
3926.9
3971.6
4016.3
4061
4105.7
4150.4
4195.1
4239.8
4284.5
4329.15
4373.85
4418.55
4463.25
4507.95
4552.65
4597.35
4642.05
4686.75
4731.45
4776.15
4820.85
4865.55
4910.25
4954.95
4999.6
-1000
25.6
66.9
110.3
154.5
198.95
243.55
288.2
332.9
377.6
422.3
466.8
511.4
556.1
600.9
645.7
690.4
735.1
779.85
824.55
869.25
913.95
958.65
1003.35
1048.05
1092.75
1137.25
1181.85
1226.55
1271.2
1316.05
1360.85
1405.55
1450.25
1495
1539.7
1584.4
1629.1
1673.8
1718.5
1763.2
1807.9
1852.4
1897
1941.7
1986.5
2031.3
2076
2120.7
2165.45
2210.15
2254.85
2299.55
2344.25
2388.95
2433.65
2478.35
2522.85
2567.45
2612.15
2656.95
2701.75
2746.45
2791.15
2835.9
2880.6
2925.3
2970
3014.7
3059.4
3104.1
3148.8
3193.5
3238
3282.6
3327.3
3372.1
3416.9
3461.6
3506.3
3551.05
3595.75
3640.45
3685.15
3729.85
3774.55
3819.25
3863.95
3908.45
3953.05
3997.75
4042.55
4087.35
4132.05
4176.75
4221.5
4266.2
4310.9
4355.6
4400.3
4445
4489.7
4534.4
4579.1
4623.6
4668.2
4712.9
4757.7
4802.5
4847.2
4891.9
4936.65
4981.35
