0.05
24.45
53.8
83.1
112.45
141.75
171.1
200.4
229.75
259.05
288.4
317.75
347.05
376.4
405.7
435.05
464.35
493.7
523
552.35
581.65
611
640.3
669.65
698.95
728.3
757.6
786.95
816.3
845.6
874.95
904.25
933.6
962.9
992.25
1021.55
1050.9
1080.2
1109.55
1138.85
1168.2
1197.5
1226.85
1256.15
1285.5
1314.85
1344.15
1373.5
1402.8
1432.15
1461.45
1490.8
1520.1
1549.45
1578.75
1608.1
1637.4
1666.75
1696.05
1725.4
1754.7
1784.05
1813.4
1842.7
1872.05
1901.35
1930.7
1960
1989.35
2018.65
2048
2077.3
2106.65
2135.95
2165.3
2194.6
2223.95
2253.25
2282.6
2311.95
2341.25
2370.6
2399.9
2429.25
2458.55
2487.9
2517.2
2546.55
2575.85
2605.2
2634.5
2663.85
2693.15
2722.5
2751.8
2781.15
2810.5
2839.8
2869.15
2898.45
2927.8
2957.1
2986.45
3015.75
3045.1
3074.4
3103.75
3133.05
3162.4
3191.7
3221.05
3250.35
3279.7
3309.05
3338.35
3367.7
3397
3426.35
3455.65
3485
3514.3
3543.65
3572.95
3602.3
3631.6
3660.95
3690.25
3719.6
3748.9
3778.25
3807.6
3836.9
3866.25
3895.55
3924.9
3954.2
3983.55
4012.85
4042.2
4071.5
4100.85
4130.15
4159.5
4188.8
4218.15
4247.45
4276.8
4306.15
4335.45
4364.8
4394.1
4423.45
4452.75
4482.1
4511.4
4540.75
4570.05
4599.4
4628.7
4658.05
4687.35
4716.7
4746
4775.35
4804.7
4834
4863.35
4892.65
4922
4951.3
4980.65
-1000
0.05
26
53.35
78.55
103.65
129.4
156.15
183.8
212.1
240.85
269.8
298.9
328.05
357.3
386.55
415.85
445.2
474.5
503.8
533.15
562.45
591.8
621.1
650.45
679.75
709.1
738.4
767.75
797.05
826.4
855.7
885
914.35
943.7
973
1002.35
1031.7
1061
1090.35
1119.65
1149
1178.3
1207.65
1236.95
1266.3
1295.6
1324.95
1354.25
1383.55
1412.9
1442.25
1471.55
1500.9
1530.25
1559.55
1588.9
1618.2
1647.55
1676.85
1706.2
1735.5
1764.85
1794.15
1823.45
1852.8
1882.1
1911.45
1940.8
1970.1
1999.45
2028.8
2058.1
2087.45
2116.75
2146.1
2175.4
2204.75
2234.05
2263.4
2292.7
2322
2351.35
2380.65
2410
2439.35
2468.65
2498
2527.35
2556.65
2586
2615.3
2644.65
2673.95
2703.3
2732.6
2761.95
2791.25
2820.55
2849.9
2879.2
2908.55
2937.9
2967.2
2996.55
3025.9
3055.2
3084.55
3113.85
3143.2
3172.5
3201.85
3231.15
3260.5
3289.8
3319.1
3348.45
3377.75
3407.1
3436.45
3465.75
3495.1
3524.45
3553.75
3583.1
3612.4
3641.75
3671.05
3700.4
3729.7
3759.05
3788.35
3817.65
3847
3876.3
3905.65
3935
3964.3
3993.65
4023
4052.3
4081.65
4110.95
4140.3
4169.6
4198.95
4228.25
4257.6
4286.9
4316.2
4345.55
4374.85
4404.2
4433.55
4462.85
4492.2
4521.55
4550.85
4580.2
4609.5
4638.85
4668.15
4697.5
4726.8
4756.15
4785.45
4814.75
4844.1
4873.4
4902.75
4932.1
4961.4
