0.05
20.35
45.1
69.85
94.65
119.4
144.15
168.95
193.7
218.45
243.2
268
292.75
317.5
342.3
367.05
391.8
416.55
441.35
466.1
490.85
515.6
540.4
565.15
589.9
614.7
639.45
664.2
688.95
713.75
738.5
763.25
788.05
812.8
837.55
862.3
887.1
911.85
936.6
961.35
986.15
1010.9
1035.65
1060.45
1085.2
1109.95
1134.7
1159.5
1184.25
1209
1233.8
1258.55
1283.3
1308.05
1332.85
1357.6
1382.35
1407.1
1431.9
1456.65
1481.4
1506.2
1530.95
1555.7
1580.45
1605.25
1630
1654.75
1679.55
1704.3
1729.05
1753.8
1778.6
1803.35
1828.1
1852.9
1877.65
1902.4
1927.15
1951.95
1976.7
2001.45
2026.2
2051
2075.75
2100.5
2125.3
2150.05
2174.8
2199.55
2224.35
2249.1
2273.85
2298.65
2323.4
2348.15
2372.9
2397.7
2422.45
2447.2
2471.95
2496.75
2521.5
2546.25
2571.05
2595.8
2620.55
2645.3
2670.1
2694.85
2719.6
2744.4
2769.15
2793.9
2818.65
2843.45
2868.2
2892.95
2917.7
2942.5
2967.25
2992
3016.8
3041.55
3066.3
3091.05
3115.85
3140.6
3165.35
3190.15
3214.9
3239.65
3264.4
3289.2
3313.95
3338.7
3363.45
3388.25
3413
3437.75
3462.55
3487.3
3512.05
3536.8
3561.6
3586.35
3611.1
3635.9
3660.65
3685.4
3710.15
3734.95
3759.7
3784.45
3809.25
3834
3858.75
3883.5
3908.3
3933.05
3957.8
3982.55
4007.35
4032.1
4056.85
4081.65
4106.4
4131.15
4155.9
4180.7
4205.45
4230.2
4255
4279.75
4304.5
4329.25
4354.05
4378.8
4403.55
4428.3
4453.1
4477.85
4502.6
4527.4
4552.15
4576.9
4601.65
4626.45
4651.2
4675.95
4700.75
4725.5
4750.25
4775
4799.8
4824.55
-1000
0.05
26
51.25
76.55
102.25
130
159
186.9
213.8
240
265.85
291.45
316.85
342.2
367.3
392.45
417.6
442.75
467.65
492.75
517.8
542.8
567.85
592.9
617.9
642.75
667.8
692.8
717.85
742.85
767.95
793
817.95
843.1
868.3
893.6
918.95
945.25
973.75
1002.5
1029.95
1056.45
1082.35
1108.1
1133.65
1159.05
1184.3
1209.55
1234.7
1259.65
1284.8
1309.85
1334.9
1359.95
1385
1410
1435.05
1460.05
1485.05
1510.1
1534.95
1560
1585.05
1610.15
1635.25
1660.4
1685.6
1710.75
1736.25
1762.8
1791.5
1820.1
1847.4
1873.85
1899.85
1925.5
1951
1976.25
2001.5
2026.75
2051.9
2077.05
2102.1
2127.2
2152.1
2177.15
2202.15
2227.2
2252.2
2277.25
2302.25
2327.1
2352.15
2377.2
2402.25
2427.15
2452.2
2477.35
2502.5
2527.7
2553.1
2578.95
2606.85
2635.8
2663.65
2690.4
2716.55
2742.35
2767.8
2793.25
2818.55
2843.8
2868.8
2894
2919.1
2944.2
2969.25
2994.3
3019.3
3044.2
3069.2
3094.25
3119.25
3144.3
3169.3
3194.35
3219.2
3244.3
3269.35
3294.45
3319.6
3344.8
3370.15
3395.85
3423.5
3452.5
3480.45
3507.35
3533.6
3559.4
3585
3610.45
3635.75
3660.85
3686.05
3711.2
3736.3
3761.4
3786.45
3811.5
3836.55
3861.6
3886.6
3911.6
3936.45
3961.5
3986.5
4011.55
4036.6
4061.7
4086.75
4111.75
4136.9
4162.1
4187.5
4213.3
4241.25
4270.2
4298.05
4324.8
4350.95
4376.65
4402.25
4427.65
4453
4478.25
4503.4
4528.55
4553.5
4578.6
4603.65
4628.7
4653.75
4678.75
4703.8
4728.65
4753.65
4778.7
4803.7
4828.6
4853.6
4878.65
4903.75
4928.85
4954
4979.2
