0.05
24.2
53.3
82.35
111.4
140.45
169.55
198.6
227.65
256.7
285.8
314.85
343.9
373
402.05
431.1
460.15
489.25
518.3
547.35
576.4
605.5
634.55
663.6
692.65
721.75
750.8
779.85
808.9
838
867.05
896.1
925.15
954.25
983.3
1012.35
1041.4
1070.5
1099.55
1128.6
1157.65
1186.75
1215.8
1244.85
1273.9
1303
1332.05
1361.1
1390.15
1419.25
1448.3
1477.35
1506.45
1535.5
1564.55
1593.6
1622.7
1651.75
1680.8
1709.85
1738.95
1768
1797.05
1826.1
1855.2
1884.25
1913.3
1942.35
1971.45
2000.5
2029.55
2058.6
2087.7
2116.75
2145.8
2174.85
2203.95
2233
2262.05
2291.1
2320.2
2349.25
2378.3
2407.35
2436.45
2465.5
2494.55
2523.65
2552.7
2581.75
2610.8
2639.9
2668.95
2698
2727.05
2756.15
2785.2
2814.25
2843.3
2872.4
2901.45
2930.5
2959.55
2988.65
3017.7
3046.75
3075.8
3104.9
3133.95
3163
3192.05
3221.15
3250.2
3279.25
3308.3
3337.4
3366.45
3395.5
3424.55
3453.65
3482.7
3511.75
3540.85
3569.9
3598.95
3628
3657.1
3686.15
3715.2
3744.25
3773.35
3802.4
3831.45
3860.5
3889.6
3918.65
3947.7
3976.75
4005.85
4034.9
4063.95
4093
4122.1
4151.15
4180.2
4209.25
4238.35
4267.4
4296.45
4325.5
4354.6
4383.65
4412.7
4441.75
4470.85
4499.9
4528.95
4558
4587.1
4616.15
4645.2
4674.3
4703.35
4732.4
4761.45
4790.55
4819.6
4848.65
4877.7
4906.8
4935.85
4964.9
-1000
0.05
26.25
56.1
86.25
116.6
146.75
176.6
206.2
235.6
264.9
294.1
323.25
352.35
381.45
410.55
439.6
468.7
497.7
526.8
555.85
584.95
613.95
643.05
672.1
701.2
730.2
759.3
788.35
817.45
846.45
875.55
904.6
933.7
962.75
991.85
1020.9
1049.95
1079
1108.1
1137.15
1166.2
1195.25
1224.35
1253.4
1282.45
1311.5
1340.6
1369.65
1398.7
1427.75
1456.85
1485.9
1514.9
1544
1573.05
1602.15
1631.15
1660.25
1689.3
1718.4
1747.4
1776.5
1805.55
1834.65
1863.65
1892.75
1921.8
1950.9
1979.95
2009.05
2038.1
2067.15
2096.2
2125.3
2154.35
2183.4
2212.45
2241.55
2270.6
2299.65
2328.7
2357.8
2386.85
2415.9
2444.95
2474.05
2503.1
2532.1
2561.2
2590.3
2619.35
2648.35
2677.45
2706.5
2735.6
2764.6
2793.7
2822.75
2851.85
2880.85
2909.95
2939
2968.1
2997.15
3026.25
3055.3
3084.35
3113.4
3142.5
3171.55
3200.6
3229.65
3258.75
3287.8
3316.85
3345.9
3375
3404.05
3433.1
3462.15
3491.25
3520.3
3549.35
3578.4
3607.5
3636.55
3665.55
3694.65
3723.7
3752.8
3781.8
3810.9
3839.95
3869.05
3898.05
3927.15
3956.2
3985.3
4014.3
4043.4
4072.45
4101.55
4130.6
4159.7
4188.75
4217.8
4246.85
4275.95
4305
4334.05
4363.1
4392.2
4421.25
4450.3
4479.35
4508.45
4537.5
4566.55
4595.6
4624.7
4653.75
4682.75
4711.85
4740.9
4770
4799
4828.1
4857.15
4886.25
4915.25
4944.35
4973.4
