0.05
19.15
42.6
66.05
89.45
112.9
136.35
159.75
183.2
206.65
230.1
253.5
276.95
300.4
323.8
347.25
370.7
394.1
417.55
441
464.45
487.85
511.3
534.75
558.15
581.6
605.05
628.5
651.9
675.35
698.8
722.2
745.65
769.1
792.55
815.95
839.4
862.85
886.25
909.7
933.15
956.55
980
1003.45
1026.9
1050.3
1073.75
1097.2
1120.6
1144.05
1167.5
1190.95
1214.35
1237.8
1261.25
1284.65
1308.1
1331.55
1354.95
1378.4
1401.85
1425.3
1448.7
1472.15
1495.6
1519
1542.45
1565.9
1589.35
1612.75
1636.2
1659.65
1683.05
1706.5
1729.95
1753.4
1776.8
1800.25
1823.7
1847.1
1870.55
1894
1917.4
1940.85
1964.3
1987.75
2011.15
2034.6
2058.05
2081.45
2104.9
2128.35
2151.8
2175.2
2198.65
2222.1
2245.5
2268.95
2292.4
2315.85
2339.25
2362.7
2386.15
2409.55
2433
2456.45
2479.85
2503.3
2526.75
2550.2
2573.6
2597.05
2620.5
2643.9
2667.35
2690.8
2714.25
2737.65
2761.1
2784.55
2807.95
2831.4
2854.85
2878.25
2901.7
2925.15
2948.6
2972
2995.45
3018.9
3042.3
3065.75
3089.2
3112.65
3136.05
3159.5
3182.95
3206.35
3229.8
3253.25
3276.7
3300.1
3323.55
3347
3370.4
3393.85
3417.3
3440.7
3464.15
3487.6
3511.05
3534.45
3557.9
3581.35
3604.75
3628.2
3651.65
3675.1
3698.5
3721.95
3745.4
3768.8
3792.25
3815.7
3839.15
3862.55
3886
3909.45
3932.85
3956.3
3979.75
4003.15
4026.6
4050.05
4073.5
4096.9
4120.35
4143.8
4167.2
4190.65
4214.1
4237.55
4260.95
4284.4
4307.85
4331.25
4354.7
4378.15
4401.55
4425
4448.45
4471.9
4495.3
-1000
0.05
26.05
54.1
80.6
106.35
131.65
156.75
181.75
206.85
232.2
260
288.2
314.75
340.55
365.9
391
416
441.05
466.4
494.15
522.4
549.1
574.9
600.25
625.35
650.2
675.25
700.5
728.3
756.6
783.35
809.05
834.4
859.55
884.4
909.45
934.65
962.2
990.55
1017.45
1043.2
1068.6
1093.75
1118.75
1143.8
1169.05
1196.6
1224.95
1251.85
1277.6
1303
1328.1
1353.15
1378.2
1403.4
1431.05
1459.35
1486.25
1512.1
1537.45
1562.6
1587.6
1612.5
1637.7
1665.25
1693.6
1720.5
1746.4
1771.65
1796.75
1821.8
1846.65
1871.85
1898.9
1927.35
1954.45
1980.45
2005.7
2030.9
2055.9
2080.95
2106.15
2132.95
2161.4
2188.6
2214.65
2240.1
2265.25
2290.3
2315.35
2340.5
2367.4
2395.85
2423.05
2449.05
2474.5
2499.65
2524.7
2549.7
2574.75
2601.35
2629.85
2657.15
2683.25
2708.7
2733.7
2758.75
2783.8
2808.8
2834.75
2863.15
2890.8
2917.05
2942.65
2967.7
2992.8
3017.8
3042.9
3068.55
3096.8
3124.6
3151.05
3176.7
3201.95
3227.05
3252.05
3277.15
3302.5
3330.6
3358.55
3385.1
3410.85
3436.15
3461.2
3486.25
3511.3
3536.55
3564.45
3592.6
3619.25
3645.05
3670.35
3695.3
3720.3
3745.35
3770.5
3798.3
3826.6
3853.35
3879.2
3904.55
3929.5
3954.5
3979.55
4004.8
4032.55
4060.85
4087.6
4113.45
4138.8
4163.9
4188.95
4214
4239.25
4267
4295.3
4322
4347.8
4373.2
4398.3
4423.3
4448.35
4473.65
4501.4
4529.7
4556.45
4582.25
4607.6
4632.7
4657.6
4682.65
4707.9
4735.6
4763.9
4790.7
4816.55
4841.9
4867
4891.9
4916.95
4942.15
4969.75
4998.1
