0.05
26.6
58.25
89.9
121.6
153.25
184.9
216.55
248.25
279.9
311.55
343.2
374.9
406.55
438.2
469.9
501.55
533.2
564.85
596.55
628.2
659.85
691.5
723.2
754.85
786.5
818.2
849.85
881.5
913.15
944.85
976.5
1008.15
1039.8
1071.5
1103.15
1134.8
1166.45
1198.15
1229.8
1261.45
1293.15
1324.8
1356.45
1388.1
1419.8
1451.45
1483.1
1514.75
1546.45
1578.1
1609.75
1641.4
1673.1
1704.75
1736.4
1768.1
1799.75
1831.4
1863.05
1894.75
1926.4
1958.05
1989.7
2021.4
2053.05
2084.7
2116.4
2148.05
2179.7
2211.35
2243.05
2274.7
2306.35
2338
2369.7
2401.35
2433
2464.65
2496.35
2528
2559.65
2591.35
2623
2654.65
2686.3
2718
2749.65
2781.3
2812.95
2844.65
2876.3
2907.95
2939.65
2971.3
3002.95
3034.6
3066.3
3097.95
3129.6
3161.25
3192.95
3224.6
3256.25
3287.9
3319.6
3351.25
3382.9
3414.6
3446.25
3477.9
3509.55
3541.25
3572.9
3604.55
3636.2
3667.9
3699.55
3731.2
3762.85
3794.55
3826.2
3857.85
3889.55
3921.2
3952.85
3984.5
4016.2
4047.85
4079.5
4111.15
4142.85
4174.5
4206.15
4237.85
4269.5
4301.15
4332.8
4364.5
4396.15
4427.8
4459.45
4491.15
4522.8
4554.45
4586.1
4617.8
4649.45
4681.1
4712.8
4744.45
4776.1
4807.75
4839.45
4871.1
4902.75
4934.4
4966.1
4997.75
-1000
0.05
26
51.1
77.45
105.7
135.3
165.65
196.35
227.2
258.1
288.75
318.85
347.85
373.5
398.65
425.25
453.7
483.4
513.8
544.55
575.4
606.25
636.9
666.9
695.6
720.95
746.2
773.05
801.7
831.55
862
892.75
923.6
954.45
985.05
1014.9
1043.4
1068.6
1093.95
1121
1149.8
1179.7
1210.2
1241
1271.85
1302.7
1333.25
1363
1391.3
1416.45
1441.85
1469.05
1497.95
1527.9
1558.45
1589.2
1620.1
1650.9
1681.45
1711.15
1739.25
1764.35
1789.75
1817.05
1846.05
1876.1
1906.65
1937.45
1968.35
1999.15
2029.65
2059.25
2087.15
2112.2
2137.65
2165.15
2194.25
2224.3
2254.85
2285.7
2316.55
2347.35
2377.8
2407.35
2435.05
2460.1
2485.75
2513.3
2542.45
2572.55
2603.15
2633.95
2664.8
2695.6
2726.05
2755.55
2783.25
2808.25
2833.95
2861.55
2890.7
2920.85
2951.4
2982.25
3013.1
3043.9
3074.35
3103.8
3131.5
3156.55
3182.25
3209.85
3239
3269.15
3299.7
3330.55
3361.4
3392.2
3422.65
3452.1
3479.8
3504.85
3530.55
3558.05
3587.25
3617.4
3648
3678.8
3709.7
3740.45
3770.9
3800.4
3828.05
3853.1
3878.8
3906.3
3935.55
3965.7
3996.3
4027.1
4058
4088.75
4119.15
4148.65
4176.35
4201.35
4227.1
4254.7
4283.9
4314
4344.6
4375.4
4406.3
4437.05
4467.45
4496.95
4524.65
4549.7
4575.4
