0.05
18.5
41.2
63.85
86.55
109.25
131.95
154.6
177.3
200
222.7
245.35
268.05
290.75
313.45
336.15
358.8
381.5
404.2
426.9
449.55
472.25
494.95
517.65
540.3
563
585.7
608.4
631.05
653.75
676.45
699.15
721.85
744.5
767.2
789.9
812.6
835.25
857.95
880.65
903.35
926
948.7
971.4
994.1
1016.75
1039.45
1062.15
1084.85
1107.55
1130.2
1152.9
1175.6
1198.3
1220.95
1243.65
1266.35
1289.05
1311.7
1334.4
1357.1
1379.8
1402.45
1425.15
1447.85
1470.55
1493.2
1515.9
1538.6
1561.3
1584
1606.65
1629.35
1652.05
1674.75
1697.4
1720.1
1742.8
1765.5
1788.15
1810.85
1833.55
1856.25
1878.9
1901.6
1924.3
1947
1969.7
1992.35
2015.05
2037.75
2060.45
2083.1
2105.8
2128.5
2151.2
2173.85
2196.55
2219.25
2241.95
2264.6
2287.3
2310
2332.7
2355.35
2378.05
2400.75
2423.45
2446.15
2468.8
2491.5
2514.2
2536.9
2559.55
2582.25
2604.95
2627.65
2650.3
2673
2695.7
2718.4
2741.05
2763.75
2786.45
2809.15
2831.85
2854.5
2877.2
2899.9
2922.6
2945.25
2967.95
2990.65
3013.35
3036
3058.7
3081.4
3104.1
3126.75
3149.45
3172.15
3194.85
3217.55
3240.2
3262.9
3285.6
3308.3
3330.95
3353.65
3376.35
3399.05
3421.7
3444.4
3467.1
3489.8
3512.45
3535.15
3557.85
3580.55
3603.2
3625.9
3648.6
3671.3
3694
3716.65
3739.35
3762.05
3784.75
3807.4
3830.1
3852.8
3875.5
3898.15
3920.85
3943.55
3966.25
3988.9
4011.6
4034.3
4057
4079.7
4102.35
4125.05
4147.75
4170.45
4193.1
4215.8
4238.5
4261.2
4283.85
4306.55
4329.25
-1000
0.05
26.3
54.25
80.75
106.25
131.4
156.25
181.45
209.15
236.85
263.05
288.4
313.45
338.5
363.9
392.05
419.3
445.1
470.4
495.45
520.5
546.55
574.75
601.65
627.4
652.55
677.6
702.7
730.2
758.1
784.45
809.9
834.85
859.85
885.15
913
940.55
966.65
991.95
1017
1042.05
1067.85
1096.05
1123.15
1148.9
1174.15
1199.15
1224.1
1250.8
1278.95
1305.45
1331.1
1356.2
1381.25
1406.25
1433.95
1461.75
1488
1513.4
1538.5
1563.55
1589
1617.05
1644.35
1670.3
1695.45
1720.5
1745.55
1771.55
1799.75
1826.7
1852.45
1877.65
1902.65
1927.8
1955.15
1983.05
2009.45
2034.95
2060.05
2084.9
2110.15
2137.95
2165.5
2191.6
2217
2242.05
2266.95
2292.45
2320.6
2347.85
2373.75
2399
2424.05
2449.15
2475.4
2503.6
2530.4
2555.9
2581.1
2606.1
2631.25
2658.8
2686.65
2713
2738.45
2763.5
2788.55
2813.9
2841.9
2869.35
2895.35
2920.65
2945.5
2970.55
2996.4
3024.55
3051.6
3077.4
3102.65
3127.65
3152.75
3179.75
3207.85
3234.35
3259.85
3285
3310
3335.05
3362.8
3390.5
3416.55
3441.95
3467.05
3492.05
3517.4
3545.45
3572.8
3598.8
3624.05
3649.1
3674.15
3700.35
3728.5
3755.4
3781.1
3806.1
3831.15
3856.25
3883.6
3911.55
3937.95
3963.4
3988.5
4013.55
4038.85
4066.8
4094.2
4120.3
4145.6
4170.65
4195.55
4221.2
4249.35
4276.45
4302.35
4327.6
4352.6
4377.55
4403.8
4432
4458.8
4484.5
4509.65
4534.7
4559.85
4587.4
4615.25
4641.55
4666.85
4691.95
4716.95
4742.3
4770.25
4797.7
4823.75
4849.05
4874.1
4899.15
4925.1
4953.25
4980.25
