0.05
23.1
50.95
78.75
106.6
134.4
162.25
190.05
217.9
245.7
273.55
301.35
329.2
357
384.85
412.65
440.5
468.3
496.15
523.95
551.8
579.6
607.45
635.25
663.1
690.9
718.75
746.55
774.4
802.2
830.05
857.85
885.7
913.5
941.35
969.15
997
1024.8
1052.65
1080.45
1108.3
1136.1
1163.95
1191.75
1219.6
1247.4
1275.25
1303.05
1330.9
1358.7
1386.55
1414.35
1442.2
1470
1497.85
1525.65
1553.5
1581.3
1609.15
1636.95
1664.8
1692.6
1720.45
1748.25
1776.1
1803.95
1831.75
1859.6
1887.4
1915.25
1943.05
1970.9
1998.7
2026.55
2054.35
2082.2
2110
2137.85
2165.65
2193.5
2221.3
2249.15
2276.95
2304.8
2332.6
2360.45
2388.25
2416.1
2443.9
2471.75
2499.55
2527.4
2555.2
2583.05
2610.85
2638.7
2666.5
2694.35
2722.15
2750
2777.8
2805.65
2833.45
2861.3
2889.1
2916.95
2944.75
2972.6
3000.4
3028.25
3056.05
3083.9
3111.7
3139.55
3167.35
3195.2
3223
3250.85
3278.65
3306.5
3334.3
3362.15
3389.95
3417.8
3445.6
3473.45
3501.25
3529.1
3556.95
3584.75
3612.6
3640.4
3668.25
3696.05
3723.9
3751.7
3779.55
3807.35
3835.2
3863
3890.85
3918.65
3946.5
3974.3
4002.15
4029.95
4057.8
4085.6
4113.45
4141.25
4169.1
4196.9
4224.75
4252.55
4280.4
4308.2
4336.05
4363.85
4391.7
4419.5
4447.35
4475.15
4503
4530.8
4558.65
4586.45
4614.3
4642.1
4669.95
4697.75
4725.6
4753.4
4781.25
4809.05
4836.9
4864.7
4892.55
4920.35
4948.2
4976
-1000
0.05
26.1
55.05
84.8
114.75
144.15
172.95
201.45
229.65
257.7
285.65
313.6
341.45
369.35
397.15
425.05
452.8
480.7
508.55
536.4
564.25
592.05
619.9
647.7
675.55
703.4
731.2
759.05
786.85
814.7
842.5
870.35
898.15
926
953.8
981.65
1009.45
1037.3
1065.1
1092.95
1120.75
1148.6
1176.4
1204.25
1232.05
1259.9
1287.7
1315.55
1343.35
1371.2
1399
1426.85
1454.65
1482.5
1510.3
1538.15
1565.95
1593.8
1621.6
1649.45
1677.25
1705.1
1732.9
1760.75
1788.55
1816.4
1844.2
1871.95
1899.8
1927.6
1955.45
1983.25
2011.1
2038.9
2066.75
2094.55
2122.4
2150.2
2178.05
2205.85
2233.7
2261.55
2289.4
2317.25
2345.05
2372.9
2400.7
2428.55
2456.4
2484.2
2512.05
2539.85
2567.7
2595.5
2623.35
2651.15
2679
2706.8
2734.65
2762.45
2790.3
2818.1
2845.95
2873.75
2901.6
2929.4
2957.25
2985.05
3012.9
3040.7
3068.55
3096.35
3124.2
3152
3179.85
3207.65
3235.5
3263.3
3291.15
3318.95
3346.8
3374.6
3402.45
3430.25
3458.1
3485.9
3513.75
3541.55
3569.4
3597.2
3624.95
3652.8
3680.6
3708.45
3736.25
3764.1
3791.9
3819.75
3847.55
3875.4
3903.2
3931.05
3958.85
3986.7
4014.5
4042.35
4070.2
4098.05
4125.9
4153.7
4181.55
4209.35
4237.2
4265.05
4292.85
4320.7
4348.5
4376.35
4404.15
4432
4459.8
4487.65
4515.45
4543.3
4571.1
4598.95
4626.75
4654.6
4682.4
4710.25
4738.05
4765.9
4793.7
4821.55
4849.35
4877.2
4905
4932.85
4960.65
4988.5
