39.75
85.95
132.2
178.4
224.65
270.85
317.1
363.35
409.55
455.8
502
548.25
594.5
640.7
686.95
733.15
779.4
825.65
871.85
918.1
964.3
1010.55
1056.8
1103
1149.25
1195.45
1241.7
1287.95
1334.15
1380.4
1426.6
1472.85
1519.05
1565.3
1611.55
1657.75
1704
1750.2
1796.45
1842.7
1888.9
1935.15
1981.35
2027.6
2073.85
2120.05
2166.3
2212.5
2258.75
2305
2351.2
2397.45
2443.65
2489.9
2536.15
2582.35
2628.6
2674.8
2721.05
2767.25
2813.5
2859.75
2905.95
2952.2
2998.4
3044.65
3090.9
3137.1
3183.35
3229.55
3275.8
3322.05
3368.25
3414.5
3460.7
3506.95
3553.2
3599.4
3645.65
3691.85
3738.1
3784.3
3830.55
3876.8
3923
3969.25
4015.45
4061.7
4107.95
4154.15
4200.4
4246.6
4292.85
4339.1
4385.3
4431.55
4477.75
4524
4570.25
4616.45
4662.7
4708.9
4755.15
4801.4
4847.6
4893.85
4940.05
4986.3
-1000
25.6
67.8
112.45
157.9
203.8
249.6
295.85
342.05
388.25
434.5
480.7
526.95
572.95
619.3
665.6
711.85
758.1
804.1
850.45
896.7
942.95
989.2
1035.25
1081.6
1127.85
1174.1
1220.35
1266.4
1312.75
1359
1405.25
1451.5
1497.55
1543.9
1589.95
1636.3
1682.6
1728.85
1775.1
1821.15
1867.5
1913.75
1960
2006.25
2052.3
2098.65
2144.9
2191.15
2237.4
2283.45
2329.8
2376.05
2422.3
2468.55
2514.6
2560.95
2607.2
2653.45
2699.7
2745.95
2792.2
2838.2
2884.55
2930.8
2977.1
3023.35
3069.35
3115.7
3161.95
3208.2
3254.45
3300.5
3346.85
3393.1
3439.35
3485.6
3531.65
3578
3624.25
3670.5
3716.75
3762.8
3809.15
3855.4
3901.65
3947.9
3994.15
4040.4
4086.4
4132.75
4179
4225.3
4271.55
4317.55
4363.9
4410.15
4456.4
4502.65
4548.7
4595.05
4641.3
4687.55
4733.8
4779.85
4826.2
4872.45
4918.7
4964.95
