0.05
19.3
42.9
66.5
90.05
113.65
137.25
160.85
184.45
208.05
231.65
255.2
278.8
302.4
326
349.6
373.2
396.75
420.35
443.95
467.55
491.15
514.75
538.3
561.9
585.5
609.1
632.7
656.3
679.9
703.45
727.05
750.65
774.25
797.85
821.45
845
868.6
892.2
915.8
939.4
963
986.55
1010.15
1033.75
1057.35
1080.95
1104.55
1128.1
1151.7
1175.3
1198.9
1222.5
1246.1
1269.7
1293.25
1316.85
1340.45
1364.05
1387.65
1411.25
1434.8
1458.4
1482
1505.6
1529.2
1552.8
1576.35
1599.95
1623.55
1647.15
1670.75
1694.35
1717.95
1741.5
1765.1
1788.7
1812.3
1835.9
1859.5
1883.05
1906.65
1930.25
1953.85
1977.45
2001.05
2024.6
2048.2
2071.8
2095.4
2119
2142.6
2166.2
2189.75
2213.35
2236.95
2260.55
2284.15
2307.75
2331.3
2354.9
2378.5
2402.1
2425.7
2449.3
2472.85
2496.45
2520.05
2543.65
2567.25
2590.85
2614.4
2638
2661.6
2685.2
2708.8
2732.4
2756
2779.55
2803.15
2826.75
2850.35
2873.95
2897.55
2921.1
2944.7
2968.3
2991.9
3015.5
3039.1
3062.65
3086.25
3109.85
3133.45
3157.05
3180.65
3204.25
3227.8
3251.4
3275
3298.6
3322.2
3345.8
3369.35
3392.95
3416.55
3440.15
3463.75
3487.35
3510.9
3534.5
3558.1
3581.7
3605.3
3628.9
3652.45
3676.05
3699.65
3723.25
3746.85
3770.45
3794.05
3817.6
3841.2
3864.8
3888.4
3912
3935.6
3959.15
3982.75
4006.35
4029.95
4053.55
4077.15
4100.7
4124.3
4147.9
4171.5
4195.1
4218.7
4242.3
4265.85
4289.45
4313.05
4336.65
4360.25
4383.85
4407.4
4431
4454.6
4478.2
4501.8
4525.4
-1000
0.05
26.05
54.35
82.25
108.8
134.55
159.9
185
210
235.05
260.05
286.05
314.5
342.25
368.7
394.2
419.5
444.6
469.65
494.7
519.9
546.35
574.95
602.4
628.6
654.2
679.45
704.35
729.4
754.45
779.65
806.95
835.45
862.55
888.6
914.1
939.3
964.35
989.2
1014.25
1039.6
1067.5
1095.8
1122.55
1148.5
1173.9
1199.05
1224.1
1249.1
1274.25
1299.65
1327.75
1355.9
1382.55
1408.35
1433.55
1458.7
1483.75
1508.75
1533.9
1559.65
1587.95
1615.9
1642.4
1668.1
1693.45
1718.55
1743.4
1768.45
1793.6
1819.65
1848.1
1875.75
1902.15
1927.85
1953.1
1978.2
2003.25
2028.1
2053.3
2079.8
2108.35
2135.85
2161.95
2187.55
2212.8
2237.9
2262.9
2287.95
2313.2
2340.6
2369.1
2396.15
2422.2
2447.65
2472.7
2497.75
2522.75
2547.85
2573.2
2601.1
2629.35
2656.2
2682.05
2707.45
2732.6
2757.65
2782.5
2807.6
2833.15
2861.25
2889.35
2915.95
2941.75
2967.1
2992.25
3017.3
3042.3
3067.3
3092.95
3121.25
3149.25
3175.8
3201.4
3226.75
3251.85
3276.9
3301.95
3327.1
3353.15
3381.55
3409.3
3435.7
3461.35
3486.65
3511.55
3536.6
3561.65
3586.8
3613.35
3641.85
3669.35
3695.55
3721.15
3746.4
3771.45
3796.5
3821.4
3846.6
3873.9
3902.4
3929.55
3955.45
3980.95
4006.15
4031.25
4056.25
4081.35
4106.55
4134.45
4162.75
4189.6
4215.5
4240.8
4265.95
4291
4316.05
4341.15
4366.65
4394.8
4422.9
4449.55
4475.35
4500.7
4525.8
4550.7
4575.7
4600.85
4626.55
4654.9
4682.75
4709.3
4735.05
4760.35
4785.45
4810.5
4835.55
4860.55
4886.6
4915.05
4942.8
4969.2
4994.7
