0.05
20.05
44.45
68.85
93.3
117.7
142.1
166.5
190.95
215.35
239.75
264.2
288.6
313
337.45
361.85
386.25
410.65
435.1
459.5
483.9
508.35
532.75
557.15
581.6
606
630.4
654.8
679.25
703.65
728.05
752.5
776.9
801.3
825.75
850.15
874.55
898.95
923.4
947.8
972.2
996.65
1021.05
1045.45
1069.9
1094.3
1118.7
1143.1
1167.55
1191.95
1216.35
1240.8
1265.2
1289.6
1314.05
1338.45
1362.85
1387.25
1411.7
1436.1
1460.5
1484.95
1509.35
1533.75
1558.15
1582.6
1607
1631.4
1655.85
1680.25
1704.65
1729.1
1753.5
1777.9
1802.3
1826.75
1851.15
1875.55
1900
1924.4
1948.8
1973.25
1997.65
2022.05
2046.45
2070.9
2095.3
2119.7
2144.15
2168.55
2192.95
2217.4
2241.8
2266.2
2290.6
2315.05
2339.45
2363.85
2388.3
2412.7
2437.1
2461.55
2485.95
2510.35
2534.75
2559.2
2583.6
2608
2632.45
2656.85
2681.25
2705.7
2730.1
2754.5
2778.9
2803.35
2827.75
2852.15
2876.6
2901
2925.4
2949.85
2974.25
2998.65
3023.05
3047.5
3071.9
3096.3
3120.75
3145.15
3169.55
3194
3218.4
3242.8
3267.2
3291.65
3316.05
3340.45
3364.9
3389.3
3413.7
3438.15
3462.55
3486.95
3511.35
3535.8
3560.2
3584.6
3609.05
3633.45
3657.85
3682.25
3706.7
3731.1
3755.5
3779.95
3804.35
3828.75
3853.2
3877.6
3902
3926.4
3950.85
3975.25
3999.65
4024.1
4048.5
4072.9
4097.35
4121.75
4146.15
4170.55
4195
4219.4
4243.8
4268.25
4292.65
4317.05
4341.5
4365.9
4390.3
4414.7
4439.15
4463.55
4487.95
4512.4
4536.8
4561.2
4585.65
4610.05
4634.45
4658.85
4683.3
4707.7
4732.1
-1000
0.05
26.2
54.85
82.15
108.4
134.25
159.8
185.1
210.3
235.45
260.5
285.4
310.4
335.4
360.3
385.35
410.5
435.75
461.35
489.35
518.1
545.6
572.1
597.85
623.45
648.8
674.05
699.2
724.25
749.3
774.15
799.2
824.2
849.1
874.2
899.45
924.95
952.55
981.4
1009.05
1035.65
1061.65
1087.25
1112.6
1137.85
1163
1188.1
1213.1
1238.15
1263
1288.05
1313.1
1338.2
1363.45
1389.05
1417
1445.8
1473.35
1499.7
1525.65
1551.25
1576.6
1601.85
1626.95
1652.05
1677.05
1702.1
1727.1
1752
1777.05
1802.2
1827.45
1853.15
1881.15
1909.9
1937.35
1963.8
1989.55
2015.15
2040.5
2065.75
2090.85
2115.95
2140.95
2166
2191
2216.05
2240.95
2266.1
2291.35
2317.1
2345.15
2373.9
2401.25
2427.7
2453.55
2479
2504.35
2529.6
2554.7
2579.8
2604.85
2629.85
2654.7
2679.75
2704.8
2729.8
2755
2780.5
2808.25
2837.1
2864.75
2891.2
2917.2
2942.8
2968.05
2993.3
3018.45
3043.55
3068.6
3093.6
3118.6
3143.5
3168.55
3193.65
3218.7
3244.15
3271.15
3300
3328
3354.75
3380.7
3406.4
3431.85
3457.1
3482.25
3507.35
3532.4
3557.4
3582.45
3607.45
3632.35
3657.45
3682.7
3708.15
3735.5
3764.35
3792.2
3818.9
3844.9
3870.35
3895.8
3921.05
3946.2
3971.3
3996.35
4021.35
4046.35
4071.4
4096.45
4121.45
4146.65
4172.2
4199.95
4228.8
4256.45
4283
4308.95
4334.55
4359.75
4385
4410.15
4435.25
4460.25
4485.3
4510.3
4535.2
4560.25
4585.35
4610.45
4635.9
4663.2
4692.05
4719.9
4746.6
4772.5
4798.15
4823.55
4848.65
4873.85
4898.95
4924
4949
4974.05
4999.05
