0.05
26.3
57.65
89
120.35
151.7
183.05
214.4
245.75
277.1
308.45
339.75
371.1
402.45
433.8
465.15
496.5
527.85
559.2
590.55
621.9
653.25
684.6
715.95
747.3
778.65
810
841.3
872.65
904
935.35
966.7
998.05
1029.4
1060.75
1092.1
1123.45
1154.8
1186.15
1217.5
1248.85
1280.2
1311.55
1342.9
1374.2
1405.55
1436.9
1468.25
1499.6
1530.95
1562.3
1593.65
1625
1656.35
1687.7
1719.05
1750.4
1781.75
1813.1
1844.45
1875.75
1907.1
1938.45
1969.8
2001.15
2032.5
2063.85
2095.2
2126.55
2157.9
2189.25
2220.6
2251.95
2283.3
2314.65
2346
2377.35
2408.65
2440
2471.35
2502.7
2534.05
2565.4
2596.75
2628.1
2659.45
2690.8
2722.15
2753.5
2784.85
2816.2
2847.55
2878.9
2910.2
2941.55
2972.9
3004.25
3035.6
3066.95
3098.3
3129.65
3161
3192.35
3223.7
3255.05
3286.4
3317.75
3349.1
3380.45
3411.8
3443.1
3474.45
3505.8
3537.15
3568.5
3599.85
3631.2
3662.55
3693.9
3725.25
3756.6
3787.95
3819.3
3850.65
3882
3913.35
3944.65
3976
4007.35
4038.7
4070.05
4101.4
4132.75
4164.1
4195.45
4226.8
4258.15
4289.5
4320.85
4352.2
4383.55
4414.9
4446.25
4477.55
4508.9
4540.25
4571.6
4602.95
4634.3
4665.65
4697
4728.35
4759.7
4791.05
4822.4
4853.75
4885.1
4916.45
4947.8
4979.1
-1000
0.05
26
55
84.9
115.3
145.95
176.7
207.5
238.35
269.05
299.55
329.3
357.9
383.2
408.45
435.05
463.45
493
523.2
553.75
584.45
615.25
646.1
676.85
707.45
737.65
766.9
794.3
819.35
844.9
872.4
901.35
931.25
961.65
992.3
1023.05
1053.85
1084.7
1115.4
1145.85
1175.65
1204.2
1229.55
1254.75
1281.4
1309.8
1339.3
1369.5
1400.05
1430.8
1461.6
1492.4
1523.2
1553.8
1583.95
1613.15
1640.4
1665.4
1691.2
1718.7
1747.7
1777.65
1808
1838.65
1869.45
1900.25
1931.05
1961.75
1992.25
2022.05
2050.7
2076.05
2101.25
2127.85
2156.2
2185.75
2215.95
2246.5
2277.2
2308
2338.85
2369.6
2400.25
2430.4
2459.75
2487.35
2512.4
2538.05
2565.35
2594.25
2624.1
2654.45
2685.1
2715.85
2746.65
2777.5
2808.2
2838.7
2868.55
2897.25
2922.6
2947.75
2974.35
3002.65
3032.15
3062.35
3092.85
3123.6
3154.4
3185.2
3216
3246.6
3276.8
3306.1
3333.7
3358.75
3384.4
3411.65
3440.5
3470.4
3500.75
3531.4
3562.15
3593
3623.8
3654.5
3685
3714.8
3743.45
3768.8
3794
3820.6
3848.95
3878.5
3908.7
3939.2
3969.95
4000.75
4031.55
4062.35
4092.95
4123.15
4152.45
4180.05
4205.1
4230.75
4258.1
4287
4316.85
4347.2
4377.8
4408.6
4439.4
4470.2
4500.95
4531.45
4561.35
4590.15
4615.65
4640.8
