0.05
23.3
51.4
79.45
107.5
135.55
163.65
191.7
219.75
247.8
275.9
303.95
332
360.05
388.15
416.2
444.25
472.3
500.4
528.45
556.5
584.55
612.65
640.7
668.75
696.8
724.9
752.95
781
809.05
837.15
865.2
893.25
921.3
949.4
977.45
1005.5
1033.55
1061.65
1089.7
1117.75
1145.8
1173.9
1201.95
1230
1258.05
1286.15
1314.2
1342.25
1370.3
1398.4
1426.45
1454.5
1482.6
1510.65
1538.7
1566.75
1594.85
1622.9
1650.95
1679
1707.1
1735.15
1763.2
1791.25
1819.35
1847.4
1875.45
1903.5
1931.6
1959.65
1987.7
2015.75
2043.85
2071.9
2099.95
2128
2156.1
2184.15
2212.2
2240.25
2268.35
2296.4
2324.45
2352.5
2380.6
2408.65
2436.7
2464.75
2492.85
2520.9
2548.95
2577
2605.1
2633.15
2661.2
2689.25
2717.35
2745.4
2773.45
2801.5
2829.6
2857.65
2885.7
2913.75
2941.85
2969.9
2997.95
3026
3054.1
3082.15
3110.2
3138.25
3166.35
3194.4
3222.45
3250.55
3278.6
3306.65
3334.7
3362.8
3390.85
3418.9
3446.95
3475.05
3503.1
3531.15
3559.2
3587.3
3615.35
3643.4
3671.45
3699.55
3727.6
3755.65
3783.7
3811.8
3839.85
3867.9
3895.95
3924.05
3952.1
3980.15
4008.2
4036.3
4064.35
4092.4
4120.45
4148.55
4176.6
4204.65
4232.7
4260.8
4288.85
4316.9
4344.95
4373.05
4401.1
4429.15
4457.2
4485.3
4513.35
4541.4
4569.45
4597.55
4625.6
4653.65
4681.7
4709.8
4737.85
4765.9
4793.95
4822.05
4850.1
4878.15
4906.2
4934.3
4962.35
4990.4
-1000
0.05
26
52.4
79.3
106.65
134.3
162.1
189.9
217.9
245.9
273.95
301.9
330
358.1
386.15
414.15
442.25
470.3
498.4
526.4
554.5
582.55
610.65
638.65
666.75
694.8
722.9
750.95
779.05
807.1
835.15
863.2
891.3
919.35
947.4
975.45
1003.55
1031.6
1059.65
1087.7
1115.8
1143.85
1171.9
1199.95
1228.05
1256.1
1284.15
1312.2
1340.3
1368.35
1396.4
1424.45
1452.55
1480.6
1508.65
1536.7
1564.8
1592.85
1620.85
1648.95
1677
1705.1
1733.1
1761.2
1789.25
1817.35
1845.35
1873.45
1901.5
1929.6
1957.6
1985.7
2013.75
2041.85
2069.85
2097.95
2126
2154.1
2182.1
2210.2
2238.25
2266.35
2294.35
2322.45
2350.5
2378.6
2406.6
2434.7
2462.75
2490.85
2518.9
2547
2575.05
2603.1
2631.15
2659.25
2687.3
2715.35
2743.4
2771.5
2799.55
2827.6
2855.65
2883.75
2911.8
2939.85
2967.9
2996
3024.05
3052.1
3080.15
3108.25
3136.3
3164.35
3192.4
3220.5
3248.55
3276.6
3304.65
3332.75
3360.8
3388.8
3416.9
3444.95
3473.05
3501.05
3529.15
3557.2
3585.3
3613.3
3641.4
3669.45
3697.55
3725.55
3753.65
3781.7
3809.8
3837.8
3865.9
3893.95
3922.05
3950.05
3978.15
4006.2
4034.3
4062.3
4090.4
4118.45
4146.55
4174.6
4202.7
4230.75
4258.8
4286.85
4314.95
4343
4371.05
4399.1
4427.2
4455.25
4483.3
4511.35
4539.45
4567.5
4595.55
4623.6
4651.7
4679.75
4707.8
4735.85
4763.95
4792
4820.05
4848.1
4876.2
4904.25
4932.3
4960.35
4988.45
