0.05
22.1
48.8
75.5
102.2
128.9
155.65
182.35
209.05
235.75
262.45
289.15
315.85
342.6
369.3
396
422.7
449.4
476.1
502.8
529.55
556.25
582.95
609.65
636.35
663.05
689.75
716.5
743.2
769.9
796.6
823.3
850
876.75
903.45
930.15
956.85
983.55
1010.25
1036.95
1063.7
1090.4
1117.1
1143.8
1170.5
1197.2
1223.9
1250.65
1277.35
1304.05
1330.75
1357.45
1384.15
1410.85
1437.6
1464.3
1491
1517.7
1544.4
1571.1
1597.8
1624.55
1651.25
1677.95
1704.65
1731.35
1758.05
1784.8
1811.5
1838.2
1864.9
1891.6
1918.3
1945
1971.75
1998.45
2025.15
2051.85
2078.55
2105.25
2131.95
2158.7
2185.4
2212.1
2238.8
2265.5
2292.2
2318.9
2345.65
2372.35
2399.05
2425.75
2452.45
2479.15
2505.85
2532.6
2559.3
2586
2612.7
2639.4
2666.1
2692.8
2719.55
2746.25
2772.95
2799.65
2826.35
2853.05
2879.8
2906.5
2933.2
2959.9
2986.6
3013.3
3040
3066.75
3093.45
3120.15
3146.85
3173.55
3200.25
3226.95
3253.7
3280.4
3307.1
3333.8
3360.5
3387.2
3413.9
3440.65
3467.35
3494.05
3520.75
3547.45
3574.15
3600.85
3627.6
3654.3
3681
3707.7
3734.4
3761.1
3787.85
3814.55
3841.25
3867.95
3894.65
3921.35
3948.05
3974.8
4001.5
4028.2
4054.9
4081.6
4108.3
4135
4161.75
4188.45
4215.15
4241.85
4268.55
4295.25
4321.95
4348.7
4375.4
4402.1
4428.8
4455.5
4482.2
4508.9
4535.65
4562.35
4589.05
4615.75
4642.45
4669.15
4695.9
4722.6
4749.3
4776
4802.7
4829.4
4856.1
4882.85
4909.55
4936.25
4962.95
4989.65
-1000
0.05
26
51.25
76.75
102.45
128.45
154.6
180.8
207.3
233.85
260.45
287.1
313.75
340.4
367
393.7
420.45
447.15
473.85
500.55
527.3
553.9
580.65
607.35
634.1
660.8
687.5
714.2
740.85
767.6
794.3
821.05
847.75
874.45
901.1
927.85
954.55
981.3
1008
1034.7
1061.4
1088.05
1114.8
1141.5
1168.25
1194.95
1221.65
1248.35
1275
1301.75
1328.45
1355.2
1381.9
1408.6
1435.3
1461.95
1488.7
1515.4
1542.15
1568.85
1595.55
1622.25
1648.9
1675.65
1702.35
1729.1
1755.8
1782.5
1809.2
1835.95
1862.65
1889.35
1916.05
1942.8
1969.5
1996.1
2022.85
2049.55
2076.3
2103
2129.7
2156.4
2183.05
2209.8
2236.5
2263.25
2289.95
2316.65
2343.35
2370
2396.75
2423.45
2450.2
2476.9
2503.6
2530.3
2556.95
2583.7
2610.4
2637.15
2663.85
2690.55
2717.25
2744
2770.7
2797.4
2824.1
2850.85
2877.55
2904.15
2930.9
2957.6
2984.35
3011.05
3037.75
3064.45
3091.1
3117.85
3144.55
3171.3
3198
3224.7
3251.4
3278.05
3304.8
3331.5
3358.25
3384.95
3411.65
3438.35
3465
3491.75
3518.45
3545.2
3571.9
3598.6
3625.3
3651.95
3678.7
3705.4
3732.15
3758.85
3785.55
3812.2
3838.95
3865.65
3892.4
3919.1
3945.8
3972.5
3999.15
4025.9
4052.6
4079.35
4106.05
4132.75
4159.45
4186.1
4212.85
4239.55
4266.3
4293
4319.7
4346.4
4373.05
4399.8
4426.5
4453.25
4479.95
4506.65
4533.35
4560
4586.75
4613.45
4640.2
4666.9
4693.6
4720.3
4747.05
4773.75
4800.45
4827.15
4853.9
4880.6
4907.2
4933.95
4960.65
4987.4
