0.05
19.45
43.2
66.95
90.7
114.45
138.2
161.95
185.7
209.45
233.2
256.95
280.7
304.45
328.2
351.95
375.7
399.45
423.2
446.95
470.7
494.45
518.2
541.95
565.7
589.45
613.2
636.95
660.7
684.45
708.2
731.95
755.7
779.45
803.25
827
850.75
874.5
898.25
922
945.75
969.5
993.25
1017
1040.75
1064.5
1088.25
1112
1135.75
1159.5
1183.25
1207
1230.75
1254.5
1278.25
1302
1325.75
1349.5
1373.25
1397
1420.75
1444.5
1468.25
1492
1515.75
1539.5
1563.25
1587
1610.75
1634.5
1658.25
1682
1705.75
1729.5
1753.25
1777
1800.75
1824.5
1848.3
1872.05
1895.8
1919.55
1943.3
1967.05
1990.8
2014.55
2038.3
2062.05
2085.8
2109.55
2133.3
2157.05
2180.8
2204.55
2228.3
2252.05
2275.8
2299.55
2323.3
2347.05
2370.8
2394.55
2418.3
2442.05
2465.8
2489.55
2513.3
2537.05
2560.8
2584.55
2608.3
2632.05
2655.8
2679.55
2703.3
2727.05
2750.8
2774.55
2798.3
2822.05
2845.8
2869.55
2893.35
2917.1
2940.85
2964.6
2988.35
3012.1
3035.85
3059.6
3083.35
3107.1
3130.85
3154.6
3178.35
3202.1
3225.85
3249.6
3273.35
3297.1
3320.85
3344.6
3368.35
3392.1
3415.85
3439.6
3463.35
3487.1
3510.85
3534.6
3558.35
3582.1
3605.85
3629.6
3653.35
3677.1
3700.85
3724.6
3748.35
3772.1
3795.85
3819.6
3843.35
3867.1
3890.85
3914.6
3938.4
3962.15
3985.9
4009.65
4033.4
4057.15
4080.9
4104.65
4128.4
4152.15
4175.9
4199.65
4223.4
4247.15
4270.9
4294.65
4318.4
4342.15
4365.9
4389.65
4413.4
4437.15
4460.9
4484.65
4508.4
4532.15
4555.9
-1000
0.05
26.05
54.3
82.45
109.15
135
160.4
185.6
210.65
235.65
260.7
285.95
312.8
341.4
368.85
395.15
420.75
446.05
471.15
496.2
521.2
546.35
571.75
599.7
628.05
654.95
680.95
706.4
731.6
756.65
781.7
806.75
831.9
857.9
886.35
914.2
940.65
966.3
991.7
1016.9
1041.95
1066.95
1092.05
1117.25
1144.15
1172.75
1200.2
1226.45
1252.1
1277.35
1302.45
1327.5
1352.55
1377.65
1403.1
1431.05
1459.4
1486.3
1512.25
1537.7
1562.9
1588
1613
1638.05
1663.25
1689.45
1717.95
1745.75
1772.2
1797.95
1823.3
1848.45
1873.45
1898.35
1923.25
1948.3
1974.45
2002.95
2030.75
2057.25
2083
2108.3
2133.45
2158.5
2183.5
2208.6
2233.9
2261.65
2290.15
2317.2
2343.3
2368.8
2394
2419.1
2444.1
2469.15
2494.3
2520.15
2548.5
2576.55
2603.15
2628.95
2654.35
2679.5
2704.55
2729.6
2754.65
2779.9
2807.05
2835.65
2863
2889.2
2914.75
2939.9
2964.85
2989.7
3014.6
3039.5
3064.55
3090.65
3119.15
3147
3173.5
3199.25
3224.6
3249.75
3274.75
3299.8
3324.9
3350.2
3377.85
3406.35
3433.45
3459.55
3485.05
3510.3
3535.35
3560.4
3585.45
3610.6
3636.35
3664.7
3692.75
3719.4
3745.25
3770.65
3795.8
3820.85
3845.85
3870.95
3896.2
3923.25
3951.85
3979.15
4005.25
4030.75
4055.95
4080.9
4105.8
4130.85
4155.9
4181.1
4207.9
4236.5
4264
4290.3
4315.9
4341.2
4366.35
4391.35
4416.4
4441.5
4466.9
4494.85
4523.2
4550.15
4576.1
4601.6
4626.8
4651.85
4676.85
4701.9
4727.1
4753.25
4781.75
4809.6
4836.05
4861.8
4887.15
4912.3
4937.35
4962.35
4987.45
