0.05
23.1
50.95
78.75
106.6
134.4
162.25
190.05
217.9
245.7
273.55
301.35
329.2
357
384.85
412.65
440.5
468.3
496.15
523.95
551.8
579.6
607.45
635.25
663.1
690.9
718.75
746.55
774.4
802.2
830.05
857.85
885.7
913.5
941.35
969.15
997
1024.8
1052.65
1080.45
1108.3
1136.1
1163.95
1191.75
1219.6
1247.4
1275.25
1303.05
1330.9
1358.7
1386.55
1414.35
1442.2
1470
1497.85
1525.65
1553.5
1581.3
1609.15
1636.95
1664.8
1692.6
1720.45
1748.25
1776.1
1803.95
1831.75
1859.6
1887.4
1915.25
1943.05
1970.9
1998.7
2026.55
2054.35
2082.2
2110
2137.85
2165.65
2193.5
2221.3
2249.15
2276.95
2304.8
2332.6
2360.45
2388.25
2416.1
2443.9
2471.75
2499.55
2527.4
2555.2
2583.05
2610.85
2638.7
2666.5
2694.35
2722.15
2750
2777.8
2805.65
2833.45
2861.3
2889.1
2916.95
2944.75
2972.6
3000.4
3028.25
3056.05
3083.9
3111.7
3139.55
3167.35
3195.2
3223
3250.85
3278.65
3306.5
3334.3
3362.15
3389.95
3417.8
3445.6
3473.45
3501.25
3529.1
3556.95
3584.75
3612.6
3640.4
3668.25
3696.05
3723.9
3751.7
3779.55
3807.35
3835.2
3863
3890.85
3918.65
3946.5
3974.3
4002.15
4029.95
4057.8
4085.6
4113.45
4141.25
4169.1
4196.9
4224.75
4252.55
4280.4
4308.2
4336.05
4363.85
4391.7
4419.5
4447.35
4475.15
4503
4530.8
4558.65
4586.45
4614.3
4642.1
4669.95
4697.75
4725.6
4753.4
4781.25
4809.05
4836.9
4864.7
4892.55
4920.35
4948.2
4976
-1000
0.05
26
51.15
76.55
102.6
129.15
156.2
183.45
211
238.55
266.3
294
321.8
349.55
377.45
405.2
433.05
460.85
488.7
516.55
544.4
572.25
600.05
627.9
655.7
683.55
711.4
739.2
767.05
794.85
822.7
850.5
878.35
906.15
934
961.8
989.65
1017.45
1045.3
1073.1
1100.95
1128.75
1156.6
1184.4
1212.25
1240.05
1267.9
1295.7
1323.55
1351.35
1379.2
1407
1434.85
1462.65
1490.5
1518.3
1546.15
1573.95
1601.8
1629.6
1657.45
1685.25
1713.1
1740.9
1768.75
1796.55
1824.4
1852.2
1879.95
1907.8
1935.6
1963.45
1991.25
2019.1
2046.9
2074.75
2102.55
2130.4
2158.2
2186.05
2213.85
2241.7
2269.55
2297.4
2325.25
2353.05
2380.9
2408.7
2436.55
2464.4
2492.2
2520.05
2547.85
2575.7
2603.5
2631.35
2659.15
2687
2714.8
2742.65
2770.45
2798.3
2826.1
2853.95
2881.75
2909.6
2937.4
2965.25
2993.05
3020.9
3048.7
3076.55
3104.35
3132.2
3160
3187.85
3215.65
3243.5
3271.3
3299.15
3326.95
3354.8
3382.6
3410.45
3438.25
3466.1
3493.9
3521.75
3549.55
3577.4
3605.2
3632.95
3660.8
3688.6
3716.45
3744.25
3772.1
3799.9
3827.75
3855.55
3883.4
3911.2
3939.05
3966.85
3994.7
4022.5
4050.35
4078.2
4106.05
4133.9
4161.7
4189.55
4217.35
4245.2
4273.05
4300.85
4328.7
4356.5
4384.35
4412.15
4440
4467.8
4495.65
4523.45
4551.3
4579.1
4606.95
4634.75
4662.6
4690.4
4718.25
4746.05
4773.9
4801.7
4829.55
4857.35
4885.2
4913
4940.85
4968.65
