0.05
21.9
48.4
74.9
101.4
127.9
154.4
180.9
207.4
233.9
260.35
286.85
313.35
339.85
366.35
392.85
419.35
445.85
472.35
498.85
525.35
551.85
578.35
604.85
631.3
657.8
684.3
710.8
737.3
763.8
790.3
816.8
843.3
869.8
896.3
922.8
949.3
975.8
1002.3
1028.75
1055.25
1081.75
1108.25
1134.75
1161.25
1187.75
1214.25
1240.75
1267.25
1293.75
1320.25
1346.75
1373.25
1399.7
1426.2
1452.7
1479.2
1505.7
1532.2
1558.7
1585.2
1611.7
1638.2
1664.7
1691.2
1717.7
1744.2
1770.7
1797.15
1823.65
1850.15
1876.65
1903.15
1929.65
1956.15
1982.65
2009.15
2035.65
2062.15
2088.65
2115.15
2141.65
2168.1
2194.6
2221.1
2247.6
2274.1
2300.6
2327.1
2353.6
2380.1
2406.6
2433.1
2459.6
2486.1
2512.6
2539.1
2565.55
2592.05
2618.55
2645.05
2671.55
2698.05
2724.55
2751.05
2777.55
2804.05
2830.55
2857.05
2883.55
2910.05
2936.5
2963
2989.5
3016
3042.5
3069
3095.5
3122
3148.5
3175
3201.5
3228
3254.5
3281
3307.45
3333.95
3360.45
3386.95
3413.45
3439.95
3466.45
3492.95
3519.45
3545.95
3572.45
3598.95
3625.45
3651.95
3678.45
3704.9
3731.4
3757.9
3784.4
3810.9
3837.4
3863.9
3890.4
3916.9
3943.4
3969.9
3996.4
4022.9
4049.4
4075.85
4102.35
4128.85
4155.35
4181.85
4208.35
4234.85
4261.35
4287.85
4314.35
4340.85
4367.35
4393.85
4420.35
4446.85
4473.3
4499.8
4526.3
4552.8
4579.3
4605.8
4632.3
4658.8
4685.3
4711.8
4738.3
4764.8
4791.3
4817.8
4844.25
4870.75
4897.25
4923.75
4950.25
4976.75
-1000
0.05
26
52
78.15
104.4
130.7
157.1
183.5
209.95
236.3
262.7
289.2
315.7
342.25
368.75
395.25
421.75
448.25
474.75
501.25
527.75
554.25
580.75
607.15
633.55
660.1
686.65
713.15
739.7
766.2
792.7
819.2
845.7
872.2
898.7
925.2
951.7
978.2
1004.6
1031.1
1057.65
1084.15
1110.65
1137.15
1163.65
1190.15
1216.65
1243.15
1269.65
1296.15
1322.65
1349.15
1375.55
1401.95
1428.5
1455.05
1481.55
1508.1
1534.6
1561.1
1587.6
1614.1
1640.6
1667.1
1693.6
1720.1
1746.6
1773
1799.5
1826.05
1852.55
1879.05
1905.55
1932.05
1958.55
1985.05
2011.55
2038.05
2064.55
2091.05
2117.55
2143.95
2170.35
2196.9
2223.45
2249.95
2276.5
2303
2329.5
2356
2382.5
2409
2435.5
2462
2488.5
2514.9
2541.3
2567.85
2594.4
2620.9
2647.45
2673.95
2700.45
2726.95
2753.45
2779.95
2806.45
2832.95
2859.45
2885.95
2912.35
2938.75
2965.3
2991.85
3018.35
3044.9
3071.4
3097.9
3124.4
3150.9
3177.4
3203.9
3230.4
3256.9
3283.3
3309.7
3336.25
3362.8
3389.3
3415.85
3442.35
3468.85
3495.35
3521.85
3548.35
3574.85
3601.35
3627.85
3654.35
3680.75
3707.15
3733.7
3760.25
3786.75
3813.3
3839.8
3866.3
3892.8
3919.3
3945.8
3972.3
3998.8
4025.3
4051.7
4078.1
4104.65
4131.2
4157.7
4184.25
4210.75
4237.25
4263.75
4290.25
4316.75
4343.25
4369.75
4396.25
4422.75
4449.15
4475.55
4502.1
4528.65
4555.15
4581.7
4608.2
4634.7
4661.2
4687.7
4714.2
4740.7
4767.2
4793.7
4820.1
4846.5
4873.05
4899.6
4926.1
4952.65
4979.15
