0.05
21.55
47.6
73.7
99.8
125.9
151.95
178.05
204.15
230.2
256.3
282.4
308.5
334.55
360.65
386.75
412.85
438.9
465
491.1
517.2
543.25
569.35
595.45
621.5
647.6
673.7
699.8
725.85
751.95
778.05
804.15
830.2
856.3
882.4
908.5
934.55
960.65
986.75
1012.8
1038.9
1065
1091.1
1117.15
1143.25
1169.35
1195.45
1221.5
1247.6
1273.7
1299.75
1325.85
1351.95
1378.05
1404.1
1430.2
1456.3
1482.4
1508.45
1534.55
1560.65
1586.75
1612.8
1638.9
1665
1691.05
1717.15
1743.25
1769.35
1795.4
1821.5
1847.6
1873.7
1899.75
1925.85
1951.95
1978
2004.1
2030.2
2056.3
2082.35
2108.45
2134.55
2160.65
2186.7
2212.8
2238.9
2265
2291.05
2317.15
2343.25
2369.3
2395.4
2421.5
2447.6
2473.65
2499.75
2525.85
2551.95
2578
2604.1
2630.2
2656.3
2682.35
2708.45
2734.55
2760.6
2786.7
2812.8
2838.9
2864.95
2891.05
2917.15
2943.25
2969.3
2995.4
3021.5
3047.55
3073.65
3099.75
3125.85
3151.9
3178
3204.1
3230.2
3256.25
3282.35
3308.45
3334.55
3360.6
3386.7
3412.8
3438.85
3464.95
3491.05
3517.15
3543.2
3569.3
3595.4
3621.5
3647.55
3673.65
3699.75
3725.8
3751.9
3778
3804.1
3830.15
3856.25
3882.35
3908.45
3934.5
3960.6
3986.7
4012.8
4038.85
4064.95
4091.05
4117.1
4143.2
4169.3
4195.4
4221.45
4247.55
4273.65
4299.75
4325.8
4351.9
4378
4404.05
4430.15
4456.25
4482.35
4508.4
4534.5
4560.6
4586.7
4612.75
4638.85
4664.95
4691.05
4717.1
4743.2
4769.3
4795.35
4821.45
4847.55
4873.65
4899.7
4925.8
4951.9
4978
-1000
0.05
26
51.2
76.45
101.9
127.45
152.95
178.75
204.6
230.5
256.45
282.45
308.5
334.5
360.55
386.6
412.7
438.65
464.75
490.85
516.95
542.95
569.05
595.2
621.3
647.4
673.5
699.55
725.65
751.75
777.85
803.95
829.9
856
882.15
908.25
934.35
960.45
986.55
1012.6
1038.7
1064.8
1090.9
1116.85
1142.95
1169.1
1195.2
1221.2
1247.3
1273.4
1299.55
1325.65
1351.7
1377.8
1403.9
1430
1456.1
1482.2
1508.15
1534.25
1560.4
1586.5
1612.5
1638.6
1664.7
1690.85
1716.95
1743
1769.1
1795.1
1821.2
1847.35
1873.45
1899.4
1925.55
1951.65
1977.8
2003.9
2029.95
2056.05
2082.15
2108.25
2134.35
2160.45
2186.4
2212.5
2238.65
2264.75
2290.75
2316.85
2342.95
2369.1
2395.2
2421.25
2447.35
2473.45
2499.55
2525.65
2551.75
2577.7
2603.8
2629.95
2656.05
2682.15
2708.25
2734.35
2760.4
2786.5
2812.6
2838.7
2864.65
2890.75
2916.9
2943
2969
2995.1
3021.2
3047.35
3073.45
3099.5
3125.6
3151.7
3177.8
3203.9
3230
3255.95
3282.05
3308.2
3334.3
3360.35
3386.45
3412.55
3438.65
3464.75
3490.85
3516.95
3542.9
3569
3595.15
3621.25
3647.25
3673.35
3699.45
3725.6
3751.7
3777.75
3803.85
3829.95
3856.05
3882.15
3908.25
3934.2
3960.3
3986.45
4012.55
4038.55
4064.65
4090.75
4116.9
4143
4169.05
4195.15
4221.15
4247.25
4273.4
4299.5
4325.45
4351.6
4377.7
4403.85
4429.95
4456
4482.1
4508.2
4534.3
4560.4
4586.5
4612.45
4638.55
4664.7
4690.8
4716.8
4742.9
4769
4795.15
4821.25
4847.3
4873.4
4899.5
4925.6
4951.7
4977.8
