32.55
71.1
109.65
148.2
186.75
225.3
263.85
302.4
340.95
379.5
418.05
456.6
495.15
533.7
572.25
610.8
649.35
687.9
726.45
765
803.6
842.15
880.7
919.25
957.8
996.35
1034.9
1073.45
1112
1150.55
1189.1
1227.65
1266.2
1304.75
1343.3
1381.85
1420.4
1458.95
1497.5
1536.05
1574.6
1613.15
1651.7
1690.25
1728.85
1767.4
1805.95
1844.5
1883.05
1921.6
1960.15
1998.7
2037.25
2075.8
2114.35
2152.9
2191.45
2230
2268.55
2307.1
2345.65
2384.2
2422.75
2461.3
2499.85
2538.4
2576.95
2615.5
2654.05
2692.65
2731.2
2769.75
2808.3
2846.85
2885.4
2923.95
2962.5
3001.05
3039.6
3078.15
3116.7
3155.25
3193.8
3232.35
3270.9
3309.45
3348
3386.55
3425.1
3463.65
3502.2
3540.75
3579.3
3617.9
3656.45
3695
3733.55
3772.1
3810.65
3849.2
3887.75
3926.3
3964.85
4003.4
4041.95
4080.5
4119.05
4157.6
4196.15
4234.7
4273.25
4311.8
4350.35
4388.9
4427.45
4466
4504.55
4543.15
4581.7
4620.25
4658.8
4697.35
4735.9
4774.45
4813
4851.55
4890.1
4928.65
4967.2
-1000
25.6
63.4
101.6
140.05
178.45
216.95
255.5
294.05
332.7
371.3
409.85
448.4
486.95
525.5
564.05
602.6
641.15
679.7
718.25
756.8
795.35
833.9
872.45
911
949.55
988.1
1026.65
1065.2
1103.7
1142.2
1180.75
1219.3
1257.85
1296.5
1335.1
1373.65
1412.2
1450.75
1489.3
1527.85
1566.4
1604.95
1643.5
1682.05
1720.6
1759.15
1797.7
1836.25
1874.8
1913.35
1951.9
1990.45
2028.95
2067.45
2106
2144.55
2183.1
2221.75
2260.35
2298.9
2337.45
2376
2414.55
2453.1
2491.65
2530.2
2568.75
2607.3
2645.85
2684.4
2722.95
2761.5
2800.05
2838.6
2877.15
2915.7
2954.25
2992.75
3031.25
3069.8
3108.35
3147
3185.6
3224.15
3262.7
3301.25
3339.8
3378.35
3416.9
3455.45
3494
3532.55
3571.1
3609.65
3648.2
3686.75
3725.3
3763.85
3802.4
3840.95
3879.5
3918
3956.5
3995.05
4033.6
4072.15
4110.8
4149.4
4187.95
4226.5
4265.05
4303.6
4342.15
4380.7
4419.25
4457.8
4496.35
4534.9
4573.45
4612
4650.55
4689.1
4727.65
4766.2
4804.75
4843.25
4881.75
4920.3
4958.85
