56.7
120.65
184.65
248.65
312.65
376.6
440.6
504.6
568.6
632.55
696.55
760.55
824.55
888.5
952.5
1016.5
1080.5
1144.5
1208.45
1272.45
1336.45
1400.45
1464.4
1528.4
1592.4
1656.4
1720.35
1784.35
1848.35
1912.35
1976.3
2040.3
2104.3
2168.3
2232.25
2296.25
2360.25
2424.25
2488.2
2552.2
2616.2
2680.2
2744.15
2808.15
2872.15
2936.15
3000.1
3064.1
3128.1
3192.1
3256.05
3320.05
3384.05
3448.05
3512
3576
3640
3704
3767.95
3831.95
3895.95
3959.95
4023.95
4087.9
4151.9
4215.9
4279.9
4343.85
4407.85
4471.85
4535.85
4599.8
4663.8
4727.8
4791.8
4855.75
4919.75
4983.75
-1000
25.6
56.65
90.25
121.45
153.75
184.75
218.15
249.3
281.8
312.85
346
377.1
409.85
440.9
474
505.05
537.85
568.9
601.9
633
665.85
696.9
729.9
760.95
793.8
824.85
857.85
888.9
921.8
952.9
985.85
1016.9
1049.75
1080.85
1113.8
1144.85
1177.75
1208.85
1241.8
1272.85
1305.7
1336.8
1369.75
1400.8
1433.7
1464.8
1497.75
1528.8
1561.65
1592.75
1625.7
1656.75
1689.65
1720.75
1753.7
1784.75
1817.6
1848.7
1881.65
1912.7
1945.6
1976.7
2009.65
2040.7
2073.55
2104.65
2137.6
2168.65
2201.55
2232.65
2265.6
2296.65
2329.55
2360.65
2393.5
2424.55
2457.55
2488.65
