0.05
20.85
46.15
71.45
96.75
122.1
147.4
172.7
198
223.3
248.65
273.95
299.25
324.55
349.85
375.2
400.5
425.8
451.1
476.45
501.75
527.05
552.35
577.65
603
628.3
653.6
678.9
704.2
729.55
754.85
780.15
805.45
830.75
856.1
881.4
906.7
932
957.35
982.65
1007.95
1033.25
1058.55
1083.9
1109.2
1134.5
1159.8
1185.1
1210.45
1235.75
1261.05
1286.35
1311.7
1337
1362.3
1387.6
1412.9
1438.25
1463.55
1488.85
1514.15
1539.45
1564.8
1590.1
1615.4
1640.7
1666
1691.35
1716.65
1741.95
1767.25
1792.6
1817.9
1843.2
1868.5
1893.8
1919.15
1944.45
1969.75
1995.05
2020.35
2045.7
2071
2096.3
2121.6
2146.9
2172.25
2197.55
2222.85
2248.15
2273.5
2298.8
2324.1
2349.4
2374.7
2400.05
2425.35
2450.65
2475.95
2501.25
2526.6
2551.9
2577.2
2602.5
2627.85
2653.15
2678.45
2703.75
2729.05
2754.4
2779.7
2805
2830.3
2855.6
2880.95
2906.25
2931.55
2956.85
2982.15
3007.5
3032.8
3058.1
3083.4
3108.75
3134.05
3159.35
3184.65
3209.95
3235.3
3260.6
3285.9
3311.2
3336.5
3361.85
3387.15
3412.45
3437.75
3463.05
3488.4
3513.7
3539
3564.3
3589.65
3614.95
3640.25
3665.55
3690.85
3716.2
3741.5
3766.8
3792.1
3817.4
3842.75
3868.05
3893.35
3918.65
3944
3969.3
3994.6
4019.9
4045.2
4070.55
4095.85
4121.15
4146.45
4171.75
4197.1
4222.4
4247.7
4273
4298.3
4323.65
4348.95
4374.25
4399.55
4424.9
4450.2
4475.5
4500.8
4526.1
4551.45
4576.75
4602.05
4627.35
4652.65
4678
4703.3
4728.6
4753.9
4779.25
4804.55
4829.85
4855.15
4880.45
4905.8
4931.1
4956.4
4981.7
-1000
0.05
26
52.95
79.3
105.4
131.25
156.85
182.55
208.15
233.65
259.15
284.5
309.95
335.35
360.75
386.15
411.55
436.9
462.25
487.6
512.8
538.2
563.55
588.9
614.2
639.4
664.75
690.1
715.45
740.8
766
791.35
816.7
842
867.35
892.7
918
943.35
968.65
993.85
1019.2
1044.5
1069.85
1095.2
1120.35
1145.7
1171.05
1196.4
1221.7
1247.05
1272.4
1297.7
1323
1348.35
1373.65
1398.95
1424.3
1449.6
1474.75
1500.1
1525.45
1550.75
1576.1
1601.3
1626.6
1651.95
1677.3
1702.6
1727.95
1753.3
1778.6
1803.9
1829.1
1854.45
1879.8
1905.1
1930.45
1955.6
1980.95
2006.3
2031.65
2056.95
2082.15
2107.5
2132.85
2158.2
2183.5
2208.85
2234.15
2259.5
2284.8
2310
2335.35
2360.65
2386
2411.35
2436.5
2461.85
2487.2
2512.55
2537.85
2563.2
2588.55
2613.85
2639.15
2664.5
2689.8
2715.1
2740.45
2765.75
2790.9
2816.25
2841.6
2866.9
2892.25
2917.45
2942.75
2968.1
2993.45
3018.75
3044.1
3069.45
3094.75
3120.05
3145.25
3170.6
3195.95
3221.25
3246.6
3271.75
3297.1
3322.45
3347.8
3373.1
3398.3
3423.65
3449
3474.35
3499.65
3525
3550.3
3575.65
3600.95
3626.15
3651.5
3676.8
3702.15
3727.5
3752.65
3778
3803.35
3828.7
3854
3879.35
3904.7
3930
3955.3
3980.5
4005.85
4031.2
4056.5
4081.85
4107
4132.35
4157.7
4183.05
4208.35
4233.55
4258.9
4284.25
4309.6
4334.9
4360.25
4385.55
4410.9
4436.2
4461.4
4486.75
4512.05
4537.4
4562.75
4587.9
4613.25
4638.6
4663.95
4689.25
4714.6
4739.95
4765.25
4790.55
4815.9
4841.2
4866.5
4891.85
4917.15
4942.3
4967.65
4993
