0.05
22.3
49.2
76.15
103.05
129.95
156.9
183.8
210.75
237.65
264.6
291.5
318.45
345.35
372.25
399.2
426.1
453.05
479.95
506.9
533.8
560.75
587.65
614.6
641.5
668.4
695.35
722.25
749.2
776.1
803.05
829.95
856.9
883.8
910.7
937.65
964.55
991.5
1018.4
1045.35
1072.25
1099.2
1126.1
1153
1179.95
1206.85
1233.8
1260.7
1287.65
1314.55
1341.5
1368.4
1395.3
1422.25
1449.15
1476.1
1503
1529.95
1556.85
1583.8
1610.7
1637.6
1664.55
1691.45
1718.4
1745.3
1772.25
1799.15
1826.1
1853
1879.9
1906.85
1933.75
1960.7
1987.6
2014.55
2041.45
2068.4
2095.3
2122.2
2149.15
2176.05
2203
2229.9
2256.85
2283.75
2310.7
2337.6
2364.5
2391.45
2418.35
2445.3
2472.2
2499.15
2526.05
2553
2579.9
2606.8
2633.75
2660.65
2687.6
2714.5
2741.45
2768.35
2795.3
2822.2
2849.15
2876.05
2902.95
2929.9
2956.8
2983.75
3010.65
3037.6
3064.5
3091.45
3118.35
3145.25
3172.2
3199.1
3226.05
3252.95
3279.9
3306.8
3333.75
3360.65
3387.55
3414.5
3441.4
3468.35
3495.25
3522.2
3549.1
3576.05
3602.95
3629.85
3656.8
3683.7
3710.65
3737.55
3764.5
3791.4
3818.35
3845.25
3872.15
3899.1
3926
3952.95
3979.85
4006.8
4033.7
4060.65
4087.55
4114.45
4141.4
4168.3
4195.25
4222.15
4249.1
4276
4302.95
4329.85
4356.75
4383.7
4410.6
4437.55
4464.45
4491.4
4518.3
4545.25
4572.15
4599.05
4626
4652.9
4679.85
4706.75
4733.7
4760.6
4787.55
4814.45
4841.35
4868.3
4895.2
4922.15
4949.05
4976
-1000
0.05
26
53.45
80.65
107.7
134.8
161.8
188.8
215.75
242.75
269.65
296.6
323.55
350.35
377.35
404.25
431.2
458.15
485.05
512
538.95
565.85
592.7
619.65
646.55
673.5
700.45
727.35
754.3
781.25
808.15
835
861.95
888.8
915.75
942.7
969.65
996.6
1023.5
1050.45
1077.35
1104.3
1131.1
1158.1
1185
1211.95
1238.9
1265.8
1292.75
1319.7
1346.6
1373.45
1400.4
1427.3
1454.25
1481.2
1508.1
1535.05
1562
1588.9
1615.75
1642.7
1669.6
1696.55
1723.5
1750.4
1777.35
1804.3
1831.2
1858.05
1885
1911.9
1938.85
1965.8
1992.7
2019.65
2046.6
2073.5
2100.35
2127.3
2154.2
2181.15
2208.1
2235
2261.95
2288.9
2315.8
2342.65
2369.6
2396.5
2423.45
2450.4
2477.3
2504.25
2531.2
2558.1
2584.95
2611.9
2638.8
2665.75
2692.7
2719.6
2746.55
2773.5
2800.4
2827.25
2854.2
2881.1
2908.05
2935
2961.9
2988.85
3015.8
3042.7
3069.55
3096.5
3123.35
3150.3
3177.25
3204.2
3231.15
3258.05
3285
3311.8
3338.8
3365.65
3392.6
3419.55
3446.5
3473.45
3500.35
3527.3
3554.2
3581.15
3607.95
3634.95
3661.85
3688.8
3715.75
3742.65
3769.6
3796.55
3823.45
3850.3
3877.25
3904.15
3931.1
3958.05
3984.95
4011.9
4038.85
4065.75
4092.6
4119.55
4146.45
4173.4
4200.35
4227.25
4254.2
4281.15
4308.05
4334.9
4361.85
4388.75
4415.7
4442.65
4469.55
4496.5
4523.45
4550.35
4577.2
4604.15
4631.05
4658
4684.95
4711.85
4738.8
4765.75
4792.65
4819.5
4846.45
4873.35
4900.3
4927.25
4954.15
4981.1
