32.05
70.1
108.15
146.2
184.25
222.3
260.35
298.4
336.45
374.5
412.55
450.55
488.6
526.65
564.7
602.75
640.8
678.85
716.9
754.95
793
831.05
869.1
907.1
945.15
983.2
1021.25
1059.3
1097.35
1135.4
1173.45
1211.5
1249.55
1287.6
1325.65
1363.7
1401.7
1439.75
1477.8
1515.85
1553.9
1591.95
1630
1668.05
1706.1
1744.15
1782.2
1820.25
1858.25
1896.3
1934.35
1972.4
2010.45
2048.5
2086.55
2124.6
2162.65
2200.7
2238.75
2276.8
2314.8
2352.85
2390.9
2428.95
2467
2505.05
2543.1
2581.15
2619.2
2657.25
2695.3
2733.35
2771.4
2809.4
2847.45
2885.5
2923.55
2961.6
2999.65
3037.7
3075.75
3113.8
3151.85
3189.9
3227.95
3265.95
3304
3342.05
3380.1
3418.15
3456.2
3494.25
3532.3
3570.35
3608.4
3646.45
3684.5
3722.5
3760.55
3798.6
3836.65
3874.7
3912.75
3950.8
3988.85
4026.9
4064.95
4103
4141.05
4179.1
4217.1
4255.15
4293.2
4331.25
4369.3
4407.35
4445.4
4483.45
4521.5
4559.55
4597.6
4635.65
4673.65
4711.7
4749.75
4787.8
4825.85
4863.9
4901.95
4940
4978.05
-1000
25.6
63.1
100.95
138.9
176.8
214.8
252.85
290.95
329
367.1
405.15
443.2
481.25
519.3
557.35
595.4
633.45
671.4
709.4
747.5
785.55
823.65
861.7
899.75
937.8
975.85
1013.9
1051.95
1090
1127.95
1165.95
1204
1242.1
1280.15
1318.25
1356.3
1394.35
1432.4
1470.45
1508.5
1546.55
1584.5
1622.5
1660.55
1698.65
1736.7
1774.8
1812.85
1850.9
1888.95
1927
1965.05
2003.1
2041.15
2079.1
2117.1
2155.2
2193.25
2231.35
2269.4
2307.45
2345.5
2383.55
2421.6
2459.65
2497.7
2535.65
2573.65
2611.7
2649.8
2687.85
2725.95
2764
2802.05
2840.1
2878.15
2916.2
2954.25
2992.2
3030.2
3068.25
3106.35
3144.4
3182.5
3220.55
3258.6
3296.65
3334.7
3372.75
3410.8
3448.85
3486.8
3524.8
3562.9
3600.95
3639.05
3677.1
3715.15
3753.2
3791.25
3829.3
3867.35
3905.4
3943.35
3981.35
4019.4
4057.5
4095.55
4133.65
4171.7
4209.75
4247.8
4285.85
4323.9
4361.95
4400
4437.95
4475.95
4514.05
4552.1
4590.2
4628.25
4666.3
4704.35
4742.4
4780.45
4818.5
4856.55
4894.5
4932.5
4970.6
