0.05
21.55
47.6
73.7
99.8
125.9
151.95
178.05
204.15
230.2
256.3
282.4
308.5
334.55
360.65
386.75
412.85
438.9
465
491.1
517.2
543.25
569.35
595.45
621.5
647.6
673.7
699.8
725.85
751.95
778.05
804.15
830.2
856.3
882.4
908.5
934.55
960.65
986.75
1012.8
1038.9
1065
1091.1
1117.15
1143.25
1169.35
1195.45
1221.5
1247.6
1273.7
1299.75
1325.85
1351.95
1378.05
1404.1
1430.2
1456.3
1482.4
1508.45
1534.55
1560.65
1586.75
1612.8
1638.9
1665
1691.05
1717.15
1743.25
1769.35
1795.4
1821.5
1847.6
1873.7
1899.75
1925.85
1951.95
1978
2004.1
2030.2
2056.3
2082.35
2108.45
2134.55
2160.65
2186.7
2212.8
2238.9
2265
2291.05
2317.15
2343.25
2369.3
2395.4
2421.5
2447.6
2473.65
2499.75
2525.85
2551.95
2578
2604.1
2630.2
2656.3
2682.35
2708.45
2734.55
2760.6
2786.7
2812.8
2838.9
2864.95
2891.05
2917.15
2943.25
2969.3
2995.4
3021.5
3047.55
3073.65
3099.75
3125.85
3151.9
3178
3204.1
3230.2
3256.25
3282.35
3308.45
3334.55
3360.6
3386.7
3412.8
3438.85
3464.95
3491.05
3517.15
3543.2
3569.3
3595.4
3621.5
3647.55
3673.65
3699.75
3725.8
3751.9
3778
3804.1
3830.15
3856.25
3882.35
3908.45
3934.5
3960.6
3986.7
4012.8
4038.85
4064.95
4091.05
4117.1
4143.2
4169.3
4195.4
4221.45
4247.55
4273.65
4299.75
4325.8
4351.9
4378
4404.05
4430.15
4456.25
4482.35
4508.4
4534.5
4560.6
4586.7
4612.75
4638.85
4664.95
4691.05
4717.1
4743.2
4769.3
4795.35
4821.45
4847.55
4873.65
4899.7
4925.8
4951.9
4978
-1000
0.05
26
54.5
83.95
112.65
140.35
167.5
194.3
220.9
247.3
273.65
299.9
326.1
352.25
378.4
404.55
430.55
456.65
482.8
508.9
534.9
561.05
587.15
613.25
639.35
665.45
691.55
717.65
743.75
769.85
795.95
821.9
848
874.15
900.25
926.35
952.45
978.55
1004.6
1030.7
1056.8
1082.9
1108.85
1134.95
1161.1
1187.2
1213.2
1239.3
1265.4
1291.55
1317.65
1343.7
1369.8
1395.9
1422
1448.1
1474.2
1500.15
1526.25
1552.4
1578.5
1604.5
1630.6
1656.7
1682.85
1708.95
1735
1761.1
1787.1
1813.2
1839.35
1865.45
1891.4
1917.55
1943.65
1969.8
1995.9
2021.95
2048.05
2074.15
2100.25
2126.35
2152.45
2178.4
2204.5
2230.65
2256.75
2282.75
2308.85
2334.95
2361.1
2387.2
2413.25
2439.35
2465.45
2491.55
2517.65
2543.75
2569.7
2595.8
2621.95
2648.05
2674.15
2700.25
2726.35
2752.4
2778.5
2804.6
2830.7
2856.65
2882.75
2908.9
2935
2961
2987.1
3013.2
3039.35
3065.45
3091.5
3117.6
3143.7
3169.8
3195.9
3222
3247.95
3274.05
3300.2
3326.3
3352.35
3378.45
3404.55
3430.65
3456.75
3482.85
3508.95
3534.9
3561
3587.15
3613.25
3639.25
3665.35
3691.45
3717.6
3743.7
3769.75
3795.85
3821.95
3848.05
3874.15
3900.25
3926.2
3952.3
3978.45
4004.55
4030.55
4056.65
4082.75
4108.9
4135
4161.05
4187.15
4213.15
4239.25
4265.4
4291.5
4317.45
4343.6
4369.7
4395.85
4421.95
4448
4474.1
4500.2
4526.3
4552.4
4578.5
4604.45
4630.55
4656.7
4682.8
4708.8
4734.9
4761
4787.15
4813.25
4839.3
4865.4
4891.5
4917.6
4943.7
4969.8
4995.75
