0.05
20.35
45.1
69.85
94.65
119.4
144.15
168.95
193.7
218.45
243.2
268
292.75
317.5
342.3
367.05
391.8
416.55
441.35
466.1
490.85
515.6
540.4
565.15
589.9
614.7
639.45
664.2
688.95
713.75
738.5
763.25
788.05
812.8
837.55
862.3
887.1
911.85
936.6
961.35
986.15
1010.9
1035.65
1060.45
1085.2
1109.95
1134.7
1159.5
1184.25
1209
1233.8
1258.55
1283.3
1308.05
1332.85
1357.6
1382.35
1407.1
1431.9
1456.65
1481.4
1506.2
1530.95
1555.7
1580.45
1605.25
1630
1654.75
1679.55
1704.3
1729.05
1753.8
1778.6
1803.35
1828.1
1852.9
1877.65
1902.4
1927.15
1951.95
1976.7
2001.45
2026.2
2051
2075.75
2100.5
2125.3
2150.05
2174.8
2199.55
2224.35
2249.1
2273.85
2298.65
2323.4
2348.15
2372.9
2397.7
2422.45
2447.2
2471.95
2496.75
2521.5
2546.25
2571.05
2595.8
2620.55
2645.3
2670.1
2694.85
2719.6
2744.4
2769.15
2793.9
2818.65
2843.45
2868.2
2892.95
2917.7
2942.5
2967.25
2992
3016.8
3041.55
3066.3
3091.05
3115.85
3140.6
3165.35
3190.15
3214.9
3239.65
3264.4
3289.2
3313.95
3338.7
3363.45
3388.25
3413
3437.75
3462.55
3487.3
3512.05
3536.8
3561.6
3586.35
3611.1
3635.9
3660.65
3685.4
3710.15
3734.95
3759.7
3784.45
3809.25
3834
3858.75
3883.5
3908.3
3933.05
3957.8
3982.55
4007.35
4032.1
4056.85
4081.65
4106.4
4131.15
4155.9
4180.7
4205.45
4230.2
4255
4279.75
4304.5
4329.25
4354.05
4378.8
4403.55
4428.3
4453.1
4477.85
4502.6
4527.4
4552.15
4576.9
4601.65
4626.45
4651.2
4675.95
4700.75
4725.5
4750.25
4775
4799.8
4824.55
-1000
0.05
26
51.3
76.5
101.65
126.75
151.85
176.9
201.8
226.85
251.9
276.9
301.9
326.95
351.95
376.85
401.85
426.9
451.95
476.85
501.95
527.1
552.25
577.5
602.95
629.15
657.45
686.25
713.8
740.4
766.45
792.2
817.6
843
868.3
893.55
918.55
943.7
968.8
993.9
1018.95
1044
1069.05
1093.9
1118.9
1143.95
1168.95
1194
1219
1244.05
1268.95
1294
1319.1
1344.2
1369.35
1394.6
1419.95
1445.8
1473.8
1502.75
1530.5
1557.25
1583.4
1609.2
1634.8
1660.2
1685.5
1710.6
1735.75
1760.9
1786
1811.1
1836.15
1861.2
1886.25
1911.25
1936.3
1961.3
1986.15
2011.2
2036.2
2061.25
2086.3
2111.4
2136.5
2161.45
2186.6
2211.85
2237.25
2263.2
2291.3
2320.2
2347.9
2374.6
2400.75
2426.35
2451.95
2477.35
2502.7
2527.9
2553.1
2578.2
2603.15
2628.25
2653.3
2678.35
2703.4
2728.4
2753.45
2778.3
2803.3
2828.35
2853.35
2878.25
2903.3
2928.35
2953.4
2978.5
3003.65
3028.9
3054.05
3079.6
3106.35
3135.2
3163.65
3190.85
3217.15
3243.1
3268.8
3294.3
3319.65
3344.9
3370.1
3395.25
3420.35
3445.45
3470.5
3495.4
3520.45
3545.5
3570.5
3595.55
3620.55
3645.55
3670.45
3695.45
3720.5
3745.55
3770.65
3795.75
3820.9
3846.1
3871.45
3897.1
3924.85
3953.85
3981.85
4008.7
4034.9
4060.75
4086.3
4111.6
4136.95
4162.2
4187.4
4212.55
4237.65
4262.75
4287.65
4312.7
4337.75
4362.75
4387.6
4412.65
4437.65
4462.7
4487.7
4512.75
4537.8
4562.7
4587.75
4612.85
4638
4663.15
4688.45
4714
4740.55
4769.3
4797.85
4825.05
4851.5
4877.5
4903.15
4928.65
4954.05
4979.3
