0.05
22.1
48.8
75.5
102.2
128.9
155.65
182.35
209.05
235.75
262.45
289.15
315.85
342.6
369.3
396
422.7
449.4
476.1
502.8
529.55
556.25
582.95
609.65
636.35
663.05
689.75
716.5
743.2
769.9
796.6
823.3
850
876.75
903.45
930.15
956.85
983.55
1010.25
1036.95
1063.7
1090.4
1117.1
1143.8
1170.5
1197.2
1223.9
1250.65
1277.35
1304.05
1330.75
1357.45
1384.15
1410.85
1437.6
1464.3
1491
1517.7
1544.4
1571.1
1597.8
1624.55
1651.25
1677.95
1704.65
1731.35
1758.05
1784.8
1811.5
1838.2
1864.9
1891.6
1918.3
1945
1971.75
1998.45
2025.15
2051.85
2078.55
2105.25
2131.95
2158.7
2185.4
2212.1
2238.8
2265.5
2292.2
2318.9
2345.65
2372.35
2399.05
2425.75
2452.45
2479.15
2505.85
2532.6
2559.3
2586
2612.7
2639.4
2666.1
2692.8
2719.55
2746.25
2772.95
2799.65
2826.35
2853.05
2879.8
2906.5
2933.2
2959.9
2986.6
3013.3
3040
3066.75
3093.45
3120.15
3146.85
3173.55
3200.25
3226.95
3253.7
3280.4
3307.1
3333.8
3360.5
3387.2
3413.9
3440.65
3467.35
3494.05
3520.75
3547.45
3574.15
3600.85
3627.6
3654.3
3681
3707.7
3734.4
3761.1
3787.85
3814.55
3841.25
3867.95
3894.65
3921.35
3948.05
3974.8
4001.5
4028.2
4054.9
4081.6
4108.3
4135
4161.75
4188.45
4215.15
4241.85
4268.55
4295.25
4321.95
4348.7
4375.4
4402.1
4428.8
4455.5
4482.2
4508.9
4535.65
4562.35
4589.05
4615.75
4642.45
4669.15
4695.9
4722.6
4749.3
4776
4802.7
4829.4
4856.1
4882.85
4909.55
4936.25
4962.95
4989.65
-1000
0.05
26
51.05
76.1
101.25
126.6
152.25
178
204.15
230.4
256.85
283.35
309.9
336.5
363.05
389.75
416.5
443.2
469.9
496.6
523.3
549.9
576.65
603.35
630.1
656.8
683.5
710.2
736.85
763.6
790.3
817.05
843.75
870.45
897.1
923.85
950.55
977.3
1004
1030.7
1057.4
1084.05
1110.8
1137.5
1164.25
1190.95
1217.65
1244.35
1271
1297.75
1324.45
1351.2
1377.9
1404.6
1431.3
1457.95
1484.7
1511.4
1538.15
1564.85
1591.55
1618.25
1644.9
1671.65
1698.35
1725.1
1751.8
1778.5
1805.2
1831.95
1858.65
1885.35
1912.05
1938.8
1965.5
1992.1
2018.85
2045.55
2072.3
2099
2125.7
2152.4
2179.05
2205.8
2232.5
2259.25
2285.95
2312.65
2339.35
2366
2392.75
2419.45
2446.2
2472.9
2499.6
2526.3
2552.95
2579.7
2606.4
2633.15
2659.85
2686.55
2713.25
2740
2766.7
2793.4
2820.1
2846.85
2873.55
2900.15
2926.9
2953.6
2980.35
3007.05
3033.75
3060.45
3087.1
3113.85
3140.55
3167.3
3194
3220.7
3247.4
3274.05
3300.8
3327.5
3354.25
3380.95
3407.65
3434.35
3461
3487.75
3514.45
3541.2
3567.9
3594.6
3621.3
3647.95
3674.7
3701.4
3728.15
3754.85
3781.55
3808.2
3834.95
3861.65
3888.4
3915.1
3941.8
3968.5
3995.15
4021.9
4048.6
4075.35
4102.05
4128.75
4155.45
4182.1
4208.85
4235.55
4262.3
4289
4315.7
4342.4
4369.05
4395.8
4422.5
4449.25
4475.95
4502.65
4529.35
4556
4582.75
4609.45
4636.2
4662.9
4689.6
4716.3
4743.05
4769.75
4796.45
4823.15
4849.9
4876.6
4903.2
4929.95
4956.65
4983.4
