0.05
18.75
41.75
64.7
87.7
110.65
133.65
156.65
179.6
202.6
225.55
248.55
271.55
294.5
317.5
340.45
363.45
386.45
409.4
432.4
455.35
478.35
501.35
524.3
547.3
570.25
593.25
616.25
639.2
662.2
685.15
708.15
731.15
754.1
777.1
800.05
823.05
846.05
869
892
915
937.95
960.95
983.9
1006.9
1029.9
1052.85
1075.85
1098.8
1121.8
1144.8
1167.75
1190.75
1213.7
1236.7
1259.7
1282.65
1305.65
1328.6
1351.6
1374.6
1397.55
1420.55
1443.5
1466.5
1489.5
1512.45
1535.45
1558.4
1581.4
1604.4
1627.35
1650.35
1673.3
1696.3
1719.3
1742.25
1765.25
1788.2
1811.2
1834.2
1857.15
1880.15
1903.1
1926.1
1949.1
1972.05
1995.05
2018
2041
2064
2086.95
2109.95
2132.9
2155.9
2178.9
2201.85
2224.85
2247.8
2270.8
2293.8
2316.75
2339.75
2362.7
2385.7
2408.7
2431.65
2454.65
2477.6
2500.6
2523.6
2546.55
2569.55
2592.5
2615.5
2638.5
2661.45
2684.45
2707.4
2730.4
2753.4
2776.35
2799.35
2822.3
2845.3
2868.3
2891.25
2914.25
2937.2
2960.2
2983.2
3006.15
3029.15
3052.1
3075.1
3098.1
3121.05
3144.05
3167
3190
3213
3235.95
3258.95
3281.9
3304.9
3327.9
3350.85
3373.85
3396.8
3419.8
3442.8
3465.75
3488.75
3511.7
3534.7
3557.7
3580.65
3603.65
3626.6
3649.6
3672.6
3695.55
3718.55
3741.5
3764.5
3787.5
3810.45
3833.45
3856.4
3879.4
3902.4
3925.35
3948.35
3971.3
3994.3
4017.3
4040.25
4063.25
4086.2
4109.2
4132.2
4155.15
4178.15
4201.1
4224.1
4247.1
4270.05
4293.05
4316
4339
4362
4384.95
-1000
0.05
26
52.95
81.2
107.95
133.65
158.9
183.75
208.8
234.2
262.3
289.85
316.05
341.5
366.65
391.65
416.6
443.45
471.7
498.5
524.2
549.45
574.45
599.5
624.95
653
680.65
706.8
732.25
757.35
782.4
807.5
834.9
863.05
889.65
915.3
940.45
965.5
990.55
1016.35
1044.65
1071.95
1097.95
1123.3
1148.4
1173.25
1198.45
1226.15
1254.15
1280.5
1306.1
1331.25
1356.3
1381.4
1407.25
1435.55
1462.8
1488.75
1513.95
1539
1564.05
1589.25
1617
1644.95
1671.4
1696.95
1722.1
1746.95
1772
1798
1826.3
1853.45
1879.4
1904.7
1929.8
1954.8
1979.9
2007.65
2035.6
2062.05
2087.45
2112.6
2137.65
2162.75
2188.8
2217.1
2244.25
2270.15
2295.5
2320.4
2345.4
2370.6
2398.4
2426.3
2452.7
2478.25
2503.4
2528.4
2553.35
2579.35
2607.65
2634.85
2660.65
2686
2711.1
2736.1
2761.3
2789
2816.95
2843.4
2868.9
2893.9
2918.95
2944.05
2970.05
2998.35
3025.55
3051.45
3076.8
3101.85
3126.7
3151.9
3179.7
3207.65
3233.95
3259.5
3284.65
3309.7
3334.8
3360.8
3389.15
3416.3
3442.2
3467.35
3492.4
3517.45
3542.65
3570.45
3598.35
3624.75
3650.3
3675.45
3700.3
3725.4
3751.4
3779.75
3806.8
3832.75
3858.1
3883.15
3908.2
3933.25
3961.05
3988.95
4015.35
4040.8
4065.95
4090.95
4116.05
4142.15
4170.45
4197.6
4223.5
4248.8
4273.9
4298.9
4324.15
4351.95
4379.85
4406.2
4431.7
4456.85
4481.85
4506.95
4533.55
4561.85
4588.75
4614.55
4639.8
4664.85
4689.9
4715.25
4743.3
4770.95
4797.05
4822.55
4847.65
4872.7
4897.8
4924.65
4952.95
4979.7
