0.05
24.2
53.3
82.35
111.4
140.45
169.55
198.6
227.65
256.7
285.8
314.85
343.9
373
402.05
431.1
460.15
489.25
518.3
547.35
576.4
605.5
634.55
663.6
692.65
721.75
750.8
779.85
808.9
838
867.05
896.1
925.15
954.25
983.3
1012.35
1041.4
1070.5
1099.55
1128.6
1157.65
1186.75
1215.8
1244.85
1273.9
1303
1332.05
1361.1
1390.15
1419.25
1448.3
1477.35
1506.45
1535.5
1564.55
1593.6
1622.7
1651.75
1680.8
1709.85
1738.95
1768
1797.05
1826.1
1855.2
1884.25
1913.3
1942.35
1971.45
2000.5
2029.55
2058.6
2087.7
2116.75
2145.8
2174.85
2203.95
2233
2262.05
2291.1
2320.2
2349.25
2378.3
2407.35
2436.45
2465.5
2494.55
2523.65
2552.7
2581.75
2610.8
2639.9
2668.95
2698
2727.05
2756.15
2785.2
2814.25
2843.3
2872.4
2901.45
2930.5
2959.55
2988.65
3017.7
3046.75
3075.8
3104.9
3133.95
3163
3192.05
3221.15
3250.2
3279.25
3308.3
3337.4
3366.45
3395.5
3424.55
3453.65
3482.7
3511.75
3540.85
3569.9
3598.95
3628
3657.1
3686.15
3715.2
3744.25
3773.35
3802.4
3831.45
3860.5
3889.6
3918.65
3947.7
3976.75
4005.85
4034.9
4063.95
4093
4122.1
4151.15
4180.2
4209.25
4238.35
4267.4
4296.45
4325.5
4354.6
4383.65
4412.7
4441.75
4470.85
4499.9
4528.95
4558
4587.1
4616.15
4645.2
4674.3
4703.35
4732.4
4761.45
4790.55
4819.6
4848.65
4877.7
4906.8
4935.85
4964.9
4993.95
-1000
0.05
26
51.25
76.3
101.9
128.35
155.7
183.75
212.15
240.8
269.65
298.55
327.55
356.55
385.55
414.6
443.65
472.7
501.7
530.8
559.9
588.95
617.95
647.05
676.1
705.2
734.2
763.3
792.35
821.45
850.45
879.55
908.6
937.7
966.75
995.85
1024.9
1053.95
1083
1112.1
1141.15
1170.2
1199.25
1228.35
1257.4
1286.45
1315.5
1344.6
1373.65
1402.7
1431.75
1460.85
1489.9
1518.9
1548
1577.05
1606.15
1635.15
1664.25
1693.3
1722.4
1751.4
1780.5
1809.55
1838.65
1867.65
1896.75
1925.8
1954.9
1983.95
2013.05
2042.1
2071.15
2100.2
2129.3
2158.35
2187.4
2216.45
2245.55
2274.6
2303.65
2332.7
2361.8
2390.85
2419.9
2448.95
2478.05
2507.1
2536.1
2565.2
2594.3
2623.35
2652.35
2681.45
2710.5
2739.6
2768.6
2797.7
2826.75
2855.85
2884.85
2913.95
2943
2972.1
3001.15
3030.25
3059.3
3088.35
3117.4
3146.5
3175.55
3204.6
3233.65
3262.75
3291.8
3320.85
3349.9
3379
3408.05
3437.1
3466.15
3495.25
3524.3
3553.35
3582.4
3611.5
3640.55
3669.55
3698.65
3727.7
3756.8
3785.8
3814.9
3843.95
3873.05
3902.05
3931.15
3960.2
3989.3
4018.3
4047.4
4076.45
4105.55
4134.6
4163.7
4192.75
4221.8
4250.85
4279.95
4309
4338.05
4367.1
4396.2
4425.25
4454.3
4483.35
4512.45
4541.5
4570.55
4599.6
4628.7
4657.75
4686.75
4715.85
4744.9
4774
4803
4832.1
4861.15
4890.25
4919.25
4948.35
4977.4
