0.05
26
57.05
88.1
119.15
150.15
181.2
212.25
243.3
274.3
305.35
336.4
367.45
398.45
429.5
460.55
491.6
522.65
553.65
584.7
615.75
646.8
677.8
708.85
739.9
770.95
801.95
833
864.05
895.1
926.1
957.15
988.2
1019.25
1050.25
1081.3
1112.35
1143.4
1174.4
1205.45
1236.5
1267.55
1298.55
1329.6
1360.65
1391.7
1422.7
1453.75
1484.8
1515.85
1546.9
1577.9
1608.95
1640
1671.05
1702.05
1733.1
1764.15
1795.2
1826.2
1857.25
1888.3
1919.35
1950.35
1981.4
2012.45
2043.5
2074.5
2105.55
2136.6
2167.65
2198.65
2229.7
2260.75
2291.8
2322.8
2353.85
2384.9
2415.95
2447
2478
2509.05
2540.1
2571.15
2602.15
2633.2
2664.25
2695.3
2726.3
2757.35
2788.4
2819.45
2850.45
2881.5
2912.55
2943.6
2974.6
3005.65
3036.7
3067.75
3098.75
3129.8
3160.85
3191.9
3222.9
3253.95
3285
3316.05
3347.05
3378.1
3409.15
3440.2
3471.25
3502.25
3533.3
3564.35
3595.4
3626.4
3657.45
3688.5
3719.55
3750.55
3781.6
3812.65
3843.7
3874.7
3905.75
3936.8
3967.85
3998.85
4029.9
4060.95
4092
4123
4154.05
4185.1
4216.15
4247.15
4278.2
4309.25
4340.3
4371.35
4402.35
4433.4
4464.45
4495.5
4526.5
4557.55
4588.6
4619.65
4650.65
4681.7
4712.75
4743.8
4774.8
4805.85
4836.9
4867.95
4898.95
4930
4961.05
4992.1
-1000
0.05
26
51.05
77.1
104.8
133.8
163.6
193.8
224.3
254.9
285.55
316.3
347.05
377.85
408.6
439.35
470
500.55
530.85
560.55
589.2
614.7
639.8
666
694
723.2
753.1
783.4
813.9
844.5
875.2
905.95
936.7
967.5
998.25
1028.95
1059.6
1090.1
1120.3
1149.7
1177.75
1202.9
1228.2
1254.9
1283.25
1312.65
1342.65
1373
1403.55
1434.15
1464.85
1495.65
1526.4
1557.15
1587.9
1618.6
1649.25
1679.7
1709.75
1739.05
1766.75
1791.85
1817.15
1844.1
1872.65
1902.15
1932.25
1962.6
1993.2
2023.85
2054.55
2085.3
2116.05
2146.85
2177.6
2208.3
2238.9
2269.35
2299.35
2328.5
2356.1
2381.15
2406.7
2433.75
2462.3
2491.85
2521.95
2552.3
2582.85
2613.55
2644.25
2675
2705.75
2736.55
2767.3
2798
2828.6
2858.95
2888.9
2917.95
2945
2970
2995.7
3023
3051.75
3081.4
3111.55
3141.95
3172.55
3203.2
3233.95
3264.7
3295.45
3326.25
3356.95
3387.65
3418.25
3448.65
3478.5
3507.4
3533.8
3558.85
3584.75
3612.2
3641.15
3670.95
3701.15
3731.6
3762.15
3792.85
3823.6
3854.35
3885.1
3915.9
3946.6
3977.3
4007.85
4038.15
4067.85
4096.5
4122
4147.1
4173.4
4201.35
4230.55
4260.45
4290.7
4321.2
4351.8
4382.5
4413.25
4444
4474.8
4505.55
4536.25
4566.9
4597.45
4627.65
4657.15
4685.35
4710.55
4735.8
