0.05
18.75
41.75
64.7
87.7
110.65
133.65
156.65
179.6
202.6
225.55
248.55
271.55
294.5
317.5
340.45
363.45
386.45
409.4
432.4
455.35
478.35
501.35
524.3
547.3
570.25
593.25
616.25
639.2
662.2
685.15
708.15
731.15
754.1
777.1
800.05
823.05
846.05
869
892
915
937.95
960.95
983.9
1006.9
1029.9
1052.85
1075.85
1098.8
1121.8
1144.8
1167.75
1190.75
1213.7
1236.7
1259.7
1282.65
1305.65
1328.6
1351.6
1374.6
1397.55
1420.55
1443.5
1466.5
1489.5
1512.45
1535.45
1558.4
1581.4
1604.4
1627.35
1650.35
1673.3
1696.3
1719.3
1742.25
1765.25
1788.2
1811.2
1834.2
1857.15
1880.15
1903.1
1926.1
1949.1
1972.05
1995.05
2018
2041
2064
2086.95
2109.95
2132.9
2155.9
2178.9
2201.85
2224.85
2247.8
2270.8
2293.8
2316.75
2339.75
2362.7
2385.7
2408.7
2431.65
2454.65
2477.6
2500.6
2523.6
2546.55
2569.55
2592.5
2615.5
2638.5
2661.45
2684.45
2707.4
2730.4
2753.4
2776.35
2799.35
2822.3
2845.3
2868.3
2891.25
2914.25
2937.2
2960.2
2983.2
3006.15
3029.15
3052.1
3075.1
3098.1
3121.05
3144.05
3167
3190
3213
3235.95
3258.95
3281.9
3304.9
3327.9
3350.85
3373.85
3396.8
3419.8
3442.8
3465.75
3488.75
3511.7
3534.7
3557.7
3580.65
3603.65
3626.6
3649.6
3672.6
3695.55
3718.55
3741.5
3764.5
3787.5
3810.45
3833.45
3856.4
3879.4
3902.4
3925.35
3948.35
3971.3
3994.3
4017.3
4040.25
4063.25
4086.2
4109.2
4132.2
4155.15
4178.15
4201.1
4224.1
4247.1
4270.05
4293.05
4316
4339
4362
4384.95
4407.95
-1000
0.05
26
51.75
76.8
101.85
126.9
152.3
180.4
208
234.2
259.65
284.75
309.6
334.75
361.55
389.85
416.55
442.3
467.55
492.55
517.6
542.95
571.05
598.65
624.85
650.3
675.4
700.45
725.6
752.85
781
807.65
833.3
858.5
883.55
908.6
934.3
962.6
989.95
1015.95
1041.35
1066.4
1091.45
1116.65
1144.4
1172.3
1198.75
1224.3
1249.45
1274.5
1299.4
1325.35
1353.65
1380.9
1406.7
1432.05
1457.15
1482.15
1507.35
1535.05
1563.05
1589.45
1615
1640
1665.05
1690.1
1716.1
1744.4
1771.6
1797.55
1822.85
1847.95
1872.8
1898
1925.75
1953.75
1980.05
2005.6
2030.75
2055.8
2080.85
2106.9
2135.2
2162.35
2188.25
2213.45
2238.5
2263.55
2288.75
2316.55
2344.45
2370.85
2396.4
2421.55
2446.4
2471.45
2497.5
2525.85
2552.9
2578.85
2604.2
2629.25
2654.25
2679.35
2707.15
2735.05
2761.45
2786.9
2812.05
2837.05
2862.15
2888.25
2916.55
2943.7
2969.6
2994.9
3019.8
3044.85
3070.05
3097.85
3125.7
3152.1
3177.65
3202.8
3227.85
3252.75
3278.8
3307.1
3334.25
3360.1
3385.4
3410.5
3435.5
3460.75
3488.45
3516.4
3542.8
3568.35
3593.35
3618.35
3643.45
3669.5
3697.75
3724.95
3750.9
3776.2
3801.25
3826.1
3851.35
3879.1
3907.05
3933.35
3958.9
3984.05
4009.1
4034.2
4060.2
4088.55
4115.7
4141.6
4166.9
4191.95
4217
4242.25
4270.05
4297.9
4324.25
4349.8
4374.9
4399.95
4425.05
4451.6
4479.9
4506.85
4532.6
4557.85
4582.9
4607.95
4633.3
4661.35
4689.05
4715.25
4740.7
4765.8
4790.85
4815.8
4842.6
4870.85
4897.7
4923.3
4948.55
4973.6
4998.65
