28.8
63.3
97.8
132.3
166.8
201.3
235.8
270.3
304.8
339.3
373.85
408.35
442.85
477.35
511.85
546.35
580.85
615.35
649.85
684.35
718.85
753.35
787.9
822.4
856.9
891.4
925.9
960.4
994.9
1029.4
1063.9
1098.4
1132.9
1167.4
1201.9
1236.45
1270.95
1305.45
1339.95
1374.45
1408.95
1443.45
1477.95
1512.45
1546.95
1581.45
1615.95
1650.45
1685
1719.5
1754
1788.5
1823
1857.5
1892
1926.5
1961
1995.5
2030
2064.5
2099.05
2133.55
2168.05
2202.55
2237.05
2271.55
2306.05
2340.55
2375.05
2409.55
2444.05
2478.55
2513.05
2547.6
2582.1
2616.6
2651.1
2685.6
2720.1
2754.6
2789.1
2823.6
2858.1
2892.6
2927.1
2961.6
2996.15
3030.65
3065.15
3099.65
3134.15
3168.65
3203.15
3237.65
3272.15
3306.65
3341.15
3375.65
3410.15
3444.7
3479.2
3513.7
3548.2
3582.7
3617.2
3651.7
3686.2
3720.7
3755.2
3789.7
3824.2
3858.75
3893.25
3927.75
3962.25
3996.75
4031.25
4065.75
4100.25
4134.75
4169.25
4203.75
4238.25
4272.75
4307.3
4341.8
4376.3
4410.8
4445.3
4479.8
4514.3
4548.8
4583.3
4617.8
4652.3
4686.8
4721.3
4755.85
4790.35
4824.85
4859.35
4893.85
4928.35
4962.85
4997.35
-1000
25.6
61.25
96.25
131
165.7
200.35
234.95
269.5
304.05
338.6
373.15
407.65
442.15
476.7
511.2
545.65
580.15
614.65
649.2
683.7
718.2
752.75
787.25
821.75
856.25
890.75
925.25
959.7
994.2
1028.65
1063.2
1097.75
1132.25
1166.75
1201.3
1235.8
1270.3
1304.8
1339.3
1373.8
1408.25
1442.75
1477.2
1511.75
1546.3
1580.8
1615.3
1649.85
1684.35
1718.85
1753.35
1787.85
1822.35
1856.8
1891.3
1925.8
1960.35
1994.85
2029.35
2063.9
2098.4
2132.9
2167.4
2201.9
2236.4
2270.85
2305.35
2339.8
2374.35
2408.9
2443.4
2477.9
2512.45
2546.95
2581.45
2615.95
2650.45
2684.95
2719.4
2753.9
2788.35
2822.9
2857.45
2891.95
2926.45
2961
2995.5
3030
3064.5
3099
3133.5
3167.95
3202.45
3236.9
3271.45
3306
3340.5
3375
3409.55
3444.05
3478.55
3513.05
3547.55
3582.05
3616.5
3651
3685.5
3720.05
3754.55
3789.05
3823.6
3858.1
3892.6
3927.1
3961.6
3996.1
4030.55
4065.05
4099.5
4134.05
4168.6
4203.1
4237.6
4272.15
4306.65
4341.15
4375.65
4410.15
4444.65
4479.1
4513.6
4548.05
4582.6
4617.15
4651.65
4686.15
4720.7
4755.2
4789.7
4824.2
4858.7
4893.2
4927.65
4962.15
4996.65
