0.05
25.75
56.5
87.2
117.95
148.7
179.4
210.15
240.9
271.65
302.35
333.1
363.85
394.6
425.3
456.05
486.8
517.5
548.25
579
609.75
640.45
671.2
701.95
732.65
763.4
794.15
824.9
855.6
886.35
917.1
947.85
978.55
1009.3
1040.05
1070.75
1101.5
1132.25
1163
1193.7
1224.45
1255.2
1285.9
1316.65
1347.4
1378.15
1408.85
1439.6
1470.35
1501.1
1531.8
1562.55
1593.3
1624
1654.75
1685.5
1716.25
1746.95
1777.7
1808.45
1839.15
1869.9
1900.65
1931.4
1962.1
1992.85
2023.6
2054.35
2085.05
2115.8
2146.55
2177.25
2208
2238.75
2269.5
2300.2
2330.95
2361.7
2392.4
2423.15
2453.9
2484.65
2515.35
2546.1
2576.85
2607.6
2638.3
2669.05
2699.8
2730.5
2761.25
2792
2822.75
2853.45
2884.2
2914.95
2945.65
2976.4
3007.15
3037.9
3068.6
3099.35
3130.1
3160.85
3191.55
3222.3
3253.05
3283.75
3314.5
3345.25
3376
3406.7
3437.45
3468.2
3498.9
3529.65
3560.4
3591.15
3621.85
3652.6
3683.35
3714.1
3744.8
3775.55
3806.3
3837
3867.75
3898.5
3929.25
3959.95
3990.7
4021.45
4052.15
4082.9
4113.65
4144.4
4175.1
4205.85
4236.6
4267.35
4298.05
4328.8
4359.55
4390.25
4421
4451.75
4482.5
4513.2
4543.95
4574.7
4605.4
4636.15
4666.9
4697.65
4728.35
4759.1
4789.85
4820.6
4851.3
4882.05
4912.8
4943.5
4974.25
-1000
0.05
26
53.95
78.95
104.2
130.75
158.8
187.9
217.65
247.75
278.05
308.45
338.95
369.5
400.1
430.7
461.35
492
522.65
553.35
584
614.7
645.4
676.1
706.8
737.5
768.2
798.9
829.6
860.3
891
921.75
952.45
983.15
1013.85
1044.6
1075.3
1106
1136.7
1167.4
1198.15
1228.85
1259.55
1290.25
1320.95
1351.7
1382.4
1413.1
1443.8
1474.5
1505.2
1535.85
1566.55
1597.25
1627.9
1658.55
1689.2
1719.85
1750.4
1780.95
1811.45
1841.8
1871.9
1901.4
1929.85
1955.3
1980.4
2006.55
2034.3
2063.1
2092.75
2122.75
2153.05
2183.4
2213.9
2244.45
2275
2305.65
2336.25
2366.9
2397.6
2428.25
2458.95
2489.6
2520.3
2551
2581.7
2612.4
2643.1
2673.8
2704.5
2735.2
2765.95
2796.65
2827.35
2858.05
2888.75
2919.5
2950.2
2980.9
3011.6
3042.35
3073.05
3103.75
3134.45
3165.2
3195.9
3226.6
3257.3
3288
3318.7
3349.4
3380.1
3410.8
3441.45
3472.15
3502.8
3533.5
3564.15
3594.75
3625.35
3655.9
3686.4
3716.8
3746.95
3776.65
3805.4
3831.7
3856.7
3882.5
3909.8
3938.4
3967.9
3997.85
4028.05
4058.4
4088.85
4119.4
4150
4180.6
4211.2
4241.85
4272.5
4303.15
4333.85
4364.55
4395.2
4425.9
4456.6
4487.3
4518
4548.7
4579.4
4610.1
4640.85
4671.55
4702.25
4732.95
4763.7
4794.4
4825.1
4855.8
4886.55
