0.05
21.7
48
74.3
100.6
126.85
153.15
179.45
205.75
232.05
258.3
284.6
310.9
337.2
363.5
389.75
416.05
442.35
468.65
494.95
521.2
547.5
573.8
600.1
626.4
652.65
678.95
705.25
731.55
757.8
784.1
810.4
836.7
863
889.25
915.55
941.85
968.15
994.45
1020.7
1047
1073.3
1099.6
1125.9
1152.15
1178.45
1204.75
1231.05
1257.35
1283.6
1309.9
1336.2
1362.5
1388.8
1415.05
1441.35
1467.65
1493.95
1520.2
1546.5
1572.8
1599.1
1625.4
1651.65
1677.95
1704.25
1730.55
1756.85
1783.1
1809.4
1835.7
1862
1888.3
1914.55
1940.85
1967.15
1993.45
2019.75
2046
2072.3
2098.6
2124.9
2151.15
2177.45
2203.75
2230.05
2256.35
2282.6
2308.9
2335.2
2361.5
2387.8
2414.05
2440.35
2466.65
2492.95
2519.25
2545.5
2571.8
2598.1
2624.4
2650.7
2676.95
2703.25
2729.55
2755.85
2782.15
2808.4
2834.7
2861
2887.3
2913.55
2939.85
2966.15
2992.45
3018.75
3045
3071.3
3097.6
3123.9
3150.2
3176.45
3202.75
3229.05
3255.35
3281.65
3307.9
3334.2
3360.5
3386.8
3413.1
3439.35
3465.65
3491.95
3518.25
3544.5
3570.8
3597.1
3623.4
3649.7
3675.95
3702.25
3728.55
3754.85
3781.15
3807.4
3833.7
3860
3886.3
3912.6
3938.85
3965.15
3991.45
4017.75
4044.05
4070.3
4096.6
4122.9
4149.2
4175.45
4201.75
4228.05
4254.35
4280.65
4306.9
4333.2
4359.5
4385.8
4412.1
4438.35
4464.65
4490.95
4517.25
4543.55
4569.8
4596.1
4622.4
4648.7
4675
4701.25
4727.55
4753.85
4780.15
4806.45
4832.7
4859
4885.3
4911.6
4937.85
4964.15
4990.45
-1000
0.05
26
51.05
76.15
101.4
126.8
152.4
178.1
204
229.95
255.9
282.05
308.25
334.45
360.7
386.85
413.15
439.45
465.75
492
518.2
544.5
570.85
597.15
623.45
649.65
675.95
702.3
728.6
754.9
781.2
807.5
833.8
860.1
886.35
912.65
938.95
965.25
991.55
1017.7
1044.05
1070.35
1096.65
1122.95
1149.15
1175.45
1201.8
1228.1
1254.4
1280.6
1306.9
1333.25
1359.55
1385.85
1412.15
1438.45
1464.75
1491
1517.3
1543.6
1569.9
1596.2
1622.5
1648.65
1675
1701.3
1727.6
1753.9
1780.1
1806.4
1832.75
1859.05
1885.35
1911.55
1937.85
1964.2
1990.5
2016.8
2043
2069.3
2095.65
2121.95
2148.25
2174.55
2200.85
2227.15
2253.4
2279.7
2306
2332.3
2358.6
2384.9
2411.05
2437.4
2463.7
2490
2516.3
2542.5
2568.8
2595.15
2621.45
2647.75
2673.95
2700.25
2726.6
2752.9
2779.2
2805.5
2831.8
2858.1
2884.35
2910.65
2936.95
2963.25
2989.55
3015.85
3042
3068.35
3094.65
3120.95
3147.25
3173.45
3199.75
3226.1
3252.4
3278.7
3304.9
3331.2
3357.55
3383.85
3410.15
3436.35
3462.65
3489
3515.3
3541.6
3567.9
3594.2
3620.5
3646.75
3673.05
3699.35
3725.65
3751.95
3778.25
3804.4
3830.75
3857.05
3883.35
3909.65
3935.85
3962.15
3988.5
4014.8
4041.1
4067.3
4093.6
4119.95
4146.25
4172.55
4198.85
4225.15
4251.45
4277.7
4304
4330.3
4356.6
4382.9
4409.2
4435.35
4461.7
4488
4514.3
4540.6
4566.8
4593.1
4619.45
4645.75
4672.05
4698.25
4724.55
4750.9
4777.2
4803.5
4829.7
4856
4882.35
4908.65
4934.95
4961.25
4987.55
