25.6
56.65
87.7
118.75
149.75
180.8
211.85
242.9
273.9
304.95
336
367.05
398.05
429.1
460.15
491.2
522.2
553.25
584.3
615.35
646.35
677.4
708.45
739.5
770.5
801.55
832.6
863.65
894.65
925.7
956.75
987.8
1018.85
1049.85
1080.9
1111.95
1143
1174
1205.05
1236.1
1267.15
1298.15
1329.2
1360.25
1391.3
1422.3
1453.35
1484.4
1515.45
1546.45
1577.5
1608.55
1639.6
1670.6
1701.65
1732.7
1763.75
1794.75
1825.8
1856.85
1887.9
1918.95
1949.95
1981
2012.05
2043.1
2074.1
2105.15
2136.2
2167.25
2198.25
2229.3
2260.35
2291.4
2322.4
2353.45
2384.5
2415.55
2446.55
2477.6
2508.65
2539.7
2570.7
2601.75
2632.8
2663.85
2694.85
2725.9
2756.95
2788
2819
2850.05
2881.1
2912.15
2943.2
2974.2
3005.25
3036.3
3067.35
3098.35
3129.4
3160.45
3191.5
3222.5
3253.55
3284.6
3315.65
3346.65
3377.7
3408.75
3439.8
3470.8
3501.85
3532.9
3563.95
3594.95
3626
3657.05
3688.1
-1000
25.6
71.15
114.8
152.65
191.8
237.35
274.35
318.4
362.7
399.7
438.35
484.45
522.1
568.7
611.65
650.35
693.8
736.2
776.65
823
862.3
908.75
952.7
989.85
1027.8
1074.2
1111.75
1158.65
1201.65
1241.85
1288
1327.75
1373.5
1417.9
1454.85
1493.7
1539.95
1577.5
1623.15
1666.75
1704.7
1744.4
1789.65
1826.5
1869.1
1914.05
1950.85
1992.4
2037.8
2074.7
2117.75
2162.5
2199.35
2240.4
2285.9
2322.9
2366.8
2411
2447.9
2487.75
2533.5
2570.85
2616.2
2659.75
2697.2
2735.35
2781.4
2818.95
2865.2
2908.35
2946.6
2988.25
3032.05
3069.2
3107.3
3153.7
3191.35
3237.9
3281.05
3319.85
3363.8
3405.9
3447.75
3494.35
3532.5
3580.35
3622.85
3663.5
3710
3749.1
3795.7
3839.35
3877.2
3916.4
3961.95
3998.9
4042.5
4087
4123.9
4163.9
4209.8
4247
4291.95
4335.7
4372.85
4410.9
4457.05
4494.85
4542
4584.7
4624.2
4669.55
4710.15
4754.7
4800.15
4836.95
4880.8
4925.2
4962
