0.05
23.1
50.95
78.75
106.6
134.4
162.25
190.05
217.9
245.7
273.55
301.35
329.2
357
384.85
412.65
440.5
468.3
496.15
523.95
551.8
579.6
607.45
635.25
663.1
690.9
718.75
746.55
774.4
802.2
830.05
857.85
885.7
913.5
941.35
969.15
997
1024.8
1052.65
1080.45
1108.3
1136.1
1163.95
1191.75
1219.6
1247.4
1275.25
1303.05
1330.9
1358.7
1386.55
1414.35
1442.2
1470
1497.85
1525.65
1553.5
1581.3
1609.15
1636.95
1664.8
1692.6
1720.45
1748.25
1776.1
1803.95
1831.75
1859.6
1887.4
1915.25
1943.05
1970.9
1998.7
2026.55
2054.35
2082.2
2110
2137.85
2165.65
2193.5
2221.3
2249.15
2276.95
2304.8
2332.6
2360.45
2388.25
2416.1
2443.9
2471.75
2499.55
2527.4
2555.2
2583.05
2610.85
2638.7
2666.5
2694.35
2722.15
2750
2777.8
2805.65
2833.45
2861.3
2889.1
2916.95
2944.75
2972.6
3000.4
3028.25
3056.05
3083.9
3111.7
3139.55
3167.35
3195.2
3223
3250.85
3278.65
3306.5
3334.3
3362.15
3389.95
3417.8
3445.6
3473.45
3501.25
3529.1
3556.95
3584.75
3612.6
3640.4
3668.25
3696.05
3723.9
3751.7
3779.55
3807.35
3835.2
3863
3890.85
3918.65
3946.5
3974.3
4002.15
4029.95
4057.8
4085.6
4113.45
4141.25
4169.1
4196.9
4224.75
4252.55
4280.4
4308.2
4336.05
4363.85
4391.7
4419.5
4447.35
4475.15
4503
4530.8
4558.65
4586.45
4614.3
4642.1
4669.95
4697.75
4725.6
4753.4
4781.25
4809.05
4836.9
4864.7
4892.55
4920.35
4948.2
4976
-1000
0.05
26
51.8
78.05
104.9
132.05
159.5
187
214.7
242.4
270.2
297.95
325.8
353.55
381.4
409.2
437.05
464.85
492.7
520.55
548.4
576.25
604.05
631.9
659.7
687.55
715.4
743.2
771.05
798.85
826.7
854.5
882.35
910.15
938
965.8
993.65
1021.45
1049.3
1077.1
1104.95
1132.75
1160.6
1188.4
1216.25
1244.05
1271.9
1299.7
1327.55
1355.35
1383.2
1411
1438.85
1466.65
1494.5
1522.3
1550.15
1577.95
1605.8
1633.6
1661.45
1689.25
1717.1
1744.9
1772.75
1800.55
1828.4
1856.2
1883.95
1911.8
1939.6
1967.45
1995.25
2023.1
2050.9
2078.75
2106.55
2134.4
2162.2
2190.05
2217.85
2245.7
2273.55
2301.4
2329.25
2357.05
2384.9
2412.7
2440.55
2468.4
2496.2
2524.05
2551.85
2579.7
2607.5
2635.35
2663.15
2691
2718.8
2746.65
2774.45
2802.3
2830.1
2857.95
2885.75
2913.6
2941.4
2969.25
2997.05
3024.9
3052.7
3080.55
3108.35
3136.2
3164
3191.85
3219.65
3247.5
3275.3
3303.15
3330.95
3358.8
3386.6
3414.45
3442.25
3470.1
3497.9
3525.75
3553.55
3581.4
3609.2
3636.95
3664.8
3692.6
3720.45
3748.25
3776.1
3803.9
3831.75
3859.55
3887.4
3915.2
3943.05
3970.85
3998.7
4026.5
4054.35
4082.2
4110.05
4137.9
4165.7
4193.55
4221.35
4249.2
4277.05
4304.85
4332.7
4360.5
4388.35
4416.15
4444
4471.8
4499.65
4527.45
4555.3
4583.1
4610.95
4638.75
4666.6
4694.4
4722.25
4750.05
4777.9
4805.7
4833.55
4861.35
4889.2
4917
4944.85
4972.65
