0.05
22.5
49.6
76.75
103.9
131.05
158.2
185.35
212.45
239.6
266.75
293.9
321.05
348.2
375.3
402.45
429.6
456.75
483.9
511.05
538.15
565.3
592.45
619.6
646.75
673.9
701
728.15
755.3
782.45
809.6
836.75
863.85
891
918.15
945.3
972.45
999.55
1026.7
1053.85
1081
1108.15
1135.3
1162.4
1189.55
1216.7
1243.85
1271
1298.15
1325.25
1352.4
1379.55
1406.7
1433.85
1461
1488.1
1515.25
1542.4
1569.55
1596.7
1623.85
1650.95
1678.1
1705.25
1732.4
1759.55
1786.7
1813.8
1840.95
1868.1
1895.25
1922.4
1949.5
1976.65
2003.8
2030.95
2058.1
2085.25
2112.35
2139.5
2166.65
2193.8
2220.95
2248.1
2275.2
2302.35
2329.5
2356.65
2383.8
2410.95
2438.05
2465.2
2492.35
2519.5
2546.65
2573.8
2600.9
2628.05
2655.2
2682.35
2709.5
2736.65
2763.75
2790.9
2818.05
2845.2
2872.35
2899.5
2926.6
2953.75
2980.9
3008.05
3035.2
3062.3
3089.45
3116.6
3143.75
3170.9
3198.05
3225.15
3252.3
3279.45
3306.6
3333.75
3360.9
3388
3415.15
3442.3
3469.45
3496.6
3523.75
3550.85
3578
3605.15
3632.3
3659.45
3686.6
3713.7
3740.85
3768
3795.15
3822.3
3849.45
3876.55
3903.7
3930.85
3958
3985.15
4012.25
4039.4
4066.55
4093.7
4120.85
4148
4175.1
4202.25
4229.4
4256.55
4283.7
4310.85
4337.95
4365.1
4392.25
4419.4
4446.55
4473.7
4500.8
4527.95
4555.1
4582.25
4609.4
4636.55
4663.65
4690.8
4717.95
4745.1
4772.25
4799.4
4826.5
4853.65
4880.8
4907.95
4935.1
4962.2
4989.35
-1000
0.05
26
51.3
76.95
102.9
129.25
155.8
182.55
209.35
236.35
263.4
290.5
317.6
344.7
371.75
398.9
426.05
453.2
480.35
507.5
534.55
561.75
588.9
616.05
643.2
670.35
697.4
724.6
751.75
778.9
806.05
833.2
860.25
887.45
914.6
941.75
968.9
996.05
1023.2
1050.35
1077.5
1104.65
1131.8
1158.85
1186
1213.15
1240.3
1267.45
1294.6
1321.65
1348.85
1376
1403.15
1430.3
1457.45
1484.5
1511.7
1538.85
1566
1593.15
1620.3
1647.35
1674.55
1701.7
1728.85
1756
1783.15
1810.2
1837.4
1864.55
1891.7
1918.85
1946
1973.15
2000.3
2027.45
2054.6
2081.75
2108.85
2136
2163.15
2190.3
2217.45
2244.6
2271.65
2298.8
2325.95
2353.1
2380.25
2407.4
2434.45
2461.65
2488.8
2515.95
2543.1
2570.25
2597.3
2624.5
2651.65
2678.8
2705.95
2733.1
2760.15
2787.35
2814.5
2841.65
2868.8
2895.95
2923.1
2950.25
2977.4
3004.55
3031.7
3058.8
3085.95
3113.1
3140.25
3167.4
3194.55
3221.6
3248.75
3275.9
3303.05
3330.2
3357.35
3384.4
3411.6
3438.75
3465.9
3493.05
3520.2
3547.25
3574.45
3601.6
3628.75
3655.9
3683.05
3710.1
3737.3
3764.45
3791.6
3818.75
3845.9
3873.05
3900.2
3927.35
3954.5
3981.65
4008.75
4035.9
4063.05
4090.2
4117.35
4144.5
4171.55
4198.7
4225.85
4253
4280.15
4307.3
4334.35
4361.55
4388.7
4415.85
4443
4470.15
4497.2
4524.4
4551.55
4578.7
4605.85
4633
4660.05
4687.25
4714.4
4741.55
4768.7
4795.85
4822.9
4850.1
4877.25
4904.4
4931.55
4958.7
4985.85
