0.05
19.6
43.5
67.4
91.3
115.25
139.15
163.05
187
210.9
234.8
258.7
282.65
306.55
330.45
354.35
378.3
402.2
426.1
450
473.95
497.85
521.75
545.65
569.6
593.5
617.4
641.3
665.25
689.15
713.05
737
760.9
784.8
808.7
832.65
856.55
880.45
904.35
928.3
952.2
976.1
1000
1023.95
1047.85
1071.75
1095.65
1119.6
1143.5
1167.4
1191.3
1215.25
1239.15
1263.05
1287
1310.9
1334.8
1358.7
1382.65
1406.55
1430.45
1454.35
1478.3
1502.2
1526.1
1550
1573.95
1597.85
1621.75
1645.65
1669.6
1693.5
1717.4
1741.35
1765.25
1789.15
1813.05
1837
1860.9
1884.8
1908.7
1932.65
1956.55
1980.45
2004.35
2028.3
2052.2
2076.1
2100
2123.95
2147.85
2171.75
2195.65
2219.6
2243.5
2267.4
2291.35
2315.25
2339.15
2363.05
2387
2410.9
2434.8
2458.7
2482.65
2506.55
2530.45
2554.35
2578.3
2602.2
2626.1
2650
2673.95
2697.85
2721.75
2745.65
2769.6
2793.5
2817.4
2841.35
2865.25
2889.15
2913.05
2937
2960.9
2984.8
3008.7
3032.65
3056.55
3080.45
3104.35
3128.3
3152.2
3176.1
3200
3223.95
3247.85
3271.75
3295.65
3319.6
3343.5
3367.4
3391.35
3415.25
3439.15
3463.05
3487
3510.9
3534.8
3558.7
3582.65
3606.55
3630.45
3654.35
3678.3
3702.2
3726.1
3750
3773.95
3797.85
3821.75
3845.7
3869.6
3893.5
3917.4
3941.35
3965.25
3989.15
4013.05
4037
4060.9
4084.8
4108.7
4132.65
4156.55
4180.45
4204.35
4228.3
4252.2
4276.1
4300
4323.95
4347.85
4371.75
4395.7
4419.6
4443.5
4467.4
4491.35
4515.25
4539.15
4563.05
4587
-1000
0.05
26
51.5
79.4
107.9
134.95
161.05
186.6
211.75
236.85
261.9
286.95
311.8
336.95
362.5
390.5
418.95
445.95
472
497.4
522.7
547.8
572.85
597.85
622.95
648.1
673.95
702.3
730.5
757.15
783.15
808.65
833.85
858.8
883.85
908.85
933.95
959
984.8
1013.1
1041.25
1068.05
1094
1119.5
1144.75
1169.85
1194.85
1219.9
1245
1270.2
1296.85
1325.5
1353.2
1379.7
1405.3
1430.75
1455.9
1481
1505.85
1530.9
1556
1581.25
1608.25
1636.95
1664.45
1690.8
1716.55
1741.9
1767.05
1792.1
1817.1
1842.15
1867.15
1892.5
1920.4
1948.9
1976.05
2002.2
2027.8
2052.95
2078.1
2103.15
2128.15
2153.2
2178.35
2203.95
2232.05
2260.45
2287.35
2313.25
2338.85
2364.1
2389.2
2414.1
2439.1
2464.15
2489.35
2514.9
2543.05
2571.4
2598.2
2624.25
2649.75
2675
2700.15
2725.15
2750.2
2775.25
2800.45
2826.6
2855.15
2883.1
2909.75
2935.6
2960.9
2986.15
3011.2
3036.25
3061.1
3086.2
3111.4
3137.75
3166.3
3194.2
3220.75
3246.6
3272
3297.2
3322.3
3347.3
3372.35
3397.45
3422.6
3449.75
3478.4
3505.8
3532.15
3557.85
3583.2
3608.2
3633.3
3658.3
3683.35
3708.45
3733.85
3761.7
3790.3
3817.4
3843.55
3869.1
3894.4
3919.55
3944.6
3969.45
3994.5
4019.65
4045.25
4073.25
4101.65
4128.6
4154.55
4180.1
4205.35
4230.5
4255.5
4280.55
4305.6
4330.8
4356.75
4385.15
4413.2
4439.95
4465.85
4491.35
4516.4
4541.5
4566.55
4591.55
4616.5
4641.7
4667.65
4696.1
4724.2
4750.9
4776.8
4802.25
4827.45
4852.55
4877.6
4902.6
4927.7
4953
4979.85
