0.05
19
42.3
65.6
88.85
112.15
135.45
158.7
182
205.25
228.55
251.85
275.1
298.4
321.7
344.95
368.25
391.5
414.8
438.1
461.35
484.65
507.95
531.2
554.5
577.75
601.05
624.35
647.6
670.9
694.2
717.45
740.75
764
787.3
810.6
833.85
857.15
880.4
903.7
927
950.25
973.55
996.85
1020.1
1043.4
1066.65
1089.95
1113.25
1136.5
1159.8
1183.1
1206.35
1229.65
1252.9
1276.2
1299.5
1322.75
1346.05
1369.35
1392.6
1415.9
1439.15
1462.45
1485.75
1509
1532.3
1555.6
1578.85
1602.15
1625.4
1648.7
1672
1695.25
1718.55
1741.85
1765.1
1788.4
1811.65
1834.95
1858.25
1881.5
1904.8
1928.1
1951.35
1974.65
1997.9
2021.2
2044.5
2067.75
2091.05
2114.35
2137.6
2160.9
2184.15
2207.45
2230.75
2254
2277.3
2300.6
2323.85
2347.15
2370.4
2393.7
2417
2440.25
2463.55
2486.85
2510.1
2533.4
2556.65
2579.95
2603.25
2626.5
2649.8
2673.1
2696.35
2719.65
2742.9
2766.2
2789.5
2812.75
2836.05
2859.35
2882.6
2905.9
2929.15
2952.45
2975.75
2999
3022.3
3045.6
3068.85
3092.15
3115.4
3138.7
3162
3185.25
3208.55
3231.85
3255.1
3278.4
3301.65
3324.95
3348.25
3371.5
3394.8
3418.1
3441.35
3464.65
3487.9
3511.2
3534.5
3557.75
3581.05
3604.35
3627.6
3650.9
3674.15
3697.45
3720.75
3744
3767.3
3790.55
3813.85
3837.15
3860.4
3883.7
3907
3930.25
3953.55
3976.8
4000.1
4023.4
4046.65
4069.95
4093.25
4116.5
4139.8
4163.05
4186.35
4209.65
4232.9
4256.2
4279.5
4302.75
4326.05
4349.3
4372.6
4395.9
4419.15
4442.45
4465.75
-1000
0.05
26
51.15
76.15
101.05
126.45
154.4
182.35
208.85
234.5
259.75
284.65
309.65
334.8
361.3
389.75
416.9
442.9
468.2
493.3
518.35
543.4
568.75
596.65
624.7
651.1
676.75
702
727.05
752.1
777.25
804.05
832.45
859.5
885.45
910.8
935.9
960.95
986
1011.55
1039.75
1067.55
1093.9
1119.45
1144.65
1169.7
1194.75
1219.8
1247.1
1275.4
1302.3
1328.1
1353.45
1378.5
1403.35
1428.45
1454.1
1482.35
1510.05
1536.35
1561.9
1586.95
1612
1637
1662.25
1689.75
1718
1744.8
1770.45
1795.8
1820.85
1845.9
1871
1896.85
1925.2
1952.7
1978.9
2004.4
2029.55
2054.6
2079.65
2104.9
2132.75
2160.85
2187.5
2213.2
2238.45
2263.5
2288.55
2313.7
2340.1
2368.55
2395.8
2421.8
2447.2
2472.3
2497.35
2522.25
2547.6
2575.5
2603.5
2629.95
2655.6
2680.85
2705.75
2730.8
2755.9
2782.25
2810.65
2837.95
2864
2889.3
2914.45
2939.45
2964.55
2989.85
3017.65
3045.75
3072.2
3097.9
3123.15
3148.2
3173.25
3198.2
3224.45
3252.85
3280.2
3306.3
3331.75
3356.85
3381.75
3406.8
3432.05
3459.9
3488
3514.6
3540.3
3565.4
3590.45
3615.45
3640.6
3666.9
3695.35
3722.65
3748.6
3774.05
3799.15
3824.2
3849.25
3874.55
3902.45
3930.45
3957
3982.7
4007.9
4033
4058
4083.15
4109.95
4138.35
4165.45
4191.35
4216.75
4241.85
4266.85
4291.95
4317.3
4345.45
4373.3
4399.7
4425.3
4450.5
4475.55
4500.4
4525.6
4552.55
4580.95
4607.95
4633.85
4659.2
4684.15
4709.15
4734.25
4759.75
4787.9
4815.75
4842.1
4867.55
4892.8
4917.85
4942.85
4968.05
4995.25
