0.05
26.3
57.65
89
120.35
151.7
183.05
214.4
245.75
277.1
308.45
339.75
371.1
402.45
433.8
465.15
496.5
527.85
559.2
590.55
621.9
653.25
684.6
715.95
747.3
778.65
810
841.3
872.65
904
935.35
966.7
998.05
1029.4
1060.75
1092.1
1123.45
1154.8
1186.15
1217.5
1248.85
1280.2
1311.55
1342.9
1374.2
1405.55
1436.9
1468.25
1499.6
1530.95
1562.3
1593.65
1625
1656.35
1687.7
1719.05
1750.4
1781.75
1813.1
1844.45
1875.75
1907.1
1938.45
1969.8
2001.15
2032.5
2063.85
2095.2
2126.55
2157.9
2189.25
2220.6
2251.95
2283.3
2314.65
2346
2377.35
2408.65
2440
2471.35
2502.7
2534.05
2565.4
2596.75
2628.1
2659.45
2690.8
2722.15
2753.5
2784.85
2816.2
2847.55
2878.9
2910.2
2941.55
2972.9
3004.25
3035.6
3066.95
3098.3
3129.65
3161
3192.35
3223.7
3255.05
3286.4
3317.75
3349.1
3380.45
3411.8
3443.1
3474.45
3505.8
3537.15
3568.5
3599.85
3631.2
3662.55
3693.9
3725.25
3756.6
3787.95
3819.3
3850.65
3882
3913.35
3944.65
3976
4007.35
4038.7
4070.05
4101.4
4132.75
4164.1
4195.45
4226.8
4258.15
4289.5
4320.85
4352.2
4383.55
4414.9
4446.25
4477.55
4508.9
4540.25
4571.6
4602.95
4634.3
4665.65
4697
4728.35
4759.7
4791.05
4822.4
4853.75
4885.1
4916.45
4947.8
4979.1
-1000
0.05
26
52.75
81.2
110.75
141
171.55
202.3
233.1
263.9
294.7
325.3
355.45
384.7
412.1
437.1
462.8
490.25
519.25
549.1
579.5
610.15
640.9
671.75
702.55
733.25
763.75
793.55
822.15
847.3
872.55
899.2
927.6
957.15
987.35
1017.9
1048.65
1079.45
1110.3
1141.05
1171.65
1201.8
1231.05
1258.4
1283.4
1309.15
1336.5
1365.5
1395.4
1425.8
1456.45
1487.25
1518.05
1548.85
1579.55
1610
1639.75
1668.25
1693.5
1718.75
1745.5
1773.95
1803.5
1833.75
1864.3
1895
1925.8
1956.65
1987.4
2018
2048.15
2077.4
2104.75
2129.75
2155.5
2182.95
2211.95
2241.85
2272.25
2302.9
2333.65
2364.45
2395.3
2426
2456.45
2486.3
2514.95
2540.35
2565.55
2592.15
2620.45
2650
2680.15
2710.7
2741.4
2772.25
2803.05
2833.85
2864.45
2894.65
2923.95
2951.55
2976.6
3002.2
3029.55
3058.45
3088.3
3118.65
3149.3
3180.05
3210.85
3241.7
3272.4
3302.9
3332.75
3361.45
3386.9
3411.9
3438.4
3466.75
3496.3
3526.5
3557.05
3587.75
3618.55
3649.4
3680.15
3710.75
3740.95
3770.2
3797.7
3822.7
3848.4
3875.8
3904.75
3934.6
3964.95
3995.6
4026.35
4057.2
4088
4118.75
4149.2
4179.05
4207.65
4233.05
4258.2
4284.85
4313.2
4342.7
4372.9
4403.45
4434.15
4464.95
4495.75
4526.55
4557.15
4587.35
4616.7
4644.3
