0.05
21.55
47.6
73.7
99.8
125.9
151.95
178.05
204.15
230.2
256.3
282.4
308.5
334.55
360.65
386.75
412.85
438.9
465
491.1
517.2
543.25
569.35
595.45
621.5
647.6
673.7
699.8
725.85
751.95
778.05
804.15
830.2
856.3
882.4
908.5
934.55
960.65
986.75
1012.8
1038.9
1065
1091.1
1117.15
1143.25
1169.35
1195.45
1221.5
1247.6
1273.7
1299.75
1325.85
1351.95
1378.05
1404.1
1430.2
1456.3
1482.4
1508.45
1534.55
1560.65
1586.75
1612.8
1638.9
1665
1691.05
1717.15
1743.25
1769.35
1795.4
1821.5
1847.6
1873.7
1899.75
1925.85
1951.95
1978
2004.1
2030.2
2056.3
2082.35
2108.45
2134.55
2160.65
2186.7
2212.8
2238.9
2265
2291.05
2317.15
2343.25
2369.3
2395.4
2421.5
2447.6
2473.65
2499.75
2525.85
2551.95
2578
2604.1
2630.2
2656.3
2682.35
2708.45
2734.55
2760.6
2786.7
2812.8
2838.9
2864.95
2891.05
2917.15
2943.25
2969.3
2995.4
3021.5
3047.55
3073.65
3099.75
3125.85
3151.9
3178
3204.1
3230.2
3256.25
3282.35
3308.45
3334.55
3360.6
3386.7
3412.8
3438.85
3464.95
3491.05
3517.15
3543.2
3569.3
3595.4
3621.5
3647.55
3673.65
3699.75
3725.8
3751.9
3778
3804.1
3830.15
3856.25
3882.35
3908.45
3934.5
3960.6
3986.7
4012.8
4038.85
4064.95
4091.05
4117.1
4143.2
4169.3
4195.4
4221.45
4247.55
4273.65
4299.75
4325.8
4351.9
4378
4404.05
4430.15
4456.25
4482.35
4508.4
4534.5
4560.6
4586.7
4612.75
4638.85
4664.95
4691.05
4717.1
4743.2
4769.3
4795.35
4821.45
4847.55
4873.65
4899.7
4925.8
4951.9
4978
-1000
0.05
26.15
55.35
83.5
110.95
137.8
164.45
190.95
217.35
243.6
269.85
296.05
322.2
348.35
374.45
400.55
426.55
452.7
478.8
504.95
530.9
557.05
583.15
609.3
635.35
661.45
687.55
713.65
739.75
765.85
791.95
817.9
844
870.15
896.25
922.35
948.45
974.55
1000.6
1026.7
1052.8
1078.9
1104.85
1130.95
1157.1
1183.2
1209.2
1235.3
1261.4
1287.55
1313.65
1339.7
1365.8
1391.9
1418
1444.1
1470.2
1496.15
1522.25
1548.4
1574.5
1600.5
1626.6
1652.7
1678.85
1704.95
1731
1757.1
1783.1
1809.2
1835.35
1861.45
1887.4
1913.55
1939.65
1965.8
1991.9
2017.95
2044.05
2070.15
2096.25
2122.35
2148.45
2174.4
2200.5
2226.65
2252.75
2278.75
2304.85
2330.95
2357.1
2383.2
2409.25
2435.35
2461.45
2487.55
2513.65
2539.75
2565.7
2591.8
2617.95
2644.05
2670.15
2696.25
2722.35
2748.4
2774.5
2800.6
2826.7
2852.65
2878.75
2904.9
2931
2957
2983.1
3009.2
3035.35
3061.45
3087.5
3113.6
3139.7
3165.8
3191.9
3218
3243.95
3270.05
3296.2
3322.3
3348.35
3374.45
3400.55
3426.65
3452.75
3478.85
3504.95
3530.9
3557
3583.15
3609.25
3635.25
3661.35
3687.45
3713.6
3739.7
3765.75
3791.85
3817.95
3844.05
3870.15
3896.25
3922.2
3948.3
3974.45
4000.55
4026.55
4052.65
4078.75
4104.9
4131
4157.05
4183.15
4209.15
4235.25
4261.4
4287.5
4313.45
4339.6
4365.7
4391.85
4417.95
4444
4470.1
4496.2
4522.3
4548.4
4574.5
4600.45
4626.55
4652.7
4678.8
4704.8
4730.9
4757
4783.15
4809.25
4835.3
4861.4
4887.5
4913.6
4939.7
4965.8
4991.75
