0.05
21.2
46.85
72.55
98.25
123.95
149.65
175.35
201
226.7
252.4
278.1
303.8
329.5
355.15
380.85
406.55
432.25
457.95
483.6
509.3
535
560.7
586.4
612.1
637.75
663.45
689.15
714.85
740.55
766.25
791.9
817.6
843.3
869
894.7
920.4
946.05
971.75
997.45
1023.15
1048.85
1074.55
1100.2
1125.9
1151.6
1177.3
1203
1228.7
1254.35
1280.05
1305.75
1331.45
1357.15
1382.85
1408.5
1434.2
1459.9
1485.6
1511.3
1537
1562.65
1588.35
1614.05
1639.75
1665.45
1691.15
1716.8
1742.5
1768.2
1793.9
1819.6
1845.3
1870.95
1896.65
1922.35
1948.05
1973.75
1999.45
2025.1
2050.8
2076.5
2102.2
2127.9
2153.6
2179.25
2204.95
2230.65
2256.35
2282.05
2307.7
2333.4
2359.1
2384.8
2410.5
2436.2
2461.85
2487.55
2513.25
2538.95
2564.65
2590.35
2616
2641.7
2667.4
2693.1
2718.8
2744.5
2770.15
2795.85
2821.55
2847.25
2872.95
2898.65
2924.3
2950
2975.7
3001.4
3027.1
3052.8
3078.45
3104.15
3129.85
3155.55
3181.25
3206.95
3232.6
3258.3
3284
3309.7
3335.4
3361.1
3386.75
3412.45
3438.15
3463.85
3489.55
3515.25
3540.9
3566.6
3592.3
3618
3643.7
3669.4
3695.05
3720.75
3746.45
3772.15
3797.85
3823.55
3849.2
3874.9
3900.6
3926.3
3952
3977.65
4003.35
4029.05
4054.75
4080.45
4106.15
4131.8
4157.5
4183.2
4208.9
4234.6
4260.3
4285.95
4311.65
4337.35
4363.05
4388.75
4414.45
4440.1
4465.8
4491.5
4517.2
4542.9
4568.6
4594.25
4619.95
4645.65
4671.35
4697.05
4722.75
4748.4
4774.1
4799.8
4825.5
4851.2
4876.9
4902.55
4928.25
4953.95
-1000
0.05
26
51.75
77.65
103.85
131.45
160.55
189.45
217.35
244.4
271.05
297.4
323.55
349.45
375.4
401.3
427.15
452.95
478.75
504.5
530.2
555.95
581.7
607.4
633.1
658.8
684.5
710.2
735.9
761.6
787.15
812.9
838.6
864.3
890.05
915.75
941.3
967.05
992.75
1018.45
1044.15
1069.9
1095.45
1121.15
1146.9
1172.6
1198.3
1224.05
1249.6
1275.3
1301.05
1326.75
1352.45
1378.2
1403.75
1429.45
1455.2
1480.9
1506.6
1532.35
1557.9
1583.6
1609.35
1635.05
1660.75
1686.5
1712.05
1737.75
1763.5
1789.2
1814.9
1840.65
1866.2
1891.9
1917.65
1943.35
1969.05
1994.8
2020.35
2046.05
2071.8
2097.5
2123.2
2148.95
2174.6
2200.3
2226
2251.7
2277.4
2303.1
2328.8
2354.5
2380.2
2405.9
2431.55
2457.15
2482.85
2508.55
2534.25
2560
2585.7
2611.25
2637
2662.7
2688.4
2714.1
2739.85
2765.4
2791.1
2816.85
2842.55
2868.25
2894
2919.55
2945.25
2971
2996.7
3022.4
3048.15
3073.7
3099.4
3125.15
3150.85
3176.55
3202.3
3227.85
3253.55
3279.3
3305
3330.7
3356.45
3382
3407.7
3433.45
3459.15
3484.85
3510.6
3536.15
3561.85
3587.6
3613.3
3639
3664.75
3690.3
3716
3741.75
3767.45
3793.15
3818.9
3844.45
3870.2
3895.9
3921.6
3947.3
3973.05
3998.75
4024.4
4050.1
4075.8
4101.5
4127.2
4152.9
4178.6
4204.3
4230
4255.65
4281.25
4306.95
4332.65
4358.35
4384.1
4409.8
4435.35
4461.1
4486.8
4512.5
4538.2
4563.95
4589.5
4615.2
4640.95
4666.65
4692.35
4718.1
4743.65
4769.35
4795.1
4820.8
4846.5
4872.25
4897.8
4923.5
4949.25
4974.95
