0.05
17.9
39.85
61.85
83.85
105.85
127.85
149.85
171.85
193.85
215.85
237.85
259.85
281.85
303.85
325.8
347.8
369.8
391.8
413.8
435.8
457.8
479.8
501.8
523.8
545.8
567.8
589.8
611.75
633.75
655.75
677.75
699.75
721.75
743.75
765.75
787.75
809.75
831.75
853.75
875.7
897.7
919.7
941.7
963.7
985.7
1007.7
1029.7
1051.7
1073.7
1095.7
1117.7
1139.7
1161.65
1183.65
1205.65
1227.65
1249.65
1271.65
1293.65
1315.65
1337.65
1359.65
1381.65
1403.65
1425.65
1447.6
1469.6
1491.6
1513.6
1535.6
1557.6
1579.6
1601.6
1623.6
1645.6
1667.6
1689.6
1711.55
1733.55
1755.55
1777.55
1799.55
1821.55
1843.55
1865.55
1887.55
1909.55
1931.55
1953.55
1975.55
1997.5
2019.5
2041.5
2063.5
2085.5
2107.5
2129.5
2151.5
2173.5
2195.5
2217.5
2239.5
2261.5
2283.45
2305.45
2327.45
2349.45
2371.45
2393.45
2415.45
2437.45
2459.45
2481.45
2503.45
2525.45
2547.4
2569.4
2591.4
2613.4
2635.4
2657.4
2679.4
2701.4
2723.4
2745.4
2767.4
2789.4
2811.4
2833.35
2855.35
2877.35
2899.35
2921.35
2943.35
2965.35
2987.35
3009.35
3031.35
3053.35
3075.35
3097.35
3119.3
3141.3
3163.3
3185.3
3207.3
3229.3
3251.3
3273.3
3295.3
3317.3
3339.3
3361.3
3383.25
3405.25
3427.25
3449.25
3471.25
3493.25
3515.25
3537.25
3559.25
3581.25
3603.25
3625.25
3647.25
3669.2
3691.2
3713.2
3735.2
3757.2
3779.2
3801.2
3823.2
3845.2
3867.2
3889.2
3911.2
3933.2
3955.15
3977.15
3999.15
4021.15
4043.15
4065.15
4087.15
4109.15
4131.15
4153.15
4175.15
4197.15
4219.15
4241.1
4263.1
4285.1
4307.1
4329.1
4351.1
4373.1
4395.1
4417.1
4439.1
4461.1
4483.1
4505.05
4527.05
4549.05
4571.05
4593.05
4615.05
4637.05
4659.05
4681.05
4703.05
4725.05
4747.05
4769.05
4791
4813
4835
4857
4879
4901
4923
4945
4967
4989
-1000
0.05
25
47.85
70.5
92.95
115.25
137.45
159.6
181.65
203.7
225.75
247.75
269.7
291.65
313.65
335.65
357.7
379.7
401.7
423.75
445.75
467.75
489.75
511.75
533.75
555.7
577.65
599.65
621.65
643.65
665.65
687.7
709.7
731.7
753.7
775.7
797.7
819.7
841.65
863.6
885.6
907.6
929.6
951.6
973.65
995.65
1017.65
1039.65
1061.65
1083.65
1105.65
1127.6
1149.55
1171.55
1193.55
1215.55
1237.55
1259.6
1281.6
1303.6
1325.6
1347.6
1369.6
1391.55
1413.5
1435.5
1457.5
1479.5
1501.5
1523.55
1545.55
1567.55
1589.55
1611.55
1633.55
1655.55
1677.5
1699.45
1721.45
1743.45
1765.45
1787.45
1809.5
1831.5
1853.5
1875.5
1897.5
1919.5
1941.5
1963.45
1985.4
2007.4
2029.4
2051.4
2073.4
2095.45
2117.45
2139.45
2161.45
2183.45
2205.45
2227.4
2249.35
2271.3
2293.3
2315.35
2337.35
2359.35
2381.4
2403.4
2425.4
2447.4
2469.4
2491.4
2513.35
2535.3
2557.3
2579.3
2601.3
2623.3
2645.35
2667.35
2689.35
2711.35
2733.35
2755.35
2777.35
2799.3
2821.25
2843.25
2865.25
2887.25
2909.25
2931.3
2953.3
2975.3
2997.3
3019.3
3041.3
3063.25
3085.2
3107.15
3129.15
3151.2
3173.2
3195.2
3217.25
3239.25
3261.25
3283.25
3305.25
3327.25
3349.2
3371.15
3393.15
3415.15
3437.15
3459.15
3481.2
3503.2
3525.2
3547.2
3569.2
3591.2
3613.2
3635.15
3657.1
3679.1
3701.1
3723.1
3745.1
3767.15
3789.15
3811.15
3833.15
3855.15
3877.15
3899.1
3921.05
3943
3965
3987.05
4009.05
4031.05
4053.1
4075.1
4097.1
4119.1
4141.1
4163.1
4185.05
4207
4229
4251
4273
4295
4317.05
4339.05
4361.05
4383.05
4405.05
4427.05
4449.05
4471
4492.95
4514.95
4536.95
4558.95
4580.95
4603
4625
4647
4669
4691
4713
4735
4756.95
4778.9
4800.9
4822.9
4844.9
4866.9
4888.95
4910.95
4932.95
4954.95
4976.95
4998.95
