0.05
14.7
33.05
51.4
69.75
88.1
106.5
124.85
143.2
161.55
179.9
198.3
216.65
235
253.35
271.7
290.1
308.45
326.8
345.15
363.5
381.9
400.25
418.6
436.95
455.3
473.7
492.05
510.4
528.75
547.15
565.5
583.85
602.2
620.55
638.95
657.3
675.65
694
712.35
730.75
749.1
767.45
785.8
804.15
822.55
840.9
859.25
877.6
896
914.35
932.7
951.05
969.4
987.8
1006.15
1024.5
1042.85
1061.2
1079.6
1097.95
1116.3
1134.65
1153
1171.4
1189.75
1208.1
1226.45
1244.8
1263.2
1281.55
1299.9
1318.25
1336.65
1355
1373.35
1391.7
1410.05
1428.45
1446.8
1465.15
1483.5
1501.85
1520.25
1538.6
1556.95
1575.3
1593.65
1612.05
1630.4
1648.75
1667.1
1685.5
1703.85
1722.2
1740.55
1758.9
1777.3
1795.65
1814
1832.35
1850.7
1869.1
1887.45
1905.8
1924.15
1942.5
1960.9
1979.25
1997.6
2015.95
2034.3
2052.7
2071.05
2089.4
2107.75
2126.15
2144.5
2162.85
2181.2
2199.55
2217.95
2236.3
2254.65
2273
2291.35
2309.75
2328.1
2346.45
2364.8
2383.15
2401.55
2419.9
2438.25
2456.6
2475
2493.35
2511.7
2530.05
2548.4
2566.8
2585.15
2603.5
2621.85
2640.2
2658.6
2676.95
2695.3
2713.65
2732
2750.4
2768.75
2787.1
2805.45
2823.8
2842.2
2860.55
2878.9
2897.25
2915.65
2934
2952.35
2970.7
2989.05
3007.45
3025.8
3044.15
3062.5
3080.85
3099.25
3117.6
3135.95
3154.3
3172.65
3191.05
3209.4
3227.75
3246.1
3264.5
3282.85
3301.2
3319.55
3337.9
3356.3
3374.65
3393
3411.35
3429.7
3448.1
3466.45
3484.8
3503.15
3521.5
3539.9
3558.25
3576.6
3594.95
3613.3
3631.7
3650.05
3668.4
3686.75
3705.15
3723.5
3741.85
3760.2
3778.55
3796.95
3815.3
3833.65
3852
3870.35
3888.75
3907.1
3925.45
3943.8
3962.15
3980.55
3998.9
4017.25
4035.6
4054
4072.35
4090.7
4109.05
4127.4
4145.8
4164.15
4182.5
4200.85
4219.2
4237.6
4255.95
4274.3
4292.65
4311
4329.4
4347.75
4366.1
4384.45
4402.8
4421.2
4439.55
4457.9
4476.25
4494.65
4513
4531.35
4549.7
4568.05
4586.45
4604.8
4623.15
4641.5
4659.85
4678.25
4696.6
4714.95
4733.3
4751.65
4770.05
4788.4
4806.75
4825.1
4843.5
4861.85
4880.2
4898.55
4916.9
4935.3
4953.65
4972
-1000
0.05
26
44.5
62.95
81.5
100.3
119.25
138.95
159.8
181.2
201.95
221.85
241.25
260.3
279.1
297.75
316.25
334.8
353.25
371.7
390.1
408.45
426.85
445.25
463.6
482
500.3
518.7
537.05
555.45
573.75
592.05
610.45
628.85
647.25
665.55
683.95
702.3
720.7
739.05
757.35
775.75
794.1
812.5
830.85
849.15
867.55
885.95
904.3
922.65
940.95
959.35
977.75
996.1
1014.4
1032.8
1051.15
1069.55
1087.9
1106.2
1124.6
1143
1161.35
1179.7
1198
1216.4
1234.8
1253.15
1271.5
1289.8
1308.2
1326.6
1344.95
1363.25
1381.55
1399.95
1418.35
1436.75
1455.05
1473.45
1491.8
1510.2
1528.55
1546.85
1565.25
1583.6
1602
1620.35
1638.65
1657.05
1675.45
1693.8
1712.15
1730.45
1748.85
1767.25
1785.6
1803.9
1822.3
1840.65
1859.05
1877.4
1895.7
1914.1
1932.5
1950.85
1969.2
1987.5
2005.9
2024.3
2042.65
2061
2079.3
2097.7
2116.1
2134.45
2152.75
2171.05
2189.45
2207.85
2226.25
2244.55
2262.95
2281.3
2299.7
2318.05
2336.35
2354.75
2373.1
2391.5
2409.85
2428.15
2446.55
2464.95
2483.3
2501.65
2519.95
2538.35
2556.75
2575.1
2593.4
2611.8
2630.15
2648.55
2666.9
2685.2
2703.6
2722
2740.35
2758.7
2777
2795.4
2813.8
2832.15
2850.5
2868.8
2887.2
2905.6
2923.95
2942.25
2960.55
2978.95
2997.35
3015.75
3034.05
3052.45
3070.8
3089.2
3107.55
3125.85
3144.25
3162.6
3181
3199.35
3217.65
3236.05
3254.45
3272.8
3291.15
3309.45
3327.85
3346.25
3364.6
3382.9
3401.3
3419.65
3438.05
3456.4
3474.7
3493.1
3511.5
3529.85
3548.2
3566.5
3584.9
3603.3
3621.65
3640
3658.3
3676.7
3695.1
3713.45
3731.75
3750.05
3768.45
3786.85
3805.25
3823.55
3841.95
3860.3
3878.7
3897.05
3915.35
3933.75
3952.1
3970.5
3988.85
4007.15
4025.55
4043.95
4062.3
4080.65
4098.95
4117.35
4135.75
4154.1
4172.4
4190.8
4209.15
4227.55
4245.9
4264.2
4282.6
4301
4319.35
4337.7
4356
4374.4
4392.8
4411.15
4429.5
4447.8
4466.2
4484.6
4502.95
4521.25
4539.55
4557.95
4576.35
4594.75
4613.05
4631.45
4649.8
4668.2
4686.55
4704.85
4723.25
4741.6
4760
4778.35
4796.65
4815.05
4833.45
4851.8
4870.15
4888.45
4906.85
4925.25
4943.6
4961.9
4980.3
4998.65
