0.05
24.2
53.3
82.35
111.4
140.45
169.55
198.6
227.65
256.7
285.8
314.85
343.9
373
402.05
431.1
460.15
489.25
518.3
547.35
576.4
605.5
634.55
663.6
692.65
721.75
750.8
779.85
808.9
838
867.05
896.1
925.15
954.25
983.3
1012.35
1041.4
1070.5
1099.55
1128.6
1157.65
1186.75
1215.8
1244.85
1273.9
1303
1332.05
1361.1
1390.15
1419.25
1448.3
1477.35
1506.45
1535.5
1564.55
1593.6
1622.7
1651.75
1680.8
1709.85
1738.95
1768
1797.05
1826.1
1855.2
1884.25
1913.3
1942.35
1971.45
2000.5
2029.55
2058.6
2087.7
2116.75
2145.8
2174.85
2203.95
2233
2262.05
2291.1
2320.2
2349.25
2378.3
2407.35
2436.45
2465.5
2494.55
2523.65
2552.7
2581.75
2610.8
2639.9
2668.95
2698
2727.05
2756.15
2785.2
2814.25
2843.3
2872.4
2901.45
2930.5
2959.55
2988.65
3017.7
3046.75
3075.8
3104.9
3133.95
3163
3192.05
3221.15
3250.2
3279.25
3308.3
3337.4
3366.45
3395.5
3424.55
3453.65
3482.7
3511.75
3540.85
3569.9
3598.95
3628
3657.1
3686.15
3715.2
3744.25
3773.35
3802.4
3831.45
3860.5
3889.6
3918.65
3947.7
3976.75
4005.85
4034.9
4063.95
4093
4122.1
4151.15
4180.2
4209.25
4238.35
4267.4
4296.45
4325.5
4354.6
4383.65
4412.7
4441.75
4470.85
4499.9
4528.95
4558
4587.1
4616.15
4645.2
4674.3
4703.35
4732.4
4761.45
4790.55
4819.6
4848.65
4877.7
4906.8
4935.85
4964.9
4993.95
-1000
0.05
26.3
46.8
66.8
91.4
117.25
141
160.25
181.65
206.85
232.6
255.55
273.6
296.55
322.2
347.45
369.25
387.95
411.9
437.7
462.25
482.75
502.65
527.3
553.15
576.8
595.95
617.4
642.7
668.35
691.15
709.2
732.25
757.95
783.05
804.5
823.5
847.6
873.4
897.65
917.7
938.15
963.05
988.85
1012.3
1031.2
1053.1
1078.5
1104.1
1126.7
1144.75
1168.1
1193.85
1218.85
1240.2
1259.3
1283.45
1309.35
1333.6
1353.6
1374.1
1398.95
1424.8
1448.2
1467.1
1489
1514.35
1539.9
1562.45
1580.55
1603.95
1629.7
1654.6
1675.75
1695
1719.3
1745.15
1769.2
1788.95
1809.75
1834.7
1860.55
1883.75
1902.35
1924.65
1950.15
1975.65
1998
2016.2
2039.75
2065.55
2090.4
2111.45
2130.85
2155.2
2181.05
2205.1
2224.85
2245.65
2270.65
2296.45
2319.75
2338.4
2360.65
2386.1
2411.65
2434.05
2452.25
2475.75
2501.5
2526.4
2547.5
2566.85
2591.15
2617
2641.1
2660.85
2681.65
2706.6
2732.4
2755.75
2774.35
2796.6
2822.05
2847.6
2870
2888.1
2911.65
2937.4
2962.3
2983.35
3002.75
3027.1
3052.95
3077
3096.8
3117.6
3142.55
3168.35
3191.7
3210.4
3232.6
3258.05
3283.6
3306.05
3324.2
3347.7
3373.45
3398.35
3419.55
3438.8
3463.1
3488.95
3513.1
3533
3553.65
3578.6
3604.4
3627.75
3646.6
3668.55
3694
3719.55
3742
3760.15
3783.55
3809.3
3834.2
3855.25
3874.65
3898.95
3924.75
3948.75
