0.05
49.8
106.2
162.55
218.95
275.35
331.75
388.15
444.55
500.95
557.35
613.7
670.1
726.5
782.9
839.3
895.7
952.1
1008.45
1064.85
1121.25
1177.65
1234.05
1290.45
1346.85
1403.2
1459.6
1516
1572.4
1628.8
1685.2
1741.6
1798
1854.35
1910.75
1967.15
2023.55
2079.95
2136.35
2192.75
2249.1
2305.5
2361.9
2418.3
2474.7
2531.1
2587.5
2643.9
2700.25
2756.65
2813.05
2869.45
2925.85
2982.25
3038.65
3095
3151.4
3207.8
3264.2
3320.6
3377
3433.4
3489.75
3546.15
3602.55
3658.95
3715.35
3771.75
3828.15
3884.55
3940.9
3997.3
4053.7
4110.1
4166.5
4222.9
4279.3
4335.65
4392.05
4448.45
4504.85
4561.25
4617.65
4674.05
4730.4
4786.8
4843.2
4899.6
4956
-1000
0.05
26
67.85
98.45
132.45
163.4
193.3
234.1
264.5
300.4
331.25
361.6
401.2
431.45
468.75
499.6
529.9
567.35
597.25
636.55
667.35
698.35
733.3
762.85
803.9
834.65
866.75
899.2
928.6
970.4
1001
1034.8
1065.8
1095.65
1136.55
1166.95
1202.75
1233.6
1263.95
1303.65
1333.9
1371.1
1401.95
1432.25
1469.95
1499.9
1539
1569.8
1600.7
1635.9
1665.5
1706.4
1737.15
1769.1
1801.8
1831.2
1873
1903.6
1937.2
1968.25
1998.1
2039.1
2069.5
2105.15
2136
2166.35
2206.25
2236.5
2273.5
2304.35
2334.6
2372.5
2402.5
2441.4
2472.2
2503.05
2538.5
2568.1
2608.9
2639.6
2671.45
2704.35
2733.75
2775.55
2806.2
2839.6
2870.75
2900.5
2941.65
