0.05
24.2
53.3
82.35
111.4
140.45
169.55
198.6
227.65
256.7
285.8
314.85
343.9
373
402.05
431.1
460.15
489.25
518.3
547.35
576.4
605.5
634.55
663.6
692.65
721.75
750.8
779.85
808.9
838
867.05
896.1
925.15
954.25
983.3
1012.35
1041.4
1070.5
1099.55
1128.6
1157.65
1186.75
1215.8
1244.85
1273.9
1303
1332.05
1361.1
1390.15
1419.25
1448.3
1477.35
1506.45
1535.5
1564.55
1593.6
1622.7
1651.75
1680.8
1709.85
1738.95
1768
1797.05
1826.1
1855.2
1884.25
1913.3
1942.35
1971.45
2000.5
2029.55
2058.6
2087.7
2116.75
2145.8
2174.85
2203.95
2233
2262.05
2291.1
2320.2
2349.25
2378.3
2407.35
2436.45
2465.5
2494.55
2523.65
2552.7
2581.75
2610.8
2639.9
2668.95
2698
2727.05
2756.15
2785.2
2814.25
2843.3
2872.4
2901.45
2930.5
2959.55
2988.65
3017.7
3046.75
3075.8
3104.9
3133.95
3163
3192.05
3221.15
3250.2
3279.25
3308.3
3337.4
3366.45
3395.5
3424.55
3453.65
3482.7
3511.75
3540.85
3569.9
3598.95
3628
3657.1
3686.15
3715.2
3744.25
3773.35
3802.4
3831.45
3860.5
3889.6
3918.65
3947.7
3976.75
4005.85
4034.9
4063.95
4093
4122.1
4151.15
4180.2
4209.25
4238.35
4267.4
4296.45
4325.5
4354.6
4383.65
4412.7
4441.75
4470.85
4499.9
4528.95
4558
4587.1
4616.15
4645.2
4674.3
4703.35
4732.4
4761.45
4790.55
4819.6
4848.65
4877.7
4906.8
4935.85
4964.9
4993.95
-1000
0.05
26
53.4
79.25
103.05
122.45
143.65
168.8
194.6
217.6
235.75
258.55
284.15
309.45
331.35
349.95
373.8
399.6
424.25
444.8
464.7
489.25
515.15
538.8
558
579.45
604.65
630.4
653.25
671.3
694.3
719.95
745.2
766.8
785.6
809.6
835.45
859.9
880.2
900.35
925.05
950.9
974.55
993.6
1015.2
1040.5
1066.2
1089
1107
1130.15
1155.85
1181
1202.55
1221.45
1245.5
1271.35
1295.75
1316.1
1336.25
1361
1386.85
1410.45
1429.5
1451.15
1476.45
1502.1
1524.95
1542.85
1566.05
1591.75
1616.85
1638.35
1657.2
1681.35
1707.2
1731.5
1751.65
1771.95
1796.8
1822.6
1846.05
1864.95
1886.8
1912.2
1937.75
1960.35
1978.4
2001.8
2027.55
2052.55
2073.85
2093
2117.25
2143.1
2167.3
2187.3
2207.8
2232.7
2258.5
2281.95
2300.8
2322.75
2348.15
2373.75
2396.35
2414.4
2437.75
2463.5
2488.5
2509.8
2528.95
2553.15
2579
2603.15
2623.1
2643.65
2668.55
2694.35
2717.65
2736.45
2758.55
2783.95
2809.45
2831.85
2850.05
2873.55
2899.3
2924.15
2945.15
2964.55
2988.95
3014.8
3038.8
3058.5
3079.4
3104.4
3130.2
3153.45
3172
3194.35
3219.8
3245.3
3267.65
3285.9
3309.45
3335.2
3360.1
3381.1
3400.5
3424.9
3450.75
3474.8
3494.5
3515.35
3540.35
3566.15
3589.4
3608.05
3630.3
3655.8
3681.3
3703.6
3721.85
3745.4
3771.15
3796.05
3817
3836.45
3860.8
3886.7
3910.75
3930.35
3951.25
