0.05
17
37.95
58.95
79.95
100.95
121.95
142.9
163.9
184.9
205.9
226.85
247.85
268.85
289.85
310.8
331.8
352.8
373.8
394.75
415.75
436.75
457.75
478.75
499.7
520.7
541.7
562.7
583.65
604.65
625.65
646.65
667.6
688.6
709.6
730.6
751.6
772.55
793.55
814.55
835.55
856.5
877.5
898.5
919.5
940.45
961.45
982.45
1003.45
1024.4
1045.4
1066.4
1087.4
1108.4
1129.35
1150.35
1171.35
1192.35
1213.3
1234.3
1255.3
1276.3
1297.25
1318.25
1339.25
1360.25
1381.2
1402.2
1423.2
1444.2
1465.2
1486.15
1507.15
1528.15
1549.15
1570.1
1591.1
1612.1
1633.1
1654.05
1675.05
1696.05
1717.05
1738
1759
1780
1801
1822
1842.95
1863.95
1884.95
1905.95
1926.9
1947.9
1968.9
1989.9
2010.85
2031.85
2052.85
2073.85
2094.85
2115.8
2136.8
2157.8
2178.8
2199.75
2220.75
2241.75
2262.75
2283.7
2304.7
2325.7
2346.7
2367.65
2388.65
2409.65
2430.65
2451.65
2472.6
2493.6
2514.6
2535.6
2556.55
2577.55
2598.55
2619.55
2640.5
2661.5
2682.5
2703.5
2724.45
2745.45
2766.45
2787.45
2808.45
2829.4
2850.4
2871.4
2892.4
2913.35
2934.35
2955.35
2976.35
2997.3
3018.3
3039.3
3060.3
3081.3
3102.25
3123.25
3144.25
3165.25
3186.2
3207.2
3228.2
3249.2
3270.15
3291.15
3312.15
3333.15
3354.1
3375.1
3396.1
3417.1
3438.1
3459.05
3480.05
3501.05
3522.05
3543
3564
3585
3606
3626.95
3647.95
3668.95
3689.95
3710.9
3731.9
3752.9
3773.9
3794.9
3815.85
3836.85
3857.85
3878.85
3899.8
3920.8
3941.8
3962.8
3983.75
4004.75
4025.75
4046.75
4067.7
4088.7
4109.7
4130.7
4151.7
4172.65
4193.65
4214.65
4235.65
4256.6
4277.6
4298.6
4319.6
4340.55
4361.55
4382.55
4403.55
4424.55
4445.5
4466.5
4487.5
4508.5
4529.45
4550.45
4571.45
4592.45
4613.4
4634.4
4655.4
4676.4
4697.35
4718.35
4739.35
4760.35
4781.35
4802.3
4823.3
4844.3
4865.3
4886.25
4907.25
4928.25
4949.25
4970.2
4991.2
-1000
0.05
26
45.45
65
85.15
105.65
126.4
147.15
168.05
189
209.95
230.9
251.85
272.85
293.85
314.8
335.8
356.8
377.8
398.8
419.8
440.8
461.8
482.8
503.7
524.7
545.7
566.7
587.65
608.65
629.65
650.65
671.6
692.6
713.6
734.6
755.6
776.6
797.6
818.6
839.6
860.5
881.5
902.5
923.5
944.45
965.45
986.45
1007.45
1028.4
1049.4
1070.4
1091.4
1112.4
1133.35
1154.35
1175.35
1196.35
1217.3
1238.3
1259.3
1280.3
1301.25
1322.25
1343.25
1364.25
1385.25
1406.25
1427.25
1448.25
1469.25
1490.15
1511.15
1532.15
1553.15
1574.1
1595.1
1616.1
1637.1
1658.05
1679.05
1700.05
1721.05
1742.05
1763.05
1784.05
1805.05
1826.05
1846.95
1867.95
1888.95
1909.95
1930.9
1951.9
1972.9
1993.9
2014.85
2035.85
2056.85
2077.85
2098.85
2119.8
2140.8
2161.8
2182.8
2203.75
2224.75
2245.75
2266.75
2287.7
2308.7
2329.7
2350.7
2371.65
2392.65
2413.65
2434.65
2455.65
2476.6
2497.6
2518.6
2539.6
2560.55
2581.55
2602.55
2623.55
2644.5
2665.5
2686.5
2707.5
2728.5
2749.5
2770.5
2791.5
2812.5
2833.4
2854.4
2875.4
2896.4
2917.35
2938.35
2959.35
2980.35
3001.3
3022.3
3043.3
3064.3
3085.3
3106.3
3127.3
3148.3
3169.3
3190.2
3211.2
3232.2
3253.2
3274.15
3295.15
3316.15
3337.15
3358.1
3379.1
3400.1
3421.1
3442.1
3463.05
3484.05
3505.05
3526.05
3547
3568
3589
3610
3630.95
3651.95
3672.95
3693.95
3714.95
3735.95
3756.95
3777.95
3798.95
3819.85
3840.85
3861.85
3882.85
3903.8
3924.8
3945.8
3966.8
3987.75
4008.75
4029.75
4050.75
4071.75
4092.75
4113.75
4134.75
4155.75
4176.65
4197.65
4218.65
4239.65
4260.6
4281.6
4302.6
4323.6
4344.55
4365.55
4386.55
4407.55
4428.55
4449.55
4470.55
4491.55
4512.55
4533.45
4554.45
4575.45
4596.45
4617.4
4638.4
4659.4
4680.4
4701.35
4722.35
4743.35
4764.35
4785.35
4806.3
4827.3
4848.3
4869.3
4890.25
4911.25
4932.25
4953.25
4974.2
4995.2
