0.05
18.35
40.9
63.45
86
108.55
131.1
153.65
176.2
198.75
221.3
243.8
266.35
288.9
311.45
334
356.55
379.1
401.65
424.2
446.75
469.3
491.8
514.35
536.9
559.45
582
604.55
627.1
649.65
672.2
694.75
717.3
739.8
762.35
784.9
807.45
830
852.55
875.1
897.65
920.2
942.75
965.3
987.85
1010.35
1032.9
1055.45
1078
1100.55
1123.1
1145.65
1168.2
1190.75
1213.3
1235.85
1258.35
1280.9
1303.45
1326
1348.55
1371.1
1393.65
1416.2
1438.75
1461.3
1483.85
1506.35
1528.9
1551.45
1574
1596.55
1619.1
1641.65
1664.2
1686.75
1709.3
1731.85
1754.4
1776.9
1799.45
1822
1844.55
1867.1
1889.65
1912.2
1934.75
1957.3
1979.85
2002.4
2024.9
2047.45
2070
2092.55
2115.1
2137.65
2160.2
2182.75
2205.3
2227.85
2250.4
2272.9
2295.45
2318
2340.55
2363.1
2385.65
2408.2
2430.75
2453.3
2475.85
2498.4
2520.9
2543.45
2566
2588.55
2611.1
2633.65
2656.2
2678.75
2701.3
2723.85
2746.4
2768.95
2791.45
2814
2836.55
2859.1
2881.65
2904.2
2926.75
2949.3
2971.85
2994.4
3016.95
3039.45
3062
3084.55
3107.1
3129.65
3152.2
3174.75
3197.3
3219.85
3242.4
3264.95
3287.45
3310
3332.55
3355.1
3377.65
3400.2
3422.75
3445.3
3467.85
3490.4
3512.95
3535.5
3558
3580.55
3603.1
3625.65
3648.2
3670.75
3693.3
3715.85
3738.4
3760.95
3783.5
3806
3828.55
3851.1
3873.65
3896.2
3918.75
3941.3
3963.85
3986.4
4008.95
4031.5
4054
4076.55
4099.1
4121.65
4144.2
4166.75
4189.3
4211.85
4234.4
4256.95
4279.5
4302
4324.55
4347.1
4369.65
4392.2
4414.75
4437.3
4459.85
4482.4
4504.95
4527.5
4550.05
4572.55
4595.1
4617.65
4640.2
4662.75
4685.3
4707.85
4730.4
4752.95
4775.5
4798.05
4820.55
4843.1
4865.65
4888.2
4910.75
4933.3
4955.85
4978.4
-1000
0.05
26.05
49.3
72.55
95.7
118.75
141.65
164.45
187.15
209.8
232.35
254.95
277.55
300.15
322.7
345.3
367.85
390.4
412.95
435.5
458
480.5
503.05
525.6
548.2
570.75
593.3
615.85
638.4
660.95
683.5
706
728.5
751.05
773.6
796.2
818.75
841.3
863.85
886.4
908.95
931.5
954.05
976.55
999.05
1021.6
1044.15
1066.75
1089.3
1111.85
1134.4
1156.95
1179.5
1202.05
1224.55
1247.05
1269.6
1292.15
1314.75
1337.3
1359.85
1382.4
1404.95
1427.5
1450.05
1472.55
1495.05
1517.6
1540.15
1562.75
1585.3
1607.85
1630.4
1652.95
1675.5
1698.05
1720.55
1743.05
1765.6
1788.15
1810.75
1833.3
1855.85
1878.4
1900.95
1923.5
1946.05
1968.6
1991.1
2013.6
2036.15
2058.7
2081.3
2103.85
2126.4
2148.95
2171.5
2194.05
2216.6
2239.1
2261.6
2284.15
2306.7
2329.3
2351.85
2374.4
2396.95
2419.5
2442.05
2464.6
2487.1
2509.6
2532.15
2554.7
2577.3
2599.85
2622.4
2644.95
2667.5
2690.05
2712.6
2735.15
2757.65
2780.15
2802.7
2825.25
2847.85
2870.4
2892.95
2915.5
2938.05
2960.6
2983.15
3005.65
3028.15
3050.7
3073.25
3095.85
3118.4
3140.95
3163.5
3186.05
3208.6
3231.15
3253.65
3276.15
3298.7
3321.25
3343.85
3366.4
3388.95
3411.5
3434.05
3456.6
3479.15
3501.65
3524.15
3546.7
3569.25
3591.85
3614.4
3636.95
3659.5
3682.05
3704.6
3727.15
3749.7
3772.2
3794.7
3817.25
3839.8
3862.4
3884.95
3907.5
3930.05
3952.6
3975.15
3997.7
4020.2
4042.7
4065.25
4087.8
4110.4
4132.95
4155.5
4178.05
4200.6
4223.15
4245.7
4268.2
4290.7
4313.25
4335.8
4358.4
4380.95
4403.5
4426.05
4448.6
4471.15
4493.7
4516.25
4538.75
4561.3
4583.85
4606.4
4628.95
4651.5
4674.05
4696.6
4719.15
4741.7
4764.25
4786.75
4809.25
4831.8
4854.35
4876.95
4899.5
4922.05
4944.6
4967.15
4989.7
