0.05
18.1
40.4
62.65
84.9
107.2
129.45
151.7
174
196.25
218.5
240.8
263.05
285.3
307.6
329.85
352.1
374.4
396.65
418.9
441.2
463.45
485.7
508
530.25
552.5
574.8
597.05
619.3
641.6
663.85
686.1
708.4
730.65
752.9
775.2
797.45
819.7
842
864.25
886.5
908.8
931.05
953.3
975.6
997.85
1020.1
1042.4
1064.65
1086.9
1109.2
1131.45
1153.7
1176
1198.25
1220.5
1242.8
1265.05
1287.3
1309.6
1331.85
1354.1
1376.4
1398.65
1420.9
1443.2
1465.45
1487.7
1510
1532.25
1554.5
1576.8
1599.05
1621.3
1643.6
1665.85
1688.1
1710.4
1732.65
1754.9
1777.2
1799.45
1821.7
1844
1866.25
1888.5
1910.8
1933.05
1955.3
1977.6
1999.85
2022.1
2044.4
2066.65
2088.9
2111.2
2133.45
2155.7
2178
2200.25
2222.5
2244.8
2267.05
2289.3
2311.6
2333.85
2356.1
2378.4
2400.65
2422.9
2445.2
2467.45
2489.7
2512
2534.25
2556.5
2578.8
2601.05
2623.3
2645.6
2667.85
2690.1
2712.4
2734.65
2756.9
2779.2
2801.45
2823.7
2846
2868.25
2890.5
2912.8
2935.05
2957.3
2979.6
3001.85
3024.1
3046.4
3068.65
3090.9
3113.2
3135.45
3157.7
3180
3202.25
3224.5
3246.8
3269.05
3291.3
3313.6
3335.85
3358.1
3380.4
3402.65
3424.9
3447.2
3469.45
3491.7
3514
3536.25
3558.5
3580.8
3603.05
3625.3
3647.6
3669.85
3692.1
3714.4
3736.65
3758.9
3781.2
3803.45
3825.7
3848
3870.25
3892.5
3914.8
3937.05
3959.3
3981.6
4003.85
4026.1
4048.4
4070.65
4092.9
4115.2
4137.45
4159.7
4182
4204.25
4226.5
4248.8
4271.05
4293.3
4315.6
4337.85
4360.1
4382.4
4404.65
4426.9
4449.2
4471.45
4493.7
4516
4538.25
4560.5
4582.8
4605.05
4627.3
4649.6
4671.85
4694.1
4716.4
4738.65
4760.9
4783.2
4805.45
4827.7
4850
4872.25
4894.5
4916.8
4939.05
4961.3
4983.6
-1000
0.05
26
49.55
71.05
92.9
114.95
137.05
159.25
181.45
203.7
225.9
248.15
270.45
292.7
314.95
337.25
359.5
381.75
404.05
426.3
448.55
470.85
493.1
515.35
537.65
559.9
582.15
604.45
626.7
648.95
671.25
693.5
715.75
738.05
760.3
782.55
804.85
827.1
849.35
871.65
893.9
916.15
938.45
960.7
982.95
1005.25
1027.5
1049.75
1072.05
1094.3
1116.55
1138.85
1161.1
1183.35
1205.65
1227.9
1250.15
1272.45
1294.7
1316.95
1339.25
1361.5
1383.75
1406.05
1428.3
1450.55
1472.85
1495.1
1517.35
1539.65
1561.9
1584.15
1606.45
1628.7
1650.95
1673.25
1695.5
1717.75
1740.05
1762.3
1784.55
1806.85
1829.1
1851.35
1873.65
1895.9
1918.15
1940.45
1962.7
1984.95
2007.25
2029.5
2051.75
2074.05
2096.3
2118.55
2140.85
2163.1
2185.35
2207.65
2229.9
2252.15
2274.45
2296.7
2318.95
2341.25
2363.5
2385.75
2408.05
2430.3
2452.55
2474.85
2497.1
2519.35
2541.65
2563.9
2586.15
2608.45
2630.7
2652.95
2675.25
2697.5
2719.75
2742.05
2764.3
2786.55
2808.85
2831.1
2853.35
2875.65
2897.9
2920.15
2942.45
2964.7
2986.95
3009.25
3031.5
3053.75
3076.05
3098.3
3120.55
3142.85
3165.1
3187.35
3209.65
3231.9
3254.15
3276.45
3298.7
3320.95
3343.25
3365.5
3387.75
3410.05
3432.3
3454.55
3476.85
3499.1
3521.35
3543.65
3565.9
3588.15
3610.45
3632.7
3654.95
3677.25
3699.5
3721.75
3744.05
3766.3
3788.55
3810.85
3833.1
3855.35
3877.65
3899.9
3922.15
3944.45
3966.7
3988.95
4011.25
4033.5
4055.75
4078.05
4100.3
4122.55
4144.85
4167.1
4189.35
4211.65
4233.9
4256.15
4278.45
4300.7
4322.95
4345.25
4367.5
4389.75
4412.05
4434.3
4456.55
4478.85
4501.1
4523.35
4545.65
4567.9
4590.15
4612.45
4634.7
4656.95
4679.25
4701.5
4723.75
4746.05
4768.3
4790.55
4812.85
4835.1
4857.35
4879.65
4901.9
4924.15
4946.45
4968.7
4990.95
