0.05
18.9
42
65.15
88.25
111.4
134.55
157.65
180.8
203.9
227.05
250.2
273.3
296.45
319.55
342.7
365.85
388.95
412.1
435.2
458.35
481.45
504.6
527.75
550.85
574
597.1
620.25
643.4
666.5
689.65
712.75
735.9
759.05
782.15
805.3
828.4
851.55
874.7
897.8
920.95
944.05
967.2
990.3
1013.45
1036.6
1059.7
1082.85
1105.95
1129.1
1152.25
1175.35
1198.5
1221.6
1244.75
1267.9
1291
1314.15
1337.25
1360.4
1383.5
1406.65
1429.8
1452.9
1476.05
1499.15
1522.3
1545.45
1568.55
1591.7
1614.8
1637.95
1661.1
1684.2
1707.35
1730.45
1753.6
1776.7
1799.85
1823
1846.1
1869.25
1892.35
1915.5
1938.65
1961.75
1984.9
2008
2031.15
2054.3
2077.4
2100.55
2123.65
2146.8
2169.9
2193.05
2216.2
2239.3
2262.45
2285.55
2308.7
2331.85
2354.95
2378.1
2401.2
2424.35
2447.5
2470.6
2493.75
2516.85
2540
2563.1
2586.25
2609.4
2632.5
2655.65
2678.75
2701.9
2725.05
2748.15
2771.3
2794.4
2817.55
2840.7
2863.8
2886.95
2910.05
2933.2
2956.35
2979.45
3002.6
3025.7
3048.85
3071.95
3095.1
3118.25
3141.35
3164.5
3187.6
3210.75
3233.9
3257
3280.15
3303.25
3326.4
3349.55
3372.65
3395.8
3418.9
3442.05
3465.15
3488.3
3511.45
3534.55
3557.7
3580.8
3603.95
3627.1
3650.2
3673.35
3696.45
3719.6
3742.75
3765.85
3789
3812.1
3835.25
3858.35
3881.5
3904.65
3927.75
3950.9
3974
3997.15
4020.3
4043.4
4066.55
4089.65
4112.8
4135.95
4159.05
4182.2
4205.3
4228.45
4251.55
4274.7
4297.85
4320.95
4344.1
4367.2
4390.35
4413.5
4436.6
4459.75
4482.85
4506
4529.15
4552.25
4575.4
4598.5
4621.65
4644.8
4667.9
4691.05
4714.15
4737.3
4760.4
4783.55
4806.7
4829.8
4852.95
4876.05
4899.2
4922.35
4945.45
4968.6
4991.7
-1000
0.05
26.15
45.95
64
84
105.4
127.6
150.1
172.85
195.8
218.75
241.8
264.8
287.9
311
334.1
357.25
380.35
403.45
426.6
449.7
472.85
496
519.1
542.2
565.35
588.5
611.6
634.75
657.85
681
704.15
727.25
750.4
773.5
796.65
819.8
842.9
866.05
889.15
912.3
935.45
958.6
981.7
1004.85
1027.95
1051.05
1074.2
1097.35
1120.45
1143.6
1166.7
1189.85
1213
1236.1
1259.25
1282.35
1305.5
1328.65
1351.75
1374.9
1398
1421.15
1444.25
1467.4
1490.55
1513.65
1536.8
1559.9
1583.05
1606.2
1629.3
1652.45
1675.55
1698.7
1721.85
1744.95
1768.1
1791.2
1814.35
1837.45
1860.6
1883.75
1906.85
1930
1953.1
1976.25
1999.4
2022.5
2045.65
2068.75
2091.9
2115.05
2138.15
2161.3
2184.4
2207.55
2230.65
2253.8
2276.95
2300.05
2323.2
2346.3
2369.45
2392.6
2415.7
2438.85
2461.95
2485.1
2508.25
2531.35
2554.5
2577.6
2600.75
2623.85
2647
2670.15
2693.25
2716.4
2739.5
2762.65
2785.8
2808.9
2832.05
2855.15
2878.3
2901.45
2924.55
2947.7
2970.8
2993.95
3017.1
3040.25
3063.35
3086.5
3109.6
3132.7
3155.85
3179
3202.1
3225.25
3248.35
3271.5
3294.65
3317.75
3340.9
3364
3387.15
3410.3
3433.4
3456.55
3479.65
3502.8
3525.9
3549.05
3572.2
3595.3
3618.45
3641.55
3664.7
3687.85
3710.95
3734.1
3757.2
3780.35
3803.5
3826.6
3849.75
3872.85
3896
3919.1
3942.25
3965.4
3988.5
4011.65
4034.75
4057.9
4081.05
4104.15
4127.3
4150.4
4173.55
4196.7
4219.8
4242.95
4266.05
4289.2
4312.3
4335.45
4358.6
4381.7
4404.85
4427.95
4451.1
4474.25
4497.35
4520.5
4543.6
4566.75
4589.9
4613
4636.15
4659.25
4682.4
4705.55
4728.7
4751.8
4774.95
4798.05
4821.15
4844.3
4867.45
4890.55
4913.7
4936.8
4959.95
4983.1
