0.05
18.75
41.75
64.7
87.7
110.65
133.65
156.65
179.6
202.6
225.55
248.55
271.55
294.5
317.5
340.45
363.45
386.45
409.4
432.4
455.35
478.35
501.35
524.3
547.3
570.25
593.25
616.25
639.2
662.2
685.15
708.15
731.15
754.1
777.1
800.05
823.05
846.05
869
892
915
937.95
960.95
983.9
1006.9
1029.9
1052.85
1075.85
1098.8
1121.8
1144.8
1167.75
1190.75
1213.7
1236.7
1259.7
1282.65
1305.65
1328.6
1351.6
1374.6
1397.55
1420.55
1443.5
1466.5
1489.5
1512.45
1535.45
1558.4
1581.4
1604.4
1627.35
1650.35
1673.3
1696.3
1719.3
1742.25
1765.25
1788.2
1811.2
1834.2
1857.15
1880.15
1903.1
1926.1
1949.1
1972.05
1995.05
2018
2041
2064
2086.95
2109.95
2132.9
2155.9
2178.9
2201.85
2224.85
2247.8
2270.8
2293.8
2316.75
2339.75
2362.7
2385.7
2408.7
2431.65
2454.65
2477.6
2500.6
2523.6
2546.55
2569.55
2592.5
2615.5
2638.5
2661.45
2684.45
2707.4
2730.4
2753.4
2776.35
2799.35
2822.3
2845.3
2868.3
2891.25
2914.25
2937.2
2960.2
2983.2
3006.15
3029.15
3052.1
3075.1
3098.1
3121.05
3144.05
3167
3190
3213
3235.95
3258.95
3281.9
3304.9
3327.9
3350.85
3373.85
3396.8
3419.8
3442.8
3465.75
3488.75
3511.7
3534.7
3557.7
3580.65
3603.65
3626.6
3649.6
3672.6
3695.55
3718.55
3741.5
3764.5
3787.5
3810.45
3833.45
3856.4
3879.4
3902.4
3925.35
3948.35
3971.3
3994.3
4017.3
4040.25
4063.25
4086.2
4109.2
4132.2
4155.15
4178.15
4201.1
4224.1
4247.1
4270.05
4293.05
4316
4339
4362
4384.95
4407.95
4430.9
4453.9
4476.9
4499.85
4522.85
4545.85
4568.8
4591.8
4614.75
4637.75
4660.75
4683.7
4706.7
4729.65
4752.65
4775.65
4798.6
4821.6
4844.55
4867.55
4890.55
4913.5
4936.5
4959.45
4982.45
-1000
0.05
26
49.95
71.95
94.4
117.05
139.8
162.65
185.5
208.45
231.4
254.35
277.3
300.25
323.2
346.2
369.2
392.2
415.15
438.1
461.1
484.1
507.1
530.05
553.05
576.05
599
622
645
667.95
690.95
713.9
736.9
759.9
782.85
805.85
828.8
851.8
874.8
897.75
920.75
943.7
966.7
989.7
1012.65
1035.65
1058.6
1081.6
1104.6
1127.55
1150.55
1173.5
1196.45
1219.45
1242.45
1265.45
1288.4
1311.35
1334.35
1357.35
1380.35
1403.3
1426.25
1449.25
1472.25
1495.25
1518.2
1541.15
1564.15
1587.15
1610.15
1633.1
1656.05
1679.05
1702.05
1725.05
1748
1770.95
1793.95
1816.95
1839.95
1862.9
1885.85
1908.85
1931.85
1954.85
1977.8
2000.75
2023.75
2046.75
2069.75
2092.7
2115.65
2138.65
2161.65
2184.65
2207.6
2230.55
2253.55
2276.55
2299.55
2322.5
2345.45
2368.45
2391.45
2414.45
2437.4
2460.35
2483.35
2506.35
2529.35
2552.3
2575.25
2598.25
2621.25
2644.25
2667.2
2690.15
2713.15
2736.15
2759.15
2782.1
2805.05
2828.05
2851.05
2874.05
2897
2919.95
2942.95
2965.95
2988.95
3011.9
3034.85
3057.85
3080.85
3103.85
3126.8
3149.75
3172.75
3195.75
3218.75
3241.7
3264.65
3287.65
3310.65
3333.65
3356.6
3379.55
3402.55
3425.55
3448.55
3471.5
3494.45
3517.45
3540.45
3563.45
3586.4
3609.35
3632.35
3655.35
3678.35
3701.3
3724.25
3747.25
3770.25
3793.25
3816.2
3839.15
3862.15
3885.15
3908.15
3931.1
3954.05
3977.05
4000.05
4023.05
4046
4068.95
4091.95
4114.95
4137.95
4160.9
4183.9
4206.9
4229.85
4252.85
4275.85
4298.8
4321.8
4344.75
4367.75
4390.75
4413.7
4436.7
4459.65
4482.65
4505.65
4528.6
4551.6
4574.55
4597.55
4620.55
4643.5
4666.5
4689.45
4712.45
4735.45
4758.4
4781.4
4804.35
4827.3
4850.3
4873.3
4896.3
4919.25
4942.2
4965.2
4988.2
