0.05
19.45
43.2
66.95
90.7
114.45
138.2
161.95
185.7
209.45
233.2
256.95
280.7
304.45
328.2
351.95
375.7
399.45
423.2
446.95
470.7
494.45
518.2
541.95
565.7
589.45
613.2
636.95
660.7
684.45
708.2
731.95
755.7
779.45
803.25
827
850.75
874.5
898.25
922
945.75
969.5
993.25
1017
1040.75
1064.5
1088.25
1112
1135.75
1159.5
1183.25
1207
1230.75
1254.5
1278.25
1302
1325.75
1349.5
1373.25
1397
1420.75
1444.5
1468.25
1492
1515.75
1539.5
1563.25
1587
1610.75
1634.5
1658.25
1682
1705.75
1729.5
1753.25
1777
1800.75
1824.5
1848.3
1872.05
1895.8
1919.55
1943.3
1967.05
1990.8
2014.55
2038.3
2062.05
2085.8
2109.55
2133.3
2157.05
2180.8
2204.55
2228.3
2252.05
2275.8
2299.55
2323.3
2347.05
2370.8
2394.55
2418.3
2442.05
2465.8
2489.55
2513.3
2537.05
2560.8
2584.55
2608.3
2632.05
2655.8
2679.55
2703.3
2727.05
2750.8
2774.55
2798.3
2822.05
2845.8
2869.55
2893.35
2917.1
2940.85
2964.6
2988.35
3012.1
3035.85
3059.6
3083.35
-1000
0.05
36.7
73.45
112.2
151.55
187.05
227.25
264.5
302.8
342.3
377.7
417.8
455.5
493.35
533.1
568.55
608.45
646.65
683.9
724.25
760.1
799.65
838.7
874.95
915.4
952.4
991.1
1030.45
1065.95
1106.15
1143.45
1181.7
1221.25
1256.65
1296.7
1334.45
1372.25
1412.05
1447.55
1487.4
1525.7
1562.85
1603.25
1639.25
1678.65
1717.6
1753.7
1794
1830.55
1869.5
1909
1944.65
1985.05
2022.4
2060.6
2100.15
2135.55
2175.6
2213.45
2251.1
2291
2326.55
2366.35
2404.75
2441.75
2482.2
2518.3
2557.65
2596.65
2632.65
2672.95
2709.6
2748.45
2787.75
2823.3
2863.55
2900.7
2939.2
2978.95
3014.5
3054.65
3092.65
3130.1
3170.2
3205.9
3245.6
3284.2
3320.85
3361.15
3397.4
3436.65
3475.7
3511.6
3551.85
3588.65
3627.4
3666.75
3702.25
3742.45
3779.7
3818
3857.5
3892.9
3933
3970.9
4008.7
4048.85
4084.7
4124.35
4162.95
4199.65
4239.95
4276.2
4315.4
4354.5
4390.4
4430.65
4467.45
4506.2
4545.5
4581.05
4621.25
4658.5
4696.8
4736.3
4771.7
4811.8
4849.5
4887.3
4927.1
4962.55
