0.05
16.7
37.3
57.95
78.6
99.25
119.85
140.5
161.15
181.8
202.4
223.05
243.7
264.35
285
305.6
326.25
346.9
367.55
388.15
408.8
429.45
450.1
470.7
491.35
512
532.65
553.3
573.9
594.55
615.2
635.85
656.45
677.1
697.75
718.4
739
759.65
780.3
800.95
821.6
842.2
862.85
883.5
904.15
924.75
945.4
966.05
986.7
1007.3
1027.95
1048.6
1069.25
1089.85
1110.5
1131.15
1151.8
1172.45
1193.05
1213.7
1234.35
1255
1275.6
1296.25
1316.9
1337.55
1358.15
1378.8
1399.45
1420.1
1440.75
1461.35
1482
1502.65
1523.3
1543.9
1564.55
1585.2
1605.85
1626.45
1647.1
1667.75
1688.4
1709.05
1729.65
1750.3
1770.95
1791.6
1812.2
1832.85
1853.5
1874.15
1894.75
1915.4
1936.05
1956.7
1977.35
1997.95
2018.6
2039.25
2059.9
2080.5
2101.15
2121.8
2142.45
2163.05
2183.7
2204.35
2225
2245.65
2266.25
2286.9
2307.55
2328.2
2348.8
2369.45
2390.1
2410.75
2431.35
2452
2472.65
2493.3
2513.95
2534.55
2555.2
2575.85
2596.5
2617.1
2637.75
2658.4
2679.05
2699.65
2720.3
2740.95
2761.6
2782.25
2802.85
2823.5
2844.15
2864.8
2885.4
2906.05
2926.7
2947.35
2967.95
2988.6
3009.25
3029.9
3050.55
3071.15
3091.8
3112.45
3133.1
3153.7
3174.35
3195
3215.65
3236.25
3256.9
3277.55
3298.2
3318.85
3339.45
3360.1
3380.75
3401.4
3422
3442.65
3463.3
3483.95
3504.55
3525.2
3545.85
3566.5
3587.15
3607.75
3628.4
3649.05
3669.7
3690.3
3710.95
3731.6
3752.25
3772.85
3793.5
3814.15
3834.8
3855.45
3876.05
3896.7
3917.35
3938
3958.6
3979.25
3999.9
4020.55
4041.15
4061.8
4082.45
4103.1
4123.75
4144.35
4165
4185.65
4206.3
4226.9
4247.55
4268.2
4288.85
4309.45
4330.1
4350.75
4371.4
4392
4412.65
4433.3
4453.95
4474.6
4495.2
4515.85
4536.5
4557.15
4577.75
4598.4
4619.05
4639.7
4660.3
4680.95
4701.6
4722.25
4742.9
4763.5
4784.15
4804.8
4825.45
4846.05
4866.7
4887.35
4908
4928.6
4949.25
4969.9
4990.55
-1000
0.05
26
45.2
64.55
84.45
104.65
124.95
145.45
166.05
186.65
207.2
227.8
248.45
269.1
289.75
310.35
331
351.65
372.3
392.9
413.55
434.2
454.85
475.45
496.1
516.75
537.4
558.05
578.7
599.3
619.95
640.6
661.2
681.85
702.5
723.15
743.75
764.4
785.05
805.7
826.35
847
867.6
888.25
908.9
929.5
950.15
970.8
991.45
1012.05
1032.7
1053.35
1074
1094.65
1115.3
1135.9
1156.55
1177.2
1197.8
1218.45
1239.1
1259.75
1280.35
1301
1321.65
1342.3
1362.95
1383.6
1404.2
1424.85
1445.5
1466.1
1486.75
1507.4
1528.05
1548.65
1569.3
1589.95
1610.6
1631.25
1651.9
1672.5
1693.15
1713.8
1734.4
1755.05
1775.7
1796.35
1816.95
1837.6
1858.25
1878.9
1899.5
1920.15
1940.8
1961.45
1982.1
2002.7
2023.35
2044
2064.65
2085.25
2105.9
2126.55
2147.2
2167.8
2188.45
2209.1
2229.75
2250.4
2271
2291.65
2312.3
2332.95
2353.55
2374.2
2394.85
2415.5
2436.1
2456.75
2477.4
2498.05
2518.7
2539.3
2559.95
2580.6
2601.25
2621.85
2642.5
2663.15
2683.8
2704.4
2725.05
2745.7
2766.35
2787
2807.6
2828.25
2848.9
2869.55
2890.15
2910.8
2931.45
2952.1
2972.7
2993.35
3014
3034.65
3055.3
3075.9
3096.55
3117.2
3137.85
3158.45
3179.1
3199.75
3220.4
3241
3261.65
3282.3
3302.95
3323.6
3344.2
3364.85
3385.5
3406.15
3426.75
3447.4
3468.05
3488.7
3509.3
3529.95
3550.6
3571.25
3591.9
3612.5
3633.15
3653.8
3674.45
3695.05
3715.7
3736.35
3757
3777.6
3798.25
3818.9
3839.55
3860.2
3880.85
3901.45
3922.1
3942.75
3963.35
3984
4004.65
4025.3
4045.9
4066.55
4087.2
4107.85
4128.5
4149.15
4169.75
4190.4
4211.05
4231.65
4252.3
4272.95
4293.6
4314.2
4334.85
4355.5
4376.15
4396.8
4417.45
4438.05
4458.7
4479.35
4499.95
4520.6
4541.25
4561.9
4582.5
4603.15
4623.8
4644.45
4665.1
4685.75
4706.35
4727
4747.65
4768.25
4788.9
4809.55
4830.2
4850.8
4871.45
4892.1
4912.75
4933.4
4954.05
4974.65
4995.3
