0.05
17
37.95
58.95
79.95
100.95
121.95
142.9
163.9
184.9
205.9
226.85
247.85
268.85
289.85
310.8
331.8
352.8
373.8
394.75
415.75
436.75
457.75
478.75
499.7
520.7
541.7
562.7
583.65
604.65
625.65
646.65
667.6
688.6
709.6
730.6
751.6
772.55
793.55
814.55
835.55
856.5
877.5
898.5
919.5
940.45
961.45
982.45
1003.45
1024.4
1045.4
1066.4
1087.4
1108.4
1129.35
1150.35
1171.35
1192.35
1213.3
1234.3
1255.3
1276.3
1297.25
1318.25
1339.25
1360.25
1381.2
1402.2
1423.2
1444.2
1465.2
1486.15
1507.15
1528.15
1549.15
1570.1
1591.1
1612.1
1633.1
1654.05
1675.05
1696.05
1717.05
1738
1759
1780
1801
1822
1842.95
1863.95
1884.95
1905.95
1926.9
1947.9
1968.9
1989.9
2010.85
2031.85
2052.85
2073.85
2094.85
2115.8
2136.8
2157.8
2178.8
2199.75
2220.75
2241.75
2262.75
2283.7
2304.7
2325.7
2346.7
2367.65
2388.65
2409.65
2430.65
2451.65
2472.6
2493.6
2514.6
2535.6
2556.55
2577.55
2598.55
2619.55
2640.5
2661.5
2682.5
2703.5
2724.45
2745.45
2766.45
2787.45
2808.45
2829.4
2850.4
2871.4
2892.4
2913.35
2934.35
2955.35
2976.35
2997.3
3018.3
3039.3
3060.3
3081.3
3102.25
3123.25
3144.25
3165.25
3186.2
3207.2
3228.2
3249.2
3270.15
3291.15
3312.15
3333.15
3354.1
3375.1
3396.1
3417.1
3438.1
3459.05
3480.05
3501.05
3522.05
3543
3564
3585
3606
3626.95
3647.95
3668.95
3689.95
3710.9
3731.9
3752.9
3773.9
3794.9
3815.85
3836.85
3857.85
3878.85
3899.8
3920.8
3941.8
3962.8
3983.75
4004.75
4025.75
4046.75
4067.7
4088.7
4109.7
4130.7
4151.7
4172.65
4193.65
4214.65
4235.65
4256.6
4277.6
4298.6
4319.6
4340.55
4361.55
4382.55
4403.55
4424.55
4445.5
4466.5
4487.5
4508.5
4529.45
4550.45
4571.45
4592.45
4613.4
4634.4
4655.4
4676.4
4697.35
4718.35
4739.35
4760.35
4781.35
4802.3
4823.3
4844.3
4865.3
4886.25
4907.25
4928.25
4949.25
4970.2
-1000
0.05
25.55
48
70.1
91.8
113.25
134.5
155.65
176.75
197.85
218.8
239.8
260.85
281.85
302.8
323.8
344.8
365.8
386.8
407.8
428.8
449.8
470.8
491.7
512.7
533.7
554.7
575.65
596.65
617.65
638.65
659.6
680.6
701.6
722.6
743.6
764.6
785.6
806.6
827.6
848.5
869.5
890.5
911.5
932.45
953.45
974.45
995.45
1016.4
1037.4
1058.4
1079.4
1100.4
1121.35
1142.35
1163.35
1184.35
1205.3
1226.3
1247.3
1268.3
1289.25
1310.25
1331.25
1352.25
1373.25
1394.25
1415.25
1436.25
1457.25
1478.15
1499.15
1520.15
1541.15
1562.1
1583.1
1604.1
1625.1
1646.05
1667.05
1688.05
1709.05
1730.05
1751.05
1772.05
1793.05
1814.05
1834.95
1855.95
1876.95
1897.95
1918.9
1939.9
1960.9
1981.9
2002.85
2023.85
2044.85
2065.85
2086.85
2107.8
2128.8
2149.8
2170.8
2191.75
2212.75
2233.75
2254.75
2275.7
2296.7
2317.7
2338.7
2359.65
2380.65
2401.65
2422.65
2443.65
2464.6
2485.6
2506.6
2527.6
2548.55
2569.55
2590.55
2611.55
2632.5
2653.5
2674.5
2695.5
2716.5
2737.5
2758.5
2779.5
2800.5
2821.4
2842.4
2863.4
2884.4
2905.35
2926.35
2947.35
2968.35
2989.3
3010.3
3031.3
3052.3
3073.3
3094.3
3115.3
3136.3
3157.3
3178.2
3199.2
3220.2
3241.2
3262.15
3283.15
3304.15
3325.15
3346.1
3367.1
3388.1
3409.1
3430.1
3451.05
3472.05
3493.05
3514.05
3535
3556
3577
3598
3618.95
3639.95
3660.95
3681.95
3702.95
3723.95
3744.95
3765.95
3786.95
3807.85
3828.85
3849.85
3870.85
3891.8
3912.8
3933.8
3954.8
3975.75
3996.75
4017.75
4038.75
4059.75
4080.75
4101.75
4122.75
4143.75
4164.65
4185.65
4206.65
4227.65
4248.6
4269.6
4290.6
4311.6
4332.55
4353.55
4374.55
4395.55
4416.55
4437.55
4458.55
4479.55
4500.55
4521.45
4542.45
4563.45
4584.45
4605.4
4626.4
4647.4
4668.4
4689.35
4710.35
4731.35
4752.35
4773.35
4794.3
4815.3
4836.3
4857.3
4878.25
4899.25
4920.25
4941.25
4962.2
4983.2
