0.05
16.6
37.1
57.65
78.15
98.7
119.2
139.75
160.25
180.8
201.3
221.85
242.35
262.9
283.4
303.95
324.45
344.95
365.5
386
406.55
427.05
447.6
468.1
488.65
509.15
529.7
550.2
570.75
591.25
611.8
632.3
652.85
673.35
693.9
714.4
734.95
755.45
776
796.5
817.05
837.55
858.1
878.6
899.15
919.65
940.2
960.7
981.25
1001.75
1022.3
1042.8
1063.35
1083.85
1104.4
1124.9
1145.45
1165.95
1186.5
1207
1227.55
1248.05
1268.6
1289.1
1309.65
1330.15
1350.7
1371.2
1391.75
1412.25
1432.8
1453.3
1473.85
1494.35
1514.9
1535.4
1555.95
1576.45
1597
1617.5
1638.05
1658.55
1679.1
1699.6
1720.15
1740.65
1761.2
1781.7
1802.25
1822.75
1843.3
1863.8
1884.35
1904.85
1925.4
1945.9
1966.45
1986.95
2007.5
2028
2048.55
2069.05
2089.6
2110.1
2130.65
2151.15
2171.7
2192.2
2212.75
2233.25
2253.8
2274.3
2294.85
2315.35
2335.9
2356.4
2376.95
2397.45
2418
2438.5
2459.05
2479.55
2500.1
2520.6
2541.15
2561.65
2582.2
2602.7
2623.25
2643.75
2664.3
2684.8
2705.35
2725.85
2746.4
2766.9
2787.45
2807.95
2828.5
2849
2869.55
2890.05
2910.6
2931.1
2951.65
2972.15
2992.7
3013.2
3033.75
3054.25
3074.8
3095.3
3115.85
3136.35
3156.9
3177.4
3197.95
3218.45
3239
3259.5
3280.05
3300.55
3321.1
3341.6
3362.15
3382.65
3403.2
3423.7
3444.25
3464.75
3485.3
3505.8
3526.35
3546.85
3567.4
3587.9
3608.45
3628.95
3649.5
3670
3690.55
3711.05
3731.6
3752.1
3772.65
3793.15
3813.7
3834.2
3854.75
3875.25
3895.8
3916.3
3936.85
3957.35
3977.9
3998.4
4018.95
4039.45
4060
4080.5
4101.05
4121.55
4142.1
4162.6
4183.15
4203.65
4224.2
4244.7
4265.25
4285.75
4306.3
4326.8
4347.35
4367.85
4388.4
4408.9
4429.45
4449.95
4470.5
4491
4511.55
4532.05
4552.6
4573.1
4593.65
4614.15
4634.7
4655.2
4675.75
4696.25
4716.8
4737.3
4757.85
4778.35
4798.9
4819.4
4839.95
4860.45
4881
4901.5
4922.05
4942.55
4963.1
4983.6
-1000
0.05
26
44.25
63.1
82.6
102.5
122.7
143.05
163.45
183.9
204.35
224.9
245.4
265.9
286.4
306.95
327.45
348
368.5
389.05
409.55
430.1
450.6
471.15
491.65
512.2
532.7
553.25
573.75
594.3
614.8
635.35
655.85
676.4
696.9
717.45
737.95
758.5
779
799.55
820.05
840.6
861.1
881.65
902.15
922.7
943.2
963.75
984.25
1004.8
1025.3
1045.85
1066.35
1086.9
1107.4
1127.95
1148.45
1169
1189.5
1210.05
1230.55
1251.1
1271.6
1292.15
1312.65
1333.2
1353.7
1374.25
1394.75
1415.3
1435.8
1456.35
1476.85
1497.4
1517.9
1538.45
1558.95
1579.5
1600
1620.55
1641.05
1661.6
1682.1
1702.65
1723.15
1743.7
1764.2
1784.75
1805.25
1825.8
1846.3
1866.85
1887.35
1907.9
1928.4
1948.95
1969.45
1990
2010.5
2031.05
2051.55
2072.1
2092.6
2113.15
2133.65
2154.2
2174.7
2195.25
2215.75
2236.3
2256.8
2277.35
2297.85
2318.4
2338.9
2359.45
2379.95
2400.5
2421
2441.55
2462.05
2482.6
2503.1
2523.65
2544.15
2564.7
2585.2
2605.75
2626.25
2646.8
2667.3
2687.85
2708.35
2728.9
2749.4
2769.95
2790.45
2811
2831.5
2852.05
2872.55
2893.1
2913.6
2934.15
2954.65
2975.2
2995.7
3016.25
3036.75
3057.3
3077.8
3098.35
3118.85
3139.4
3159.9
3180.45
3200.95
3221.5
3242
3262.55
3283.05
3303.6
3324.1
3344.65
3365.15
3385.7
3406.2
3426.75
3447.25
3467.8
3488.3
3508.85
3529.35
3549.9
3570.4
3590.95
3611.45
3632
3652.5
3673.05
3693.55
3714.1
3734.6
3755.15
3775.65
3796.2
3816.7
3837.25
3857.75
3878.3
3898.8
3919.35
3939.85
3960.4
3980.9
4001.45
4021.95
4042.5
4063
4083.55
4104.05
4124.6
4145.1
4165.65
4186.15
4206.7
4227.2
4247.75
4268.25
4288.8
4309.3
4329.85
4350.35
4370.9
4391.4
4411.95
4432.45
4453
4473.5
4494.05
4514.55
4535
4555.55
4576.05
4596.6
4617.1
4637.65
4658.15
4678.7
4699.2
4719.75
4740.25
4760.8
4781.3
4801.85
4822.35
4842.9
4863.4
4883.95
4904.45
4925
4945.5
4966.05
4986.55
