0.05
17.9
39.85
61.85
83.85
105.85
127.85
149.85
171.85
193.85
215.85
237.85
259.85
281.85
303.85
325.8
347.8
369.8
391.8
413.8
435.8
457.8
479.8
501.8
523.8
545.8
567.8
589.8
611.75
633.75
655.75
677.75
699.75
721.75
743.75
765.75
787.75
809.75
831.75
853.75
875.7
897.7
919.7
941.7
963.7
985.7
1007.7
1029.7
1051.7
1073.7
1095.7
1117.7
1139.7
1161.65
1183.65
1205.65
1227.65
1249.65
1271.65
1293.65
1315.65
1337.65
1359.65
1381.65
1403.65
1425.65
1447.6
1469.6
1491.6
1513.6
1535.6
1557.6
1579.6
1601.6
1623.6
1645.6
1667.6
1689.6
1711.55
1733.55
1755.55
1777.55
1799.55
1821.55
1843.55
1865.55
1887.55
1909.55
1931.55
1953.55
1975.55
1997.5
2019.5
2041.5
2063.5
2085.5
2107.5
2129.5
2151.5
2173.5
2195.5
2217.5
2239.5
2261.5
2283.45
2305.45
2327.45
2349.45
2371.45
2393.45
2415.45
2437.45
2459.45
2481.45
2503.45
2525.45
2547.4
2569.4
2591.4
2613.4
2635.4
2657.4
2679.4
2701.4
2723.4
2745.4
2767.4
2789.4
2811.4
2833.35
2855.35
2877.35
2899.35
2921.35
2943.35
2965.35
2987.35
3009.35
3031.35
3053.35
3075.35
3097.35
3119.3
3141.3
3163.3
3185.3
3207.3
3229.3
3251.3
3273.3
3295.3
3317.3
3339.3
3361.3
3383.25
3405.25
3427.25
3449.25
3471.25
3493.25
3515.25
3537.25
3559.25
3581.25
3603.25
3625.25
3647.25
3669.2
3691.2
3713.2
3735.2
3757.2
3779.2
3801.2
3823.2
3845.2
3867.2
3889.2
3911.2
3933.2
3955.15
3977.15
3999.15
4021.15
4043.15
4065.15
4087.15
4109.15
4131.15
4153.15
4175.15
4197.15
4219.15
4241.1
4263.1
4285.1
4307.1
4329.1
4351.1
4373.1
4395.1
4417.1
4439.1
4461.1
4483.1
4505.05
4527.05
4549.05
4571.05
4593.05
4615.05
4637.05
4659.05
4681.05
4703.05
4725.05
4747.05
4769.05
4791
4813
4835
4857
4879
4901
4923
4945
4967
4989
-1000
0.05
26
44
63.35
83.85
105
126.5
148.25
170.05
191.95
213.9
235.85
257.8
279.75
301.7
323.65
345.65
367.7
389.7
411.7
433.75
455.75
477.75
499.75
521.75
543.75
565.7
587.65
609.65
631.65
653.65
675.65
697.7
719.7
741.7
763.7
785.7
807.7
829.7
851.65
873.6
895.6
917.6
939.6
961.6
983.65
1005.65
1027.65
1049.65
1071.65
1093.65
1115.65
1137.6
1159.55
1181.55
1203.55
1225.55
1247.55
1269.6
1291.6
1313.6
1335.6
1357.6
1379.6
1401.55
1423.5
1445.5
1467.5
1489.5
1511.5
1533.55
1555.55
1577.55
1599.55
1621.55
1643.55
1665.55
1687.5
1709.45
1731.45
1753.45
1775.45
1797.45
1819.5
1841.5
1863.5
1885.5
1907.5
1929.5
1951.5
1973.45
1995.4
2017.4
2039.4
2061.4
2083.4
2105.45
2127.45
2149.45
2171.45
2193.45
2215.45
2237.4
2259.35
2281.3
2303.3
2325.35
2347.35
2369.35
2391.4
2413.4
2435.4
2457.4
2479.4
2501.4
2523.35
2545.3
2567.3
2589.3
2611.3
2633.3
2655.35
2677.35
2699.35
2721.35
2743.35
2765.35
2787.35
2809.3
2831.25
2853.25
2875.25
2897.25
2919.25
2941.3
2963.3
2985.3
3007.3
3029.3
3051.3
3073.25
3095.2
3117.15
3139.15
3161.2
3183.2
3205.2
3227.25
3249.25
3271.25
3293.25
3315.25
3337.25
3359.2
3381.15
3403.15
3425.15
3447.15
3469.15
3491.2
3513.2
3535.2
3557.2
3579.2
3601.2
3623.2
3645.15
3667.1
3689.1
3711.1
3733.1
3755.1
3777.15
3799.15
3821.15
3843.15
3865.15
3887.15
3909.1
3931.05
3953
3975
3997.05
4019.05
4041.05
4063.1
4085.1
4107.1
4129.1
4151.1
4173.1
4195.05
4217
4239
4261
4283
4305
4327.05
4349.05
4371.05
4393.05
4415.05
4437.05
4459.05
4481
4502.95
4524.95
4546.95
4568.95
4590.95
4613
4635
4657
4679
4701
4723
4745
4766.95
4788.9
4810.9
4832.9
4854.9
4876.9
4898.95
4920.95
4942.95
4964.95
4986.95
