0.05
17.65
39.4
61.1
82.85
104.6
126.3
148.05
169.8
191.5
213.25
235
256.7
278.45
300.2
321.9
343.65
365.4
387.1
408.85
430.6
452.3
474.05
495.8
517.5
539.25
561
582.7
604.45
626.15
647.9
669.65
691.35
713.1
734.85
756.55
778.3
800.05
821.75
843.5
865.25
886.95
908.7
930.45
952.15
973.9
995.65
1017.35
1039.1
1060.85
1082.55
1104.3
1126.05
1147.75
1169.5
1191.25
1212.95
1234.7
1256.45
1278.15
1299.9
1321.65
1343.35
1365.1
1386.85
1408.55
1430.3
1452.05
1473.75
1495.5
1517.25
1538.95
1560.7
1582.45
1604.15
1625.9
1647.65
1669.35
1691.1
1712.85
1734.55
1756.3
1778.05
1799.75
1821.5
1843.25
1864.95
1886.7
1908.45
1930.15
1951.9
1973.65
1995.35
2017.1
2038.85
2060.55
2082.3
2104.05
2125.75
2147.5
2169.25
2190.95
2212.7
2234.45
2256.15
2277.9
2299.65
2321.35
2343.1
2364.85
2386.55
2408.3
2430.05
2451.75
2473.5
2495.25
2516.95
2538.7
2560.45
2582.15
2603.9
2625.65
2647.35
2669.1
2690.85
2712.55
2734.3
2756.05
2777.75
2799.5
2821.25
2842.95
2864.7
2886.45
2908.15
2929.9
2951.65
2973.35
2995.1
3016.85
3038.55
3060.3
3082.05
3103.75
3125.5
3147.25
3168.95
3190.7
3212.45
3234.15
3255.9
3277.65
3299.35
3321.1
3342.85
3364.55
3386.3
3408
3429.75
3451.5
3473.2
3494.95
3516.7
3538.4
3560.15
3581.9
3603.6
3625.35
3647.1
3668.8
3690.55
3712.3
3734
3755.75
3777.5
3799.2
3820.95
3842.7
3864.4
3886.15
3907.9
3929.6
3951.35
3973.1
3994.8
4016.55
4038.3
4060
4081.75
4103.5
4125.2
4146.95
4168.7
4190.4
4212.15
4233.9
4255.6
4277.35
4299.1
4320.8
4342.55
4364.3
4386
4407.75
4429.5
4451.2
4472.95
4494.7
4516.4
4538.15
4559.9
4581.6
4603.35
4625.1
4646.8
4668.55
4690.3
4712
4733.75
4755.5
4777.2
4798.95
4820.7
4842.4
4864.15
4885.9
4907.6
4929.35
4951.1
4972.8
4994.55
-1000
0.05
26
44.05
63.1
83.35
104.25
125.45
146.9
168.5
190.1
211.75
233.5
255.15
276.9
298.65
320.35
342.1
363.85
385.55
407.3
429.05
450.75
472.5
494.25
515.95
537.7
559.45
581.2
602.95
624.65
646.4
668.15
689.85
711.6
733.35
755.05
776.8
798.55
820.25
842
863.75
885.45
907.2
928.95
950.65
972.4
994.15
1015.85
1037.6
1059.35
1081.05
1102.8
1124.55
1146.25
1168
1189.75
1211.45
1233.2
1254.95
1276.65
1298.4
1320.15
1341.85
1363.6
1385.35
1407.05
1428.8
1450.55
1472.25
1494
1515.75
1537.45
1559.2
1580.95
1602.65
1624.4
1646.15
1667.85
1689.6
1711.35
1733.05
1754.8
1776.55
1798.2
1819.95
1841.7
1863.4
1885.15
1906.9
1928.6
1950.35
1972.1
1993.8
2015.55
2037.3
2059
2080.75
2102.5
2124.2
2145.95
2167.7
2189.4
2211.15
2232.9
2254.6
2276.35
2298.1
2319.8
2341.55
2363.3
2385
2406.75
2428.5
2450.2
2471.95
2493.7
2515.4
2537.15
2558.9
2580.6
2602.35
2624.1
2645.8
2667.55
2689.3
2711
2732.75
2754.5
2776.2
2797.95
2819.7
2841.4
2863.15
2884.9
2906.6
2928.35
2950.1
2971.8
2993.55
3015.3
3037
3058.75
3080.5
3102.2
3123.95
3145.7
3167.4
3189.15
3210.9
3232.6
3254.35
3276.1
3297.8
3319.55
3341.3
3363.05
3384.75
3406.5
3428.25
3450
3471.7
3493.45
3515.2
3536.9
3558.65
3580.4
3602.1
3623.85
3645.6
3667.3
3689.05
3710.8
3732.5
3754.25
3776
3797.7
3819.45
3841.2
3862.9
3884.65
3906.4
3928.1
3949.85
3971.6
3993.3
4015.05
4036.8
4058.5
4080.25
4102
4123.7
4145.45
4167.2
4188.9
4210.65
4232.4
4254.1
4275.85
4297.6
4319.3
4341.05
4362.8
4384.5
4406.25
4428
4449.7
4471.45
4493.2
4514.9
4536.65
4558.4
4580.1
4601.85
4623.55
4645.25
4667
4688.75
4710.45
4732.2
4753.95
4775.65
4797.4
4819.15
4840.85
4862.6
4884.35
4906.05
4927.8
4949.55
4971.25
4993
