0.05
17.75
39.6
61.5
83.35
105.2
127.1
148.95
170.8
192.65
214.55
236.4
258.25
280.1
302
323.85
345.7
367.6
389.45
411.3
433.15
455.05
476.9
498.75
520.6
542.5
564.35
586.2
608.1
629.95
651.8
673.65
695.55
717.4
739.25
761.1
783
804.85
826.7
848.6
870.45
892.3
914.15
936.05
957.9
979.75
1001.6
1023.5
1045.35
1067.2
1089.1
1110.95
1132.8
1154.65
1176.55
1198.4
1220.25
1242.1
1264
1285.85
1307.7
1329.6
1351.45
1373.3
1395.15
1417.05
1438.9
1460.75
1482.6
1504.5
1526.35
1548.2
1570.1
1591.95
1613.8
1635.65
1657.55
1679.4
1701.25
1723.1
1745
1766.85
1788.7
1810.6
1832.45
1854.3
1876.15
1898.05
1919.9
1941.75
1963.6
1985.5
2007.35
2029.2
2051.1
2072.95
2094.8
2116.65
2138.55
2160.4
2182.25
2204.15
2226
2247.85
2269.7
2291.6
2313.45
2335.3
2357.15
2379.05
2400.9
2422.75
2444.65
2466.5
2488.35
2510.2
2532.1
2553.95
2575.8
2597.65
2619.55
2641.4
2663.25
2685.15
2707
2728.85
2750.7
2772.6
2794.45
2816.3
2838.15
2860.05
2881.9
2903.75
2925.65
2947.5
2969.35
2991.2
3013.1
3034.95
3056.8
3078.65
3100.55
3122.4
3144.25
3166.15
3188
3209.85
3231.7
3253.6
3275.45
3297.3
3319.15
3341.05
3362.9
3384.75
3406.65
3428.5
3450.35
3472.2
3494.1
3515.95
3537.8
3559.65
3581.55
3603.4
3625.25
3647.15
3669
3690.85
3712.7
3734.6
3756.45
3778.3
3800.15
3822.05
3843.9
3865.75
3887.65
3909.5
3931.35
3953.2
3975.1
3996.95
4018.8
4040.65
4062.55
4084.4
4106.25
4128.15
4150
4171.85
4193.7
4215.6
4237.45
4259.3
4281.15
4303.05
4324.9
4346.75
4368.65
4390.5
4412.35
4434.2
4456.1
4477.95
4499.8
4521.65
4543.55
4565.4
4587.25
4609.15
4631
4652.85
4674.7
4696.6
4718.45
4740.3
4762.15
4784.05
4805.9
4827.75
4849.65
4871.5
4893.35
4915.2
4937.1
4958.95
4980.8
-1000
0.05
26
45.05
63.2
82.75
103.3
124.4
145.75
167.4
189.1
210.85
232.65
254.5
276.35
298.2
320.1
341.95
363.8
385.6
407.5
429.35
451.25
473.05
494.95
516.8
538.7
560.55
582.45
604.3
626.1
648
669.85
691.75
713.55
735.45
757.3
779.2
801.05
822.95
844.8
866.6
888.5
910.35
932.25
954.05
975.95
997.8
1019.7
1041.55
1063.45
1085.3
1107.1
1129
1150.85
1172.75
1194.55
1216.45
1238.3
1260.2
1282.05
1303.95
1325.8
1347.6
1369.5
1391.35
1413.25
1435.05
1456.95
1478.8
1500.7
1522.55
1544.45
1566.3
1588.1
1610
1631.85
1653.75
1675.55
1697.45
1719.3
1741.2
1763.05
1784.95
1806.8
1828.6
1850.5
1872.35
1894.25
1916.05
1937.95
1959.8
1981.7
2003.55
2025.45
2047.3
2069.1
2091
2112.85
2134.75
2156.55
2178.45
2200.3
2222.2
2244.05
2265.95
2287.8
2309.6
2331.5
2353.35
2375.25
2397.05
2418.95
2440.8
2462.7
2484.55
2506.45
2528.3
2550.1
2572
2593.85
2615.75
2637.55
2659.45
2681.3
2703.2
2725.05
2746.95
2768.8
2790.6
2812.5
2834.35
2856.25
2878.1
2900
2921.85
2943.7
2965.6
2987.45
3009.3
3031.1
3053
3074.85
3096.75
3118.6
3140.5
3162.35
3184.15
3206.05
3227.9
3249.8
3271.6
3293.5
3315.35
3337.25
3359.1
3381
3402.85
3424.65
3446.55
3468.4
3490.3
3512.1
3534
3555.85
3577.75
3599.6
3621.5
3643.35
3665.15
3687.05
3708.9
3730.8
3752.6
3774.5
3796.35
3818.25
3840.1
3862
3883.85
3905.65
3927.55
3949.4
3971.3
3993.1
4015
4036.85
4058.75
4080.6
4102.5
4124.35
4146.15
4168.05
4189.9
4211.8
4233.6
4255.5
4277.35
4299.25
4321.1
4343
4364.85
4386.65
4408.55
4430.4
4452.3
4474.1
4496
4517.85
4539.75
4561.6
4583.5
4605.35
4627.15
4649.05
4670.9
4692.8
4714.6
4736.5
4758.35
4780.25
4802.1
4824
4845.85
4867.65
4889.55
4911.4
4933.3
4955.1
4977
