0.05
18.1
40.4
62.65
84.9
107.2
129.45
151.7
174
196.25
218.5
240.8
263.05
285.3
307.6
329.85
352.1
374.4
396.65
418.9
441.2
463.45
485.7
508
530.25
552.5
574.8
597.05
619.3
641.6
663.85
686.1
708.4
730.65
752.9
775.2
797.45
819.7
842
864.25
886.5
908.8
931.05
953.3
975.6
997.85
1020.1
1042.4
1064.65
1086.9
1109.2
1131.45
1153.7
1176
1198.25
1220.5
1242.8
1265.05
1287.3
1309.6
1331.85
1354.1
1376.4
1398.65
1420.9
1443.2
1465.45
1487.7
1510
1532.25
1554.5
1576.8
1599.05
1621.3
1643.6
1665.85
1688.1
1710.4
1732.65
1754.9
1777.2
1799.45
1821.7
1844
1866.25
1888.5
1910.8
1933.05
1955.3
1977.6
1999.85
2022.1
2044.4
2066.65
2088.9
2111.2
2133.45
2155.7
2178
2200.25
2222.5
2244.8
2267.05
2289.3
2311.6
2333.85
2356.1
2378.4
2400.65
2422.9
2445.2
2467.45
2489.7
2512
2534.25
2556.5
2578.8
2601.05
2623.3
2645.6
2667.85
2690.1
2712.4
2734.65
2756.9
2779.2
2801.45
2823.7
2846
2868.25
2890.5
2912.8
2935.05
2957.3
2979.6
3001.85
3024.1
3046.4
3068.65
3090.9
3113.2
3135.45
3157.7
3180
3202.25
3224.5
3246.8
3269.05
3291.3
3313.6
3335.85
3358.1
3380.4
3402.65
3424.9
3447.2
3469.45
3491.7
3514
3536.25
3558.5
3580.8
3603.05
3625.3
3647.6
3669.85
3692.1
3714.4
3736.65
3758.9
3781.2
3803.45
3825.7
3848
3870.25
3892.5
3914.8
3937.05
3959.3
3981.6
4003.85
4026.1
4048.4
4070.65
4092.9
4115.2
4137.45
4159.7
4182
4204.25
4226.5
4248.8
4271.05
4293.3
4315.6
4337.85
4360.1
4382.4
4404.65
4426.9
4449.2
4471.45
4493.7
4516
4538.25
4560.5
4582.8
4605.05
4627.3
4649.6
4671.85
4694.1
4716.4
4738.65
4760.9
4783.2
4805.45
4827.7
4850
4872.25
4894.5
4916.8
4939.05
4961.3
4983.6
-1000
0.05
25.15
48.15
71
93.7
116.3
138.75
161.1
183.5
205.8
228.1
250.4
272.65
294.95
317.2
339.5
361.75
384.05
406.3
428.55
450.85
473.1
495.35
517.65
539.9
562.15
584.45
606.7
628.95
651.25
673.5
695.75
718.05
740.3
762.55
784.85
807.1
829.35
851.65
873.9
896.15
918.45
940.7
962.95
985.25
1007.5
1029.75
1052.05
1074.3
1096.55
1118.85
1141.1
1163.35
1185.65
1207.9
1230.15
1252.45
1274.7
1296.95
1319.25
1341.5
1363.75
1386.05
1408.3
1430.55
1452.85
1475.1
1497.35
1519.65
1541.9
1564.15
1586.45
1608.7
1630.95
1653.25
1675.5
1697.75
1720.05
1742.3
1764.55
1786.85
1809.1
1831.35
1853.65
1875.9
1898.15
1920.45
1942.7
1964.95
1987.25
2009.5
2031.75
2054.05
2076.3
2098.55
2120.85
2143.1
2165.35
2187.65
2209.9
2232.15
2254.45
2276.7
2298.95
2321.25
2343.5
2365.75
2388.05
2410.3
2432.55
2454.85
2477.1
2499.35
2521.65
2543.9
2566.15
2588.45
2610.7
2632.95
2655.25
2677.5
2699.75
2722.05
2744.3
2766.55
2788.85
2811.1
2833.35
2855.65
2877.9
2900.15
2922.45
2944.7
2966.95
2989.25
3011.5
3033.75
3056.05
3078.3
3100.55
3122.85
3145.1
3167.35
3189.65
3211.9
3234.15
3256.45
3278.7
3300.95
3323.25
3345.5
3367.75
3390.05
3412.3
3434.55
3456.85
3479.1
3501.35
3523.65
3545.9
3568.15
3590.45
3612.7
3634.95
3657.25
3679.5
3701.75
3724.05
3746.3
3768.55
3790.85
3813.1
3835.35
3857.65
3879.9
3902.15
3924.45
3946.7
3968.95
3991.25
4013.5
4035.75
4058.05
4080.3
4102.55
4124.85
4147.1
4169.35
4191.65
4213.9
4236.15
4258.45
4280.7
4302.95
4325.25
4347.5
4369.75
4392.05
4414.3
4436.55
4458.85
4481.1
4503.35
4525.65
4547.9
4570.15
4592.45
4614.7
4636.95
4659.25
4681.5
4703.75
4726.05
4748.3
4770.55
4792.85
4815.1
4837.35
4859.65
4881.9
4904.15
4926.45
4948.7
4970.95
4993.25
