0.05
29.2
63.7
98.2
132.7
167.2
201.7
236.2
270.7
305.25
339.75
374.25
408.75
443.25
477.75
512.25
546.75
581.25
615.75
650.25
684.75
719.25
753.8
788.3
822.8
857.3
891.8
926.3
960.8
995.3
1029.8
1064.3
1098.8
1133.3
1167.8
1202.35
1236.85
1271.35
1305.85
1340.35
1374.85
1409.35
1443.85
1478.35
1512.85
1547.35
1581.85
1616.4
1650.9
1685.4
1719.9
1754.4
1788.9
1823.4
1857.9
1892.4
1926.9
1961.4
1995.9
2030.4
2064.95
2099.45
2133.95
2168.45
2202.95
2237.45
2271.95
2306.45
2340.95
2375.45
2409.95
2444.45
2478.95
2513.5
2548
2582.5
2617
2651.5
2686
2720.5
2755
2789.5
2824
2858.5
2893
2927.5
2962.05
2996.55
3031.05
3065.55
3100.05
3134.55
3169.05
3203.55
3238.05
3272.55
3307.05
3341.55
3376.1
3410.6
3445.1
3479.6
3514.1
3548.6
3583.1
3617.6
3652.1
3686.6
3721.1
3755.6
3790.1
3824.65
3859.15
3893.65
3928.15
3962.65
3997.15
4031.65
4066.15
4100.65
4135.15
4169.65
4204.15
4238.65
4273.2
4307.7
4342.2
4376.7
4411.2
4445.7
4480.2
4514.7
4549.2
4583.7
4618.2
4652.7
4687.2
4721.75
4756.25
4790.75
4825.25
4859.75
4894.25
4928.75
4963.25
4997.75
-1000
0.05
26
59.15
93.1
127.45
161.85
196.35
230.8
265.3
299.8
334.35
368.85
403.35
437.85
472.35
506.85
541.35
575.85
610.35
644.85
679.35
713.85
748.35
782.9
817.4
851.9
886.4
920.9
955.4
989.9
1024.4
1058.9
1093.4
1127.9
1162.4
1196.9
1231.45
1265.95
1300.45
1334.95
1369.45
1403.95
1438.45
1472.95
1507.45
1541.95
1576.45
1610.95
1645.45
1680
1714.5
1749
1783.5
1818
1852.5
1887
1921.5
1956
1990.5
2025
2059.5
2094.05
2128.55
2163.05
2197.55
2232.05
2266.55
2301.05
2335.55
2370.05
2404.55
2439.05
2473.55
2508.05
2542.6
2577.1
2611.6
2646.1
2680.6
2715.1
2749.6
2784.1
2818.6
2853.1
2887.6
2922.1
2956.6
2991.15
3025.65
3060.15
3094.65
3129.15
3163.65
3198.15
3232.65
3267.15
3301.65
3336.15
3370.65
3405.15
3439.7
3474.2
3508.7
3543.2
3577.7
3612.2
3646.7
3681.2
3715.7
3750.2
3784.7
3819.2
3853.75
3888.25
3922.75
3957.25
3991.75
4026.25
4060.75
4095.25
4129.75
4164.25
4198.75
4233.25
4267.75
4302.3
4336.8
4371.3
4405.8
4440.3
4474.8
4509.3
4543.8
4578.3
4612.8
4647.3
4681.8
4716.3
4750.85
4785.35
4819.85
4854.35
4888.85
4923.35
4957.85
4992.35
