0.05
20.5
45.45
70.4
95.35
120.3
145.2
170.15
195.1
220.05
245
269.95
294.9
319.8
344.75
369.7
394.65
419.6
444.55
469.5
494.4
519.35
544.3
569.25
594.2
619.15
644.1
669
693.95
718.9
743.85
768.8
793.75
818.7
843.65
868.55
893.5
918.45
943.4
968.35
993.3
1018.25
1043.15
1068.1
1093.05
1118
1142.95
1167.9
1192.85
1217.75
1242.7
1267.65
1292.6
1317.55
1342.5
1367.45
1392.35
1417.3
1442.25
1467.2
1492.15
1517.1
1542.05
1566.95
1591.9
1616.85
1641.8
1666.75
1691.7
1716.65
1741.55
1766.5
1791.45
1816.4
1841.35
1866.3
1891.25
1916.15
1941.1
1966.05
1991
2015.95
2040.9
2065.85
2090.75
2115.7
2140.65
2165.6
2190.55
2215.5
2240.45
2265.4
2290.3
2315.25
2340.2
2365.15
2390.1
2415.05
2440
2464.9
2489.85
2514.8
2539.75
2564.7
2589.65
2614.6
2639.5
2664.45
2689.4
2714.35
2739.3
2764.25
2789.2
2814.1
2839.05
2864
2888.95
2913.9
2938.85
2963.8
2988.7
3013.65
3038.6
3063.55
3088.5
3113.45
3138.4
3163.3
3188.25
3213.2
3238.15
3263.1
3288.05
3313
3337.9
3362.85
3387.8
3412.75
3437.7
3462.65
3487.6
3512.55
3537.45
3562.4
3587.35
3612.3
3637.25
3662.2
3687.15
3712.05
3737
3761.95
3786.9
3811.85
3836.8
3861.75
3886.65
3911.6
3936.55
3961.5
3986.45
4011.4
4036.35
4061.25
4086.2
4111.15
4136.1
4161.05
4186
4210.95
4235.85
4260.8
4285.75
4310.7
4335.65
4360.6
4385.55
4410.45
4435.4
4460.35
4485.3
4510.25
4535.2
4560.15
4585.05
4610
4634.95
4659.9
4684.85
4709.8
4734.75
4759.65
4784.6
4809.55
4834.5
4859.45
4884.4
4909.35
4934.3
4959.2
4984.15
-1000
0.05
26
44.3
65.4
88.25
112
136.05
160.2
184.5
208.65
232.5
255.35
276.1
294.15
314.95
337.75
361.45
385.5
409.75
434
458.15
482.05
505
526
544
564.65
587.35
611
635.05
659.2
683.45
707.65
731.55
754.65
775.8
793.9
814.35
836.9
860.45
884.45
908.7
932.95
957.15
981.1
1004.35
1025.65
1044.05
1064.15
1086.55
1110.05
1134.05
1158.25
1182.5
1206.7
1230.65
1254.05
1275.65
1294.5
1314.15
1336.3
1359.7
1383.6
1407.7
1432
1456.2
1480.25
1503.75
1525.6
1544.8
1563.95
1585.9
1609.2
1633.1
1657.25
1681.5
1705.75
1729.85
1753.4
1775.5
1795.15
1814
1835.65
1858.85
1882.7
1906.8
1931
1955.25
1979.35
2003.05
2025.4
2045.4
2063.95
2085.3
2108.35
2132.15
2156.3
2180.55
2204.8
2228.9
2252.7
2275.3
2295.65
2313.85
2335.05
2358
2381.75
2405.85
2430.05
2454.3
2478.4
2502.25
2525.05
2545.75
2563.8
2584.75
2607.6
2631.25
2655.25
2679.5
2703.75
2727.95
2751.8
2774.75
2795.6
2813.5
2834.3
2857.1
2880.75
2904.8
2929
2953.3
2977.45
3001.3
3024.4
3045.45
3063.5
3084.05
3106.7
3130.3
3154.3
3178.45
3202.7
3226.9
3250.85
3274
3295.25
3313.45
3333.7
3356.2
3379.75
3403.75
3428
3452.25
3476.45
3500.45
3523.65
3545.1
3563.85
3583.7
3605.95
3629.4
3653.35
3677.55
3701.8
3725.95
3750
3773.45
3795.15
3814.2
3833.6
3855.65
3878.95
3902.85
3927
3951.25
3975.5
3999.6
4023.15
4045.1
4064.45
4083.5
4105.35
4128.55
4152.45
4176.55
4200.85
4225.05
4249.1
4272.8
4295.05
4314.9
4333.55
4355.1
4378.2
4401.95
4426.05
4450.3
4474.55
4498.65
4522.4
4544.9
