0.05
20.05
44.45
68.85
93.3
117.7
142.1
166.5
190.95
215.35
239.75
264.2
288.6
313
337.45
361.85
386.25
410.65
435.1
459.5
483.9
508.35
532.75
557.15
581.6
606
630.4
654.8
679.25
703.65
728.05
752.5
776.9
801.3
825.75
850.15
874.55
898.95
923.4
947.8
972.2
996.65
1021.05
1045.45
1069.9
1094.3
1118.7
1143.1
1167.55
1191.95
1216.35
1240.8
1265.2
1289.6
1314.05
1338.45
1362.85
1387.25
1411.7
1436.1
1460.5
1484.95
1509.35
1533.75
1558.15
1582.6
1607
1631.4
1655.85
1680.25
1704.65
1729.1
1753.5
1777.9
1802.3
1826.75
1851.15
1875.55
1900
1924.4
1948.8
1973.25
1997.65
2022.05
2046.45
2070.9
2095.3
2119.7
2144.15
2168.55
2192.95
2217.4
2241.8
2266.2
2290.6
2315.05
2339.45
2363.85
2388.3
2412.7
2437.1
2461.55
2485.95
2510.35
2534.75
2559.2
2583.6
2608
2632.45
2656.85
2681.25
2705.7
2730.1
2754.5
2778.9
2803.35
2827.75
2852.15
2876.6
2901
2925.4
2949.85
2974.25
2998.65
3023.05
3047.5
3071.9
3096.3
3120.75
3145.15
3169.55
3194
3218.4
3242.8
3267.2
3291.65
3316.05
3340.45
3364.9
3389.3
3413.7
3438.15
3462.55
3486.95
3511.35
3535.8
3560.2
3584.6
3609.05
3633.45
3657.85
3682.25
3706.7
3731.1
3755.5
3779.95
3804.35
3828.75
3853.2
3877.6
3902
3926.4
3950.85
3975.25
3999.65
4024.1
4048.5
4072.9
4097.35
4121.75
-1000
0.05
31.55
63.25
91.5
118.05
146.8
179.85
210.75
238.55
265.15
294.85
328
358.15
385.5
412.6
443.75
476.5
505.65
532.55
560.65
593.3
624.95
653.1
679.7
708.55
741.65
772.45
800.15
826.8
856.65
889.85
919.8
947.15
974.4
1005.9
1038.45
1067.4
1094.2
1122.4
1155.05
1186.6
1214.75
1241.3
1270.25
1303.35
1334.05
1361.75
1388.4
1418.4
1451.55
1481.45
1508.7
1535.95
1567.4
1600
1628.9
1655.75
1683.95
1716.6
1748.15
1776.3
1802.85
1831.85
1865
1895.65
1923.3
1950
1980.2
2013.3
2043.1
2070.3
2097.75
2129.45
2161.9
2190.65
2217.4
2245.55
2278.25
2309.7
2337.85
2364.4
2393.55
2426.7
2457.25
2484.85
2511.55
2541.7
2574.85
2604.65
2631.85
2659.3
2690.95
2723.4
2752.2
2778.95
2807.15
2839.9
2871.3
2899.4
2925.95
2955.1
2988.25
3018.8
3046.45
3073.15
3103.3
3136.5
3166.25
3193.45
3220.9
3252.65
3285.05
3313.8
3340.55
3368.85
3401.6
3432.95
3461
3487.55
3516.75
3549.95
3580.45
3608
3634.75
3664.95
3698.05
3727.8
3755
3782.55
3814.45
3846.7
3875.35
3902.1
3930.45
3963.25
3994.55
4022.6
4049.15
4078.35
4111.6
4142.05
4169.6
4196.4
4226.8
4259.85
4289.45
4316.6
4344.4
4376.5
4408.6
4437.1
4463.75
4492.25
4525.3
4556.4
4584.25
4610.8
4640.2
4673.35
4703.75
4731.2
4758.15
4788.7
4821.7
4851.15
4878.25
4906.2
4938.5
4970.4
4998.75
