0.05
19.75
43.8
67.9
91.95
116.05
140.1
164.2
188.25
212.35
236.45
260.5
284.6
308.65
332.75
356.8
380.9
404.95
429.05
453.15
477.2
501.3
525.35
549.45
573.5
597.6
621.65
645.75
669.85
693.9
718
742.05
766.15
790.2
814.3
838.35
862.45
886.5
910.6
934.7
958.75
982.85
1006.9
1031
1055.05
1079.15
1103.2
1127.3
1151.4
1175.45
1199.55
1223.6
1247.7
1271.75
1295.85
1319.9
1344
1368.1
1392.15
1416.25
1440.3
1464.4
1488.45
1512.55
1536.6
1560.7
1584.75
1608.85
1632.95
1657
1681.1
1705.15
1729.25
1753.3
1777.4
1801.45
1825.55
1849.65
1873.7
1897.8
1921.85
1945.95
1970
1994.1
2018.15
2042.25
2066.35
2090.4
2114.5
2138.55
2162.65
2186.7
2210.8
2234.85
2258.95
2283
2307.1
2331.2
2355.25
2379.35
2403.4
2427.5
2451.55
2475.65
2499.7
2523.8
2547.9
2571.95
2596.05
2620.1
2644.2
2668.25
2692.35
2716.4
2740.5
2764.6
2788.65
2812.75
2836.8
2860.9
2884.95
2909.05
2933.1
2957.2
2981.25
3005.35
3029.45
3053.5
3077.6
3101.65
3125.75
3149.8
3173.9
3197.95
3222.05
3246.15
3270.2
3294.3
3318.35
3342.45
3366.5
3390.6
3414.65
3438.75
3462.85
3486.9
3511
3535.05
3559.15
3583.2
3607.3
3631.35
3655.45
3679.55
3703.6
3727.7
3751.75
3775.85
3799.9
3824
3848.05
3872.15
3896.2
3920.3
3944.4
3968.45
3992.55
4016.6
4040.7
4064.75
4088.85
4112.9
4137
4161.1
4185.15
4209.25
4233.3
4257.4
4281.45
4305.55
4329.6
4353.7
4377.8
4401.85
4425.95
4450
4474.1
4498.15
4522.25
4546.3
4570.4
4594.45
4618.55
4642.65
4666.7
4690.8
4714.85
4738.95
4763
4787.1
4811.15
4835.25
4859.35
4883.4
4907.5
4931.55
4955.65
4979.7
-1000
0.05
26
44.7
65.7
88.1
111.2
134.65
158.25
182
205.8
229.65
253.5
277.35
301.25
325.15
349.05
372.95
396.8
420.6
444.3
467.9
491.1
513.4
533.9
551.85
572.15
594.15
617.1
640.45
664
687.7
711.45
735.3
759.15
783.05
806.9
830.85
854.7
878.6
902.45
926.3
950
973.55
996.85
1019.4
1040.25
1058.5
1078.3
1100.1
1122.9
1146.2
1169.7
1193.35
1217.15
1240.95
1264.8
1288.7
1312.6
1336.5
1360.4
1384.3
1408.1
1431.9
1455.6
1479.2
1502.5
1525
1545.85
1564.1
1583.95
1605.7
1628.5
1651.8
1675.3
1699
1722.8
1746.65
1770.5
1794.4
1818.25
1842.2
1866.05
1889.9
1913.8
1937.6
1961.35
1985
2008.45
2031.3
2052.75
2071.95
2090.7
2111.95
2134.45
2157.6
2181.1
2204.75
2228.55
2252.35
2276.2
2300.05
2323.95
2347.85
2371.7
2395.6
2419.5
2443.35
2467.1
2490.8
2514.3
2537.45
2559.55
2579.6
2597.7
2618.35
2640.55
2663.55
2686.95
2710.55
2734.25
2758.05
2781.9
2805.75
2829.6
2853.5
2877.4
2901.25
2925.15
2949
2972.8
2996.5
3020.1
3043.3
3065.55
3086.05
3104
3124.3
3146.4
3169.3
3192.65
3216.2
3239.95
3263.7
3287.5
3311.4
3335.3
3359.2
3383.1
3407
3430.85
3454.75
3478.55
3502.25
3525.9
3549.15
3571.8
3592.75
3611.4
3630.9
3652.5
3675.25
3698.45
3722
3745.65
3769.4
3793.25
3817.1
3841
3864.85
3888.8
3912.65
3936.55
3960.45
3984.25
4008
4031.65
4055.15
4078.1
4099.7
4119.2
4137.8
4158.85
4181.2
4204.3
4227.75
4251.35
4275.15
4298.95
4322.8
4346.65
4370.55
4394.45
4418.35
4442.25
4466.1
4489.95
4513.7
4537.45
4560.95
4584.1
4606.25
4626.5
4644.6
4665
4687.15
4710.15
4733.55
4757.15
