0.05
15.8
35.5
55.15
74.85
94.5
114.15
133.85
153.5
173.15
192.85
212.5
232.2
251.85
271.5
291.2
310.85
330.5
350.2
369.85
389.5
409.2
428.85
448.55
468.2
487.85
507.55
527.2
546.85
566.55
586.2
605.9
625.55
645.2
664.9
684.55
704.2
723.9
743.55
763.25
782.9
802.55
822.25
841.9
861.55
881.25
900.9
920.6
940.25
959.9
979.6
999.25
1018.9
1038.6
1058.25
1077.95
1097.6
1117.25
1136.95
1156.6
1176.25
1195.95
1215.6
1235.25
1254.95
1274.6
1294.3
1313.95
1333.6
1353.3
1372.95
1392.6
1412.3
1431.95
1451.65
1471.3
1490.95
1510.65
1530.3
1549.95
1569.65
1589.3
1609
1628.65
1648.3
1668
1687.65
1707.3
1727
1746.65
1766.35
1786
1805.65
1825.35
1845
1864.65
1884.35
1904
1923.65
1943.35
1963
1982.7
2002.35
2022
2041.7
2061.35
2081
2100.7
2120.35
2140.05
2159.7
2179.35
2199.05
2218.7
2238.35
2258.05
2277.7
2297.4
2317.05
2336.7
2356.4
2376.05
2395.7
2415.4
2435.05
2454.75
2474.4
2494.05
2513.75
2533.4
2553.05
2572.75
2592.4
2612.1
2631.75
2651.4
2671.1
2690.75
2710.4
2730.1
2749.75
2769.4
2789.1
2808.75
2828.45
2848.1
2867.75
2887.45
2907.1
2926.75
2946.45
2966.1
2985.8
3005.45
3025.1
3044.8
3064.45
3084.1
3103.8
3123.45
3143.15
3162.8
3182.45
3202.15
3221.8
3241.45
3261.15
3280.8
3300.5
3320.15
3339.8
3359.5
3379.15
3398.8
3418.5
3438.15
3457.8
3477.5
3497.15
3516.85
3536.5
3556.15
3575.85
3595.5
3615.15
3634.85
3654.5
3674.2
3693.85
3713.5
3733.2
3752.85
3772.5
3792.2
3811.85
3831.55
3851.2
3870.85
3890.55
3910.2
3929.85
3949.55
3969.2
3988.9
4008.55
4028.2
4047.9
4067.55
4087.2
4106.9
4126.55
4146.25
4165.9
4185.55
4205.25
4224.9
4244.55
4264.25
4283.9
4303.55
4323.25
4342.9
4362.6
4382.25
4401.9
4421.6
4441.25
4460.9
4480.6
4500.25
4519.95
4539.6
4559.25
4578.95
4598.6
4618.25
4637.95
4657.6
4677.3
4696.95
4716.6
4736.3
4755.95
4775.6
4795.3
4814.95
4834.65
4854.3
4873.95
4893.65
4913.3
4932.95
4952.65
4972.3
-1000
0.05
23.9
45.25
66
86.3
106.4
126.3
146.1
165.9
185.6
205.35
225.05
244.7
264.4
284.1
303.7
323.4
343.05
362.75
382.45
402.1
421.8
441.45
461.05
480.75
500.4
520.05
539.75
559.4
579.1
598.8
618.4
638.1
657.75
677.4
697.1
716.75
736.45
756.15
775.75
795.45
815.1
834.75
854.45
874.1
893.8
913.5
933.1
952.8
972.45
992.1
1011.8
1031.45
1051.15
1070.85
1090.5
1110.2
1129.85
1149.45
1169.15
1188.8
1208.5
1228.2
1247.85
1267.55
1287.2
1306.8
1326.5
1346.15
1365.8
1385.5
1405.15
1424.85
1444.55
1464.15
1483.85
1503.5
1523.15
1542.85
1562.5
1582.2
1601.9
1621.5
1641.2
1660.85
1680.5
1700.2
1719.85
1739.55
1759.25
1778.85
1798.55
1818.25
1837.85
1857.55
1877.2
1896.9
1916.6
1936.25
1955.95
1975.6
1995.2
2014.9
2034.55
2054.2
2073.9
2093.55
2113.25
2132.95
2152.55
2172.25
2191.9
2211.55
2231.25
2250.9
2270.6
2290.3
2309.9
2329.6
2349.25
2368.9
2388.6
2408.25
2427.95
2447.65
2467.25
2486.95
2506.6
2526.25
2545.95
2565.6
2585.3
2605
2624.65
2644.35
2664
2683.6
2703.3
2722.95
2742.65
2762.35
2782
2801.7
2821.35
2840.95
2860.65
2880.3
2899.95
2919.65
2939.3
2959
2978.7
2998.3
3018
3037.65
3057.3
3077
3096.65
3116.35
3136.05
3155.65
3175.35
3195
3214.65
3234.35
3254
3273.7
3293.4
3313
3332.7
3352.35
3372
3391.7
3411.35
3431.05
3450.75
3470.4
3490.1
3509.75
3529.35
3549.05
3568.7
3588.35
3608.05
3627.7
3647.4
3667.1
3686.7
3706.4
3726.05
3745.7
3765.4
3785.05
3804.75
3824.45
3844.05
3863.75
3883.4
3903.05
3922.75
3942.4
3962.1
3981.8
4001.4
4021.1
4040.75
4060.4
4080.1
4099.75
4119.45
4139.15
4158.8
4178.5
4198.15
4217.75
4237.45
4257.1
4276.8
4296.5
4316.15
4335.85
4355.5
4375.1
4394.8
4414.45
4434.1
4453.8
4473.45
4493.15
4512.85
4532.45
4552.15
4571.8
4591.45
4611.15
4630.8
4650.5
4670.2
4689.8
4709.5
4729.15
4748.8
4768.5
4788.15
4807.85
4827.55
4847.15
4866.85
4886.5
4906.15
4925.85
4945.5
4965.2
4984.9
