0.05
15.8
35.5
55.15
74.85
94.5
114.15
133.85
153.5
173.15
192.85
212.5
232.2
251.85
271.5
291.2
310.85
330.5
350.2
369.85
389.5
409.2
428.85
448.55
468.2
487.85
507.55
527.2
546.85
566.55
586.2
605.9
625.55
645.2
664.9
684.55
704.2
723.9
743.55
763.25
782.9
802.55
822.25
841.9
861.55
881.25
900.9
920.6
940.25
959.9
979.6
999.25
1018.9
1038.6
1058.25
1077.95
1097.6
1117.25
1136.95
1156.6
1176.25
1195.95
1215.6
1235.25
1254.95
1274.6
1294.3
1313.95
1333.6
1353.3
1372.95
1392.6
1412.3
1431.95
1451.65
1471.3
1490.95
1510.65
1530.3
1549.95
1569.65
1589.3
1609
1628.65
1648.3
1668
1687.65
1707.3
1727
1746.65
1766.35
1786
1805.65
1825.35
1845
1864.65
1884.35
1904
1923.65
1943.35
1963
1982.7
2002.35
2022
2041.7
2061.35
2081
2100.7
2120.35
2140.05
2159.7
2179.35
2199.05
2218.7
2238.35
2258.05
2277.7
2297.4
2317.05
2336.7
2356.4
2376.05
2395.7
2415.4
2435.05
2454.75
2474.4
2494.05
2513.75
2533.4
2553.05
2572.75
2592.4
2612.1
2631.75
2651.4
2671.1
2690.75
2710.4
2730.1
2749.75
2769.4
2789.1
2808.75
2828.45
2848.1
2867.75
2887.45
2907.1
2926.75
2946.45
2966.1
2985.8
3005.45
3025.1
3044.8
3064.45
3084.1
3103.8
3123.45
3143.15
3162.8
3182.45
3202.15
3221.8
3241.45
3261.15
3280.8
3300.5
3320.15
3339.8
3359.5
3379.15
3398.8
3418.5
3438.15
3457.8
3477.5
3497.15
3516.85
3536.5
3556.15
3575.85
3595.5
3615.15
3634.85
3654.5
3674.2
3693.85
3713.5
3733.2
3752.85
3772.5
3792.2
3811.85
3831.55
3851.2
3870.85
3890.55
3910.2
3929.85
3949.55
3969.2
3988.9
4008.55
4028.2
4047.9
4067.55
4087.2
4106.9
4126.55
4146.25
4165.9
4185.55
4205.25
4224.9
4244.55
4264.25
4283.9
4303.55
4323.25
4342.9
4362.6
4382.25
4401.9
4421.6
4441.25
4460.9
4480.6
4500.25
4519.95
4539.6
4559.25
4578.95
4598.6
4618.25
4637.95
4657.6
4677.3
4696.95
4716.6
4736.3
4755.95
4775.6
4795.3
4814.95
4834.65
4854.3
4873.95
4893.65
4913.3
4932.95
4952.65
4972.3
-1000
0.05
25.85
47.75
69
89.7
110
130.1
149.95
169.8
189.55
209.3
229.05
248.7
268.4
288.1
307.7
327.4
347.05
366.75
386.45
406.1
425.8
445.45
465.05
484.75
504.4
524.05
543.75
563.4
583.1
602.8
622.4
642.1
661.75
681.4
701.1
720.75
740.45
760.15
779.75
799.45
819.1
838.75
858.45
878.1
897.8
917.5
937.1
956.8
976.45
996.1
1015.8
1035.45
1055.15
1074.85
1094.5
1114.2
1133.85
1153.45
1173.15
1192.8
1212.5
1232.2
1251.85
1271.55
1291.2
1310.8
1330.5
1350.15
1369.8
1389.5
1409.15
1428.85
1448.55
1468.15
1487.85
1507.5
1527.15
1546.85
1566.5
1586.2
1605.9
1625.5
1645.2
1664.85
1684.5
1704.2
1723.85
1743.55
1763.25
1782.85
1802.55
1822.25
1841.85
1861.55
1881.2
1900.9
1920.6
1940.25
1959.95
1979.6
1999.2
2018.9
2038.55
2058.2
2077.9
2097.55
2117.25
2136.95
2156.55
2176.25
2195.9
2215.55
2235.25
2254.9
2274.6
2294.3
2313.9
2333.6
2353.25
2372.9
2392.6
2412.25
2431.95
2451.65
2471.25
2490.95
2510.6
2530.25
2549.95
2569.6
2589.3
2609
2628.65
2648.35
2668
2687.6
2707.3
2726.95
2746.65
2766.35
2786
2805.7
2825.35
2844.95
2864.65
2884.3
2903.95
2923.65
2943.3
2963
2982.7
3002.3
3022
3041.65
3061.3
3081
3100.65
3120.35
3140.05
3159.65
3179.35
3199
3218.65
3238.35
3258
3277.7
3297.4
3317
3336.7
3356.35
3376
3395.7
3415.35
3435.05
3454.75
3474.4
3494.1
3513.75
3533.35
3553.05
3572.7
3592.35
3612.05
3631.7
3651.4
3671.1
3690.7
3710.4
3730.05
3749.7
3769.4
3789.05
3808.75
3828.45
3848.05
3867.75
3887.4
3907.05
3926.75
3946.4
3966.1
3985.8
4005.4
4025.1
4044.75
4064.4
4084.1
4103.75
4123.45
4143.15
4162.8
4182.5
4202.15
4221.75
4241.45
4261.1
4280.8
4300.5
4320.15
4339.85
4359.5
4379.1
4398.8
4418.45
4438.1
4457.8
4477.45
4497.15
4516.85
4536.45
4556.15
4575.8
4595.45
4615.15
4634.8
4654.5
4674.2
4693.8
4713.5
4733.15
4752.8
4772.5
4792.15
4811.85
4831.55
4851.15
4870.85
4890.5
4910.15
4929.85
4949.5
4969.2
4988.9
