0.05
21.7
48
74.3
100.6
126.85
153.15
179.45
205.75
232.05
258.3
284.6
310.9
337.2
363.5
389.75
416.05
442.35
468.65
494.95
521.2
547.5
573.8
600.1
626.4
652.65
678.95
705.25
731.55
757.8
784.1
810.4
836.7
863
889.25
915.55
941.85
968.15
994.45
1020.7
1047
1073.3
1099.6
1125.9
1152.15
1178.45
1204.75
1231.05
1257.35
1283.6
1309.9
1336.2
1362.5
1388.8
1415.05
1441.35
1467.65
1493.95
1520.2
1546.5
1572.8
1599.1
1625.4
1651.65
1677.95
1704.25
1730.55
1756.85
1783.1
1809.4
1835.7
1862
1888.3
1914.55
1940.85
1967.15
1993.45
2019.75
2046
2072.3
2098.6
2124.9
2151.15
2177.45
2203.75
2230.05
2256.35
2282.6
2308.9
2335.2
2361.5
2387.8
2414.05
2440.35
2466.65
2492.95
2519.25
2545.5
2571.8
2598.1
2624.4
2650.7
2676.95
2703.25
2729.55
2755.85
2782.15
2808.4
2834.7
2861
2887.3
2913.55
2939.85
2966.15
2992.45
3018.75
3045
3071.3
3097.6
3123.9
3150.2
3176.45
3202.75
3229.05
3255.35
3281.65
3307.9
3334.2
3360.5
3386.8
3413.1
3439.35
3465.65
3491.95
3518.25
3544.5
3570.8
3597.1
3623.4
3649.7
3675.95
3702.25
3728.55
3754.85
3781.15
3807.4
3833.7
3860
3886.3
3912.6
3938.85
3965.15
3991.45
4017.75
4044.05
4070.3
4096.6
4122.9
4149.2
4175.45
4201.75
4228.05
4254.35
4280.65
4306.9
4333.2
4359.5
4385.8
4412.1
4438.35
4464.65
4490.95
4517.25
4543.55
4569.8
4596.1
4622.4
4648.7
4675
4701.25
4727.55
4753.85
4780.15
4806.45
4832.7
4859
4885.3
4911.6
4937.85
4964.15
4990.45
-1000
0.05
26
49.3
73.15
97.8
122.6
146.8
168.95
187.75
208.2
231.55
256
280.75
305.25
328.1
347.9
367.2
389.9
414.15
438.9
463.6
487.15
508
526.25
548.3
572.35
597.05
621.8
645.85
667.5
685.55
706.85
730.55
755.15
779.95
804.3
826.65
845.65
865.8
888.95
913.35
938.15
962.75
985.9
1006.15
1024.95
1047.4
1071.6
1096.35
1121.05
1144.85
1166.05
1184.15
1205.9
1229.8
1254.45
1279.25
1303.35
1325.35
1343.85
1364.6
1388.1
1412.6
1437.4
1461.9
1484.6
1504.15
1523.7
1546.55
1570.85
1595.65
1620.3
1643.8
1664.5
1682.95
1705.05
1729.1
1753.8
1778.55
1802.5
1824.15
1842.2
1863.55
1887.3
1911.85
1936.6
1960.9
1983.15
2002
2022.35
2045.55
2070
2094.8
2119.35
2142.25
2162.15
2181.35
2204
2228.25
2253
2277.7
2301.35
2322.45
2340.65
2362.5
2386.45
2411.15
2435.85
2459.95
2481.8
2500
2521.1
2544.65
2569.2
2594
2618.35
2640.75
2659.9
2679.8
2702.95
2727.35
2752.15
2776.75
2799.9
2820.15
2839.05
2861.45
2885.6
2910.35
2935.1
2958.95
2980.35
2998.35
3020
3043.8
3068.45
3093.2
3117.4
3139.45
3158.05
3178.65
3202.1
3226.6
3251.4
3275.9
3298.6
3318.1
3337.65
3360.5
3384.85
3409.6
3434.25
3457.7
3478.4
3496.85
3519
3543.05
3567.75
3592.5
3616.55
3638.2
3656.25
3677.6
3701.25
3725.9
3750.7
3775
3797.3
3816.2
3836.4
3859.6
3884.05
3908.85
3933.45
3956.45
3976.55
3995.55
4018.1
4042.3
4067.05
4091.7
4115.4
4136.55
4154.7
4176.55
4200.45
4225.15
4249.9
4274.1
4296
4314.45
