0.05
19
42.3
65.6
88.85
112.15
135.45
158.7
182
205.25
228.55
251.85
275.1
298.4
321.7
344.95
368.25
391.5
414.8
438.1
461.35
484.65
507.95
531.2
554.5
577.75
601.05
624.35
647.6
670.9
694.2
717.45
740.75
764
787.3
810.6
833.85
857.15
880.4
903.7
927
950.25
973.55
996.85
1020.1
1043.4
1066.65
1089.95
1113.25
1136.5
1159.8
1183.1
1206.35
1229.65
1252.9
1276.2
1299.5
1322.75
1346.05
1369.35
1392.6
1415.9
1439.15
1462.45
1485.75
1509
1532.3
1555.6
1578.85
1602.15
1625.4
1648.7
1672
1695.25
1718.55
1741.85
1765.1
1788.4
1811.65
1834.95
1858.25
1881.5
1904.8
1928.1
1951.35
1974.65
1997.9
2021.2
2044.5
2067.75
2091.05
2114.35
2137.6
2160.9
2184.15
2207.45
2230.75
2254
2277.3
2300.6
2323.85
2347.15
2370.4
2393.7
2417
2440.25
2463.55
2486.85
2510.1
2533.4
2556.65
2579.95
2603.25
2626.5
2649.8
2673.1
2696.35
2719.65
2742.9
2766.2
2789.5
2812.75
2836.05
2859.35
2882.6
2905.9
2929.15
2952.45
2975.75
2999
3022.3
3045.6
3068.85
3092.15
3115.4
3138.7
3162
3185.25
3208.55
3231.85
3255.1
3278.4
3301.65
3324.95
3348.25
3371.5
3394.8
3418.1
3441.35
3464.65
3487.9
3511.2
3534.5
3557.75
3581.05
3604.35
3627.6
3650.9
3674.15
3697.45
3720.75
3744
3767.3
3790.55
3813.85
3837.15
3860.4
3883.7
3907
3930.25
3953.55
3976.8
4000.1
4023.4
4046.65
4069.95
4093.25
4116.5
4139.8
4163.05
4186.35
4209.65
4232.9
4256.2
4279.5
4302.75
4326.05
4349.3
4372.6
4395.9
4419.15
4442.45
4465.75
4489
4512.3
4535.55
4558.85
4582.15
4605.4
4628.7
4652
4675.25
4698.55
4721.8
4745.1
4768.4
4791.65
4814.95
4838.25
4861.5
4884.8
4908.05
4931.35
4954.65
4977.9
-1000
0.05
26.1
45.8
63.95
84.1
105.75
128.1
150.8
173.7
196.8
219.9
243.1
266.25
289.5
312.75
336
359.25
382.5
405.8
429.1
452.35
475.6
498.9
522.15
545.45
568.75
592.05
615.3
638.55
661.85
685.15
708.4
731.7
755
778.3
801.55
824.8
848.1
871.4
894.65
917.95
941.25
964.55
987.8
1011.05
1034.35
1057.65
1080.9
1104.2
1127.5
1150.8
1174.05
1197.3
1220.6
1243.9
1267.15
1290.45
1313.75
1337.05
1360.3
1383.55
1406.85
1430.15
1453.4
1476.7
1500
1523.3
1546.55
1569.8
1593.1
1616.4
1639.65
1662.95
1686.25
1709.55
1732.8
1756.05
1779.35
1802.65
1825.9
1849.2
1872.5
1895.8
1919.05
1942.3
1965.6
1988.9
2012.15
2035.45
2058.75
2082.05
2105.3
2128.55
2151.85
2175.15
2198.4
2221.7
2245
2268.3
2291.55
2314.8
2338.1
2361.4
2384.65
2407.95
2431.25
2454.55
2477.8
2501.05
2524.35
2547.65
2570.9
2594.2
2617.45
2640.75
2664.05
2687.3
2710.55
2733.9
2757.15
2780.45
2803.7
2827
2850.3
2873.55
2896.8
2920.1
2943.4
2966.7
2989.95
3013.25
3036.55
3059.8
3083.05
3106.35
3129.65
3152.95
3176.2
3199.5
3222.8
3246.05
3269.3
3292.6
3315.9
3339.2
3362.45
3385.75
3409.05
3432.3
3455.6
3478.9
3502.15
3525.45
3548.7
3572
3595.3
3618.55
3641.85
3665.15
3688.45
3711.7
3734.95
3758.25
3781.55
3804.8
3828.1
3851.4
3874.7
3897.95
3921.2
3944.5
3967.8
3991.05
4014.35
4037.65
4060.95
4084.2
4107.45
4130.75
4154.05
4177.3
4200.6
4223.9
4247.2
4270.45
4293.7
4317
4340.3
4363.55
4386.85
4410.15
4433.45
4456.7
4479.95
4503.25
4526.55
4549.8
4573.1
4596.4
4619.7
4642.95
4666.2
4689.5
4712.8
4736.05
4759.35
4782.65
4805.95
4829.2
4852.45
4875.75
4899.05
4922.3
4945.6
4968.9
