0.05
20.2
44.8
69.35
93.95
118.55
143.15
167.7
192.3
216.9
241.5
266.05
290.65
315.25
339.85
364.4
389
413.6
438.2
462.75
487.35
511.95
536.55
561.1
585.7
610.3
634.9
659.45
684.05
708.65
733.25
757.85
782.4
807
831.6
856.2
880.75
905.35
929.95
954.55
979.1
1003.7
1028.3
1052.9
1077.45
1102.05
1126.65
1151.25
1175.8
1200.4
1225
1249.6
1274.15
1298.75
1323.35
1347.95
1372.55
1397.1
1421.7
1446.3
1470.9
1495.45
1520.05
1544.65
1569.25
1593.8
1618.4
1643
1667.6
1692.15
1716.75
1741.35
1765.95
1790.5
1815.1
1839.7
1864.3
1888.85
1913.45
1938.05
1962.65
1987.2
2011.8
2036.4
2061
2085.6
2110.15
2134.75
2159.35
2183.95
2208.5
2233.1
2257.7
2282.3
2306.85
2331.45
2356.05
2380.65
2405.2
2429.8
2454.4
2479
2503.55
2528.15
2552.75
2577.35
2601.9
2626.5
2651.1
2675.7
2700.3
2724.85
2749.45
2774.05
2798.65
2823.2
2847.8
2872.4
2897
2921.55
2946.15
2970.75
2995.35
3019.9
3044.5
3069.1
3093.7
3118.25
3142.85
3167.45
3192.05
3216.6
3241.2
3265.8
3290.4
3314.95
3339.55
3364.15
3388.75
3413.35
3437.9
3462.5
3487.1
3511.7
3536.25
3560.85
3585.45
3610.05
3634.6
3659.2
3683.8
3708.4
3732.95
3757.55
3782.15
3806.75
3831.3
3855.9
3880.5
3905.1
3929.65
3954.25
3978.85
4003.45
4028.05
4052.6
4077.2
4101.8
4126.4
4150.95
4175.55
4200.15
4224.75
4249.3
4273.9
4298.5
4323.1
4347.65
4372.25
4396.85
4421.45
4446
4470.6
4495.2
4519.8
4544.35
4568.95
4593.55
4618.15
4642.7
4667.3
4691.9
4716.5
4741.1
4765.65
4790.25
4814.85
4839.45
4864
4888.6
4913.2
4937.8
4962.35
4986.95
-1000
0.05
26
48.35
70.9
94.3
118.1
142.1
166.15
190.25
214.35
238.35
262.05
285.05
306.35
325.15
344.75
366.65
389.8
413.45
437.4
461.45
485.55
509.65
533.7
557.6
581.15
603.55
623.85
642
662.95
685.55
709
732.8
756.8
780.85
804.95
829.05
853
876.75
899.75
921.05
939.8
959.45
981.35
1004.5
1028.15
1052.1
1076.15
1100.2
1124.3
1148.35
1172.25
1195.65
1217.85
1237.8
1256.2
1277.4
1300.1
1323.6
1347.45
1371.45
1395.5
1419.6
1443.7
1467.65
1491.4
1514.3
1535.45
1553.9
1573.8
1595.9
1619.05
1642.8
1666.75
1690.8
1714.85
1738.95
1763
1786.85
1810.2
1832.15
1851.8
1870.5
1891.85
1914.7
1938.2
1962.05
1986.1
2010.2
2034.3
2058.4
2082.35
2106.05
2128.95
2150
2168.35
2188.4
2210.5
2233.75
2257.45
2281.4
2305.45
2329.55
2353.65
2377.65
2401.5
2424.8
2446.65
2466.1
2484.95
2506.4
2529.3
2552.85
2576.75
2600.75
2624.85
2648.95
2673.05
2697
2720.65
2743.55
2764.6
2782.85
2802.95
2825.15
2848.4
2872.15
2896.1
2920.15
2944.2
2968.3
2992.35
3016.15
3039.4
3061.2
3080.55
3099.5
3120.95
3143.9
3167.5
3191.4
3215.45
3239.5
3263.65
3287.7
3311.65
3335.3
3358.1
3378.95
3397
3417.4
3439.7
3463
3486.75
3510.75
3534.8
3558.85
3582.95
3607
3630.8
3653.95
3675.55
3694.6
3713.85
3735.5
3758.5
3782.1
3806.05
3830.1
3854.15
3878.3
3902.35
3926.3
3949.85
3972.5
3993.2
4011.2
4031.8
4054.3
4077.65
4101.45
4125.4
4149.45
4173.55
4197.65
4221.65
4245.45
4268.55
4290.05
4309
4328.35
4350.1
4373.15
4396.8
4420.7
4444.75
4468.8
4492.9
4516.95
4540.85
4564.35
4586.75
4607
4625.2
