0.05
22.5
49.6
76.75
103.9
131.05
158.2
185.35
212.45
239.6
266.75
293.9
321.05
348.2
375.3
402.45
429.6
456.75
483.9
511.05
538.15
565.3
592.45
619.6
646.75
673.9
701
728.15
755.3
782.45
809.6
836.75
863.85
891
918.15
945.3
972.45
999.55
1026.7
1053.85
1081
1108.15
1135.3
1162.4
1189.55
1216.7
1243.85
1271
1298.15
1325.25
1352.4
1379.55
1406.7
1433.85
1461
1488.1
1515.25
1542.4
1569.55
1596.7
1623.85
1650.95
1678.1
1705.25
1732.4
1759.55
1786.7
1813.8
1840.95
1868.1
1895.25
1922.4
1949.5
1976.65
2003.8
2030.95
2058.1
2085.25
2112.35
2139.5
2166.65
2193.8
2220.95
2248.1
2275.2
2302.35
2329.5
2356.65
2383.8
2410.95
2438.05
2465.2
2492.35
2519.5
2546.65
2573.8
2600.9
2628.05
2655.2
2682.35
2709.5
2736.65
2763.75
2790.9
2818.05
2845.2
2872.35
2899.5
2926.6
2953.75
2980.9
3008.05
3035.2
3062.3
3089.45
3116.6
3143.75
3170.9
3198.05
3225.15
3252.3
3279.45
3306.6
3333.75
3360.9
3388
3415.15
3442.3
3469.45
3496.6
3523.75
3550.85
3578
3605.15
3632.3
3659.45
3686.6
3713.7
3740.85
3768
3795.15
3822.3
3849.45
3876.55
3903.7
3930.85
3958
3985.15
4012.25
4039.4
4066.55
4093.7
4120.85
4148
4175.1
4202.25
4229.4
4256.55
4283.7
4310.85
4337.95
4365.1
4392.25
4419.4
4446.55
4473.7
4500.8
4527.95
4555.1
4582.25
4609.4
4636.55
4663.65
4690.8
4717.95
4745.1
4772.25
4799.4
4826.5
4853.65
4880.8
4907.95
4935.1
4962.2
4989.35
-1000
0.05
26.5
48.6
66.75
88.4
112.7
137.85
162.65
185.15
203.9
224.8
248.85
273.9
298.85
321.8
341.25
361.3
384.95
409.9
434.95
458.45
478.6
497.95
521.1
545.95
571.05
595
615.9
634.55
657.35
682
707.1
731.4
752.95
771.1
793.45
818
843.15
867.65
889.6
907.6
929.55
953.95
979.1
1003.8
1026.15
1044.75
1065.95
1090.05
1115.15
1140.05
1162.8
1181.95
1202.4
1226.2
1251.2
1276.2
1299.55
1319.4
1339
1362.35
1387.25
1412.35
1436.2
1456.95
1475.65
1498.55
1523.3
1548.45
1572.7
1594.1
1612.35
1634.7
1659.25
1684.4
1708.9
1730.8
1748.8
1770.85
1795.25
1820.35
1845
1867.2
1885.4
1907
1931.25
1956.35
1981.15
2003.75
2022.65
2043.45
2067.4
2092.45
2117.4
2140.5
2160.15
2180.05
2203.6
2228.5
2253.6
2277.2
2297.65
2316.7
2339.8
2364.6
2389.7
2413.85
2435
2453.4
2476
2500.6
2525.75
2550.2
2572
2589.95
2612.1
2636.55
2661.7
2686.35
2708.5
2726.65
2748.25
2772.55
2797.65
2822.4
2844.9
2863.7
2884.65
2908.65
2933.7
2958.65
2981.65
3001.05
3021.2
3044.85
3069.8
3094.85
3118.4
3138.7
3157.95
3181.1
3205.9
3230.95
3255
3276
3294.55
3317.25
3341.95
3367.05
3391.4
3413
3431.1
3453.4
3477.9
3503.05
3527.65
3549.7
3567.7
3589.55
3613.9
3639
3663.75
3686.2
3704.85
3725.9
3750
3775.05
3800
3822.85
3842.1
3862.4
3886.15
3911.1
3936.15
3959.6
3979.65
3999.1
4022.35
4047.2
4072.3
4096.25
4117.2
4135.85
4158.55
4183.2
