0.05
18.5
41.2
63.85
86.55
109.25
131.95
154.6
177.3
200
222.7
245.35
268.05
290.75
313.45
336.15
358.8
381.5
404.2
426.9
449.55
472.25
494.95
517.65
540.3
563
585.7
608.4
631.05
653.75
676.45
699.15
721.85
744.5
767.2
789.9
812.6
835.25
857.95
880.65
903.35
926
948.7
971.4
994.1
1016.75
1039.45
1062.15
1084.85
1107.55
1130.2
1152.9
1175.6
1198.3
1220.95
1243.65
1266.35
1289.05
1311.7
1334.4
1357.1
1379.8
1402.45
1425.15
1447.85
1470.55
1493.2
1515.9
1538.6
1561.3
1584
1606.65
1629.35
1652.05
1674.75
1697.4
1720.1
1742.8
1765.5
1788.15
1810.85
1833.55
1856.25
1878.9
1901.6
1924.3
1947
1969.7
1992.35
2015.05
2037.75
2060.45
2083.1
2105.8
2128.5
2151.2
2173.85
2196.55
2219.25
2241.95
2264.6
2287.3
2310
2332.7
2355.35
2378.05
2400.75
2423.45
2446.15
2468.8
2491.5
2514.2
2536.9
2559.55
2582.25
2604.95
2627.65
2650.3
2673
2695.7
2718.4
2741.05
2763.75
2786.45
2809.15
2831.85
2854.5
2877.2
2899.9
2922.6
2945.25
2967.95
2990.65
3013.35
3036
3058.7
3081.4
3104.1
3126.75
3149.45
3172.15
3194.85
3217.55
3240.2
3262.9
3285.6
3308.3
3330.95
3353.65
3376.35
3399.05
3421.7
3444.4
3467.1
3489.8
3512.45
3535.15
3557.85
3580.55
3603.2
3625.9
3648.6
3671.3
3694
3716.65
3739.35
3762.05
3784.75
3807.4
3830.1
3852.8
3875.5
3898.15
3920.85
3943.55
3966.25
3988.9
4011.6
4034.3
4057
4079.7
4102.35
4125.05
4147.75
4170.45
4193.1
4215.8
4238.5
4261.2
4283.85
4306.55
4329.25
4351.95
4374.6
4397.3
4420
4442.7
4465.35
4488.05
4510.75
4533.45
4556.15
4578.8
4601.5
4624.2
4646.9
4669.55
4692.25
4714.95
4737.65
4760.3
4783
4805.7
4828.4
4851.05
4873.75
4896.45
4919.15
4941.85
4964.5
4987.2
-1000
0.05
26
47.35
68.45
90.3
112.5
134.9
157.35
179.9
202.55
225.2
247.85
270.5
293.2
315.9
338.6
361.25
383.9
406.6
429.3
451.95
474.65
497.35
520.05
542.7
565.4
588.1
610.8
633.5
656.2
678.9
701.55
724.25
746.9
769.6
792.3
815
837.65
860.35
883.05
905.75
928.4
951.1
973.8
996.5
1019.2
1041.9
1064.6
1087.25
1109.95
1132.65
1155.35
1178.05
1200.7
1223.35
1246.05
1268.75
1291.45
1314.1
1336.8
1359.5
1382.2
1404.85
1427.55
1450.25
1472.95
1495.65
1518.35
1541.05
1563.7
1586.4
1609.05
1631.75
1654.45
1677.15
1699.8
1722.5
1745.2
1767.9
1790.55
1813.25
1835.95
1858.65
1881.35
1904.05
1926.75
1949.4
1972.1
1994.75
2017.45
2040.15
2062.85
2085.5
2108.2
2130.9
2153.6
2176.25
2198.95
2221.65
2244.35
2267
2289.7
2312.4
2335.1
2357.8
2380.5
2403.2
2425.85
2448.55
2471.2
2493.9
2516.6
2539.3
2561.95
2584.65
2607.35
2630.05
2652.7
2675.4
2698.1
2720.8
2743.5
2766.2
2788.9
2811.55
2834.25
2856.9
2879.6
2902.3
2925
2947.65
2970.35
2993.05
3015.75
3038.4
3061.1
3083.8
3106.5
3129.2
3151.9
3174.6
3197.25
3219.95
3242.65
3265.35
3288.05
3310.7
3333.35
3356.05
3378.75
3401.45
3424.1
3446.8
3469.5
3492.2
3514.85
3537.55
3560.25
3582.95
3605.65
3628.35
3651.05
3673.7
3696.4
3719.05
3741.75
3764.45
3787.15
3809.8
3832.5
3855.2
3877.9
3900.55
3923.25
3945.95
3968.65
3991.35
4014.05
4036.75
4059.4
4082.1
4104.75
4127.45
4150.15
4172.85
4195.5
4218.2
4240.9
4263.6
4286.25
4308.95
4331.65
4354.35
4377
4399.7
4422.4
4445.1
4467.8
4490.5
4513.2
4535.85
4558.55
4581.2
4603.9
4626.6
4649.3
4671.95
4694.65
4717.35
4740.05
4762.7
4785.4
4808.1
4830.8
4853.5
4876.2
4898.9
4921.55
4944.25
4966.9
4989.6
