0.05
14.3
32.25
50.2
68.15
86.1
104
121.95
139.9
157.85
175.8
193.75
211.7
229.6
247.55
265.5
283.45
301.4
319.35
337.3
355.2
373.15
391.1
409.05
427
444.95
462.9
480.8
498.75
516.7
534.65
552.6
570.55
588.5
606.4
624.35
642.3
660.25
678.2
696.15
714.1
732
749.95
767.9
785.85
803.8
821.75
839.7
857.6
875.55
893.5
911.45
929.4
947.35
965.3
983.2
1001.15
1019.1
1037.05
1055
1072.95
1090.9
1108.8
1126.75
1144.7
1162.65
1180.6
1198.55
1216.5
1234.4
1252.35
1270.3
1288.25
1306.2
1324.15
1342.1
1360
1377.95
1395.9
1413.85
1431.8
1449.75
1467.7
1485.6
1503.55
1521.5
1539.45
1557.4
1575.35
1593.3
1611.2
1629.15
1647.1
1665.05
1683
1700.95
1718.9
1736.8
1754.75
1772.7
1790.65
1808.6
1826.55
1844.5
1862.4
1880.35
1898.3
1916.25
1934.2
1952.15
1970.1
1988
2005.95
2023.9
2041.85
2059.8
2077.75
2095.7
2113.6
2131.55
2149.5
2167.45
2185.4
2203.35
2221.3
2239.2
2257.15
2275.1
2293.05
2311
2328.95
2346.9
2364.8
2382.75
2400.7
2418.65
2436.6
2454.55
2472.5
2490.4
2508.35
2526.3
2544.25
2562.2
2580.15
2598.1
2616
2633.95
2651.9
2669.85
2687.8
2705.75
2723.7
2741.6
2759.55
2777.5
2795.45
2813.4
2831.35
2849.3
2867.2
2885.15
2903.1
2921.05
2939
2956.95
2974.9
2992.8
3010.75
3028.7
3046.65
3064.6
3082.55
3100.5
3118.4
3136.35
3154.3
3172.25
3190.2
3208.15
3226.1
3244
3261.95
3279.9
3297.85
3315.8
3333.75
3351.7
3369.6
3387.55
3405.5
3423.45
3441.4
3459.35
3477.3
3495.2
3513.15
3531.1
3549.05
3567
3584.95
3602.9
3620.8
3638.75
3656.7
3674.65
3692.6
3710.55
3728.5
3746.4
3764.35
3782.3
3800.25
3818.2
3836.15
3854.05
3872
3889.95
3907.9
3925.85
3943.8
3961.75
3979.65
3997.6
4015.55
4033.5
4051.45
4069.4
4087.35
4105.25
4123.2
4141.15
4159.1
4177.05
4195
4212.95
4230.85
4248.8
4266.75
4284.7
4302.65
4320.6
4338.55
4356.45
4374.4
4392.35
4410.3
4428.25
4446.2
4464.15
4482.05
4500
4517.95
4535.9
4553.85
4571.8
4589.75
4607.65
4625.6
4643.55
4661.5
4679.45
4697.4
4715.35
4733.25
4751.2
4769.15
4787.1
4805.05
4823
4840.95
4858.85
4876.8
4894.75
4912.7
4930.65
4948.6
4966.55
-1000
0.05
26.05
47.05
67.25
86.55
105.4
124.05
142.45
160.75
178.95
197.05
215.05
233.05
251.1
269.15
287.15
305.15
323.15
341.05
358.95
376.95
394.95
412.9
430.9
448.85
466.75
484.65
502.6
520.6
538.55
556.55
574.5
592.35
610.25
628.25
646.2
664.2
682.15
700.1
718
735.85
753.85
771.8
789.8
807.75
825.7
843.6
861.45
879.45
897.4
915.4
933.35
951.3
969.2
987.05
1005.05
1023
1041
1058.95
1076.9
1094.8
1112.65
1130.65
1148.6
1166.6
1184.55
1202.5
1220.4
1238.25
1256.25
1274.2
1292.2
1310.15
1328.1
1346
1363.85
1381.85
1399.8
1417.8
1435.75
1453.7
1471.6
1489.45
1507.45
1525.4
1543.4
1561.35
1579.3
1597.2
1615.05
1633.05
1651
1669
1686.95
1704.9
1722.8
1740.65
1758.65
1776.6
1794.6
1812.55
1830.5
1848.4
1866.25
1884.25
1902.2
1920.2
1938.15
1956.1
1974
1991.85
2009.85
2027.8
2045.8
2063.75
2081.7
2099.6
2117.45
2135.45
2153.4
2171.4
2189.35
2207.3
2225.2
2243.05
2261.05
2279
2297
2314.95
2332.9
2350.8
2368.65
2386.65
2404.6
2422.6
2440.55
2458.5
2476.4
2494.25
2512.25
2530.2
2548.2
2566.15
2584.1
2602
2619.85
2637.85
2655.8
2673.8
2691.75
2709.7
2727.6
2745.45
2763.45
2781.4
2799.4
2817.35
2835.3
2853.2
2871.05
2889.05
2907
2925
2942.95
2960.9
2978.8
2996.65
3014.65
3032.6
3050.6
3068.55
3086.5
3104.4
3122.25
3140.25
3158.2
3176.2
3194.15
3212.1
3230
3247.85
3265.85
3283.8
3301.8
3319.75
3337.7
3355.6
3373.55
3391.5
3409.45
3427.45
3445.4
3463.35
3481.2
3499.2
3517.15
3535.1
3553.05
3571
3588.95
3606.85
3624.8
3642.75
3660.7
3678.65
3696.6
3714.55
3732.45
3750.4
3768.35
3786.3
3804.25
3822.2
3840.15
3858.05
3876
3893.95
3911.9
3929.85
3947.8
3965.75
3983.65
4001.6
4019.55
4037.5
4055.45
4073.4
4091.35
4109.25
4127.2
4145.15
4163.1
4181.05
4199
4216.95
4234.85
4252.8
4270.75
4288.7
4306.65
4324.6
4342.55
4360.45
4378.4
4396.35
4414.3
4432.25
4450.2
4468.15
4486.05
4504
4521.95
4539.9
4557.85
4575.8
4593.75
4611.65
4629.6
4647.55
4665.5
4683.45
4701.4
4719.35
4737.25
4755.2
4773.15
4791.1
4809.05
4827
4844.95
4862.85
4880.8
4898.75
4916.7
4934.65
4952.6
4970.55
4988.45
