0.05
26.6
58.25
89.9
121.6
153.25
184.9
216.55
248.25
279.9
311.55
343.2
374.9
406.55
438.2
469.9
501.55
533.2
564.85
596.55
628.2
659.85
691.5
723.2
754.85
786.5
818.2
849.85
881.5
913.15
944.85
976.5
1008.15
1039.8
1071.5
1103.15
1134.8
1166.45
1198.15
1229.8
1261.45
1293.15
1324.8
1356.45
1388.1
1419.8
1451.45
1483.1
1514.75
1546.45
1578.1
1609.75
1641.4
1673.1
1704.75
1736.4
1768.1
1799.75
1831.4
1863.05
1894.75
1926.4
1958.05
1989.7
2021.4
2053.05
2084.7
2116.4
2148.05
2179.7
2211.35
2243.05
2274.7
2306.35
2338
2369.7
2401.35
2433
2464.65
2496.35
2528
2559.65
2591.35
2623
2654.65
2686.3
2718
2749.65
2781.3
2812.95
2844.65
2876.3
2907.95
2939.65
2971.3
3002.95
3034.6
3066.3
3097.95
3129.6
3161.25
3192.95
3224.6
3256.25
3287.9
3319.6
3351.25
3382.9
3414.6
3446.25
3477.9
3509.55
3541.25
3572.9
3604.55
3636.2
3667.9
3699.55
3731.2
3762.85
3794.55
3826.2
3857.85
3889.55
3921.2
3952.85
3984.5
4016.2
4047.85
4079.5
4111.15
4142.85
4174.5
4206.15
4237.85
4269.5
4301.15
4332.8
4364.5
4396.15
4427.8
4459.45
4491.15
4522.8
4554.45
4586.1
4617.8
4649.45
4681.1
4712.8
4744.45
4776.1
4807.75
4839.45
4871.1
4902.75
4934.4
4966.1
4997.75
-1000
0.05
26
58.05
89.95
121.65
153.35
185.05
216.7
248.35
280.05
311.7
343.35
375
406.7
438.35
470
501.7
533.35
565
596.65
628.35
660
691.65
723.3
755
786.65
818.3
849.95
881.65
913.3
944.95
976.65
1008.3
1039.95
1071.6
1103.3
1134.95
1166.6
1198.25
1229.95
1261.6
1293.25
1324.95
1356.6
1388.25
1419.9
1451.6
1483.25
1514.9
1546.55
1578.25
1609.9
1641.55
1673.2
1704.9
1736.55
1768.2
1799.9
1831.55
1863.2
1894.85
1926.55
1958.2
1989.85
2021.5
2053.2
2084.85
2116.5
2148.2
2179.85
2211.5
2243.15
2274.85
2306.5
2338.15
2369.8
2401.5
2433.15
2464.8
2496.45
2528.15
2559.8
2591.45
2623.15
2654.8
2686.45
2718.1
2749.8
2781.45
2813.1
2844.75
2876.45
2908.1
2939.75
2971.4
3003.1
3034.75
3066.4
3098.1
3129.75
3161.4
3193.05
3224.75
3256.4
3288.05
3319.7
3351.4
3383.05
3414.7
3446.4
3478.05
3509.7
3541.35
3573.05
3604.7
3636.35
3668
3699.7
3731.35
3763
3794.65
3826.35
3858
3889.65
3921.35
3953
3984.65
4016.3
4048
4079.65
4111.3
4142.95
4174.65
4206.3
4237.95
4269.6
4301.3
4332.95
4364.6
4396.3
4427.95
4459.6
4491.25
4522.95
4554.6
4586.25
4617.9
4649.6
4681.25
4712.9
4744.6
4776.25
4807.9
4839.55
4871.25
4902.9
4934.55
4966.2
4997.9
