0.05
16.2
36.25
56.35
76.45
96.55
116.6
136.7
156.8
176.85
196.95
217.05
237.15
257.2
277.3
297.4
317.45
337.55
357.65
377.75
397.8
417.9
438
458.05
478.15
498.25
518.35
538.4
558.5
578.6
598.65
618.75
638.85
658.95
679
699.1
719.2
739.25
759.35
779.45
799.55
819.6
839.7
859.8
879.85
899.95
920.05
940.15
960.2
980.3
1000.4
1020.45
1040.55
1060.65
1080.75
1100.8
1120.9
1141
1161.05
1181.15
1201.25
1221.35
1241.4
1261.5
1281.6
1301.65
1321.75
1341.85
1361.95
1382
1402.1
1422.2
1442.25
1462.35
1482.45
1502.55
1522.6
1542.7
1562.8
1582.85
1602.95
1623.05
1643.15
1663.2
1683.3
1703.4
1723.45
1743.55
1763.65
1783.75
1803.8
1823.9
1844
1864.05
1884.15
1904.25
1924.35
1944.4
1964.5
1984.6
2004.65
2024.75
2044.85
2064.95
2085
2105.1
2125.2
2145.25
2165.35
2185.45
2205.55
2225.6
2245.7
2265.8
2285.85
2305.95
2326.05
2346.15
2366.2
2386.3
2406.4
2426.45
2446.55
2466.65
2486.75
2506.8
2526.9
2547
2567.05
2587.15
2607.25
2627.35
2647.4
2667.5
2687.6
2707.65
2727.75
2747.85
2767.95
2788
2808.1
2828.2
2848.25
2868.35
2888.45
2908.55
2928.6
2948.7
2968.8
2988.85
3008.95
3029.05
3049.15
3069.2
3089.3
3109.4
3129.45
3149.55
3169.65
3189.75
3209.8
3229.9
3250
3270.05
3290.15
3310.25
3330.35
3350.4
3370.5
3390.6
3410.65
3430.75
3450.85
3470.9
3491
3511.1
3531.2
3551.25
3571.35
3591.45
3611.5
3631.6
3651.7
3671.8
3691.85
3711.95
3732.05
3752.1
3772.2
3792.3
3812.4
3832.45
3852.55
3872.65
3892.7
3912.8
3932.9
3953
3973.05
3993.15
4013.25
4033.3
4053.4
4073.5
4093.6
4113.65
4133.75
4153.85
4173.9
4194
4214.1
4234.2
4254.25
4274.35
4294.45
4314.5
4334.6
4354.7
4374.8
4394.85
4414.95
4435.05
4455.1
4475.2
4495.3
4515.4
4535.45
4555.55
4575.65
4595.7
4615.8
4635.9
4656
4676.05
4696.15
4716.25
4736.3
4756.4
4776.5
4796.6
4816.65
4836.75
4856.85
4876.9
4897
4917.1
4937.2
4957.25
4977.35
-1000
0.05
26
48.35
68.4
88.45
108.55
128.55
148.65
168.75
188.85
208.9
229
249.1
269.15
289.25
309.35
329.45
349.5
369.6
389.7
409.75
429.8
449.95
470.05
490.1
510.2
530.3
550.35
570.4
590.55
610.65
630.7
650.8
670.9
690.95
711
731.15
751.25
771.3
791.4
811.5
831.55
851.6
871.75
891.85
911.9
932
952.1
972.15
992.2
1012.35
1032.45
1052.5
1072.6
1092.7
1112.75
1132.8
1152.95
1173.05
1193.1
1213.2
1233.3
1253.35
1273.4
1293.55
1313.65
1333.7
1353.8
1373.9
1393.95
1414
1434.15
1454.25
1474.3
1494.4
1514.5
1534.55
1554.6
1574.75
1594.75
1614.85
1635
1655.1
1675.1
1695.2
1715.35
1735.35
1755.45
1775.6
1795.7
1815.7
1835.8
1855.95
1875.95
1896.05
1916.2
1936.3
1956.3
1976.4
1996.55
2016.55
2036.65
2056.8
2076.9
2096.9
2117
2137.15
2157.15
2177.25
2197.4
2217.5
2237.5
2257.6
2277.75
2297.75
2317.85
2338
2358.1
2378.1
2398.2
2418.35
2438.35
2458.45
2478.6
2498.7
2518.7
2538.8
2558.95
2578.95
2599.05
2619.2
2639.3
2659.3
2679.4
2699.55
2719.55
2739.65
2759.8
2779.9
2799.9
2820
2840.15
2860.15
2880.25
2900.4
2920.5
2940.5
2960.6
2980.75
3000.75
3020.85
3041
3061.1
3081.15
3101.25
3121.35
3141.4
3161.45
3181.6
3201.7
3221.75
3241.85
3261.95
3282
3302.05
3322.2
3342.3
3362.35
3382.45
3402.55
3422.6
3442.65
3462.8
3482.9
3502.95
3523.05
3543.15
3563.2
3583.25
3603.4
3623.5
3643.55
3663.65
3683.75
3703.8
3723.85
3744
3764.1
3784.15
3804.25
3824.35
3844.4
3864.45
3884.6
3904.7
3924.75
3944.85
3964.95
3985
4005.05
4025.2
4045.3
4065.35
4085.45
4105.55
4125.6
4145.65
4165.8
4185.9
4205.95
4226.05
4246.15
4266.2
4286.25
4306.4
4326.5
4346.55
4366.65
4386.75
4406.8
4426.85
4447
4467.1
4487.15
4507.25
4527.35
4547.4
4567.45
4587.6
4607.7
4627.75
4647.85
4667.95
4688
4708.05
4728.2
4748.3
4768.35
4788.45
4808.55
4828.6
4848.65
4868.8
4888.9
4908.95
4929.05
4949.15
4969.2
4989.25
