0.05
21.9
48.4
74.9
101.4
127.9
154.4
180.9
207.4
233.9
260.35
286.85
313.35
339.85
366.35
392.85
419.35
445.85
472.35
498.85
525.35
551.85
578.35
604.85
631.3
657.8
684.3
710.8
737.3
763.8
790.3
816.8
843.3
869.8
896.3
922.8
949.3
975.8
1002.3
1028.75
1055.25
1081.75
1108.25
1134.75
1161.25
1187.75
1214.25
1240.75
1267.25
1293.75
1320.25
1346.75
1373.25
1399.7
1426.2
1452.7
1479.2
1505.7
1532.2
1558.7
1585.2
1611.7
1638.2
1664.7
1691.2
1717.7
1744.2
1770.7
1797.15
1823.65
1850.15
1876.65
1903.15
1929.65
1956.15
1982.65
2009.15
2035.65
2062.15
2088.65
2115.15
2141.65
2168.1
2194.6
2221.1
2247.6
2274.1
2300.6
2327.1
2353.6
2380.1
2406.6
2433.1
2459.6
2486.1
2512.6
2539.1
2565.55
2592.05
2618.55
2645.05
2671.55
2698.05
2724.55
2751.05
2777.55
2804.05
2830.55
2857.05
2883.55
2910.05
2936.5
2963
2989.5
3016
3042.5
3069
3095.5
3122
3148.5
3175
3201.5
3228
3254.5
3281
3307.45
3333.95
3360.45
3386.95
3413.45
3439.95
3466.45
3492.95
3519.45
3545.95
3572.45
3598.95
3625.45
3651.95
3678.45
3704.9
3731.4
3757.9
3784.4
3810.9
3837.4
3863.9
3890.4
3916.9
3943.4
3969.9
3996.4
4022.9
4049.4
4075.85
4102.35
4128.85
4155.35
4181.85
4208.35
4234.85
4261.35
4287.85
4314.35
4340.85
4367.35
4393.85
4420.35
4446.85
4473.3
4499.8
4526.3
4552.8
4579.3
4605.8
4632.3
4658.8
4685.3
4711.8
4738.3
4764.8
4791.3
4817.8
4844.25
4870.75
4897.25
4923.75
4950.25
4976.75
-1000
0.05
26
48.2
71.85
96.55
121.4
145.65
167.65
185.9
207
230.7
255.35
280.2
304.3
326
344
365.55
389.45
414.2
439.05
463.05
484.55
502.6
524.35
548.35
573.1
597.95
621.75
642.95
661.1
683.1
707.15
731.95
756.75
780.55
801.6
819.85
841.95
866.1
890.9
915.7
939.35
960.3
978.65
1000.8
1024.95
1049.75
1074.55
1098.1
1118.85
1137.35
1159.7
1183.9
1208.75
1233.5
1257
1277.65
1296.25
1318.6
1342.85
1367.65
1392.35
1415.7
1436.1
1454.9
1477.45
1501.7
1526.55
1551.3
1574.6
1594.95
1613.85
1636.4
1660.7
1685.55
1710.25
1733.55
1753.85
1772.65
1795.25
1819.6
1844.45
1869.15
1892.35
1912.55
1931.55
1954.25
1978.55
2003.45
2028.1
2051.3
2071.45
2090.5
2113.2
2137.5
2162.35
2186.95
2209.95
2229.85
2249.15
2272
2296.4
2321.25
2345.9
2368.9
2388.75
2408.1
2430.95
2455.35
2480.25
2504.9
2527.8
2547.5
2566.95
2589.85
2614.3
2639.15
2663.8
2686.65
2706.35
2725.85
2748.8
2773.25
2798.15
2822.75
2845.6
2865.25
2884.8
2907.7
2932.15
2957
2981.55
3004.25
3023.6
3043.45
3066.55
3091.1
3115.95
3140.5
3163.15
3182.5
3202.4
3225.55
3250.05
3274.9
3299.4
3321.9
3341.05
3361.15
3384.4
3408.95
3433.8
3458.3
3480.8
3499.9
3520.05
3543.35
3567.9
3592.8
3617.25
3639.7
3658.75
3678.85
3702.2
3726.75
3751.65
3776.05
3798.35
3817.2
3837.65
3861.1
3885.7
3910.6
3935
3957.25
3976.1
3996.65
4020.1
4044.65
4069.5
4093.8
4115.95
4134.65
4155.35
4178.9
4203.55
4228.45
4252.8
4274.9
