0.05
21.55
47.6
73.7
99.8
125.9
151.95
178.05
204.15
230.2
256.3
282.4
308.5
334.55
360.65
386.75
412.85
438.9
465
491.1
517.2
543.25
569.35
595.45
621.5
647.6
673.7
699.8
725.85
751.95
778.05
804.15
830.2
856.3
882.4
908.5
934.55
960.65
986.75
1012.8
1038.9
1065
1091.1
1117.15
1143.25
1169.35
1195.45
1221.5
1247.6
1273.7
1299.75
1325.85
1351.95
1378.05
1404.1
1430.2
1456.3
1482.4
1508.45
1534.55
1560.65
1586.75
1612.8
1638.9
1665
1691.05
1717.15
1743.25
1769.35
1795.4
1821.5
1847.6
1873.7
1899.75
1925.85
1951.95
1978
2004.1
2030.2
2056.3
2082.35
2108.45
2134.55
2160.65
2186.7
2212.8
2238.9
2265
2291.05
2317.15
2343.25
2369.3
2395.4
2421.5
2447.6
2473.65
2499.75
2525.85
2551.95
2578
2604.1
2630.2
2656.3
2682.35
2708.45
2734.55
2760.6
2786.7
2812.8
2838.9
2864.95
2891.05
2917.15
2943.25
2969.3
2995.4
3021.5
3047.55
3073.65
3099.75
3125.85
3151.9
3178
3204.1
3230.2
3256.25
3282.35
3308.45
3334.55
3360.6
3386.7
3412.8
3438.85
3464.95
3491.05
3517.15
3543.2
3569.3
3595.4
3621.5
3647.55
3673.65
3699.75
3725.8
3751.9
3778
3804.1
3830.15
3856.25
3882.35
3908.45
3934.5
3960.6
3986.7
4012.8
4038.85
4064.95
4091.05
4117.1
4143.2
4169.3
4195.4
4221.45
4247.55
4273.65
4299.75
4325.8
4351.9
4378
4404.05
4430.15
4456.25
4482.35
4508.4
4534.5
4560.6
4586.7
4612.75
4638.85
4664.95
4691.05
4717.1
4743.2
4769.3
4795.35
4821.45
4847.55
4873.65
4899.7
4925.8
4951.9
4978
-1000
0.05
26
44.05
65.4
89.05
113.55
138.25
162.65
185.55
205.6
224.6
246.95
271
295.65
320.35
344.5
366.55
385.45
405.7
428.75
453.05
477.75
502.35
526
547.05
565.15
586.85
610.6
635.1
659.85
684.25
706.95
726.7
745.95
768.5
792.65
817.25
841.9
865.95
887.75
906.2
926.9
950.25
974.65
999.4
1023.9
1047.35
1068.2
1086.5
1108.3
1132.15
1156.75
1181.45
1205.75
1228.15
1247.5
1267.15
1290
1314.2
1338.85
1363.5
1387.45
1409.05
1427.15
1448.25
1471.8
1496.2
1520.9
1545.4
1568.5
1588.75
1607.4
1629.7
1653.7
1678.3
1703
1727.2
1749.4
1768.35
1788.35
1811.4
1835.7
1860.45
1885.05
1908.65
1929.9
1947.95
1969.55
1993.25
2017.75
2042.5
2066.9
2089.7
2109.55
2128.7
2151.2
2175.25
2199.85
2224.55
2248.6
2270.5
2289.05
2309.65
2332.95
2357.3
2382
2406.6
2430.1
2451.05
2469.25
2491.05
2514.85
2539.4
2564.1
2588.4
2610.95
2630.45
2649.95
2672.7
2696.85
2721.5
2746.2
2770.15
2791.95
2810.25
2831.1
2854.45
2878.85
2903.6
2928.1
2951.4
2971.85
2990.4
3012.5
3036.4
3061
3085.7
3109.95
3132.35
3151.55
3171.35
3194.25
3218.45
3243.15
3267.75
3291.55
3313
3331
3352.35
3375.95
3400.45
3425.2
3449.6
3472.65
3492.8
3511.65
3533.9
3557.9
3582.55
3607.25
3631.4
3653.45
3672.3
3692.55
3715.7
3740
3764.7
3789.3
3813
3834.15
3852.25
3873.85
3897.55
3922.05
3946.75
3971.1
3993.8
4013.5
4032.75
4055.35
4079.5
4104.15
4128.8
4152.85
4174.7
4193.2
4213.8
4237.15
4261.55
4286.25
4310.8
4334.15
