0.05
18.75
41.75
64.7
87.7
110.65
133.65
156.65
179.6
202.6
225.55
248.55
271.55
294.5
317.5
340.45
363.45
386.45
409.4
432.4
455.35
478.35
501.35
524.3
547.3
570.25
593.25
616.25
639.2
662.2
685.15
708.15
731.15
754.1
777.1
800.05
823.05
846.05
869
892
915
937.95
960.95
983.9
1006.9
1029.9
1052.85
1075.85
1098.8
1121.8
1144.8
1167.75
1190.75
1213.7
1236.7
1259.7
1282.65
1305.65
1328.6
1351.6
1374.6
1397.55
1420.55
1443.5
1466.5
1489.5
1512.45
1535.45
1558.4
1581.4
1604.4
1627.35
1650.35
1673.3
1696.3
1719.3
1742.25
1765.25
1788.2
1811.2
1834.2
1857.15
1880.15
1903.1
1926.1
1949.1
1972.05
1995.05
2018
2041
2064
2086.95
2109.95
2132.9
2155.9
2178.9
2201.85
2224.85
2247.8
2270.8
2293.8
2316.75
2339.75
2362.7
2385.7
2408.7
2431.65
2454.65
2477.6
2500.6
2523.6
2546.55
2569.55
2592.5
2615.5
2638.5
2661.45
2684.45
2707.4
2730.4
2753.4
2776.35
2799.35
2822.3
2845.3
2868.3
2891.25
2914.25
2937.2
2960.2
2983.2
3006.15
3029.15
3052.1
3075.1
3098.1
3121.05
3144.05
3167
3190
3213
3235.95
3258.95
3281.9
3304.9
3327.9
3350.85
3373.85
3396.8
3419.8
3442.8
3465.75
3488.75
3511.7
3534.7
3557.7
3580.65
3603.65
3626.6
3649.6
3672.6
3695.55
3718.55
3741.5
3764.5
3787.5
3810.45
3833.45
3856.4
3879.4
3902.4
3925.35
3948.35
3971.3
3994.3
4017.3
4040.25
4063.25
4086.2
4109.2
4132.2
4155.15
4178.15
4201.1
4224.1
4247.1
4270.05
4293.05
4316
4339
4362
4384.95
4407.95
4430.9
4453.9
4476.9
4499.85
4522.85
4545.85
4568.8
4591.8
4614.75
4637.75
4660.75
4683.7
4706.7
4729.65
4752.65
4775.65
4798.6
4821.6
4844.55
4867.55
4890.55
4913.5
4936.5
4959.45
4982.45
-1000
0.05
26.5
48.85
70.35
90.45
108.45
128
149.15
171
193.4
216
238.75
261.6
284.45
307.35
330.3
353.25
376.2
399.15
422.1
445.1
468.1
491.1
514.05
537.05
560.05
583
606
629
651.95
674.95
697.9
720.9
743.9
766.85
789.85
812.8
835.8
858.8
881.75
904.75
927.7
950.7
973.7
996.65
1019.65
1042.6
1065.6
1088.6
1111.55
1134.55
1157.5
1180.45
1203.45
1226.45
1249.45
1272.4
1295.35
1318.35
1341.35
1364.35
1387.3
1410.25
1433.25
1456.25
1479.25
1502.2
1525.15
1548.15
1571.15
1594.15
1617.1
1640.05
1663.05
1686.05
1709.05
1732
1754.95
1777.95
1800.95
1823.95
1846.9
1869.85
1892.85
1915.85
1938.85
1961.8
1984.75
2007.75
2030.75
2053.75
2076.7
2099.65
2122.65
2145.65
2168.65
2191.6
2214.55
2237.55
2260.55
2283.55
2306.5
2329.45
2352.45
2375.45
2398.45
2421.4
2444.35
2467.35
2490.35
2513.35
2536.3
2559.25
2582.25
2605.25
2628.25
2651.2
2674.15
2697.15
2720.15
2743.15
2766.1
2789.05
2812.05
2835.05
2858.05
2881
2903.95
2926.95
2949.95
2972.95
2995.9
3018.85
3041.85
3064.85
3087.85
3110.8
3133.75
3156.75
3179.75
3202.75
3225.7
3248.65
3271.65
3294.65
3317.65
3340.6
3363.55
3386.55
3409.55
3432.55
3455.5
3478.45
3501.45
3524.45
3547.45
3570.4
3593.35
3616.35
3639.35
3662.35
3685.3
3708.25
3731.25
3754.25
3777.25
3800.2
3823.15
3846.15
3869.15
3892.15
3915.1
3938.05
3961.05
3984.05
4007.05
4030
4052.95
4075.95
4098.95
4121.95
4144.9
4167.9
4190.9
4213.85
4236.85
4259.85
4282.8
4305.8
4328.75
4351.75
4374.75
4397.7
4420.7
4443.65
4466.65
4489.65
4512.6
4535.6
4558.55
4581.55
4604.55
4627.5
4650.5
4673.45
4696.45
4719.45
4742.4
4765.4
4788.35
4811.3
4834.3
4857.3
4880.3
4903.25
4926.2
4949.2
4972.2
