0.05
15.45
34.75
54
73.3
92.55
111.85
131.1
150.4
169.65
188.9
208.2
227.45
246.75
266
285.3
304.55
323.8
343.1
362.35
381.65
400.9
420.2
439.45
458.75
478
497.25
516.55
535.8
555.1
574.35
593.65
612.9
632.2
651.45
670.7
690
709.25
728.55
747.8
767.1
786.35
805.6
824.9
844.15
863.45
882.7
902
921.25
940.55
959.8
979.05
998.35
1017.6
1036.9
1056.15
1075.45
1094.7
1114
1133.25
1152.5
1171.8
1191.05
1210.35
1229.6
1248.9
1268.15
1287.4
1306.7
1325.95
1345.25
1364.5
1383.8
1403.05
1422.35
1441.6
1460.85
1480.15
1499.4
1518.7
1537.95
1557.25
1576.5
1595.8
1615.05
1634.3
1653.6
1672.85
1692.15
1711.4
1730.7
1749.95
1769.2
1788.5
1807.75
1827.05
1846.3
1865.6
1884.85
1904.15
1923.4
1942.65
1961.95
1981.2
2000.5
2019.75
2039.05
2058.3
2077.6
2096.85
2116.1
2135.4
2154.65
2173.95
2193.2
2212.5
2231.75
2251
2270.3
2289.55
2308.85
2328.1
2347.4
2366.65
2385.95
2405.2
2424.45
2443.75
2463
2482.3
2501.55
2520.85
2540.1
2559.4
2578.65
2597.9
2617.2
2636.45
2655.75
2675
2694.3
2713.55
2732.8
2752.1
2771.35
2790.65
2809.9
2829.2
2848.45
2867.75
2887
2906.25
2925.55
2944.8
2964.1
2983.35
3002.65
3021.9
3041.2
3060.45
3079.7
3099
3118.25
3137.55
3156.8
3176.1
3195.35
3214.6
3233.9
3253.15
3272.45
3291.7
3311
3330.25
3349.55
3368.8
3388.05
3407.35
3426.6
3445.9
3465.15
3484.45
3503.7
3523
3542.25
3561.5
3580.8
3600.05
3619.35
3638.6
3657.9
3677.15
3696.4
3715.7
3734.95
3754.25
3773.5
3792.8
3812.05
3831.35
3850.6
3869.85
3889.15
3908.4
3927.7
3946.95
3966.25
3985.5
4004.8
4024.05
4043.3
4062.6
4081.85
4101.15
4120.4
4139.7
4158.95
4178.2
4197.5
4216.75
4236.05
4255.3
4274.6
4293.85
4313.15
4332.4
4351.65
4370.95
4390.2
4409.5
4428.75
4448.05
4467.3
4486.6
4505.85
4525.1
4544.4
4563.65
4582.95
4602.2
4621.5
4640.75
4660
4679.3
4698.55
4717.85
4737.1
4756.4
4775.65
4794.95
4814.2
4833.45
4852.75
4872
4891.3
4910.55
4929.85
4949.1
4968.4
4987.65
-1000
0.05
26
45.65
64.55
83.6
102.7
121.85
141
160.25
179.45
198.75
218
237.3
256.6
275.85
295.15
314.35
333.65
352.9
372.2
391.5
410.75
430.05
449.25
468.55
487.75
507.05
526.35
545.65
564.95
584.2
603.5
622.7
642
661.2
680.5
699.8
719.1
738.4
757.65
776.95
796.15
815.45
834.7
854
873.3
892.55
911.85
931.05
950.35
969.55
988.85
1008.15
1027.45
1046.75
1066
1085.3
1104.5
1123.8
1143
1162.3
1181.6
1200.9
1220.2
1239.45
1258.75
1277.95
1297.25
1316.5
1335.8
1355.1
1374.35
1393.65
1412.85
1432.15
1451.35
1470.65
1489.95
1509.25
1528.55
1547.8
1567.1
1586.3
1605.6
1624.8
1644.1
1663.4
1682.7
1702
1721.25
1740.55
1759.75
1779.05
1798.3
1817.6
1836.9
1856.15
1875.45
1894.65
1913.95
1933.15
1952.45
1971.75
1991.05
2010.35
2029.6
2048.9
2068.1
2087.4
2106.6
2125.9
2145.2
2164.5
2183.8
2203.05
2222.35
2241.55
2260.85
2280.1
2299.4
2318.7
2337.95
2357.25
2376.45
2395.75
2414.95
2434.25
2453.55
2472.85
2492.15
2511.4
2530.7
2549.9
2569.2
2588.4
2607.7
2627
2646.3
2665.6
2684.85
2704.15
2723.35
2742.65
2761.9
2781.2
2800.5
2819.75
2839.05
2858.25
2877.55
2896.75
2916.05
2935.35
2954.65
2973.95
2993.2
3012.5
3031.7
3051
3070.2
3089.5
3108.8
3128.1
3147.4
3166.65
3185.95
3205.15
3224.45
3243.7
3263
3282.3
3301.55
3320.85
3340.05
3359.35
3378.55
3397.85
3417.15
3436.45
3455.75
3475
3494.3
3513.5
3532.8
3552
3571.3
3590.6
3609.9
3629.2
3648.45
3667.75
3686.95
3706.25
3725.5
3744.8
3764.1
3783.35
3802.65
3821.85
3841.15
3860.35
3879.65
3898.95
3918.25
3937.55
3956.8
3976.1
3995.3
4014.6
4033.8
4053.1
4072.4
4091.7
4111
4130.25
4149.55
4168.75
4188.05
4207.3
4226.6
4245.9
4265.15
4284.45
4303.65
4322.95
4342.15
4361.45
4380.75
4400.05
4419.35
4438.6
4457.9
4477.1
4496.4
4515.6
4534.9
4554.2
4573.5
4592.8
4612.05
4631.35
4650.55
4669.85
4689.1
4708.4
4727.7
4746.95
4766.25
4785.45
4804.75
4823.95
4843.25
4862.55
4881.85
4901.15
4920.4
4939.7
4958.9
4978.2
4997.4
