0.05
19.9
44.15
68.35
92.6
116.85
141.1
165.35
189.6
213.85
238.1
262.35
286.55
310.8
335.05
359.3
383.55
407.8
432.05
456.3
480.55
504.8
529
553.25
577.5
601.75
626
650.25
674.5
698.75
723
747.25
771.45
795.7
819.95
844.2
868.45
892.7
916.95
941.2
965.45
989.7
1013.9
1038.15
1062.4
1086.65
1110.9
1135.15
1159.4
1183.65
1207.9
1232.1
1256.35
1280.6
1304.85
1329.1
1353.35
1377.6
1401.85
1426.1
1450.35
1474.55
1498.8
1523.05
1547.3
1571.55
1595.8
1620.05
1644.3
1668.55
1692.8
1717
1741.25
1765.5
1789.75
1814
1838.25
1862.5
1886.75
1911
1935.25
1959.45
1983.7
2007.95
2032.2
2056.45
2080.7
2104.95
2129.2
2153.45
2177.7
2201.9
2226.15
2250.4
2274.65
2298.9
2323.15
2347.4
2371.65
2395.9
2420.1
2444.35
2468.6
2492.85
2517.1
2541.35
2565.6
2589.85
2614.1
2638.35
2662.55
2686.8
2711.05
2735.3
2759.55
2783.8
2808.05
2832.3
2856.55
2880.8
2905
2929.25
2953.5
2977.75
3002
3026.25
3050.5
3074.75
3099
3123.25
3147.45
3171.7
3195.95
3220.2
3244.45
3268.7
3292.95
3317.2
3341.45
3365.65
3389.9
3414.15
3438.4
3462.65
3486.9
3511.15
3535.4
3559.65
3583.9
3608.1
3632.35
3656.6
3680.85
3705.1
3729.35
3753.6
3777.85
3802.1
3826.35
3850.55
3874.8
3899.05
3923.3
3947.55
3971.8
3996.05
4020.3
4044.55
4068.8
4093
4117.25
4141.5
4165.75
4190
4214.25
4238.5
4262.75
4287
4311.2
4335.45
4359.7
4383.95
4408.2
4432.45
4456.7
4480.95
4505.2
4529.45
4553.65
4577.9
4602.15
4626.4
4650.65
4674.9
4699.15
4723.4
4747.65
4771.9
4796.1
4820.35
4844.6
4868.85
4893.1
4917.35
4941.6
4965.85
4990.1
-1000
0.05
26
49.35
72
95.3
118.9
142.7
166.6
190.5
214.5
238.45
262.45
286.35
310.2
333.95
357.5
380.45
401.9
421
440
461.45
484.15
507.5
531.05
554.8
578.7
602.65
626.6
650.6
674.55
698.5
722.35
746.1
769.6
792.4
813.65
832.5
851.8
873.4
896.2
919.55
943.2
967
990.85
1014.75
1038.7
1062.65
1086.6
1110.55
1134.4
1158.1
1181.5
1204.1
1224.95
1243
1263.05
1285.05
1308.05
1331.5
1355.2
1379.05
1402.95
1426.9
1450.9
1474.85
1498.75
1522.65
1546.5
1570.2
1593.55
1616
1636.6
1654.6
1674.95
1697.05
1720.05
1743.55
1767.3
1791.15
1815.05
1839
1862.95
1886.95
1910.9
1934.8
1958.6
1982.15
2005.35
2027.4
2047.35
2065.65
2086.5
2108.95
2132.1
2155.65
2179.4
2203.2
2227.15
2251.1
2275.05
2299.05
2323
2346.9
2370.7
2394.3
2417.45
2439.3
2459.05
2477.5
2498.5
2521
2544.2
2567.8
2591.55
2615.4
2639.3
2663.2
2687.15
2711.1
2735.05
2758.95
2782.7
2806.25
2829.2
2850.6
2869.65
2888.65
2910.05
2932.8
2956.15
2979.75
3003.55
3027.45
3051.4
3075.35
3099.35
3123.3
3147.15
3171.05
3194.8
3218.3
3241.15
3262.4
3281.25
3300.55
3322.15
3344.95
3368.25
3391.9
3415.7
3439.6
3463.5
3487.5
3511.45
3535.45
3559.35
3583.25
3606.95
3630.4
3653.25
3674.4
3693.25
3712.6
3734.25
3757.1
3780.45
3804.1
3827.85
3851.7
3875.6
3899.6
3923.55
3947.5
3971.45
3995.3
4019
4042.4
4065
4085.75
4103.8
4123.9
4145.95
4168.95
4192.4
4216.1
4239.95
4263.85
4287.8
4311.75
4335.7
4359.65
4383.55
4407.4
4431.1
4454.4
4476.85
4497.4
4515.35
4535.75
4557.9
4580.95
4604.45
4628.2
4652.05
4675.95
4699.9
4723.9
