0.05
20.35
45.1
69.85
94.65
119.4
144.15
168.95
193.7
218.45
243.2
268
292.75
317.5
342.3
367.05
391.8
416.55
441.35
466.1
490.85
515.6
540.4
565.15
589.9
614.7
639.45
664.2
688.95
713.75
738.5
763.25
788.05
812.8
837.55
862.3
887.1
911.85
936.6
961.35
986.15
1010.9
1035.65
1060.45
1085.2
1109.95
1134.7
1159.5
1184.25
1209
1233.8
1258.55
1283.3
1308.05
1332.85
1357.6
1382.35
1407.1
1431.9
1456.65
1481.4
1506.2
1530.95
1555.7
1580.45
1605.25
1630
1654.75
1679.55
1704.3
1729.05
1753.8
1778.6
1803.35
1828.1
1852.9
1877.65
1902.4
1927.15
1951.95
1976.7
2001.45
2026.2
2051
2075.75
2100.5
2125.3
2150.05
2174.8
2199.55
2224.35
2249.1
2273.85
2298.65
2323.4
2348.15
2372.9
2397.7
2422.45
2447.2
2471.95
2496.75
2521.5
2546.25
2571.05
2595.8
2620.55
2645.3
2670.1
2694.85
2719.6
2744.4
2769.15
2793.9
2818.65
2843.45
2868.2
2892.95
2917.7
2942.5
2967.25
2992
3016.8
3041.55
3066.3
3091.05
3115.85
3140.6
3165.35
3190.15
3214.9
3239.65
3264.4
3289.2
3313.95
3338.7
3363.45
3388.25
3413
3437.75
3462.55
3487.3
3512.05
3536.8
3561.6
3586.35
3611.1
3635.9
3660.65
3685.4
3710.15
3734.95
3759.7
3784.45
3809.25
3834
3858.75
3883.5
3908.3
3933.05
3957.8
3982.55
4007.35
4032.1
4056.85
4081.65
4106.4
4131.15
4155.9
4180.7
4205.45
4230.2
4255
4279.75
4304.5
4329.25
4354.05
4378.8
4403.55
4428.3
4453.1
4477.85
4502.6
4527.4
4552.15
4576.9
4601.65
4626.45
4651.2
4675.95
4700.75
4725.5
4750.25
4775
4799.8
4824.55
4849.3
4874.05
4898.85
4923.6
4948.35
4973.15
4997.9
-1000
0.05
26
48.45
71.15
94.7
118.65
142.75
166.9
191.1
215.1
238.85
261.75
282.65
300.65
321.2
343.75
367.2
391.1
415.2
439.35
463.55
487.55
511.35
534.3
555.35
573.45
593.8
616.25
639.65
663.55
687.65
711.8
736
760.1
783.9
807.05
828.3
846.9
866.75
888.95
912.25
936.05
960.15
984.3
1008.5
1032.6
1056.5
1079.85
1101.4
1120.4
1139.75
1161.7
1184.9
1208.65
1232.7
1256.8
1281
1305.1
1329.05
1352.5
1374.4
1393.85
1412.8
1434.4
1457.5
1481.2
1505.2
1529.3
1553.45
1577.6
1601.6
1625.15
1647.4
1667.3
1685.8
1707.1
1730
1753.7
1777.65
1801.8
1826
1850.15
1874.15
1897.85
1920.45
1940.95
1959.05
1979.9
2002.65
2026.25
2050.15
2074.3
2098.5
2122.65
2146.7
2170.4
2193.2
2214
2232
2252.7
2275.3
2298.75
2322.65
2346.75
2370.9
2395.1
2419.15
2442.9
2465.8
2486.75
2504.8
2525.3
2547.8
2571.25
2595.1
2619.2
2643.35
2667.55
2691.65
2715.45
2738.5
2759.7
2778
2798.1
2820.45
2843.8
2867.6
2891.65
2915.85
2940
2964.15
2988
3011.2
3032.7
3051.45
3071.1
3093.15
3116.35
3140.2
3164.2
3188.35
3212.55
3236.65
3260.55
3283.95
3305.75
3325
3344.1
3365.85
3388.95
3412.7
3436.75
3460.85
3485.05
3509.15
3533.15
3556.65
3578.75
3598.5
3617.15
3638.6
3661.55
3685.2
3709.2
3733.35
3757.55
3781.7
3805.7
3829.35
3851.85
3872.1
3890.35
3911.4
3934.15
3957.75
3981.7
4005.85
4030.05
4054.2
4078.25
4101.95
4124.65
4145.3
4163.35
4184.1
4206.8
4230.3
4254.25
4278.3
4302.5
4326.65
4350.7
4374.5
4397.3
4418.2
4436.2
4456.75
4479.3
4502.8
4526.7
4550.75
4574.9
4599.1
