0.05
21.9
48.4
74.9
101.4
127.9
154.4
180.9
207.4
233.9
260.35
286.85
313.35
339.85
366.35
392.85
419.35
445.85
472.35
498.85
525.35
551.85
578.35
604.85
631.3
657.8
684.3
710.8
737.3
763.8
790.3
816.8
843.3
869.8
896.3
922.8
949.3
975.8
1002.3
1028.75
1055.25
1081.75
1108.25
1134.75
1161.25
1187.75
1214.25
1240.75
1267.25
1293.75
1320.25
1346.75
1373.25
1399.7
1426.2
1452.7
1479.2
1505.7
1532.2
1558.7
1585.2
1611.7
1638.2
1664.7
1691.2
1717.7
1744.2
1770.7
1797.15
1823.65
1850.15
1876.65
1903.15
1929.65
1956.15
1982.65
2009.15
2035.65
2062.15
2088.65
2115.15
2141.65
2168.1
2194.6
2221.1
2247.6
2274.1
2300.6
2327.1
2353.6
2380.1
2406.6
2433.1
2459.6
2486.1
2512.6
2539.1
2565.55
2592.05
2618.55
2645.05
2671.55
2698.05
2724.55
2751.05
2777.55
2804.05
2830.55
2857.05
2883.55
2910.05
2936.5
2963
2989.5
3016
3042.5
3069
3095.5
3122
3148.5
3175
3201.5
3228
3254.5
3281
3307.45
3333.95
3360.45
3386.95
3413.45
3439.95
3466.45
3492.95
3519.45
3545.95
3572.45
3598.95
3625.45
3651.95
3678.45
3704.9
3731.4
3757.9
3784.4
3810.9
3837.4
3863.9
3890.4
3916.9
3943.4
3969.9
3996.4
4022.9
4049.4
4075.85
4102.35
4128.85
4155.35
4181.85
4208.35
4234.85
4261.35
4287.85
4314.35
4340.85
4367.35
4393.85
4420.35
4446.85
4473.3
4499.8
4526.3
4552.8
4579.3
4605.8
4632.3
4658.8
4685.3
4711.8
4738.3
4764.8
4791.3
4817.8
4844.25
4870.75
4897.25
4923.75
4950.25
4976.75
-1000
0.05
26
50.7
74.95
99.8
124.55
147.9
168.35
187.1
209.65
233.85
258.7
283.35
306.55
326.7
345.75
368.4
392.75
417.6
442.3
465.5
485.6
504.7
527.4
551.75
576.6
601.3
624.35
644.35
663.5
686.25
710.65
735.5
760.2
783.25
803.2
822.45
845.25
869.65
894.5
919.15
942.2
962.1
981.4
1004.15
1028.55
1053.4
1078.05
1101
1120.8
1140.2
1163.1
1187.5
1212.4
1237
1259.95
1279.7
1299.15
1322.05
1346.5
1371.35
1395.9
1418.7
1438.25
1457.9
1480.9
1505.35
1530.25
1554.85
1577.6
1597.15
1616.8
1639.85
1664.35
1689.25
1713.8
1736.55
1756
1775.65
1798.75
1823.25
1848.15
1872.7
1895.35
1914.7
1934.55
1957.7
1982.2
2007.1
2031.65
2054.25
2073.55
2093.5
2116.65
2141.15
2166
2190.45
2212.9
2231.95
2252.15
2275.45
2300.05
2324.9
2349.4
2371.8
2390.8
2411.05
2434.4
2459
2483.9
2508.35
2530.65
2549.5
2569.9
2593.3
2617.9
2642.8
2667.2
2689.5
2708.35
2728.8
2752.25
2776.9
2801.75
2826.15
2848.45
2867.3
2887.8
2911.2
2935.75
2960.6
2984.95
3007.05
3025.7
3046.45
3070.05
3094.7
3119.6
3143.9
3166
3184.55
3205.4
3229
3253.65
3278.55
3302.8
3324.7
3343.05
3364.1
3387.8
3412.5
3437.4
3461.6
3483.45
3501.6
3522.9
3546.7
3571.45
3596.3
3620.4
3642.1
3660.1
3681.55
3705.45
3730.2
3755
3778.95
3800.3
3818.4
3840.25
3864.3
3889.1
3913.9
3937.75
3958.9
3977.1
3999.1
4023.2
4048
4072.75
4096.35
4117.2
4135.65
4157.85
4182.05
4206.9
4231.65
4255.25
4276
