0.05
17.75
39.6
61.5
83.35
105.2
127.1
148.95
170.8
192.65
214.55
236.4
258.25
280.1
302
323.85
345.7
367.6
389.45
411.3
433.15
455.05
476.9
498.75
520.6
542.5
564.35
586.2
608.1
629.95
651.8
673.65
695.55
717.4
739.25
761.1
783
804.85
826.7
848.6
870.45
892.3
914.15
936.05
957.9
979.75
1001.6
1023.5
1045.35
1067.2
1089.1
1110.95
1132.8
1154.65
1176.55
1198.4
1220.25
1242.1
1264
1285.85
1307.7
1329.6
1351.45
1373.3
1395.15
1417.05
1438.9
1460.75
1482.6
1504.5
1526.35
1548.2
1570.1
1591.95
1613.8
1635.65
1657.55
1679.4
1701.25
1723.1
1745
1766.85
1788.7
1810.6
1832.45
1854.3
1876.15
1898.05
1919.9
1941.75
1963.6
1985.5
2007.35
2029.2
2051.1
2072.95
2094.8
2116.65
2138.55
2160.4
2182.25
2204.15
2226
2247.85
2269.7
2291.6
2313.45
2335.3
2357.15
2379.05
2400.9
2422.75
2444.65
2466.5
2488.35
2510.2
2532.1
2553.95
2575.8
2597.65
2619.55
2641.4
2663.25
2685.15
2707
2728.85
2750.7
2772.6
2794.45
2816.3
2838.15
2860.05
2881.9
2903.75
2925.65
2947.5
2969.35
2991.2
3013.1
3034.95
3056.8
3078.65
3100.55
3122.4
3144.25
3166.15
3188
3209.85
3231.7
3253.6
3275.45
3297.3
3319.15
3341.05
3362.9
3384.75
3406.65
3428.5
3450.35
3472.2
3494.1
3515.95
3537.8
3559.65
3581.55
3603.4
3625.25
3647.15
3669
3690.85
3712.7
3734.6
3756.45
3778.3
3800.15
3822.05
3843.9
3865.75
3887.65
3909.5
3931.35
3953.2
3975.1
3996.95
4018.8
4040.65
4062.55
4084.4
4106.25
4128.15
4150
4171.85
4193.7
4215.6
4237.45
4259.3
4281.15
4303.05
4324.9
4346.75
4368.65
4390.5
4412.35
4434.2
4456.1
4477.95
4499.8
4521.65
4543.55
4565.4
4587.25
4609.15
4631
4652.85
4674.7
4696.6
4718.45
4740.3
4762.15
4784.05
4805.9
4827.75
4849.65
4871.5
4893.35
4915.2
4937.1
4958.95
4980.8
-1000
0.05
26
46.9
67.5
88.65
110.05
131.65
153.35
175.15
196.95
218.8
240.6
262.45
284.3
306.2
328.05
349.95
371.8
393.6
415.5
437.35
459.25
481.05
502.95
524.8
546.7
568.55
590.45
612.3
634.1
656
677.85
699.75
721.55
743.45
765.3
787.2
809.05
830.95
852.8
874.6
896.5
918.35
940.25
962.05
983.95
1005.8
1027.7
1049.55
1071.45
1093.3
1115.1
1137
1158.85
1180.75
1202.55
1224.45
1246.3
1268.2
1290.05
1311.95
1333.8
1355.6
1377.5
1399.35
1421.25
1443.05
1464.95
1486.8
1508.7
1530.55
1552.45
1574.3
1596.1
1618
1639.85
1661.75
1683.55
1705.45
1727.3
1749.2
1771.05
1792.95
1814.8
1836.6
1858.5
1880.35
1902.25
1924.05
1945.95
1967.8
1989.7
2011.55
2033.45
2055.3
2077.1
2099
2120.85
2142.75
2164.55
2186.45
2208.3
2230.2
2252.05
2273.95
2295.8
2317.6
2339.5
2361.35
2383.25
2405.05
2426.95
2448.8
2470.7
2492.55
2514.45
2536.3
2558.1
2580
2601.85
2623.75
2645.55
2667.45
2689.3
2711.2
2733.05
2754.95
2776.8
2798.6
2820.5
2842.35
2864.25
2886.1
2908
2929.85
2951.7
2973.6
2995.45
3017.3
3039.1
3061
3082.85
3104.75
3126.6
3148.5
3170.35
3192.15
3214.05
3235.9
3257.8
3279.6
3301.5
3323.35
3345.25
3367.1
3389
3410.85
3432.65
3454.55
3476.4
3498.3
3520.1
3542
3563.85
3585.75
3607.6
3629.5
3651.35
3673.15
3695.05
3716.9
3738.8
3760.6
3782.5
3804.35
3826.25
3848.1
3870
3891.85
3913.65
3935.55
3957.4
3979.3
4001.1
4023
4044.85
4066.75
4088.6
4110.5
4132.35
4154.15
4176.05
4197.9
4219.8
4241.6
4263.5
4285.35
4307.25
4329.1
4351
4372.85
4394.65
4416.55
4438.4
4460.3
4482.1
4504
4525.85
4547.75
4569.6
4591.5
4613.35
4635.15
4657.05
4678.9
4700.8
4722.6
4744.5
4766.35
4788.25
4810.1
4832
4853.85
4875.65
4897.55
4919.4
4941.3
4963.1
4985
