0.05
20.05
44.45
68.85
93.3
117.7
142.1
166.5
190.95
215.35
239.75
264.2
288.6
313
337.45
361.85
386.25
410.65
435.1
459.5
483.9
508.35
532.75
557.15
581.6
606
630.4
654.8
679.25
703.65
728.05
752.5
776.9
801.3
825.75
850.15
874.55
898.95
923.4
947.8
972.2
996.65
1021.05
1045.45
1069.9
1094.3
1118.7
1143.1
1167.55
1191.95
1216.35
1240.8
1265.2
1289.6
1314.05
1338.45
1362.85
1387.25
1411.7
1436.1
1460.5
1484.95
1509.35
1533.75
1558.15
1582.6
1607
1631.4
1655.85
1680.25
1704.65
1729.1
1753.5
1777.9
1802.3
1826.75
1851.15
1875.55
1900
1924.4
1948.8
1973.25
1997.65
2022.05
2046.45
2070.9
2095.3
2119.7
2144.15
2168.55
2192.95
2217.4
2241.8
2266.2
2290.6
2315.05
2339.45
2363.85
2388.3
2412.7
2437.1
2461.55
2485.95
2510.35
2534.75
2559.2
2583.6
2608
2632.45
2656.85
2681.25
2705.7
2730.1
2754.5
2778.9
2803.35
2827.75
2852.15
2876.6
2901
2925.4
2949.85
2974.25
2998.65
3023.05
3047.5
3071.9
3096.3
3120.75
3145.15
3169.55
3194
3218.4
3242.8
3267.2
3291.65
3316.05
3340.45
3364.9
3389.3
3413.7
3438.15
3462.55
3486.95
3511.35
3535.8
3560.2
3584.6
3609.05
3633.45
3657.85
3682.25
3706.7
3731.1
3755.5
3779.95
3804.35
3828.75
3853.2
3877.6
3902
3926.4
3950.85
3975.25
3999.65
4024.1
4048.5
4072.9
4097.35
4121.75
4146.15
4170.55
4195
4219.4
4243.8
4268.25
4292.65
4317.05
4341.5
4365.9
4390.3
4414.7
4439.15
4463.55
4487.95
4512.4
4536.8
4561.2
4585.65
4610.05
4634.45
4658.85
4683.3
4707.7
4732.1
4756.55
4780.95
4805.35
4829.8
4854.2
4878.6
4903
4927.45
4951.85
4976.25
-1000
0.05
26
50.75
73.85
97.4
121.2
145.15
169.15
193.2
217.25
241.2
265.1
288.8
311.8
333.3
352.3
371.4
393.05
415.95
439.4
463.2
487.1
511.1
535.1
559.15
583.15
607.05
630.75
653.95
675.8
695.4
714.05
735.3
758
781.35
805.05
828.95
852.95
876.95
901
925
948.95
972.7
996.05
1018.35
1038.45
1056.65
1077.5
1100
1123.35
1147
1170.9
1194.85
1218.9
1242.95
1266.95
1290.9
1314.7
1338.25
1360.9
1381.75
1399.8
1420.05
1442.25
1465.4
1489
1512.8
1536.75
1560.75
1584.8
1608.85
1632.8
1656.7
1680.35
1703.3
1724.65
1743.5
1762.8
1784.55
1807.5
1831
1854.8
1878.7
1902.7
1926.75
1950.8
1974.8
1998.75
2022.45
2045.7
2067.65
2087.4
2105.95
2127.05
2149.7
2173.1
2196.8
2220.7
2244.65
2268.65
2292.7
2316.7
2340.65
2364.45
2387.9
2410.4
2430.85
2448.85
2469.45
2491.8
2515.05
2538.7
2562.55
2586.55
2610.55
2634.6
2658.65
2682.55
2706.4
2729.95
2752.65
2773.55
2791.7
2811.8
2833.95
2857.1
2880.65
2904.5
2928.4
2952.4
2976.45
3000.45
3024.45
3048.3
3071.9
3094.8
3115.95
3134.7
3154.2
3176.1
3199.1
3222.6
3246.35
3270.3
3294.3
3318.35
3342.4
3366.4
3390.3
3413.95
3437.1
3458.8
3478.1
3497
3518.4
3541.2
3564.65
3588.35
3612.25
3636.25
3660.25
3684.3
3708.3
3732.25
3756
3779.35
3801.6
3821.75
3839.95
3860.8
3883.3
3906.6
3930.3
3954.15
3978.15
4002.2
4026.2
4050.25
4074.2
4098.05
4121.6
4144.3
4165.15
4183.25
4203.4
4225.6
4248.75
4272.3
4296.15
4320.1
4344.1
4368.15
4392.15
4416.15
4440
4463.65
4486.65
4508
4526.9
4546.15
4567.9
4590.8
4614.3
4638.05
4662
