0.05
22.1
48.8
75.5
102.2
128.9
155.65
182.35
209.05
235.75
262.45
289.15
315.85
342.6
369.3
396
422.7
449.4
476.1
502.8
529.55
556.25
582.95
609.65
636.35
663.05
689.75
716.5
743.2
769.9
796.6
823.3
850
876.75
903.45
930.15
956.85
983.55
1010.25
1036.95
1063.7
1090.4
1117.1
1143.8
1170.5
1197.2
1223.9
1250.65
1277.35
1304.05
1330.75
1357.45
1384.15
1410.85
1437.6
1464.3
1491
1517.7
1544.4
1571.1
1597.8
1624.55
1651.25
1677.95
1704.65
1731.35
1758.05
1784.8
1811.5
1838.2
1864.9
1891.6
1918.3
1945
1971.75
1998.45
2025.15
2051.85
2078.55
2105.25
2131.95
2158.7
2185.4
2212.1
2238.8
2265.5
2292.2
2318.9
2345.65
2372.35
2399.05
2425.75
2452.45
2479.15
2505.85
2532.6
2559.3
2586
2612.7
2639.4
2666.1
2692.8
2719.55
2746.25
2772.95
2799.65
2826.35
2853.05
2879.8
2906.5
2933.2
2959.9
2986.6
3013.3
3040
3066.75
3093.45
3120.15
3146.85
3173.55
3200.25
3226.95
3253.7
3280.4
3307.1
3333.8
3360.5
3387.2
3413.9
3440.65
3467.35
3494.05
3520.75
3547.45
3574.15
3600.85
3627.6
3654.3
3681
3707.7
3734.4
3761.1
3787.85
3814.55
3841.25
3867.95
3894.65
3921.35
3948.05
3974.8
4001.5
4028.2
4054.9
4081.6
4108.3
4135
4161.75
4188.45
4215.15
4241.85
4268.55
4295.25
4321.95
4348.7
4375.4
4402.1
4428.8
4455.5
4482.2
4508.9
4535.65
4562.35
4589.05
4615.75
4642.45
4669.15
4695.9
4722.6
4749.3
4776
4802.7
4829.4
4856.1
4882.85
4909.55
4936.25
4962.95
-1000
0.05
29.95
63.75
95.1
124.15
152.05
179.4
206.45
233.4
260.2
287
313.75
340.45
367.15
393.9
420.6
447.35
474.05
500.75
527.45
554.15
580.85
607.6
634.3
661
687.7
714.4
741.1
767.8
794.55
821.25
847.95
874.65
901.35
928.05
954.8
981.5
1008.2
1034.9
1061.6
1088.3
1115
1141.75
1168.45
1195.15
1221.85
1248.55
1275.25
1301.95
1328.7
1355.4
1382.1
1408.8
1435.5
1462.2
1488.9
1515.65
1542.35
1569.05
1595.75
1622.45
1649.15
1675.85
1702.6
1729.3
1756
1782.7
1809.4
1836.15
1862.85
1889.55
1916.25
1942.95
1969.65
1996.35
2023.05
2049.8
2076.5
2103.2
2129.9
2156.6
2183.3
2210
2236.75
2263.45
2290.15
2316.85
2343.55
2370.25
2396.95
2423.7
2450.4
2477.1
2503.8
2530.5
2557.2
2583.9
2610.65
2637.35
2664.05
2690.75
2717.45
2744.2
2770.9
2797.6
2824.3
2851
2877.7
2904.4
2931.1
2957.85
2984.55
3011.25
3037.95
3064.65
3091.35
3118.05
3144.8
3171.5
3198.2
3224.9
3251.6
3278.3
3305
3331.75
3358.45
3385.15
3411.85
3438.55
3465.25
3491.95
3518.7
3545.4
3572.1
3598.8
3625.5
3652.2
3678.9
3705.65
3732.35
3759.05
3785.75
3812.45
3839.15
3865.9
3892.6
3919.3
3946
3972.7
3999.4
4026.1
4052.85
4079.55
4106.25
4132.95
4159.65
4186.35
4213.05
4239.8
4266.5
4293.2
4319.9
4346.6
4373.3
4400
4426.75
4453.45
4480.15
4506.85
4533.55
4560.25
4586.95
4613.7
4640.4
4667.1
4693.8
4720.5
4747.25
4773.95
4800.65
4827.35
4854.05
4880.75
4907.45
4934.15
4960.9
4987.6
