0.05
14.7
33.05
51.4
69.75
88.1
106.5
124.85
143.2
161.55
179.9
198.3
216.65
235
253.35
271.7
290.1
308.45
326.8
345.15
363.5
381.9
400.25
418.6
436.95
455.3
473.7
492.05
510.4
528.75
547.15
565.5
583.85
602.2
620.55
638.95
657.3
675.65
694
712.35
730.75
749.1
767.45
785.8
804.15
822.55
840.9
859.25
877.6
896
914.35
932.7
951.05
969.4
987.8
1006.15
1024.5
1042.85
1061.2
1079.6
1097.95
1116.3
1134.65
1153
1171.4
1189.75
1208.1
1226.45
1244.8
1263.2
1281.55
1299.9
1318.25
1336.65
1355
1373.35
1391.7
1410.05
1428.45
1446.8
1465.15
1483.5
1501.85
1520.25
1538.6
1556.95
1575.3
1593.65
1612.05
1630.4
1648.75
1667.1
1685.5
1703.85
1722.2
1740.55
1758.9
1777.3
1795.65
1814
1832.35
1850.7
1869.1
1887.45
1905.8
1924.15
1942.5
1960.9
1979.25
1997.6
2015.95
2034.3
2052.7
2071.05
2089.4
2107.75
2126.15
2144.5
2162.85
2181.2
2199.55
2217.95
2236.3
2254.65
2273
2291.35
2309.75
2328.1
2346.45
2364.8
2383.15
2401.55
2419.9
2438.25
2456.6
2475
2493.35
2511.7
2530.05
2548.4
2566.8
2585.15
2603.5
2621.85
2640.2
2658.6
2676.95
2695.3
2713.65
2732
2750.4
2768.75
2787.1
2805.45
2823.8
2842.2
2860.55
2878.9
2897.25
2915.65
2934
2952.35
2970.7
2989.05
3007.45
3025.8
3044.15
3062.5
3080.85
3099.25
3117.6
3135.95
3154.3
3172.65
3191.05
3209.4
3227.75
3246.1
3264.5
3282.85
3301.2
3319.55
3337.9
3356.3
3374.65
3393
3411.35
3429.7
3448.1
3466.45
3484.8
3503.15
3521.5
3539.9
3558.25
3576.6
3594.95
3613.3
3631.7
3650.05
3668.4
3686.75
3705.15
3723.5
3741.85
3760.2
3778.55
3796.95
3815.3
3833.65
3852
3870.35
3888.75
3907.1
3925.45
3943.8
3962.15
3980.55
3998.9
4017.25
4035.6
4054
4072.35
4090.7
4109.05
4127.4
4145.8
4164.15
4182.5
4200.85
4219.2
4237.6
4255.95
4274.3
4292.65
4311
4329.4
4347.75
4366.1
4384.45
4402.8
4421.2
4439.55
4457.9
4476.25
4494.65
4513
4531.35
4549.7
4568.05
4586.45
4604.8
4623.15
4641.5
4659.85
4678.25
4696.6
4714.95
4733.3
4751.65
4770.05
4788.4
4806.75
4825.1
4843.5
4861.85
4880.2
4898.55
4916.9
4935.3
4953.65
4972
-1000
0.05
26.5
47.85
68.85
89
108.55
127.65
146.4
165.15
183.75
202.25
220.65
239.1
257.55
275.95
294.35
312.65
331.05
349.45
367.85
386.2
404.5
422.9
441.25
459.65
478
496.3
514.7
533.1
551.45
569.75
588.05
606.45
624.85
643.25
661.55
679.95
698.3
716.7
735.05
753.35
771.75
790.1
808.5
826.85
845.15
863.55
881.95
900.3
918.65
936.95
955.35
973.75
992.1
1010.4
1028.8
1047.15
1065.55
1083.9
1102.2
1120.6
1139
1157.35
1175.7
1194
1212.4
1230.8
1249.15
1267.5
1285.8
1304.2
1322.6
1340.95
1359.25
1377.55
1395.95
1414.35
1432.75
1451.05
1469.45
1487.8
1506.2
1524.55
1542.85
1561.25
1579.6
1598
1616.35
1634.65
1653.05
1671.45
1689.8
1708.15
1726.45
1744.85
1763.25
1781.6
1799.9
1818.3
1836.65
1855.05
1873.4
1891.7
1910.1
1928.5
1946.85
1965.2
1983.5
2001.9
2020.3
2038.65
2057
2075.3
2093.7
2112.1
2130.45
2148.75
2167.05
2185.45
2203.85
2222.25
2240.55
2258.95
2277.3
2295.7
2314.05
2332.35
2350.75
2369.1
2387.5
2405.85
2424.15
2442.55
2460.95
2479.3
2497.65
2515.95
2534.35
2552.75
2571.1
2589.4
2607.8
2626.15
2644.55
2662.9
2681.2
2699.6
2718
2736.35
2754.7
2773
2791.4
2809.8
2828.15
2846.5
2864.8
2883.2
2901.6
2919.95
2938.25
2956.55
2974.95
2993.35
3011.75
3030.05
3048.45
3066.8
3085.2
3103.55
3121.85
3140.25
3158.6
3177
3195.35
3213.65
3232.05
3250.45
3268.8
3287.15
3305.45
3323.85
3342.25
3360.6
3378.9
3397.3
3415.65
3434.05
3452.4
3470.7
3489.1
3507.5
3525.85
3544.2
3562.5
3580.9
3599.3
3617.65
3636
3654.3
3672.7
3691.1
3709.45
3727.75
3746.05
3764.45
3782.85
3801.25
3819.55
3837.95
3856.3
3874.7
3893.05
3911.35
3929.75
3948.1
3966.5
3984.85
4003.15
4021.55
4039.95
4058.3
4076.65
4094.95
4113.35
4131.75
4150.1
4168.4
4186.8
4205.15
4223.55
4241.9
4260.2
4278.6
4297
4315.35
4333.7
4352
4370.4
4388.8
4407.15
4425.5
4443.8
4462.2
4480.6
4498.95
4517.25
4535.55
4553.95
4572.35
4590.75
4609.05
4627.45
4645.8
4664.2
4682.55
4700.85
4719.25
4737.6
4756
4774.35
4792.65
4811.05
4829.45
4847.8
4866.15
4884.45
4902.85
4921.25
4939.6
4957.9
4976.3
4994.65
