0.05
52.45
111.6
170.75
229.9
289.05
348.2
407.35
466.5
525.65
584.8
643.95
703.1
762.25
821.4
880.55
939.7
998.85
1058
1117.15
1176.3
1235.45
1294.6
1353.75
1412.9
1472.05
1531.2
1590.35
1649.5
1708.65
1767.8
1826.95
1886.1
1945.25
2004.4
2063.55
2122.7
2181.85
2241
2300.15
2359.3
2418.45
2477.6
2536.75
2595.9
2655.05
2714.2
2773.35
2832.5
2891.65
2950.8
3009.95
3069.1
3128.25
3187.4
3246.55
3305.7
3364.85
3424
3483.15
3542.3
3601.45
3660.6
3719.75
3778.9
3838.05
3897.2
3956.35
4015.5
4074.65
4133.8
4192.95
4252.1
4311.25
4370.4
4429.55
4488.7
4547.85
4607
4666.15
4725.3
4784.45
4843.6
4902.75
4961.9
-1000
0.05
26
69.2
99.9
138.65
169.6
201.65
238.3
268.65
312.55
343.45
377.6
409
440.05
483.1
513.85
552.65
583.6
615.65
652.2
682.5
726.5
757.4
791.6
823
854.05
897.05
927.75
966.65
997.6
1029.7
1066.05
1096.35
1140.45
1171.35
1205.6
1236.95
1268.05
1310.95
1341.65
1380.65
1411.6
1443.7
1479.85
1510.2
1554.35
1585.25
1619.6
1650.9
1682.05
1724.8
1755.55
1794.65
1825.6
1857.7
1893.65
1924
1968.25
1999.15
2033.6
2064.85
2096.05
2138.7
2169.4
2208.6
2239.55
2271.7
2307.5
2337.8
2382.15
2413.05
2447.6
2478.8
2510.05
2552.55
2583.25
2622.6
2653.55
2685.75
2721.3
2751.6
2796.05
2826.95
2861.6
2892.75
