0.05
14.45
32.55
50.65
68.75
86.9
105
123.1
141.2
159.3
177.4
195.5
213.65
231.75
249.85
267.95
286.05
304.15
322.25
340.4
358.5
376.6
394.7
412.8
430.9
449
467.15
485.25
503.35
521.45
539.55
557.65
575.75
593.9
612
630.1
648.2
666.3
684.4
702.5
720.65
738.75
756.85
774.95
793.05
811.15
829.25
847.4
865.5
883.6
901.7
919.8
937.9
956
974.1
992.25
1010.35
1028.45
1046.55
1064.65
1082.75
1100.85
1119
1137.1
1155.2
1173.3
1191.4
1209.5
1227.6
1245.75
1263.85
1281.95
1300.05
1318.15
1336.25
1354.35
1372.5
1390.6
1408.7
1426.8
1444.9
1463
1481.1
1499.25
1517.35
1535.45
1553.55
1571.65
1589.75
1607.85
1626
1644.1
1662.2
1680.3
1698.4
1716.5
1734.6
1752.75
1770.85
1788.95
1807.05
1825.15
1843.25
1861.35
1879.5
1897.6
1915.7
1933.8
1951.9
1970
1988.1
2006.25
2024.35
2042.45
2060.55
2078.65
2096.75
2114.85
2133
2151.1
2169.2
2187.3
2205.4
2223.5
2241.6
2259.75
2277.85
2295.95
2314.05
2332.15
2350.25
2368.35
2386.45
2404.6
2422.7
2440.8
2458.9
2477
2495.1
2513.2
2531.35
2549.45
2567.55
2585.65
2603.75
2621.85
2639.95
2658.1
2676.2
2694.3
2712.4
2730.5
2748.6
2766.7
2784.85
2802.95
2821.05
2839.15
2857.25
2875.35
2893.45
2911.6
2929.7
2947.8
2965.9
2984
3002.1
3020.2
3038.35
3056.45
3074.55
3092.65
3110.75
3128.85
3146.95
3165.1
3183.2
3201.3
3219.4
3237.5
3255.6
3273.7
3291.85
3309.95
3328.05
3346.15
3364.25
3382.35
3400.45
3418.6
3436.7
3454.8
3472.9
3491
3509.1
3527.2
3545.35
3563.45
3581.55
3599.65
3617.75
3635.85
3653.95
3672.05
3690.2
3708.3
3726.4
3744.5
3762.6
3780.7
3798.8
3816.95
3835.05
3853.15
3871.25
3889.35
3907.45
3925.55
3943.7
3961.8
3979.9
3998
4016.1
4034.2
4052.3
4070.45
4088.55
4106.65
4124.75
4142.85
4160.95
4179.05
4197.2
4215.3
4233.4
4251.5
4269.6
4287.7
4305.8
4323.95
4342.05
4360.15
4378.25
4396.35
4414.45
4432.55
4450.7
4468.8
4486.9
4505
4523.1
4541.2
4559.3
4577.45
4595.55
4613.65
4631.75
4649.85
4667.95
4686.05
4704.2
4722.3
4740.4
4758.5
4776.6
4794.7
4812.8
4830.95
4849.05
4867.15
4885.25
4903.35
4921.45
4939.55
4957.7
4975.8
-1000
0.05
26
45.15
63.45
81.65
99.85
117.95
136.05
154.25
172.4
190.55
208.7
226.8
244.85
262.9
281.05
299.2
317.35
335.45
353.6
371.6
389.65
407.8
425.95
444.1
462.2
480.35
498.35
516.4
534.55
552.7
570.85
588.95
607.1
625.1
643.15
661.3
679.45
697.6
715.7
733.85
751.85
769.9
788.05
806.2
824.35
842.45
860.6
878.7
896.75
914.85
933
951.1
969.25
987.35
1005.45
1023.5
1041.65
1059.75
1077.9
1096
1114.1
1132.2
1150.25
1168.4
1186.5
1204.65
1222.75
1240.85
1258.95
1277
1295.05
1313.2
1331.3
1349.45
1367.55
1385.7
1403.7
1421.75
1439.9
1458.05
1476.2
1494.3
1512.45
1530.45
1548.5
1566.65
1584.8
1602.95
1621.05
1639.2
1657.2
1675.25
1693.4
1711.55
1729.7
1747.8
1765.95
1783.95
1802
1820.15
1838.3
1856.45
1874.55
1892.7
1910.7
1928.75
1946.9
1965.05
1983.2
2001.3
2019.45
2037.45
2055.5
2073.65
2091.8
2109.95
2128.05
2146.2
2164.25
2182.3
2200.45
2218.6
2236.7
2254.85
2272.95
2291.05
2309.1
2327.2
2345.35
2363.45
2381.6
2399.7
2417.8
2435.85
2454
2472.1
2490.25
2508.35
2526.45
2544.55
2562.6
2580.75
2598.85
2617
2635.1
2653.2
2671.3
2689.35
2707.4
2725.55
2743.65
2761.8
2779.9
2798.05
2816.05
2834.1
2852.25
2870.4
2888.55
2906.65
2924.8
2942.8
2960.85
2979
2997.15
3015.3
3033.4
3051.55
3069.55
3087.6
3105.75
3123.9
3142.05
3160.15
3178.3
3196.3
3214.35
3232.5
3250.65
3268.8
3286.9
3305.05
3323.05
3341.1
3359.25
3377.4
3395.55
3413.65
3431.8
3449.8
3467.85
3486
3504.15
3522.3
3540.4
3558.55
3576.65
3594.7
3612.8
3630.95
3649.05
3667.2
3685.3
3703.4
3721.45
3739.6
3757.7
3775.85
3793.95
3812.05
3830.15
3848.2
3866.35
3884.45
3902.6
3920.7
3938.8
3956.9
3974.95
3993.1
4011.2
4029.35
4047.45
4065.55
4083.65
4101.7
4119.75
4137.9
4156
4174.15
4192.25
4210.4
4228.4
4246.45
4264.6
4282.75
4300.9
4319
4337.15
4355.15
4373.2
4391.35
4409.5
4427.65
4445.75
4463.9
4481.9
4499.95
4518.1
4536.25
4554.4
4572.5
4590.65
4608.65
4626.7
4644.85
4663
4681.15
4699.25
4717.4
4735.4
4753.45
4771.6
4789.75
4807.9
4826
4844.15
4862.15
4880.2
4898.35
4916.5
4934.65
4952.75
4970.9
4989
