0.05
24.95
54.85
84.7
114.55
144.45
174.3
204.2
234.05
263.95
293.8
323.65
353.55
383.4
413.3
443.15
473.05
502.9
532.75
562.65
592.5
622.4
652.25
682.15
712
741.85
771.75
801.6
831.5
861.35
891.25
921.1
950.95
980.85
1010.7
1040.6
1070.45
1100.35
1130.2
1160.05
1189.95
1219.8
1249.7
1279.55
1309.4
1339.3
1369.15
1399.05
1428.9
1458.8
1488.65
1518.5
1548.4
1578.25
1608.15
1638
1667.9
1697.75
1727.6
1757.5
1787.35
1817.25
1847.1
1877
1906.85
1936.7
1966.6
1996.45
2026.35
2056.2
2086.1
2115.95
2145.8
2175.7
2205.55
2235.45
2265.3
2295.2
2325.05
2354.9
2384.8
2414.65
2444.55
2474.4
2504.3
2534.15
2564
2593.9
2623.75
2653.65
2683.5
2713.4
2743.25
2773.1
2803
2832.85
2862.75
2892.6
2922.5
2952.35
2982.2
3012.1
3041.95
3071.85
3101.7
3131.6
3161.45
3191.3
3221.2
3251.05
3280.95
3310.8
3340.7
3370.55
3400.4
3430.3
3460.15
3490.05
3519.9
3549.8
3579.65
3609.5
3639.4
3669.25
3699.15
3729
3758.9
3788.75
3818.6
3848.5
3878.35
3908.25
3938.1
3968
3997.85
4027.7
4057.6
4087.45
4117.35
4147.2
4177.1
4206.95
4236.8
4266.7
4296.55
4326.45
4356.3
4386.2
4416.05
4445.9
4475.8
4505.65
4535.55
4565.4
4595.3
4625.15
4655
4684.9
4714.75
4744.65
4774.5
4804.4
4834.25
4864.1
4894
4923.85
4953.75
4983.6
-1000
0.05
26
44.2
67.4
93.45
117.95
137.9
158.95
184.45
210.25
232.45
251.1
275.45
301.55
325.2
343.85
366.6
392.55
417.55
438.15
458.4
483.6
509.5
532.2
550.45
574.5
600.65
624.6
643.6
665.75
691.6
716.8
737.95
757.65
782.65
808.7
831.8
849.85
873.55
899.65
923.85
943.25
964.95
990.65
1016.2
1037.95
1057.05
1081.7
1107.85
1131.3
1149.45
1172.7
1198.75
1223.35
1243.4
1264.3
1289.8
1315.6
1337.95
1356.5
1380.8
1406.95
1430.7
1449.5
1472.05
1497.95
1523.1
1544
1563.95
1589.05
1615.05
1638
1656.1
1679.95
1706.1
1730.2
1749.45
1771.3
1797.05
1822.55
1844.1
1863.35
1888.15
1914.25
1937.6
1955.65
1979.1
2005.15
2029.6
2049.45
2070.6
2096.15
2121.8
2143.85
2162.65
2187.15
2213.3
2236.9
2255.45
2278.25
2304.25
2329.05
2349.5
2369.95
2395.25
2421.2
2443.8
2462.15
2486.25
2512.4
2536.2
2555.1
2577.4
2603.3
2628.55
2649.65
2669.4
2694.4
2720.45
2743.45
2761.5
2785.25
2811.4
2835.55
2854.9
2876.65
2902.35
2927.9
2949.5
2968.7
2993.4
3019.55
3042.9
3061
3084.35
3110.45
3134.95
3154.8
3175.9
3201.45
3227.2
3249.35
3268.05
3292.45
3318.6
3342.3
3360.9
3383.6
3409.6
3434.55
3455.25
3475.45
3500.65
3526.65
3549.4
3567.5
3591.55
3617.7
3641.65
3660.65
3682.8
3708.65
3733.95
3755.2
3774.7
3799.65
3825.75
3848.85
