0.05
18.75
41.75
64.7
87.7
110.65
133.65
156.65
179.6
202.6
225.55
248.55
271.55
294.5
317.5
340.45
363.45
386.45
409.4
432.4
455.35
478.35
501.35
524.3
547.3
570.25
593.25
616.25
639.2
662.2
685.15
708.15
731.15
754.1
777.1
800.05
823.05
846.05
869
892
915
937.95
960.95
983.9
1006.9
1029.9
1052.85
1075.85
1098.8
1121.8
1144.8
1167.75
1190.75
1213.7
1236.7
1259.7
1282.65
1305.65
1328.6
1351.6
1374.6
1397.55
1420.55
1443.5
1466.5
1489.5
1512.45
1535.45
1558.4
1581.4
1604.4
1627.35
1650.35
1673.3
1696.3
1719.3
1742.25
1765.25
1788.2
1811.2
1834.2
1857.15
1880.15
1903.1
1926.1
1949.1
1972.05
1995.05
2018
2041
2064
2086.95
2109.95
2132.9
2155.9
2178.9
2201.85
2224.85
2247.8
2270.8
2293.8
2316.75
2339.75
2362.7
2385.7
2408.7
2431.65
2454.65
2477.6
2500.6
2523.6
2546.55
2569.55
2592.5
2615.5
2638.5
2661.45
2684.45
2707.4
2730.4
2753.4
2776.35
2799.35
2822.3
2845.3
2868.3
2891.25
2914.25
2937.2
2960.2
2983.2
3006.15
3029.15
3052.1
3075.1
3098.1
3121.05
3144.05
3167
3190
3213
3235.95
3258.95
3281.9
3304.9
3327.9
3350.85
3373.85
3396.8
3419.8
3442.8
3465.75
3488.75
3511.7
3534.7
3557.7
3580.65
3603.65
3626.6
3649.6
3672.6
3695.55
3718.55
3741.5
3764.5
3787.5
3810.45
3833.45
3856.4
3879.4
3902.4
3925.35
3948.35
3971.3
3994.3
4017.3
4040.25
4063.25
4086.2
4109.2
4132.2
4155.15
4178.15
4201.1
4224.1
4247.1
4270.05
4293.05
4316
4339
4362
4384.95
4407.95
4430.9
4453.9
4476.9
4499.85
4522.85
4545.85
4568.8
4591.8
4614.75
4637.75
4660.75
4683.7
4706.7
4729.65
4752.65
4775.65
4798.6
4821.6
4844.55
4867.55
4890.55
4913.5
4936.5
4959.45
4982.45
-1000
0.05
26
44.35
63.5
84.4
106.25
128.55
151.15
173.85
196.65
219.55
242.45
265.4
288.3
311.25
334.25
357.2
380.2
403.15
426.1
449.1
472.1
495.1
518.05
541.05
564.05
587
610
633
655.95
678.95
701.9
724.9
747.9
770.85
793.85
816.8
839.8
862.8
885.75
908.75
931.7
954.7
977.7
1000.65
1023.65
1046.6
1069.6
1092.6
1115.55
1138.55
1161.5
1184.45
1207.45
1230.45
1253.45
1276.4
1299.35
1322.35
1345.35
1368.35
1391.3
1414.25
1437.25
1460.25
1483.25
1506.2
1529.15
1552.15
1575.15
1598.15
1621.1
1644.05
1667.05
1690.05
1713.05
1736
1758.95
1781.95
1804.95
1827.95
1850.9
1873.85
1896.85
1919.85
1942.85
1965.8
1988.75
2011.75
2034.75
2057.75
2080.7
2103.65
2126.65
2149.65
2172.65
2195.6
2218.55
2241.55
2264.55
2287.55
2310.5
2333.45
2356.45
2379.45
2402.45
2425.4
2448.35
2471.35
2494.35
2517.35
2540.3
2563.25
2586.25
2609.25
2632.25
2655.2
2678.15
2701.15
2724.15
2747.15
2770.1
2793.05
2816.05
2839.05
2862.05
2885
2907.95
2930.95
2953.95
2976.95
2999.9
3022.85
3045.85
3068.85
3091.85
3114.8
3137.75
3160.75
3183.75
3206.75
3229.7
3252.65
3275.65
3298.65
3321.65
3344.6
3367.55
3390.55
3413.55
3436.55
3459.5
3482.45
3505.45
3528.45
3551.45
3574.4
3597.35
3620.35
3643.35
3666.35
3689.3
3712.25
3735.25
3758.25
3781.25
3804.2
3827.15
3850.15
3873.15
3896.15
3919.1
3942.05
3965.05
3988.05
4011.05
4034
4056.95
4079.95
4102.95
4125.95
4148.9
4171.9
4194.9
4217.85
4240.85
4263.85
4286.8
4309.8
4332.75
4355.75
4378.75
4401.7
4424.7
4447.65
4470.65
4493.65
4516.6
4539.6
4562.55
4585.55
4608.55
4631.5
4654.5
4677.45
4700.45
4723.45
4746.4
4769.4
4792.35
4815.3
4838.3
4861.3
4884.3
4907.25
4930.2
4953.2
4976.2
