0.05
17.4
38.9
60.35
81.85
103.35
124.8
146.3
167.75
189.25
210.7
232.2
253.65
275.15
296.65
318.1
339.6
361.05
382.55
404
425.5
447
468.45
489.95
511.4
532.9
554.35
575.85
597.3
618.8
640.3
661.75
683.25
704.7
726.2
747.65
769.15
790.6
812.1
833.6
855.05
876.55
898
919.5
940.95
962.45
983.9
1005.4
1026.9
1048.35
1069.85
1091.3
1112.8
1134.25
1155.75
1177.2
1198.7
1220.2
1241.65
1263.15
1284.6
1306.1
1327.55
1349.05
1370.5
1392
1413.5
1434.95
1456.45
1477.9
1499.4
1520.85
1542.35
1563.8
1585.3
1606.8
1628.25
1649.75
1671.2
1692.7
1714.15
1735.65
1757.1
1778.6
1800.1
1821.55
1843.05
1864.5
1886
1907.45
1928.95
1950.4
1971.9
1993.4
2014.85
2036.35
2057.8
2079.3
2100.75
2122.25
2143.75
2165.2
2186.7
2208.15
2229.65
2251.1
2272.6
2294.05
2315.55
2337.05
2358.5
2380
2401.45
2422.95
2444.4
2465.9
2487.35
2508.85
2530.35
2551.8
2573.3
2594.75
2616.25
2637.7
2659.2
2680.65
2702.15
2723.65
2745.1
2766.6
2788.05
2809.55
2831
2852.5
2873.95
2895.45
2916.95
2938.4
2959.9
2981.35
3002.85
3024.3
3045.8
3067.25
3088.75
3110.25
3131.7
3153.2
3174.65
3196.15
3217.6
3239.1
3260.55
3282.05
3303.55
3325
3346.5
3367.95
3389.45
3410.9
3432.4
3453.85
3475.35
3496.85
3518.3
3539.8
3561.25
3582.75
3604.2
3625.7
3647.15
3668.65
3690.15
3711.6
3733.1
3754.55
3776.05
3797.5
3819
3840.5
3861.95
3883.45
3904.9
3926.4
3947.85
3969.35
3990.8
4012.3
4033.8
4055.25
4076.75
4098.2
4119.7
4141.15
4162.65
4184.1
4205.6
4227.1
4248.55
4270.05
4291.5
4313
4334.45
4355.95
4377.4
4398.9
4420.4
4441.85
4463.35
4484.8
4506.3
4527.75
4549.25
4570.7
4592.2
4613.7
4635.15
4656.65
4678.1
4699.6
4721.05
4742.55
4764
4785.5
4807
4828.45
4849.95
4871.4
4892.9
4914.35
4935.85
4957.3
4978.8
-1000
0.05
25.7
48.45
70.95
93.15
115.05
136.8
158.5
180.1
201.65
223.15
244.65
266.15
287.65
309.05
330.55
352.05
373.55
395.05
416.5
438
459.45
480.95
502.4
523.85
545.35
566.85
588.35
609.8
631.3
652.75
674.2
695.65
717.15
738.65
760.15
781.65
803.1
824.6
846.05
867.5
888.95
910.45
931.95
953.45
974.95
996.4
1017.9
1039.35
1060.8
1082.25
1103.75
1125.25
1146.75
1168.25
1189.7
1211.2
1232.65
1254.1
1275.55
1297.05
1318.55
1340.05
1361.55
1383
1404.5
1425.95
1447.4
1468.85
1490.35
1511.85
1533.35
1554.85
1576.3
1597.8
1619.25
1640.7
1662.15
1683.65
1705.15
1726.65
1748.15
1769.6
1791.1
1812.55
1834
1855.5
1877
1898.5
1919.95
1941.45
1962.9
1984.4
2005.85
2027.3
2048.8
2070.3
2091.8
2113.25
2134.75
2156.2
2177.7
2199.15
2220.6
2242.1
2263.6
2285.1
2306.55
2328.05
2349.5
2370.95
2392.4
2413.9
2435.4
2456.9
2478.4
2499.85
2521.35
2542.8
2564.25
2585.7
2607.2
2628.7
2650.2
2671.7
2693.15
2714.65
2736.1
2757.55
2779
2800.5
2822
2843.5
2865
2886.45
2907.95
2929.4
2950.85
2972.3
2993.8
3015.3
3036.8
3058.3
3079.75
3101.25
3122.7
3144.15
3165.6
3187.1
3208.6
3230.1
3251.6
3273.05
3294.55
3316
3337.45
3358.9
3380.4
3401.9
3423.4
3444.9
3466.35
3487.85
3509.3
3530.75
3552.25
3573.75
3595.25
3616.7
3638.2
3659.65
3681.15
3702.6
3724.05
3745.55
3767.05
3788.55
3810
3831.5
3852.95
3874.45
3895.9
3917.35
3938.85
3960.35
3981.85
4003.3
4024.8
4046.25
4067.75
4089.2
4110.65
4132.15
4153.65
4175.15
4196.6
4218.1
4239.55
4261
4282.45
4303.95
4325.45
4346.95
4368.45
4389.9
4411.4
4432.85
4454.3
4475.75
4497.25
4518.75
4540.25
4561.75
4583.2
4604.7
4626.15
4647.6
4669.05
4690.55
4712.05
4733.55
4755.05
4776.5
4798
4819.45
4840.9
4862.35
4883.85
4905.35
4926.85
4948.35
4969.8
4991.3
