0.05
36.75
79.35
121.95
164.55
207.2
249.8
292.4
335.05
377.65
420.25
462.85
505.5
548.1
590.7
633.35
675.95
718.55
761.15
803.8
846.4
889
931.6
974.25
1016.85
1059.45
1102.1
1144.7
1187.3
1229.9
1272.55
1315.15
1357.75
1400.4
1443
1485.6
1528.2
1570.85
1613.45
1656.05
1698.7
1741.3
1783.9
1826.5
1869.15
1911.75
1954.35
1996.95
2039.6
2082.2
2124.8
2167.45
2210.05
2252.65
2295.25
2337.9
2380.5
2423.1
2465.75
2508.35
2550.95
2593.55
2636.2
2678.8
2721.4
2764.05
2806.65
2849.25
2891.85
2934.5
2977.1
3019.7
3062.3
3104.95
3147.55
3190.15
3232.8
3275.4
3318
3360.6
3403.25
3445.85
3488.45
3531.1
3573.7
3616.3
3658.9
3701.55
3744.15
3786.75
3829.35
3872
3914.6
3957.2
3999.85
4042.45
4085.05
4127.65
4170.3
4212.9
4255.5
4298.15
4340.75
4383.35
4425.95
4468.6
4511.2
4553.8
4596.45
4639.05
4681.65
4724.25
4766.9
4809.5
4852.1
4894.7
4937.35
4979.95
-1000
0.05
26
61.85
101.6
142.6
184.05
225.5
266.65
306.4
337.75
367.2
402.85
442.55
483.55
524.95
566.4
607.6
647.6
679.7
709.1
744.1
783.65
824.6
865.95
907.45
948.65
988.65
1021.25
1050.65
1085.25
1124.65
1165.55
1206.95
1248.4
1289.65
1329.75
1363
1392.4
1426.5
1465.75
1506.55
1547.95
1589.4
1630.65
1670.95
1705.3
1734.85
1768
1806.9
1847.65
1888.95
1930.45
1971.75
2012.25
2047.85
2077.55
2109.65
2148.1
2188.75
2230.05
2271.5
2312.85
2353.5
2390.35
2420.25
2451.3
2489.4
2529.85
2571.1
2612.55
2653.95
2694.75
2732.65
2762.7
2793
2830.6
2870.9
2912.1
2953.55
2995
3035.85
3074.35
3104.5
3134.8
3171.85
3212
3253.15
3294.6
3336.05
3377.05
3416
3446.25
3476.25
3512.95
3553.1
3594.2
3635.65
3677.1
3718.15
3757.55
3788.05
3817.8
3854.1
3894.05
3935.15
3976.55
4018
4059.1
4098.55
4129.2
4158.9
4195.1
4235
4276.05
4317.6
4359.1
4400.25
4440.05
