0.05
22.5
49.6
76.75
103.9
131.05
158.2
185.35
212.45
239.6
266.75
293.9
321.05
348.2
375.3
402.45
429.6
456.75
483.9
511.05
538.15
565.3
592.45
619.6
646.75
673.9
701
728.15
755.3
782.45
809.6
836.75
863.85
891
918.15
945.3
972.45
999.55
1026.7
1053.85
1081
1108.15
1135.3
1162.4
1189.55
1216.7
1243.85
1271
1298.15
1325.25
1352.4
1379.55
1406.7
1433.85
1461
1488.1
1515.25
1542.4
1569.55
1596.7
1623.85
1650.95
1678.1
1705.25
1732.4
1759.55
1786.7
1813.8
1840.95
1868.1
1895.25
1922.4
1949.5
1976.65
2003.8
2030.95
2058.1
2085.25
2112.35
2139.5
2166.65
2193.8
2220.95
2248.1
2275.2
2302.35
2329.5
2356.65
2383.8
2410.95
2438.05
2465.2
2492.35
2519.5
2546.65
2573.8
2600.9
2628.05
2655.2
2682.35
2709.5
2736.65
2763.75
2790.9
2818.05
2845.2
2872.35
2899.5
2926.6
2953.75
2980.9
3008.05
3035.2
3062.3
3089.45
3116.6
3143.75
3170.9
3198.05
3225.15
3252.3
3279.45
3306.6
3333.75
3360.9
3388
3415.15
3442.3
3469.45
3496.6
3523.75
3550.85
3578
3605.15
3632.3
3659.45
3686.6
3713.7
3740.85
3768
3795.15
3822.3
3849.45
3876.55
3903.7
3930.85
3958
3985.15
4012.25
4039.4
4066.55
4093.7
4120.85
4148
4175.1
4202.25
4229.4
4256.55
4283.7
4310.85
4337.95
4365.1
4392.25
4419.4
4446.55
4473.7
4500.8
4527.95
4555.1
4582.25
4609.4
4636.55
4663.65
4690.8
4717.95
4745.1
4772.25
4799.4
4826.5
4853.65
4880.8
4907.95
4935.1
4962.2
4989.35
-1000
0.05
26
51.05
75.75
100.9
125.2
146.8
164.95
187.25
211.75
236.85
261.4
283.4
301.4
323.3
347.7
372.8
397.5
419.8
438.25
459.6
483.75
508.85
533.7
556.4
575.4
596
619.85
644.9
669.9
693.1
712.8
732.55
756.05
780.95
806.05
829.8
850.4
869.2
892.2
917
942.1
966.3
987.6
1005.9
1028.4
1053
1078.15
1102.65
1124.5
1142.5
1164.5
1188.95
1214.1
1238.75
1260.95
1279.1
1300.7
1324.95
1350
1374.8
1397.35
1416.15
1437.1
1461.1
1486.1
1511
1533.95
1553.35
1573.55
1597.2
1622.15
1647.2
1670.65
1690.85
1710.15
1733.4
1758.2
1783.35
1807.35
1828.3
1846.9
1869.6
1894.25
1919.4
1943.8
1965.45
1983.5
2005.75
2030.3
2055.4
2080
2102.1
2120.2
2141.95
2166.25
2191.4
2216.15
2238.6
2257.4
2278.3
2302.35
2327.4
2352.35
2375.25
2394.5
2414.8
2438.45
2463.4
2488.45
2511.85
2531.8
2551.35
2574.65
2599.5
2624.55
2648.45
2669.2
2687.95
2710.85
2735.55
2760.7
2784.9
2806.35
2824.6
2847
2871.55
2896.7
2921.25
2943.25
2961.25
2983.15
3007.55
3032.7
3057.4
3079.75
3098.3
3119.55
3143.65
3168.75
3193.65
3216.45
3235.5
3255.95
3279.75
3304.8
3329.8
3353.1
3373
3392.5
3415.9
3440.8
3465.9
3489.7
3510.35
3529.25
3552.1
3576.85
3601.95
3626.15
3647.5
3665.8
3688.3
3712.85
3737.95
3762.45
3784.25
3802.3
3824.4
3848.85
3873.95
3898.65
3920.9
3939.15
3960.65
3984.9
4010
4034.85
4057.5
4076.4
4097.1
4121.05
4146.05
4171.05
4194.15
