0.05
32.45
70.5
108.55
146.6
184.65
222.7
260.75
298.8
336.85
374.9
412.95
451
489
527.05
565.1
603.15
641.2
679.25
717.3
755.35
793.4
831.45
869.5
907.55
945.55
983.6
1021.65
1059.7
1097.75
1135.8
1173.85
1211.9
1249.95
1288
1326.05
1364.1
1402.15
1440.15
1478.2
1516.25
1554.3
1592.35
1630.4
1668.45
1706.5
1744.55
1782.6
1820.65
1858.7
1896.7
1934.75
1972.8
2010.85
2048.9
2086.95
2125
2163.05
2201.1
2239.15
2277.2
2315.25
2353.25
2391.3
2429.35
2467.4
2505.45
2543.5
2581.55
2619.6
2657.65
2695.7
2733.75
2771.8
2809.85
2847.85
2885.9
2923.95
2962
3000.05
3038.1
3076.15
3114.2
3152.25
3190.3
3228.35
3266.4
3304.4
3342.45
3380.5
3418.55
3456.6
3494.65
3532.7
3570.75
3608.8
3646.85
3684.9
3722.95
3760.95
3799
3837.05
3875.1
3913.15
3951.2
3989.25
4027.3
4065.35
4103.4
4141.45
4179.5
4217.55
4255.55
4293.6
4331.65
4369.7
4407.75
4445.8
4483.85
4521.9
4559.95
4598
4636.05
4674.1
4712.1
4750.15
4788.2
4826.25
4864.3
4902.35
4940.4
4978.45
-1000
0.05
26
61.25
98.3
136
173.95
211.95
250
288.05
326.1
364.15
402.2
440.25
478.35
516.3
554.35
592.4
630.45
668.5
706.55
744.6
782.65
820.7
858.75
896.8
934.9
972.85
1010.9
1048.95
1087
1125.05
1163.1
1201.15
1239.2
1277.25
1315.3
1353.35
1391.4
1429.4
1467.45
1505.5
1543.55
1581.6
1619.65
1657.7
1695.75
1733.8
1771.85
1809.9
1847.95
1886.05
1924
1962.05
2000.1
2038.15
2076.2
2114.25
2152.3
2190.35
2228.4
2266.45
2304.5
2342.6
2380.55
2418.6
2456.65
2494.7
2532.75
2570.8
2608.85
2646.9
2684.95
2723
2761.05
2799.1
2837.1
2875.15
2913.2
2951.25
2989.3
3027.35
3065.4
3103.45
3141.5
3179.55
3217.6
3255.65
3293.75
3331.7
3369.75
3407.8
3445.85
3483.9
3521.95
3560
3598.05
3636.1
3674.15
3712.2
3750.3
3788.25
3826.3
3864.35
3902.4
3940.45
3978.5
4016.55
4054.6
4092.65
4130.7
4168.75
4206.8
4244.9
4282.85
4320.9
4358.95
4397
4435.05
4473.1
4511.15
4549.2
4587.25
4625.3
4663.35
4701.45
4739.4
4777.45
4815.5
4853.55
4891.6
4929.65
4967.7
