0.05
15
33.7
52.4
71.1
89.85
108.55
127.25
145.95
164.7
183.4
202.1
220.8
239.55
258.25
276.95
295.65
314.4
333.1
351.8
370.5
389.25
407.95
426.65
445.35
464.05
482.8
501.5
520.2
538.9
557.65
576.35
595.05
613.75
632.5
651.2
669.9
688.6
707.35
726.05
744.75
763.45
782.2
800.9
819.6
838.3
857.05
875.75
894.45
913.15
931.9
950.6
969.3
988
1006.75
1025.45
1044.15
1062.85
1081.6
1100.3
1119
1137.7
1156.45
1175.15
1193.85
1212.55
1231.3
1250
1268.7
1287.4
1306.1
1324.85
1343.55
1362.25
1380.95
1399.7
1418.4
1437.1
1455.8
1474.55
1493.25
1511.95
1530.65
1549.4
1568.1
1586.8
1605.5
1624.25
1642.95
1661.65
1680.35
1699.1
1717.8
1736.5
1755.2
1773.95
1792.65
1811.35
1830.05
1848.8
1867.5
1886.2
1904.9
1923.65
1942.35
1961.05
1979.75
1998.5
2017.2
2035.9
2054.6
2073.35
2092.05
2110.75
2129.45
2148.15
2166.9
2185.6
2204.3
2223
2241.75
2260.45
2279.15
2297.85
2316.6
2335.3
2354
2372.7
2391.45
2410.15
2428.85
2447.55
2466.3
2485
2503.7
2522.4
2541.15
2559.85
2578.55
2597.25
2616
2634.7
2653.4
2672.1
2690.85
2709.55
2728.25
2746.95
2765.7
2784.4
2803.1
2821.8
2840.55
2859.25
2877.95
2896.65
2915.35
2934.1
2952.8
2971.5
2990.2
3008.95
3027.65
3046.35
3065.05
3083.8
3102.5
3121.2
3139.9
3158.65
3177.35
3196.05
3214.75
3233.5
3252.2
3270.9
3289.6
3308.35
3327.05
3345.75
3364.45
3383.2
3401.9
3420.6
3439.3
3458.05
3476.75
3495.45
3514.15
3532.9
3551.6
3570.3
3589
3607.75
3626.45
3645.15
3663.85
3682.6
3701.3
3720
3738.7
3757.4
3776.15
3794.85
3813.55
3832.25
3851
3869.7
3888.4
3907.1
3925.85
3944.55
3963.25
3981.95
4000.7
4019.4
4038.1
4056.8
4075.55
4094.25
4112.95
4131.65
4150.4
4169.1
4187.8
4206.5
4225.25
4243.95
4262.65
4281.35
4300.1
4318.8
4337.5
4356.2
4374.95
4393.65
4412.35
4431.05
4449.8
4468.5
4487.2
4505.9
4524.6
4543.35
4562.05
4580.75
4599.45
4618.2
4636.9
4655.6
4674.3
4693.05
4711.75
4730.45
4749.15
4767.9
4786.6
4805.3
4824
4842.75
4861.45
4880.15
4898.85
4917.6
4936.3
4955
4973.7
-1000
0.05
24.55
45.5
65.7
85.4
104.65
123.8
142.75
161.65
180.4
199.2
218
236.75
255.4
274.2
292.9
311.65
330.3
349.05
367.8
386.5
405.15
423.9
442.65
461.35
480.1
498.7
517.45
536.2
554.9
573.55
592.3
611.05
629.75
648.4
667.15
685.9
704.6
723.25
742
760.75
779.45
798.1
816.85
835.6
854.3
872.95
891.7
910.45
929.15
947.8
966.55
985.3
1004
1022.65
1041.4
1060.15
1078.85
1097.5
1116.25
1135
1153.7
1172.35
1191.1
1209.85
1228.55
1247.3
1266
1284.7
1303.45
1322.15
1340.8
1359.5
1378.25
1396.95
1415.6
1434.35
1453.1
1471.8
1490.45
1509.2
1527.95
1546.65
1565.3
1584.05
1602.8
1621.5
1640.15
1658.9
1677.65
1696.35
1715
1733.75
1752.5
1771.2
1789.85
1808.6
1827.35
1846.05
1864.7
1883.45
1902.2
1920.9
1939.55
1958.3
1977.05
1995.75
2014.4
2033.15
2051.9
2070.6
2089.35
2108.05
2126.75
2145.5
2164.2
2182.85
2201.55
2220.3
2239
2257.65
2276.4
2295.15
2313.85
2332.5
2351.25
2370
2388.7
2407.35
2426.1
2444.85
2463.55
2482.2
2500.95
2519.7
2538.4
2557.05
2575.8
2594.55
2613.25
2631.9
2650.65
2669.4
2688.1
2706.75
2725.5
2744.25
2762.95
2781.6
2800.35
2819.1
2837.8
2856.45
2875.2
2893.95
2912.65
2931.4
2950
2968.75
2987.5
3006.2
3024.85
3043.6
3062.35
3081.05
3099.7
3118.45
3137.2
3155.9
3174.55
3193.3
3212.05
3230.75
3249.4
3268.15
3286.9
3305.6
3324.25
3343
3361.75
3380.45
3399.1
3417.85
3436.6
3455.3
3473.95
3492.7
3511.45
3530.15
3548.8
3567.55
3586.3
3605
3623.65
3642.4
3661.15
3679.85
3698.6
3717.3
3736
3754.75
3773.45
3792.1
3810.8
3829.55
3848.25
3866.9
3885.65
3904.4
3923.1
3941.75
3960.5
3979.25
3997.95
4016.6
4035.35
4054.1
4072.8
4091.45
4110.2
4128.95
4147.65
4166.3
4185.05
4203.8
4222.5
4241.15
4259.9
4278.65
4297.35
4316
4334.75
4353.5
4372.2
4390.85
4409.6
4428.35
4447.05
4465.7
4484.45
4503.2
4521.9
4540.65
4559.35
4578.05
4596.8
4615.5
4634.15
4652.85
4671.6
4690.3
4708.95
4727.7
4746.45
4765.15
4783.8
4802.55
4821.3
4840
4858.65
4877.4
4896.15
4914.85
4933.5
4952.25
4971
4989.7
