0.05
17.2
38.45
59.65
80.9
102.1
123.35
144.6
165.8
187.05
208.25
229.5
250.75
271.95
293.2
314.4
335.65
356.85
378.1
399.35
420.55
441.8
463
484.25
505.5
526.7
547.95
569.15
590.4
611.65
632.85
654.1
675.3
696.55
717.8
739
760.25
781.45
802.7
823.95
845.15
866.4
887.6
908.85
930.05
951.3
972.55
993.75
1015
1036.2
1057.45
1078.7
1099.9
1121.15
1142.35
1163.6
1184.85
1206.05
1227.3
1248.5
1269.75
1291
1312.2
1333.45
1354.65
1375.9
1397.15
1418.35
1439.6
1460.8
1482.05
1503.25
1524.5
1545.75
1566.95
1588.2
1609.4
1630.65
1651.9
1673.1
1694.35
1715.55
1736.8
1758.05
1779.25
1800.5
1821.7
1842.95
1864.2
1885.4
1906.65
1927.85
1949.1
1970.35
1991.55
2012.8
2034
2055.25
2076.45
2097.7
2118.95
2140.15
2161.4
2182.6
2203.85
2225.1
2246.3
2267.55
2288.75
2310
2331.25
2352.45
2373.7
2394.9
2416.15
2437.4
2458.6
2479.85
2501.05
2522.3
2543.55
2564.75
2586
2607.2
2628.45
2649.65
2670.9
2692.15
2713.35
2734.6
2755.8
2777.05
2798.3
2819.5
2840.75
2861.95
2883.2
2904.45
2925.65
2946.9
2968.1
2989.35
3010.6
3031.8
3053.05
3074.25
3095.5
3116.75
3137.95
3159.2
3180.4
3201.65
3222.9
3244.1
3265.35
3286.55
3307.8
3329
3350.25
3371.5
3392.7
3413.95
3435.15
3456.4
3477.65
3498.85
3520.1
3541.3
3562.55
3583.8
3605
3626.25
3647.45
3668.7
3689.95
3711.15
3732.4
3753.6
3774.85
3796.1
3817.3
3838.55
3859.75
3881
3902.2
3923.45
3944.7
3965.9
3987.15
4008.35
4029.6
4050.85
4072.05
4093.3
4114.5
4135.75
4157
4178.2
4199.45
4220.65
4241.9
4263.15
4284.35
4305.6
4326.8
4348.05
4369.3
4390.5
4411.75
4432.95
4454.2
4475.4
4496.65
4517.9
4539.1
4560.35
4581.55
4602.8
4624.05
4645.25
4666.5
4687.7
4708.95
4730.2
4751.4
4772.65
4793.85
4815.1
4836.35
4857.55
4878.8
4900
4921.25
4942.5
4963.7
4984.95
-1000
0.05
26
45.55
65.2
85.6
106.35
127.3
148.35
169.45
190.6
211.85
233.05
254.3
275.5
296.75
317.9
339.15
360.4
381.6
402.85
424.05
445.3
466.55
487.75
509
530.2
551.45
572.7
593.9
615.15
636.35
657.6
678.85
700.05
721.3
742.5
763.75
785
806.2
827.45
848.7
869.9
891.1
912.35
933.6
954.8
976.05
997.25
1018.5
1039.75
1060.95
1082.2
1103.4
1124.65
1145.9
1167.1
1188.35
1209.55
1230.8
1252.05
1273.25
1294.5
1315.7
1336.95
1358.2
1379.4
1400.65
1421.85
1443.1
1464.35
1485.55
1506.8
1528.05
1549.25
1570.45
1591.7
1612.95
1634.15
1655.4
1676.6
1697.85
1719.1
1740.3
1761.55
1782.75
1804
1825.25
1846.45
1867.7
1888.9
1910.15
1931.4
1952.6
1973.85
1995.05
2016.3
2037.55
2058.75
2080
2101.25
2122.45
2143.65
2164.9
2186.15
2207.35
2228.6
2249.8
2271.05
2292.3
2313.5
2334.75
2355.95
2377.2
2398.45
2419.65
2440.9
2462.1
2483.35
2504.6
2525.8
2547.05
2568.25
2589.5
2610.75
2631.95
2653.2
2674.45
2695.65
2716.85
2738.1
2759.35
2780.55
2801.8
2823
2844.25
2865.5
2886.7
2907.95
2929.15
2950.4
2971.65
2992.85
3014.1
3035.3
3056.55
3077.8
3099
3120.25
3141.45
3162.7
3183.95
3205.15
3226.4
3247.65
3268.85
3290.05
3311.3
3332.55
3353.75
3375
3396.2
3417.45
3438.7
3459.9
3481.15
3502.35
3523.6
3544.85
3566.05
3587.3
3608.5
3629.75
3651
3672.2
3693.45
3714.65
3735.9
3757.15
3778.35
3799.6
3820.85
3842.05
3863.25
3884.5
3905.75
3926.95
3948.2
3969.4
3990.65
4011.9
4033.1
4054.35
4075.55
4096.8
4118.05
4139.25
4160.5
4181.7
4202.95
4224.2
4245.4
4266.65
4287.85
4309.1
4330.35
4351.55
4372.8
4394
4415.25
4436.5
4457.7
4478.95
4500.2
4521.4
4542.6
4563.85
4585.1
4606.3
4627.55
4648.75
4670
4691.25
4712.45
4733.7
4754.9
4776.15
4797.4
4818.6
4839.85
4861.05
4882.3
4903.55
4924.75
4946
4967.2
4988.45
