0.05
62.85
132.8
202.75
272.7
342.65
412.6
482.55
552.5
622.45
692.4
762.35
832.3
902.25
972.2
1042.15
1112.1
1182.1
1252.05
1322
1391.95
1461.9
1531.85
1601.8
1671.75
1741.7
1811.65
1881.6
1951.55
2021.5
2091.45
2161.4
2231.35
2301.3
2371.25
2441.2
2511.15
2581.1
2651.05
2721
2790.95
2860.9
2930.85
3000.85
3070.8
3140.75
3210.7
3280.65
3350.6
3420.55
3490.5
3560.45
3630.4
3700.35
3770.3
3840.25
3910.2
3980.15
4050.1
4120.05
4190
4259.95
4329.9
4399.85
4469.8
4539.75
4609.7
4679.65
4749.6
4819.55
4889.55
4959.5
-1000
0.05
26
57.05
91.85
122.85
160.4
191.35
229.9
260.85
299.65
330.6
369.55
400.5
439.5
470.45
509.45
540.4
579.4
610.35
649.35
680.3
719.3
750.25
789.25
820.2
859.2
890.15
929.15
960.1
999.1
1030.05
1069.05
1100
1139
1169.95
1208.95
1239.9
1278.95
1309.9
1348.9
1379.85
1418.85
1449.8
1488.8
1519.75
1558.75
1589.7
1628.7
1659.65
1698.65
1729.6
1768.6
1799.55
1838.55
1869.5
1908.5
1939.45
1978.45
2009.4
2048.4
2079.35
2118.35
2149.3
2188.3
2219.25
2258.25
2289.2
2328.2
2359.15
2398.15
2429.1
2468.1
