0.05
14.45
32.55
50.65
68.75
86.9
105
123.1
141.2
159.3
177.4
195.5
213.65
231.75
249.85
267.95
286.05
304.15
322.25
340.4
358.5
376.6
394.7
412.8
430.9
449
467.15
485.25
503.35
521.45
539.55
557.65
575.75
593.9
612
630.1
648.2
666.3
684.4
702.5
720.65
738.75
756.85
774.95
793.05
811.15
829.25
847.4
865.5
883.6
901.7
919.8
937.9
956
974.1
992.25
1010.35
1028.45
1046.55
1064.65
1082.75
1100.85
1119
1137.1
1155.2
1173.3
1191.4
1209.5
1227.6
1245.75
1263.85
1281.95
1300.05
1318.15
1336.25
1354.35
1372.5
1390.6
1408.7
1426.8
1444.9
1463
1481.1
1499.25
1517.35
1535.45
1553.55
1571.65
1589.75
1607.85
1626
1644.1
1662.2
1680.3
1698.4
1716.5
1734.6
1752.75
1770.85
1788.95
1807.05
1825.15
1843.25
1861.35
1879.5
1897.6
1915.7
1933.8
1951.9
1970
1988.1
2006.25
2024.35
2042.45
2060.55
2078.65
2096.75
2114.85
2133
2151.1
2169.2
2187.3
2205.4
2223.5
2241.6
2259.75
2277.85
2295.95
2314.05
2332.15
2350.25
2368.35
2386.45
2404.6
2422.7
2440.8
2458.9
2477
2495.1
2513.2
2531.35
2549.45
2567.55
2585.65
2603.75
2621.85
2639.95
2658.1
2676.2
2694.3
2712.4
2730.5
2748.6
2766.7
2784.85
2802.95
2821.05
2839.15
2857.25
2875.35
2893.45
2911.6
2929.7
2947.8
2965.9
2984
3002.1
3020.2
3038.35
3056.45
3074.55
3092.65
3110.75
3128.85
3146.95
3165.1
3183.2
3201.3
3219.4
3237.5
3255.6
3273.7
3291.85
3309.95
3328.05
3346.15
3364.25
3382.35
3400.45
3418.6
3436.7
3454.8
3472.9
3491
3509.1
3527.2
3545.35
3563.45
3581.55
3599.65
3617.75
3635.85
3653.95
3672.05
3690.2
3708.3
3726.4
3744.5
3762.6
3780.7
3798.8
3816.95
3835.05
3853.15
3871.25
3889.35
3907.45
3925.55
3943.7
3961.8
3979.9
3998
4016.1
4034.2
4052.3
4070.45
4088.55
4106.65
4124.75
4142.85
4160.95
4179.05
4197.2
4215.3
4233.4
4251.5
4269.6
4287.7
4305.8
4323.95
4342.05
4360.15
4378.25
4396.35
4414.45
4432.55
4450.7
4468.8
4486.9
4505
4523.1
4541.2
4559.3
4577.45
4595.55
4613.65
4631.75
4649.85
4667.95
4686.05
4704.2
4722.3
4740.4
4758.5
4776.6
4794.7
4812.8
4830.95
4849.05
4867.15
4885.25
4903.35
4921.45
4939.55
4957.7
4975.8
-1000
0.05
26
47.35
66.2
84.8
103.25
121.5
139.7
158
176.2
194.4
212.6
230.75
248.8
266.85
285.05
303.2
321.3
339.45
357.55
375.6
393.65
411.8
429.95
448.1
466.2
484.35
502.35
520.4
538.55
556.7
574.85
592.95
611.1
629.1
647.15
665.3
683.45
701.6
719.7
737.85
755.85
773.9
792.05
810.2
828.35
846.45
864.6
882.7
900.75
918.85
937
955.1
973.25
991.35
1009.45
1027.5
1045.65
1063.75
1081.9
1100
1118.1
1136.2
1154.25
1172.4
1190.5
1208.65
1226.75
1244.85
1262.95
1281
1299.05
1317.2
1335.3
1353.45
1371.55
1389.7
1407.7
1425.75
1443.9
1462.05
1480.2
1498.3
1516.45
1534.45
1552.5
1570.65
1588.8
1606.95
1625.05
1643.2
1661.2
1679.25
1697.4
1715.55
1733.7
1751.8
1769.95
1787.95
1806
1824.15
1842.3
1860.45
1878.55
1896.7
1914.7
1932.75
1950.9
1969.05
1987.2
2005.3
2023.45
2041.45
2059.5
2077.65
2095.8
2113.95
2132.05
2150.2
2168.25
2186.3
2204.45
2222.6
2240.7
2258.85
2276.95
2295.05
2313.1
2331.2
2349.35
2367.45
2385.6
2403.7
2421.8
2439.85
2458
2476.1
2494.25
2512.35
2530.45
2548.55
2566.6
2584.75
2602.85
2621
2639.1
2657.2
2675.3
2693.35
2711.4
2729.55
2747.65
2765.8
2783.9
2802.05
2820.05
2838.1
2856.25
2874.4
2892.55
2910.65
2928.8
2946.8
2964.85
2983
3001.15
3019.3
3037.4
3055.55
3073.55
3091.6
3109.75
3127.9
3146.05
3164.15
3182.3
3200.3
3218.35
3236.5
3254.65
3272.8
3290.9
3309.05
3327.05
3345.1
3363.25
3381.4
3399.55
3417.65
3435.8
3453.8
3471.85
3490
3508.15
3526.3
3544.4
3562.55
3580.65
3598.7
3616.8
3634.95
3653.05
3671.2
3689.3
3707.4
3725.45
3743.6
3761.7
3779.85
3797.95
3816.05
3834.15
3852.2
3870.35
3888.45
3906.6
3924.7
3942.8
3960.9
3978.95
3997.1
4015.2
4033.35
4051.45
4069.55
4087.65
4105.7
4123.75
4141.9
4160
4178.15
4196.25
4214.4
4232.4
4250.45
4268.6
4286.75
4304.9
4323
4341.15
4359.15
4377.2
4395.35
4413.5
4431.65
4449.75
4467.9
4485.9
4503.95
4522.1
4540.25
4558.4
4576.5
4594.65
4612.65
4630.7
4648.85
4667
4685.15
4703.25
4721.4
4739.4
4757.45
4775.6
4793.75
4811.9
4830
4848.15
4866.15
4884.2
4902.35
4920.5
4938.65
4956.75
4974.9
4993
