0.05
19.9
44.15
68.35
92.6
116.85
141.1
165.35
189.6
213.85
238.1
262.35
286.55
310.8
335.05
359.3
383.55
407.8
432.05
456.3
480.55
504.8
529
553.25
577.5
601.75
626
650.25
674.5
698.75
723
747.25
771.45
795.7
819.95
844.2
868.45
892.7
916.95
941.2
965.45
989.7
1013.9
1038.15
1062.4
1086.65
1110.9
1135.15
1159.4
1183.65
1207.9
1232.1
1256.35
1280.6
1304.85
1329.1
1353.35
1377.6
1401.85
1426.1
1450.35
1474.55
1498.8
1523.05
1547.3
1571.55
1595.8
1620.05
1644.3
1668.55
1692.8
1717
1741.25
1765.5
1789.75
1814
1838.25
1862.5
1886.75
1911
1935.25
1959.45
1983.7
2007.95
2032.2
2056.45
2080.7
2104.95
2129.2
2153.45
2177.7
2201.9
2226.15
2250.4
2274.65
2298.9
2323.15
2347.4
2371.65
2395.9
2420.1
2444.35
2468.6
2492.85
2517.1
2541.35
2565.6
2589.85
2614.1
2638.35
2662.55
2686.8
2711.05
2735.3
2759.55
2783.8
2808.05
2832.3
2856.55
2880.8
2905
2929.25
2953.5
2977.75
3002
3026.25
3050.5
3074.75
3099
3123.25
3147.45
3171.7
3195.95
3220.2
3244.45
3268.7
3292.95
3317.2
3341.45
3365.65
3389.9
3414.15
3438.4
3462.65
3486.9
3511.15
3535.4
3559.65
3583.9
3608.1
3632.35
3656.6
3680.85
3705.1
3729.35
3753.6
3777.85
3802.1
3826.35
3850.55
3874.8
3899.05
3923.3
3947.55
3971.8
3996.05
4020.3
4044.55
4068.8
4093
4117.25
4141.5
4165.75
4190
4214.25
4238.5
4262.75
4287
4311.2
4335.45
4359.7
4383.95
4408.2
4432.45
4456.7
4480.95
4505.2
4529.45
4553.65
4577.9
4602.15
4626.4
4650.65
4674.9
4699.15
4723.4
4747.65
4771.9
4796.1
4820.35
4844.6
4868.85
4893.1
4917.35
4941.6
4965.85
4990.1
-1000
0.05
26.4
47.15
65.3
85.35
107.35
130.35
153.8
177.5
201.3
225.2
249.15
273.1
297.05
321
344.9
368.75
392.45
415.8
438.25
458.9
476.9
497.2
519.3
542.35
565.85
589.55
613.4
637.3
661.25
685.25
709.2
733.15
757
780.8
804.45
827.65
849.7
869.75
888
908.8
931.2
954.4
977.9
1001.6
1025.45
1049.35
1073.3
1097.3
1121.25
1145.2
1169.1
1192.9
1216.45
1239.5
1261.2
1280.65
1299.35
1320.55
1343.15
1366.4
1390
1413.75
1437.65
1461.55
1485.45
1509.4
1533.4
1557.35
1581.2
1605
1628.55
1651.6
1673.15
1692.35
1711.15
1732.5
1755.15
1778.45
1802.1
1825.85
1849.75
1873.7
1897.65
1921.6
1945.5
1969.4
1993.25
2017
2040.5
2063.3
2084.45
2103.2
2122.65
2144.35
2167.1
2190.45
2214.1
2237.95
2261.8
2285.75
2309.75
2333.7
2357.65
2381.6
2405.45
2429.15
2452.6
2475.35
2496.45
2515.2
2534.7
2556.4
2579.25
2602.65
2626.3
2650.05
2673.9
2697.85
2721.85
2745.8
2769.75
2793.7
2817.55
2841.25
2864.65
2887.15
2907.8
2925.85
2946.05
2968.15
2991.15
3014.65
3038.35
3062.2
3086.1
3110
3133.95
3157.9
3181.85
3205.8
3229.6
3253.3
3276.65
3299
3319.45
3337.45
3357.85
3380.1
3403.2
3426.7
3450.45
3474.3
3498.2
3522.15
3546.15
3570.1
3594.05
3617.9
3641.7
3665.4
3688.65
3710.85
3731
3749.15
3769.85
3792.2
3815.3
3838.75
3862.5
3886.35
3910.3
3934.25
3958.2
3982.2
4006.15
4030.05
4053.85
4077.4
4100.45
4122.2
4141.8
4160.4
4181.5
4204.05
4227.3
4250.9
4274.65
4298.5
4322.4
4346.35
4370.35
4394.3
4418.25
4442.15
4465.9
4489.5
4512.55
4534.15
4553.45
4572.25
4593.5
4616.15
4639.4
4663
4686.8
4710.65
