0.05
14.9
33.55
52.15
70.75
89.4
108
126.65
145.25
163.9
182.5
201.15
219.75
238.4
257
275.6
294.25
312.85
331.5
350.1
368.75
387.35
406
424.6
443.25
461.85
480.45
499.1
517.7
536.35
554.95
573.6
592.2
610.85
629.45
648.1
666.7
685.3
703.95
722.55
741.2
759.8
778.45
797.05
815.7
834.3
852.95
871.55
890.15
908.8
927.4
946.05
964.65
983.3
1001.9
1020.55
1039.15
1057.8
1076.4
1095
1113.65
1132.25
1150.9
1169.5
1188.15
1206.75
1225.4
1244
1262.65
1281.25
1299.85
1318.5
1337.1
1355.75
1374.35
1393
1411.6
1430.25
1448.85
1467.5
1486.1
1504.7
1523.35
1541.95
1560.6
1579.2
1597.85
1616.45
1635.1
1653.7
1672.35
1690.95
1709.55
1728.2
1746.8
1765.45
1784.05
1802.7
1821.3
1839.95
1858.55
1877.2
1895.8
1914.4
1933.05
1951.65
1970.3
1988.9
2007.55
2026.15
2044.8
2063.4
2082.05
2100.65
2119.25
2137.9
2156.5
2175.15
2193.75
2212.4
2231
2249.65
2268.25
2286.9
2305.5
2324.1
2342.75
2361.35
2380
2398.6
2417.25
2435.85
2454.5
2473.1
2491.75
2510.35
2528.95
2547.6
2566.2
2584.85
2603.45
2622.1
2640.7
2659.35
2677.95
2696.6
2715.2
2733.8
2752.45
2771.05
2789.7
2808.3
2826.95
2845.55
2864.2
2882.8
2901.45
2920.05
2938.65
2957.3
2975.9
2994.55
3013.15
3031.8
3050.4
3069.05
3087.65
3106.3
3124.9
3143.5
3162.15
3180.75
3199.4
3218
3236.65
3255.25
3273.9
3292.5
3311.15
3329.75
3348.35
3367
3385.6
3404.25
3422.85
3441.5
3460.1
3478.75
3497.35
3516
3534.6
3553.2
3571.85
3590.45
3609.1
3627.7
3646.35
3664.95
3683.6
3702.2
3720.85
3739.45
3758.05
3776.7
3795.3
3813.95
3832.55
3851.2
3869.8
3888.45
3907.05
3925.7
3944.3
3962.9
3981.55
4000.15
4018.8
4037.4
4056.05
4074.65
4093.3
4111.9
4130.55
4149.15
4167.75
4186.4
4205
4223.65
4242.25
4260.9
4279.5
4298.15
4316.75
4335.4
4354
4372.6
4391.25
4409.85
4428.5
4447.1
4465.75
4484.35
4503
4521.6
4540.25
4558.85
4577.45
4596.1
4614.7
4633.35
4651.95
4670.6
4689.2
4707.85
4726.45
4745.1
4763.7
4782.35
4800.95
4819.55
4838.2
4856.8
4875.45
4894.05
4912.7
4931.3
4949.95
4968.55
-1000
0.05
26.2
47.65
68.4
88.4
107.9
127.1
146.1
164.95
183.7
202.45
221.05
239.75
258.35
277.05
295.7
314.4
333
351.65
370.3
388.85
407.5
426.05
444.7
463.3
481.95
500.6
519.25
537.9
556.5
575.15
593.7
612.35
630.9
649.55
668.15
686.8
705.45
724.1
742.75
761.35
780
798.55
817.2
835.75
854.4
873
891.65
910.3
928.95
947.6
966.2
984.85
1003.4
1022.05
1040.6
1059.25
1077.85
1096.5
1115.15
1133.8
1152.45
1171.05
1189.7
1208.25
1226.9
1245.45
1264.1
1282.7
1301.35
1320
1338.65
1357.3
1375.9
1394.55
1413.1
1431.75
1450.3
1468.95
1487.55
1506.2
1524.85
1543.5
1562.15
1580.75
1599.4
1617.95
1636.6
1655.15
1673.8
1692.4
1711.05
1729.7
1748.35
1767
1785.6
1804.25
1822.8
1841.45
1860
1878.65
1897.25
1915.9
1934.55
1953.2
1971.85
1990.45
2009.1
2027.65
2046.3
2064.85
2083.5
2102.1
2120.75
2139.4
2158.05
2176.7
2195.3
2213.95
2232.5
2251.15
2269.7
2288.35
2306.95
2325.6
2344.25
2362.9
2381.55
2400.15
2418.8
2437.35
2456
2474.55
2493.2
2511.8
2530.45
2549.1
2567.75
2586.4
2605
2623.65
2642.2
2660.85
2679.4
2698.05
2716.65
2735.3
2753.95
2772.6
2791.25
2809.85
2828.5
2847.15
2865.75
2884.3
2902.95
2921.5
2940.15
2958.8
2977.45
2996.1
3014.7
3033.35
3052
3070.6
3089.15
3107.8
3126.35
3145
3163.65
3182.3
3200.95
3219.55
3238.2
3256.85
3275.45
3294
3312.65
3331.2
3349.85
3368.5
3387.15
3405.8
3424.4
3443.05
3461.7
3480.3
3498.85
3517.5
3536.05
3554.7
3573.35
3592
3610.65
3629.25
3647.9
3666.55
3685.15
3703.7
3722.35
3740.9
3759.55
3778.2
3796.85
3815.5
3834.1
3852.75
3871.4
3890
3908.55
3927.2
3945.75
3964.4
3983.05
4001.7
4020.35
4038.95
4057.6
4076.25
4094.85
4113.4
4132.05
4150.6
4169.25
4187.9
4206.55
4225.2
4243.8
4262.45
4281.1
4299.7
4318.25
4336.9
4355.45
4374.1
4392.75
4411.4
4430.05
4448.65
4467.3
4485.95
4504.55
4523.1
4541.75
4560.3
4578.95
4597.6
4616.25
4634.9
4653.5
4672.15
4690.8
4709.4
4727.95
4746.6
4765.15
4783.8
4802.45
4821.1
4839.75
4858.35
4877
4895.65
4914.25
4932.8
4951.45
4970
4988.65
