0.05
15.3
34.4
53.45
72.55
91.65
110.7
129.8
148.85
167.95
187.05
206.1
225.2
244.3
263.35
282.45
301.5
320.6
339.7
358.75
377.85
396.9
416
435.1
454.15
473.25
492.35
511.4
530.5
549.55
568.65
587.75
606.8
625.9
644.95
664.05
683.15
702.2
721.3
740.4
759.45
778.55
797.6
816.7
835.8
854.85
873.95
893.05
912.1
931.2
950.25
969.35
988.45
1007.5
1026.6
1045.65
1064.75
1083.85
1102.9
1122
1141.1
1160.15
1179.25
1198.3
1217.4
1236.5
1255.55
1274.65
1293.75
1312.8
1331.9
1350.95
1370.05
1389.15
1408.2
1427.3
1446.35
1465.45
1484.55
1503.6
1522.7
1541.8
1560.85
1579.95
1599
1618.1
1637.2
1656.25
1675.35
1694.4
1713.5
1732.6
1751.65
1770.75
1789.85
1808.9
1828
1847.05
1866.15
1885.25
1904.3
1923.4
1942.5
1961.55
1980.65
1999.7
2018.8
2037.9
2056.95
2076.05
2095.1
2114.2
2133.3
2152.35
2171.45
2190.55
2209.6
2228.7
2247.75
2266.85
2285.95
2305
2324.1
2343.2
2362.25
2381.35
2400.4
2419.5
2438.6
2457.65
2476.75
2495.8
2514.9
2534
2553.05
2572.15
2591.25
2610.3
2629.4
2648.45
2667.55
2686.65
2705.7
2724.8
2743.85
2762.95
2782.05
2801.1
2820.2
2839.3
2858.35
2877.45
2896.5
2915.6
2934.7
2953.75
2972.85
2991.95
3011
3030.1
3049.15
3068.25
3087.35
3106.4
3125.5
3144.55
3163.65
3182.75
3201.8
3220.9
3240
3259.05
3278.15
3297.2
3316.3
3335.4
3354.45
3373.55
3392.65
3411.7
3430.8
3449.85
3468.95
3488.05
3507.1
3526.2
3545.25
3564.35
3583.45
3602.5
3621.6
3640.7
3659.75
3678.85
3697.9
3717
3736.1
3755.15
3774.25
3793.3
3812.4
3831.5
3850.55
3869.65
3888.75
3907.8
3926.9
3945.95
3965.05
3984.15
4003.2
4022.3
4041.4
4060.45
4079.55
4098.6
4117.7
4136.8
4155.85
4174.95
4194
4213.1
4232.2
4251.25
4270.35
4289.45
4308.5
4327.6
4346.65
4365.75
4384.85
4403.9
4423
4442.1
4461.15
4480.25
4499.3
4518.4
4537.5
4556.55
4575.65
4594.7
4613.8
4632.9
4651.95
4671.05
4690.15
4709.2
4728.3
4747.35
4766.45
4785.55
4804.6
4823.7
4842.75
4861.85
4880.95
4900
4919.1
4938.2
4957.25
4976.35
-1000
0.05
26.45
47.95
69.55
90.6
110.85
130.75
150.35
169.75
189
208.15
227.35
246.5
265.55
284.65
303.8
322.9
342
361
380.1
399.2
418.3
437.4
456.4
475.5
494.65
513.65
532.75
551.85
570.95
590.05
609.05
628.15
647.3
666.35
685.45
704.55
723.65
742.7
761.7
780.8
799.95
819
838.1
857.1
876.2
895.35
914.35
933.45
952.55
971.65
990.75
1009.75
1028.85
1048
1067.05
1086.15
1105.15
1124.25
1143.4
1162.4
1181.5
1200.6
1219.7
1238.8
1257.8
1276.9
1296.05
1315.05
1334.15
1353.25
1372.35
1391.45
1410.45
1429.55
1448.7
1467.75
1486.85
1505.85
1524.95
1544.1
1563.1
1582.2
1601.3
1620.4
1639.5
1658.5
1677.6
1696.75
1715.8
1734.9
1753.9
1773
1792.15
1811.15
1830.25
1849.35
1868.45
1887.55
1906.55
1925.65
1944.8
1963.8
1982.9
2002
2021.1
2040.2
2059.2
2078.3
2097.45
2116.5
2135.6
2154.6
2173.7
2192.85
2211.85
2230.95
2250.05
2269.15
2288.25
2307.25
2326.35
2345.5
2364.55
2383.65
2402.75
2421.8
2440.9
2459.9
2479
2498.15
2517.2
2536.3
2555.3
2574.4
2593.55
2612.55
2631.65
2650.75
2669.85
2688.95
2707.95
2727.05
2746.2
2765.25
2784.35
2803.35
2822.45
2841.6
2860.6
2879.7
2898.8
2917.9
2937
2956
2975.1
2994.25
3013.25
3032.35
3051.45
3070.55
3089.65
3108.65
3127.75
3146.9
3165.95
3185.05
3204.05
3223.15
3242.3
3261.3
3280.4
3299.5
3318.6
3337.7
3356.7
3375.8
3394.95
3414
3433.1
3452.2
3471.3
3490.35
3509.35
3528.45
3547.6
3566.65
3585.75
3604.75
3623.85
3643
3662
3681.1
3700.2
3719.3
3738.4
3757.4
3776.5
3795.65
3814.7
3833.8
3852.8
3871.9
3891.05
3910.05
3929.15
3948.25
3967.35
3986.45
4005.45
4024.55
4043.7
4062.7
4081.8
4100.9
4120
4139.1
4158.1
4177.2
4196.35
4215.4
4234.5
4253.5
4272.6
4291.75
4310.75
4329.85
4348.95
4368.05
4387.15
4406.15
4425.25
4444.4
4463.45
4482.55
4501.65
4520.75
4539.8
4558.8
4577.9
4597.05
4616.1
4635.2
4654.2
4673.3
4692.45
4711.45
4730.55
4749.65
4768.75
4787.85
4806.85
4825.95
4845.1
4864.15
4883.25
4902.25
4921.35
4940.5
4959.5
4978.6
4997.7
