0.05
25.45
55.9
86.35
116.8
147.25
177.7
208.1
238.55
269
299.45
329.9
360.35
390.75
421.2
451.65
482.1
512.55
543
573.4
603.85
634.3
664.75
695.2
725.6
756.05
786.5
816.95
847.4
877.85
908.25
938.7
969.15
999.6
1030.05
1060.5
1090.9
1121.35
1151.8
1182.25
1212.7
1243.1
1273.55
1304
1334.45
1364.9
1395.35
1425.75
1456.2
1486.65
1517.1
1547.55
1578
1608.4
1638.85
1669.3
1699.75
1730.2
1760.65
1791.05
1821.5
1851.95
1882.4
1912.85
1943.25
1973.7
2004.15
2034.6
2065.05
2095.5
2125.9
2156.35
2186.8
2217.25
2247.7
2278.15
2308.55
2339
2369.45
2399.9
2430.35
2460.75
2491.2
2521.65
2552.1
2582.55
2613
2643.4
2673.85
2704.3
2734.75
2765.2
2795.65
2826.05
2856.5
2886.95
2917.4
2947.85
2978.3
3008.7
3039.15
3069.6
3100.05
3130.5
3160.9
3191.35
3221.8
3252.25
3282.7
3313.15
3343.55
3374
3404.45
3434.9
3465.35
3495.8
3526.2
3556.65
3587.1
3617.55
3648
3678.4
3708.85
3739.3
3769.75
3800.2
3830.65
3861.05
3891.5
3921.95
3952.4
3982.85
4013.3
4043.7
4074.15
4104.6
4135.05
4165.5
4195.95
4226.35
4256.8
4287.25
4317.7
4348.15
4378.55
4409
4439.45
4469.9
4500.35
4530.8
4561.2
4591.65
4622.1
4652.55
4683
4713.45
4743.85
4774.3
4804.75
4835.2
4865.65
4896.05
4926.5
4956.95
4987.4
-1000
0.05
26.05
45.3
67.5
93.6
118.55
138.8
159.85
185.65
211.25
232.7
252.4
277.7
303.75
326.2
344.9
369.6
395.85
418.95
437.1
461.4
487.75
511.3
529.35
553.1
579.45
603.25
621.75
645
671.3
695.55
714.65
737
763.2
788
808
829.3
855.2
880.7
901.75
921.75
947.2
973.2
995.4
1014.35
1039.2
1065.45
1088.4
1106.65
1131.05
1157.35
1180.85
1198.85
1222.8
1249.15
1272.95
1291.45
1314.7
1341
1365.25
1384.35
1406.7
1432.85
1457.6
1477.55
1498.95
1524.85
1550.3
1571.35
1591.35
1616.8
1642.75
1664.85
1683.9
1708.85
1735.1
1758
1776.25
1800.7
1827.05
1850.45
1868.5
1892.45
1918.8
1942.6
1961.05
1984.35
2010.65
2034.85
2053.85
2076.35
2102.55
2127.2
2147
2168.5
2194.45
2219.85
2240.75
2261
2286.5
2312.35
2334.35
2353.45
2378.5
2404.7
2427.55
2445.9
2470.35
2496.7
2520.1
2538.1
2562.1
2588.5
2612.25
2630.5
2653.9
2680.25
2704.35
2723.25
2745.95
2772.15
2796.75
2816.4
2838.05
2864.05
2889.35
2910.1
2930.5
2956.1
2982
3003.9
3023.1
3048.15
3074.35
3097.15
3115.55
3140.05
3166.35
3189.75
3207.75
3231.8
3258.15
3281.9
3300.2
3323.6
3349.9
3373.95
3392.8
3415.55
3441.8
3466.35
3485.95
3507.65
3533.65
3558.85
3579.4
3600.05
3625.7
3651.5
3673.25
3692.6
3717.75
3743.9
3766.55
3785.05
