0.05
16.7
37.3
57.95
78.6
99.25
119.85
140.5
161.15
181.8
202.4
223.05
243.7
264.35
285
305.6
326.25
346.9
367.55
388.15
408.8
429.45
450.1
470.7
491.35
512
532.65
553.3
573.9
594.55
615.2
635.85
656.45
677.1
697.75
718.4
739
759.65
780.3
800.95
821.6
842.2
862.85
883.5
904.15
924.75
945.4
966.05
986.7
1007.3
1027.95
1048.6
1069.25
1089.85
1110.5
1131.15
1151.8
1172.45
1193.05
1213.7
1234.35
1255
1275.6
1296.25
1316.9
1337.55
1358.15
1378.8
1399.45
1420.1
1440.75
1461.35
1482
1502.65
1523.3
1543.9
1564.55
1585.2
1605.85
1626.45
1647.1
1667.75
1688.4
1709.05
1729.65
1750.3
1770.95
1791.6
1812.2
1832.85
1853.5
1874.15
1894.75
1915.4
1936.05
1956.7
1977.35
1997.95
2018.6
2039.25
2059.9
2080.5
2101.15
2121.8
2142.45
2163.05
2183.7
2204.35
2225
2245.65
2266.25
2286.9
2307.55
2328.2
2348.8
2369.45
2390.1
2410.75
2431.35
2452
2472.65
2493.3
2513.95
2534.55
2555.2
2575.85
2596.5
2617.1
2637.75
2658.4
2679.05
2699.65
2720.3
2740.95
2761.6
2782.25
2802.85
2823.5
2844.15
2864.8
2885.4
2906.05
2926.7
2947.35
2967.95
2988.6
3009.25
3029.9
3050.55
3071.15
3091.8
3112.45
3133.1
3153.7
3174.35
3195
3215.65
3236.25
3256.9
3277.55
3298.2
3318.85
3339.45
3360.1
3380.75
3401.4
3422
3442.65
3463.3
3483.95
3504.55
3525.2
3545.85
3566.5
3587.15
3607.75
3628.4
3649.05
3669.7
3690.3
3710.95
3731.6
3752.25
3772.85
3793.5
3814.15
3834.8
3855.45
3876.05
3896.7
3917.35
3938
3958.6
3979.25
3999.9
4020.55
4041.15
4061.8
4082.45
4103.1
4123.75
4144.35
4165
4185.65
4206.3
4226.9
4247.55
4268.2
4288.85
4309.45
4330.1
4350.75
4371.4
4392
4412.65
4433.3
4453.95
4474.6
4495.2
4515.85
4536.5
4557.15
4577.75
4598.4
4619.05
4639.7
4660.3
4680.95
4701.6
4722.25
4742.9
4763.5
4784.15
4804.8
4825.45
4846.05
4866.7
4887.35
4908
4928.6
4949.25
4969.9
4990.55
-1000
0.05
26
44.25
63.2
82.85
102.9
123.1
143.55
164.1
184.65
205.2
225.8
246.45
267.1
287.75
308.35
329
349.65
370.3
390.9
411.55
432.2
452.85
473.45
494.1
514.75
535.4
556.05
576.7
597.3
617.95
638.6
659.2
679.85
700.5
721.15
741.75
762.4
783.05
803.7
824.35
845
865.6
886.25
906.9
927.5
948.15
968.8
989.45
1010.05
1030.7
1051.35
1072
1092.65
1113.3
1133.9
1154.55
1175.2
1195.8
1216.45
1237.1
1257.75
1278.35
1299
1319.65
1340.3
1360.95
1381.6
1402.2
1422.85
1443.5
1464.1
1484.75
1505.4
1526.05
1546.65
1567.3
1587.95
1608.6
1629.25
1649.9
1670.5
1691.15
1711.8
1732.4
1753.05
1773.7
1794.35
1814.95
1835.6
1856.25
1876.9
1897.5
1918.15
1938.8
1959.45
1980.1
2000.7
2021.35
2042
2062.65
2083.25
2103.9
2124.55
2145.2
2165.8
2186.45
2207.1
2227.75
2248.4
2269
2289.65
2310.3
2330.95
2351.55
2372.2
2392.85
2413.5
2434.1
2454.75
2475.4
2496.05
2516.7
2537.3
2557.95
2578.6
2599.25
2619.85
2640.5
2661.15
2681.8
2702.4
2723.05
2743.7
2764.35
2785
2805.6
2826.25
2846.9
2867.55
2888.15
2908.8
2929.45
2950.1
2970.7
2991.35
3012
3032.65
3053.3
3073.9
3094.55
3115.2
3135.85
3156.45
3177.1
3197.75
3218.4
3239
3259.65
3280.3
3300.95
3321.6
3342.2
3362.85
3383.5
3404.15
3424.75
3445.4
3466.05
3486.7
3507.3
3527.95
3548.6
3569.25
3589.9
3610.5
3631.15
3651.8
3672.45
3693.05
3713.7
3734.35
3755
3775.6
3796.25
3816.9
3837.55
3858.2
3878.85
3899.45
3920.1
3940.75
3961.35
3982
4002.65
4023.3
4043.9
4064.55
4085.2
4105.85
4126.5
4147.15
4167.75
4188.4
4209.05
4229.65
4250.3
4270.95
4291.6
4312.2
4332.85
4353.5
4374.15
4394.8
4415.45
4436.05
4456.7
4477.35
4497.95
4518.6
4539.25
4559.9
4580.5
4601.15
4621.8
4642.45
4663.1
4683.75
4704.35
4725
4745.65
4766.25
4786.9
4807.55
4828.2
4848.8
4869.45
4890.1
4910.75
4931.4
4952.05
4972.65
4993.3
