0.05
15
33.7
52.4
71.1
89.85
108.55
127.25
145.95
164.7
183.4
202.1
220.8
239.55
258.25
276.95
295.65
314.4
333.1
351.8
370.5
389.25
407.95
426.65
445.35
464.05
482.8
501.5
520.2
538.9
557.65
576.35
595.05
613.75
632.5
651.2
669.9
688.6
707.35
726.05
744.75
763.45
782.2
800.9
819.6
838.3
857.05
875.75
894.45
913.15
931.9
950.6
969.3
988
1006.75
1025.45
1044.15
1062.85
1081.6
1100.3
1119
1137.7
1156.45
1175.15
1193.85
1212.55
1231.3
1250
1268.7
1287.4
1306.1
1324.85
1343.55
1362.25
1380.95
1399.7
1418.4
1437.1
1455.8
1474.55
1493.25
1511.95
1530.65
1549.4
1568.1
1586.8
1605.5
1624.25
1642.95
1661.65
1680.35
1699.1
1717.8
1736.5
1755.2
1773.95
1792.65
1811.35
1830.05
1848.8
1867.5
1886.2
1904.9
1923.65
1942.35
1961.05
1979.75
1998.5
2017.2
2035.9
2054.6
2073.35
2092.05
2110.75
2129.45
2148.15
2166.9
2185.6
2204.3
2223
2241.75
2260.45
2279.15
2297.85
2316.6
2335.3
2354
2372.7
2391.45
2410.15
2428.85
2447.55
2466.3
2485
2503.7
2522.4
2541.15
2559.85
2578.55
2597.25
2616
2634.7
2653.4
2672.1
2690.85
2709.55
2728.25
2746.95
2765.7
2784.4
2803.1
2821.8
2840.55
2859.25
2877.95
2896.65
2915.35
2934.1
2952.8
2971.5
2990.2
3008.95
3027.65
3046.35
3065.05
3083.8
3102.5
3121.2
3139.9
3158.65
3177.35
3196.05
3214.75
3233.5
3252.2
3270.9
3289.6
3308.35
3327.05
3345.75
3364.45
3383.2
3401.9
3420.6
3439.3
3458.05
3476.75
3495.45
3514.15
3532.9
3551.6
3570.3
3589
3607.75
3626.45
3645.15
3663.85
3682.6
3701.3
3720
3738.7
3757.4
3776.15
3794.85
3813.55
3832.25
3851
3869.7
3888.4
3907.1
3925.85
3944.55
3963.25
3981.95
4000.7
4019.4
4038.1
4056.8
4075.55
4094.25
4112.95
4131.65
4150.4
4169.1
4187.8
4206.5
4225.25
4243.95
4262.65
4281.35
4300.1
4318.8
4337.5
4356.2
4374.95
4393.65
4412.35
4431.05
4449.8
4468.5
4487.2
4505.9
4524.6
4543.35
4562.05
4580.75
4599.45
4618.2
4636.9
4655.6
4674.3
4693.05
4711.75
4730.45
4749.15
4767.9
4786.6
4805.3
4824
4842.75
4861.45
4880.15
4898.85
4917.6
4936.3
4955
4973.7
4992.45
-1000
0.05
26
44.1
62.05
80.1
98.3
116.55
135.05
153.6
172.2
190.75
209.45
228.15
246.85
265.5
284.2
302.95
321.65
340.3
359.05
377.8
396.5
415.15
433.9
452.65
471.35
490.1
508.7
527.45
546.2
564.9
583.55
602.3
621.05
639.75
658.4
677.15
695.9
714.6
733.25
752
770.75
789.45
808.1
826.85
845.6
864.3
882.95
901.7
920.45
939.15
957.8
976.55
995.3
1014
1032.65
1051.4
1070.15
1088.85
1107.5
1126.25
1145
1163.7
1182.35
1201.1
1219.85
1238.55
1257.3
1276
1294.7
1313.45
1332.15
1350.8
1369.5
1388.25
1406.95
1425.6
1444.35
1463.1
1481.8
1500.45
1519.2
1537.95
1556.65
1575.3
1594.05
1612.8
1631.5
1650.15
1668.9
1687.65
1706.35
1725
1743.75
1762.5
1781.2
1799.85
1818.6
1837.35
1856.05
1874.7
1893.45
1912.2
1930.9
1949.55
1968.3
1987.05
2005.75
2024.4
2043.15
2061.9
2080.6
2099.35
2118.05
2136.75
2155.5
2174.2
2192.85
2211.55
2230.3
2249
2267.65
2286.4
2305.15
2323.85
2342.5
2361.25
2380
2398.7
2417.35
2436.1
2454.85
2473.55
2492.2
2510.95
2529.7
2548.4
2567.05
2585.8
2604.55
2623.25
2641.9
2660.65
2679.4
2698.1
2716.75
2735.5
2754.25
2772.95
2791.6
2810.35
2829.1
2847.8
2866.45
2885.2
2903.95
2922.65
2941.4
2960
2978.75
2997.5
3016.2
3034.85
3053.6
3072.35
3091.05
3109.7
3128.45
3147.2
3165.9
3184.55
3203.3
3222.05
3240.75
3259.4
3278.15
3296.9
3315.6
3334.25
3353
3371.75
3390.45
3409.1
3427.85
3446.6
3465.3
3483.95
3502.7
3521.45
3540.15
3558.8
3577.55
3596.3
3615
3633.65
3652.4
3671.15
3689.85
3708.6
3727.3
3746
3764.75
3783.45
3802.1
3820.8
3839.55
3858.25
3876.9
3895.65
3914.4
3933.1
3951.75
3970.5
3989.25
4007.95
4026.6
4045.35
4064.1
4082.8
4101.45
4120.2
4138.95
4157.65
4176.3
4195.05
4213.8
4232.5
4251.15
4269.9
4288.65
4307.35
4326
4344.75
4363.5
4382.2
4400.85
4419.6
4438.35
4457.05
4475.7
4494.45
4513.2
4531.9
4550.65
4569.35
4588.05
4606.8
4625.5
4644.15
4662.85
4681.6
4700.3
4718.95
4737.7
4756.45
4775.15
4793.8
4812.55
4831.3
4850
4868.65
4887.4
4906.15
4924.85
4943.5
4962.25
4981
4999.7
