0.05
15.8
35.5
55.15
74.85
94.5
114.15
133.85
153.5
173.15
192.85
212.5
232.2
251.85
271.5
291.2
310.85
330.5
350.2
369.85
389.5
409.2
428.85
448.55
468.2
487.85
507.55
527.2
546.85
566.55
586.2
605.9
625.55
645.2
664.9
684.55
704.2
723.9
743.55
763.25
782.9
802.55
822.25
841.9
861.55
881.25
900.9
920.6
940.25
959.9
979.6
999.25
1018.9
1038.6
1058.25
1077.95
1097.6
1117.25
1136.95
1156.6
1176.25
1195.95
1215.6
1235.25
1254.95
1274.6
1294.3
1313.95
1333.6
1353.3
1372.95
1392.6
1412.3
1431.95
1451.65
1471.3
1490.95
1510.65
1530.3
1549.95
1569.65
1589.3
1609
1628.65
1648.3
1668
1687.65
1707.3
1727
1746.65
1766.35
1786
1805.65
1825.35
1845
1864.65
1884.35
1904
1923.65
1943.35
1963
1982.7
2002.35
2022
2041.7
2061.35
2081
2100.7
2120.35
2140.05
2159.7
2179.35
2199.05
2218.7
2238.35
2258.05
2277.7
2297.4
2317.05
2336.7
2356.4
2376.05
2395.7
2415.4
2435.05
2454.75
2474.4
2494.05
2513.75
2533.4
2553.05
2572.75
2592.4
2612.1
2631.75
2651.4
2671.1
2690.75
2710.4
2730.1
2749.75
2769.4
2789.1
2808.75
2828.45
2848.1
2867.75
2887.45
2907.1
2926.75
2946.45
2966.1
2985.8
3005.45
3025.1
3044.8
3064.45
3084.1
3103.8
3123.45
3143.15
3162.8
3182.45
3202.15
3221.8
3241.45
3261.15
3280.8
3300.5
3320.15
3339.8
3359.5
3379.15
3398.8
3418.5
3438.15
3457.8
3477.5
3497.15
3516.85
3536.5
3556.15
3575.85
3595.5
3615.15
3634.85
3654.5
3674.2
3693.85
3713.5
3733.2
3752.85
3772.5
3792.2
3811.85
3831.55
3851.2
3870.85
3890.55
3910.2
3929.85
3949.55
3969.2
3988.9
4008.55
4028.2
4047.9
4067.55
4087.2
4106.9
4126.55
4146.25
4165.9
4185.55
4205.25
4224.9
4244.55
4264.25
4283.9
4303.55
4323.25
4342.9
4362.6
4382.25
4401.9
4421.6
4441.25
4460.9
4480.6
4500.25
4519.95
4539.6
4559.25
4578.95
4598.6
4618.25
4637.95
4657.6
4677.3
4696.95
4716.6
4736.3
4755.95
4775.6
4795.3
4814.95
4834.65
4854.3
4873.95
4893.65
4913.3
4932.95
4952.65
4972.3
-1000
0.05
26
45.85
65
84.3
103.7
123.25
142.85
162.4
182.1
201.75
221.45
241.1
260.75
280.45
300.1
319.7
339.4
359.05
378.75
398.45
418.1
437.8
457.45
477.05
496.75
516.4
536.05
555.75
575.4
595.1
614.8
634.4
654.1
673.75
693.4
713.1
732.75
752.45
772.15
791.75
811.45
831.1
850.75
870.45
890.1
909.8
929.5
949.1
968.8
988.45
1008.1
1027.8
1047.45
1067.15
1086.85
1106.5
1126.2
1145.85
1165.45
1185.15
1204.8
1224.5
1244.2
1263.85
1283.55
1303.2
1322.8
1342.5
1362.15
1381.8
1401.5
1421.15
1440.85
1460.55
1480.15
1499.85
1519.5
1539.15
1558.85
1578.5
1598.2
1617.9
1637.5
1657.2
1676.85
1696.5
1716.2
1735.85
1755.55
1775.25
1794.85
1814.55
1834.25
1853.85
1873.55
1893.2
1912.9
1932.6
1952.25
1971.95
1991.6
2011.2
2030.9
2050.55
2070.2
2089.9
2109.55
2129.25
2148.95
2168.55
2188.25
2207.9
2227.55
2247.25
2266.9
2286.6
2306.3
2325.9
2345.6
2365.25
2384.9
2404.6
2424.25
2443.95
2463.65
2483.25
2502.95
2522.6
2542.25
2561.95
2581.6
2601.3
2621
2640.65
2660.35
2680
2699.6
2719.3
2738.95
2758.65
2778.35
2798
2817.7
2837.35
2856.95
2876.65
2896.3
2915.95
2935.65
2955.3
2975
2994.7
3014.3
3034
3053.65
3073.3
3093
3112.65
3132.35
3152.05
3171.65
3191.35
3211
3230.65
3250.35
3270
3289.7
3309.4
3329
3348.7
3368.35
3388
3407.7
3427.35
3447.05
3466.75
3486.4
3506.1
3525.75
3545.35
3565.05
3584.7
3604.35
3624.05
3643.7
3663.4
3683.1
3702.7
3722.4
3742.05
3761.7
3781.4
3801.05
3820.75
3840.45
3860.05
3879.75
3899.4
3919.05
3938.75
3958.4
3978.1
3997.8
4017.4
4037.1
4056.75
4076.4
4096.1
4115.75
4135.45
4155.15
4174.8
4194.5
4214.15
4233.75
4253.45
4273.1
4292.8
4312.5
4332.15
4351.85
4371.5
4391.1
4410.8
4430.45
4450.1
4469.8
4489.45
4509.15
4528.85
4548.45
4568.15
4587.8
4607.45
4627.15
4646.8
4666.5
4686.2
4705.8
4725.5
4745.15
4764.8
4784.5
4804.15
4823.85
4843.55
4863.15
4882.85
4902.5
4922.15
4941.85
4961.5
4981.2
