0.05
18.35
40.9
63.45
86
108.55
131.1
153.65
176.2
198.75
221.3
243.8
266.35
288.9
311.45
334
356.55
379.1
401.65
424.2
446.75
469.3
491.8
514.35
536.9
559.45
582
604.55
627.1
649.65
672.2
694.75
717.3
739.8
762.35
784.9
807.45
830
852.55
875.1
897.65
920.2
942.75
965.3
987.85
1010.35
1032.9
1055.45
1078
1100.55
1123.1
1145.65
1168.2
1190.75
1213.3
1235.85
1258.35
1280.9
1303.45
1326
1348.55
1371.1
1393.65
1416.2
1438.75
1461.3
1483.85
1506.35
1528.9
1551.45
1574
1596.55
1619.1
1641.65
1664.2
1686.75
1709.3
1731.85
1754.4
1776.9
1799.45
1822
1844.55
1867.1
1889.65
1912.2
1934.75
1957.3
1979.85
2002.4
2024.9
2047.45
2070
2092.55
2115.1
2137.65
2160.2
2182.75
2205.3
2227.85
2250.4
2272.9
2295.45
2318
2340.55
2363.1
2385.65
2408.2
2430.75
2453.3
2475.85
2498.4
2520.9
2543.45
2566
2588.55
2611.1
2633.65
2656.2
2678.75
2701.3
2723.85
2746.4
2768.95
2791.45
2814
2836.55
2859.1
2881.65
2904.2
2926.75
2949.3
2971.85
2994.4
3016.95
3039.45
3062
3084.55
3107.1
3129.65
3152.2
3174.75
3197.3
3219.85
3242.4
3264.95
3287.45
3310
3332.55
3355.1
3377.65
3400.2
3422.75
3445.3
3467.85
3490.4
3512.95
3535.5
3558
3580.55
3603.1
3625.65
3648.2
3670.75
3693.3
3715.85
3738.4
3760.95
3783.5
3806
3828.55
3851.1
3873.65
3896.2
3918.75
3941.3
3963.85
3986.4
4008.95
4031.5
4054
4076.55
4099.1
4121.65
4144.2
4166.75
4189.3
4211.85
4234.4
4256.95
4279.5
4302
4324.55
4347.1
4369.65
4392.2
4414.75
4437.3
4459.85
4482.4
4504.95
4527.5
4550.05
4572.55
4595.1
4617.65
4640.2
4662.75
4685.3
4707.85
4730.4
4752.95
4775.5
4798.05
4820.55
4843.1
4865.65
4888.2
4910.75
4933.3
4955.85
4978.4
-1000
0.05
26
49.7
71.45
93.5
115.8
138.15
160.6
183.1
205.6
228.05
250.55
273.05
295.65
318.2
340.75
363.3
385.85
408.4
430.95
453.5
476
498.5
521.05
543.6
566.2
588.75
611.3
633.85
656.4
678.95
701.5
724
746.5
769.05
791.6
814.2
836.75
859.3
881.85
904.4
926.95
949.5
972.05
994.55
1017.05
1039.6
1062.15
1084.75
1107.3
1129.85
1152.4
1174.95
1197.5
1220.05
1242.55
1265.05
1287.6
1310.15
1332.75
1355.3
1377.85
1400.4
1422.95
1445.5
1468.05
1490.55
1513.05
1535.6
1558.15
1580.75
1603.3
1625.85
1648.4
1670.95
1693.5
1716.05
1738.55
1761.05
1783.6
1806.15
1828.75
1851.3
1873.85
1896.4
1918.95
1941.5
1964.05
1986.6
2009.1
2031.6
2054.15
2076.7
2099.3
2121.85
2144.4
2166.95
2189.5
2212.05
2234.6
2257.1
2279.6
2302.15
2324.7
2347.3
2369.85
2392.4
2414.95
2437.5
2460.05
2482.6
2505.1
2527.6
2550.15
2572.7
2595.3
2617.85
2640.4
2662.95
2685.5
2708.05
2730.6
2753.15
2775.65
2798.15
2820.7
2843.25
2865.85
2888.4
2910.95
2933.5
2956.05
2978.6
3001.15
3023.65
3046.15
3068.7
3091.25
3113.85
3136.4
3158.95
3181.5
3204.05
3226.6
3249.15
3271.65
3294.15
3316.7
3339.25
3361.85
3384.4
3406.95
3429.5
3452.05
3474.6
3497.15
3519.65
3542.15
3564.7
3587.25
3609.85
3632.4
3654.95
3677.5
3700.05
3722.6
3745.15
3767.7
3790.2
3812.7
3835.25
3857.8
3880.4
3902.95
3925.5
3948.05
3970.6
3993.15
4015.7
4038.2
4060.7
4083.25
4105.8
4128.4
4150.95
4173.5
4196.05
4218.6
4241.15
4263.7
4286.2
4308.7
4331.25
4353.8
4376.4
4398.95
4421.5
4444.05
4466.6
4489.15
4511.7
4534.25
4556.75
4579.3
4601.85
4624.4
4646.95
4669.5
4692.05
4714.6
4737.15
4759.7
4782.25
4804.75
4827.25
4849.8
4872.35
4894.95
4917.5
4940.05
4962.6
4985.15
