0.05
20.85
46.15
71.45
96.75
122.1
147.4
172.7
198
223.3
248.65
273.95
299.25
324.55
349.85
375.2
400.5
425.8
451.1
476.45
501.75
527.05
552.35
577.65
603
628.3
653.6
678.9
704.2
729.55
754.85
780.15
805.45
830.75
856.1
881.4
906.7
932
957.35
982.65
1007.95
1033.25
1058.55
1083.9
1109.2
1134.5
1159.8
1185.1
1210.45
1235.75
1261.05
1286.35
1311.7
1337
1362.3
1387.6
1412.9
1438.25
1463.55
1488.85
1514.15
1539.45
1564.8
1590.1
1615.4
1640.7
1666
1691.35
1716.65
1741.95
1767.25
1792.6
1817.9
1843.2
1868.5
1893.8
1919.15
1944.45
1969.75
1995.05
2020.35
2045.7
2071
2096.3
2121.6
2146.9
2172.25
2197.55
2222.85
2248.15
2273.5
2298.8
2324.1
2349.4
2374.7
2400.05
2425.35
2450.65
2475.95
2501.25
2526.6
2551.9
2577.2
2602.5
2627.85
2653.15
2678.45
2703.75
2729.05
2754.4
2779.7
2805
2830.3
2855.6
2880.95
2906.25
2931.55
2956.85
2982.15
3007.5
3032.8
3058.1
3083.4
3108.75
3134.05
3159.35
3184.65
3209.95
3235.3
3260.6
3285.9
3311.2
3336.5
3361.85
3387.15
3412.45
3437.75
3463.05
3488.4
3513.7
3539
3564.3
3589.65
3614.95
3640.25
3665.55
3690.85
3716.2
3741.5
3766.8
3792.1
3817.4
3842.75
3868.05
3893.35
3918.65
3944
3969.3
3994.6
4019.9
4045.2
4070.55
4095.85
4121.15
4146.45
4171.75
4197.1
4222.4
4247.7
4273
4298.3
4323.65
-1000
0.05
31.15
63.8
93.1
120.45
147
174
203
236.15
267.8
296.35
323.4
349.85
377.05
406.9
440.35
471.15
499.25
526.1
552.65
580.1
611.15
644.4
674.45
702.2
728.85
755.55
783.6
815.75
848.4
877.7
905.1
931.65
958.75
987.85
1021.05
1052.55
1081
1108
1134.5
1161.7
1191.7
1225.1
1255.85
1283.95
1310.8
1337.35
1364.85
1395.85
1429.1
1459.1
1486.85
1513.5
1540.3
1568.5
1600.85
1633.35
1662.5
1689.8
1716.35
1743.45
1772.8
1806.2
1837.45
1865.8
1892.75
1919.25
1946.45
1976.6
2010.05
2040.65
2068.65
2095.45
2122
2149.6
2180.85
2214
2243.9
2271.55
2298.15
2324.9
2353.1
2385.4
2417.95
2447.1
2474.45
2500.95
2528.1
2557.35
2590.65
2622
2650.35
2677.35
2703.85
2731.1
2761.4
2794.8
2825.35
2853.3
2880.1
2906.65
2934.25
2965.55
2998.7
3028.55
3056.2
3082.85
3109.7
3137.95
3170.5
3202.85
3231.85
3259.1
3285.6
3312.8
3342.25
3375.7
3406.85
3435.1
3462.05
3488.55
3515.85
3546.25
3579.65
3610.1
3638
3664.75
3691.4
3719.2
3750.8
3783.8
3813.4
3840.95
3867.55
3894.45
3923.1
3956.1
3988.05
4016.8
4043.9
4070.4
4097.5
4127.1
4160.5
4191.55
4219.75
4246.7
4273.2
4300.55
4331.05
4364.45
4394.8
4422.65
4449.4
4476
4503.7
4535.2
4568.3
4597.95
4625.55
4652.15
4679.05
4707.6
4740.4
4772.45
4801.3
4828.5
4855
4882.2
4912
4945.35
4976.3
