0.05
15.3
34.4
53.45
72.55
91.65
110.7
129.8
148.85
167.95
187.05
206.1
225.2
244.3
263.35
282.45
301.5
320.6
339.7
358.75
377.85
396.9
416
435.1
454.15
473.25
492.35
511.4
530.5
549.55
568.65
587.75
606.8
625.9
644.95
664.05
683.15
702.2
721.3
740.4
759.45
778.55
797.6
816.7
835.8
854.85
873.95
893.05
912.1
931.2
950.25
969.35
988.45
1007.5
1026.6
1045.65
1064.75
1083.85
1102.9
1122
1141.1
1160.15
1179.25
1198.3
1217.4
1236.5
1255.55
1274.65
1293.75
1312.8
1331.9
1350.95
1370.05
1389.15
1408.2
1427.3
1446.35
1465.45
1484.55
1503.6
1522.7
1541.8
1560.85
1579.95
1599
1618.1
1637.2
1656.25
1675.35
1694.4
1713.5
1732.6
1751.65
1770.75
1789.85
1808.9
1828
1847.05
1866.15
1885.25
1904.3
1923.4
1942.5
1961.55
1980.65
1999.7
2018.8
2037.9
2056.95
2076.05
2095.1
2114.2
2133.3
2152.35
2171.45
2190.55
2209.6
2228.7
2247.75
2266.85
2285.95
2305
2324.1
2343.2
2362.25
2381.35
2400.4
2419.5
2438.6
2457.65
2476.75
2495.8
2514.9
2534
2553.05
2572.15
2591.25
2610.3
2629.4
2648.45
2667.55
2686.65
2705.7
2724.8
2743.85
2762.95
2782.05
2801.1
2820.2
2839.3
2858.35
2877.45
2896.5
2915.6
2934.7
2953.75
2972.85
2991.95
3011
3030.1
3049.15
3068.25
3087.35
3106.4
3125.5
3144.55
3163.65
3182.75
3201.8
3220.9
3240
3259.05
3278.15
3297.2
3316.3
3335.4
3354.45
3373.55
3392.65
3411.7
3430.8
3449.85
3468.95
3488.05
3507.1
3526.2
3545.25
3564.35
3583.45
3602.5
3621.6
3640.7
3659.75
3678.85
3697.9
3717
3736.1
3755.15
3774.25
3793.3
3812.4
3831.5
3850.55
3869.65
3888.75
3907.8
3926.9
3945.95
3965.05
3984.15
4003.2
4022.3
4041.4
4060.45
4079.55
4098.6
4117.7
4136.8
4155.85
4174.95
4194
4213.1
4232.2
4251.25
4270.35
4289.45
4308.5
4327.6
4346.65
4365.75
4384.85
4403.9
4423
4442.1
4461.15
4480.25
4499.3
4518.4
4537.5
4556.55
4575.65
4594.7
4613.8
4632.9
4651.95
4671.05
4690.15
4709.2
4728.3
4747.35
4766.45
4785.55
4804.6
4823.7
4842.75
4861.85
4880.95
4900
4919.1
4938.2
4957.25
4976.35
-1000
0.05
26
45.6
64.3
83.2
102.15
121.1
140.15
159.25
178.3
197.4
216.4
235.5
254.6
273.6
292.7
311.8
330.9
350
369
388.1
407.25
426.3
445.4
464.4
483.5
502.65
521.65
540.75
559.85
578.95
598.05
617.05
636.15
655.3
674.35
693.45
712.55
731.65
750.7
769.7
788.8
807.95
827
846.1
865.1
884.2
903.35
922.35
941.45
960.55
979.65
998.75
1017.75
1036.85
1056
1075.05
1094.15
1113.15
1132.25
1151.4
1170.4
1189.5
1208.6
1227.7
1246.8
1265.8
1284.9
1304.05
1323.05
1342.15
1361.25
1380.35
1399.45
1418.45
1437.55
1456.7
1475.75
1494.85
1513.85
1532.95
1552.1
1571.1
1590.2
1609.3
1628.4
1647.5
1666.5
1685.6
1704.75
1723.8
1742.9
1761.9
1781
1800.15
1819.15
1838.25
1857.35
1876.45
1895.55
1914.55
1933.65
1952.8
1971.8
1990.9
2010
2029.1
2048.2
2067.2
2086.3
2105.45
2124.5
2143.6
2162.6
2181.7
2200.85
2219.85
2238.95
2258.05
2277.15
2296.25
2315.25
2334.35
2353.5
2372.55
2391.65
2410.75
2429.8
2448.9
2467.9
2487
2506.15
2525.2
2544.3
2563.3
2582.4
2601.55
2620.55
2639.65
2658.75
2677.85
2696.95
2715.95
2735.05
2754.2
2773.25
2792.35
2811.35
2830.45
2849.6
2868.6
2887.7
2906.8
2925.9
2945
2964
2983.1
3002.25
3021.25
3040.35
3059.45
3078.55
3097.65
3116.65
3135.75
3154.9
3173.95
3193.05
3212.05
3231.15
3250.3
3269.3
3288.4
3307.5
3326.6
3345.7
3364.7
3383.8
3402.95
3422
3441.1
3460.2
3479.3
3498.35
3517.35
3536.45
3555.6
3574.65
3593.75
3612.75
3631.85
3651
3670
3689.1
3708.2
3727.3
3746.4
3765.4
3784.5
3803.65
3822.7
3841.8
3860.8
3879.9
3899.05
3918.05
3937.15
3956.25
3975.35
3994.45
4013.45
4032.55
4051.7
4070.7
4089.8
4108.9
4128
4147.1
4166.1
4185.2
4204.35
4223.4
4242.5
4261.5
4280.6
4299.75
4318.75
4337.85
4356.95
4376.05
4395.15
4414.15
4433.25
4452.4
4471.45
4490.55
4509.65
4528.75
4547.8
4566.8
4585.9
4605.05
4624.1
4643.2
4662.2
4681.3
4700.45
4719.45
4738.55
4757.65
4776.75
4795.85
4814.85
4833.95
4853.1
4872.15
4891.25
4910.25
4929.35
4948.5
4967.5
4986.6
