0.05
18.35
40.9
63.45
86
108.55
131.1
153.65
176.2
198.75
221.3
243.8
266.35
288.9
311.45
334
356.55
379.1
401.65
424.2
446.75
469.3
491.8
514.35
536.9
559.45
582
604.55
627.1
649.65
672.2
694.75
717.3
739.8
762.35
784.9
807.45
830
852.55
875.1
897.65
920.2
942.75
965.3
987.85
1010.35
1032.9
1055.45
1078
1100.55
1123.1
1145.65
1168.2
1190.75
1213.3
1235.85
1258.35
1280.9
1303.45
1326
1348.55
1371.1
1393.65
1416.2
1438.75
1461.3
1483.85
1506.35
1528.9
1551.45
1574
1596.55
1619.1
1641.65
1664.2
1686.75
1709.3
1731.85
1754.4
1776.9
1799.45
1822
1844.55
1867.1
1889.65
1912.2
1934.75
1957.3
1979.85
2002.4
2024.9
2047.45
2070
2092.55
2115.1
2137.65
2160.2
2182.75
2205.3
2227.85
2250.4
2272.9
2295.45
2318
2340.55
2363.1
2385.65
2408.2
2430.75
2453.3
2475.85
2498.4
2520.9
2543.45
2566
2588.55
2611.1
2633.65
2656.2
2678.75
2701.3
2723.85
2746.4
2768.95
2791.45
2814
2836.55
2859.1
2881.65
2904.2
2926.75
2949.3
2971.85
2994.4
3016.95
3039.45
3062
3084.55
3107.1
3129.65
3152.2
3174.75
3197.3
3219.85
3242.4
3264.95
3287.45
3310
3332.55
3355.1
3377.65
3400.2
3422.75
3445.3
3467.85
3490.4
3512.95
3535.5
3558
3580.55
3603.1
3625.65
3648.2
3670.75
3693.3
3715.85
3738.4
3760.95
3783.5
3806
3828.55
3851.1
3873.65
3896.2
3918.75
3941.3
3963.85
3986.4
4008.95
4031.5
4054
4076.55
4099.1
4121.65
4144.2
4166.75
4189.3
4211.85
4234.4
4256.95
4279.5
4302
4324.55
4347.1
4369.65
4392.2
4414.75
4437.3
4459.85
4482.4
4504.95
4527.5
4550.05
4572.55
4595.1
4617.65
4640.2
4662.75
4685.3
4707.85
4730.4
4752.95
4775.5
4798.05
4820.55
4843.1
4865.65
4888.2
4910.75
4933.3
4955.85
4978.4
-1000
0.05
26
44.25
64
85
106.65
128.7
150.9
173.3
195.7
218.15
240.6
263.1
285.65
308.2
330.75
353.3
375.85
398.4
420.95
443.5
466
488.5
511.05
533.6
556.2
578.75
601.3
623.85
646.4
668.95
691.5
714
736.5
759.05
781.6
804.2
826.75
849.3
871.85
894.4
916.95
939.5
962.05
984.55
1007.05
1029.6
1052.15
1074.75
1097.3
1119.85
1142.4
1164.95
1187.5
1210.05
1232.55
1255.05
1277.6
1300.15
1322.75
1345.3
1367.85
1390.4
1412.95
1435.5
1458.05
1480.55
1503.05
1525.6
1548.15
1570.75
1593.3
1615.85
1638.4
1660.95
1683.5
1706.05
1728.55
1751.05
1773.6
1796.15
1818.75
1841.3
1863.85
1886.4
1908.95
1931.5
1954.05
1976.6
1999.1
2021.6
2044.15
2066.7
2089.3
2111.85
2134.4
2156.95
2179.5
2202.05
2224.6
2247.1
2269.6
2292.15
2314.7
2337.3
2359.85
2382.4
2404.95
2427.5
2450.05
2472.6
2495.1
2517.6
2540.15
2562.7
2585.3
2607.85
2630.4
2652.95
2675.5
2698.05
2720.6
2743.15
2765.65
2788.15
2810.7
2833.25
2855.85
2878.4
2900.95
2923.5
2946.05
2968.6
2991.15
3013.65
3036.15
3058.7
3081.25
3103.85
3126.4
3148.95
3171.5
3194.05
3216.6
3239.15
3261.65
3284.15
3306.7
3329.25
3351.85
3374.4
3396.95
3419.5
3442.05
3464.6
3487.15
3509.65
3532.15
3554.7
3577.25
3599.85
3622.4
3644.95
3667.5
3690.05
3712.6
3735.15
3757.7
3780.2
3802.7
3825.25
3847.8
3870.4
3892.95
3915.5
3938.05
3960.6
3983.15
4005.7
4028.2
4050.7
4073.25
4095.8
4118.4
4140.95
4163.5
4186.05
4208.6
4231.15
4253.7
4276.2
4298.7
4321.25
4343.8
4366.4
4388.95
4411.5
4434.05
4456.6
4479.15
4501.7
4524.25
4546.75
4569.3
4591.85
4614.4
4636.95
4659.5
4682.05
4704.6
4727.15
4749.7
4772.25
4794.75
4817.25
4839.8
4862.35
4884.95
4907.5
4930.05
4952.6
4975.15
