0.05
14.3
32.25
50.2
68.15
86.1
104
121.95
139.9
157.85
175.8
193.75
211.7
229.6
247.55
265.5
283.45
301.4
319.35
337.3
355.2
373.15
391.1
409.05
427
444.95
462.9
480.8
498.75
516.7
534.65
552.6
570.55
588.5
606.4
624.35
642.3
660.25
678.2
696.15
714.1
732
749.95
767.9
785.85
803.8
821.75
839.7
857.6
875.55
893.5
911.45
929.4
947.35
965.3
983.2
1001.15
1019.1
1037.05
1055
1072.95
1090.9
1108.8
1126.75
1144.7
1162.65
1180.6
1198.55
1216.5
1234.4
1252.35
1270.3
1288.25
1306.2
1324.15
1342.1
1360
1377.95
1395.9
1413.85
1431.8
1449.75
1467.7
1485.6
1503.55
1521.5
1539.45
1557.4
1575.35
1593.3
1611.2
1629.15
1647.1
1665.05
1683
1700.95
1718.9
1736.8
1754.75
1772.7
1790.65
1808.6
1826.55
1844.5
1862.4
1880.35
1898.3
1916.25
1934.2
1952.15
1970.1
1988
2005.95
2023.9
2041.85
2059.8
2077.75
2095.7
2113.6
2131.55
2149.5
2167.45
2185.4
2203.35
2221.3
2239.2
2257.15
2275.1
2293.05
2311
2328.95
2346.9
2364.8
2382.75
2400.7
2418.65
2436.6
2454.55
2472.5
2490.4
2508.35
2526.3
2544.25
2562.2
2580.15
2598.1
2616
2633.95
2651.9
2669.85
2687.8
2705.75
2723.7
2741.6
2759.55
2777.5
2795.45
2813.4
2831.35
2849.3
2867.2
2885.15
2903.1
2921.05
2939
2956.95
2974.9
2992.8
3010.75
3028.7
3046.65
3064.6
3082.55
3100.5
3118.4
3136.35
3154.3
3172.25
3190.2
3208.15
3226.1
3244
3261.95
3279.9
3297.85
3315.8
3333.75
3351.7
3369.6
3387.55
3405.5
3423.45
3441.4
3459.35
3477.3
3495.2
3513.15
3531.1
3549.05
3567
3584.95
3602.9
3620.8
3638.75
3656.7
3674.65
3692.6
3710.55
3728.5
3746.4
3764.35
3782.3
3800.25
3818.2
3836.15
3854.05
3872
3889.95
3907.9
3925.85
3943.8
3961.75
3979.65
3997.6
4015.55
4033.5
4051.45
4069.4
4087.35
4105.25
4123.2
4141.15
4159.1
4177.05
4195
4212.95
4230.85
4248.8
4266.75
4284.7
4302.65
4320.6
4338.55
4356.45
4374.4
4392.35
4410.3
4428.25
4446.2
4464.15
4482.05
4500
4517.95
4535.9
4553.85
4571.8
4589.75
4607.65
4625.6
4643.55
4661.5
4679.45
4697.4
4715.35
4733.25
4751.2
4769.15
4787.1
4805.05
4823
4840.95
4858.85
4876.8
4894.75
4912.7
4930.65
4948.6
4966.55
4984.45
-1000
0.05
26
44.25
62.2
80.15
98
115.9
133.85
151.85
169.8
187.75
205.75
223.6
241.45
259.45
277.4
295.4
313.35
331.3
349.2
367.05
385.05
403
421
438.95
456.9
474.8
492.65
510.65
528.6
546.6
564.55
582.5
600.4
618.25
636.25
654.2
672.2
690.15
708.1
726
743.85
761.85
779.8
797.8
815.75
833.7
851.6
869.45
887.45
905.4
923.4
941.35
959.3
977.2
995.05
1013.05
1031
1049
1066.95
1084.9
1102.8
1120.65
1138.65
1156.6
1174.6
1192.55
1210.5
1228.4
1246.25
1264.25
1282.2
1300.2
1318.15
1336.1
1354
1371.85
1389.85
1407.8
1425.8
1443.75
1461.7
1479.6
1497.45
1515.45
1533.4
1551.4
1569.35
1587.3
1605.2
1623.05
1641.05
1659
1677
1694.95
1712.9
1730.8
1748.65
1766.65
1784.6
1802.6
1820.55
1838.5
1856.4
1874.25
1892.25
1910.2
1928.2
1946.15
1964.1
1982
1999.85
2017.85
2035.8
2053.8
2071.75
2089.7
2107.6
2125.45
2143.45
2161.4
2179.4
2197.35
2215.3
2233.2
2251.05
2269.05
2287
2305
2322.95
2340.9
2358.8
2376.65
2394.65
2412.6
2430.6
2448.55
2466.5
2484.4
2502.25
2520.25
2538.2
2556.2
2574.15
2592.1
2610
2627.85
2645.85
2663.8
2681.8
2699.75
2717.7
2735.6
2753.45
2771.45
2789.4
2807.4
2825.35
2843.3
2861.2
2879.05
2897.05
2915
2933
2950.95
2968.9
2986.8
3004.65
3022.65
3040.6
3058.6
3076.55
3094.5
3112.4
3130.25
3148.25
3166.2
3184.2
3202.15
3220.1
3238
3255.85
3273.85
3291.8
3309.8
3327.75
3345.7
3363.6
3381.55
3399.5
3417.45
3435.45
3453.4
3471.35
3489.2
3507.2
3525.15
3543.1
3561.05
3579
3596.95
3614.85
3632.8
3650.75
3668.7
3686.65
3704.6
3722.55
3740.45
3758.4
3776.35
3794.3
3812.25
3830.2
3848.15
3866.05
3884
3901.95
3919.9
3937.85
3955.8
3973.75
3991.65
4009.6
4027.55
4045.5
4063.45
4081.4
4099.35
4117.25
4135.2
4153.15
4171.1
4189.05
4207
4224.95
4242.85
4260.8
4278.75
4296.7
4314.65
4332.6
4350.55
4368.45
4386.4
4404.35
4422.3
4440.25
4458.2
4476.15
4494.05
4512
4529.95
4547.9
4565.85
4583.8
4601.75
4619.65
4637.6
4655.55
4673.5
4691.45
4709.4
4727.35
4745.25
4763.2
4781.15
4799.1
4817.05
4835
4852.95
4870.85
4888.8
4906.75
4924.7
4942.65
4960.6
4978.55
4996.45
