0.05
22.3
49.2
76.15
103.05
129.95
156.9
183.8
210.75
237.65
264.6
291.5
318.45
345.35
372.25
399.2
426.1
453.05
479.95
506.9
533.8
560.75
587.65
614.6
641.5
668.4
695.35
722.25
749.2
776.1
803.05
829.95
856.9
883.8
910.7
937.65
964.55
991.5
1018.4
1045.35
1072.25
1099.2
1126.1
1153
1179.95
1206.85
1233.8
1260.7
1287.65
1314.55
1341.5
1368.4
1395.3
1422.25
1449.15
1476.1
1503
1529.95
1556.85
1583.8
1610.7
1637.6
1664.55
1691.45
1718.4
1745.3
1772.25
1799.15
1826.1
1853
1879.9
1906.85
1933.75
1960.7
1987.6
2014.55
2041.45
2068.4
2095.3
2122.2
2149.15
2176.05
2203
2229.9
2256.85
2283.75
2310.7
2337.6
2364.5
2391.45
2418.35
2445.3
2472.2
2499.15
2526.05
2553
2579.9
2606.8
2633.75
2660.65
2687.6
2714.5
2741.45
2768.35
2795.3
2822.2
2849.15
2876.05
2902.95
2929.9
2956.8
2983.75
3010.65
3037.6
3064.5
3091.45
3118.35
3145.25
3172.2
3199.1
3226.05
3252.95
3279.9
3306.8
3333.75
3360.65
3387.55
3414.5
3441.4
3468.35
3495.25
3522.2
3549.1
3576.05
3602.95
3629.85
3656.8
3683.7
3710.65
3737.55
-1000
0.05
33.25
71.7
103.6
140.1
178.95
211.05
247.1
286.25
318.55
354.25
393.6
426.1
461.55
501.05
533.7
569.45
608.85
641.45
677
716.45
749.1
784.65
824.25
856.8
892.25
931.75
964.45
999.85
1039.4
1072.1
1107.85
1147.25
1179.85
1215.4
1254.9
1287.55
1323.1
1362.7
1395.25
1430.7
1470.2
1502.9
1538.3
1577.85
1610.6
1646.1
1685.6
1718.3
1753.85
1793.35
1826
1861.4
1900.9
1933.65
1969.05
2008.55
2041.3
2077.05
2116.45
2149.05
2184.6
2224.1
2256.75
2292.3
2331.9
2364.45
2399.9
2439.4
2472.1
2507.5
2547.05
2579.8
2615.3
2654.8
2687.5
2723.05
2762.55
2795.2
2830.6
2870.1
2902.85
2938.25
2977.75
3010.5
3046.25
3085.65
3118.3
3153.85
3193.35
3225.95
3261.5
3301.1
3333.7
3369.1
3408.6
3441.3
3476.7
3516.25
3548.95
3584.7
3624.1
3656.7
3692.25
3731.75
3764.4
3799.95
3839.55
3872.1
3907.55
3947.05
3979.75
4015.15
4054.7
4087.45
4122.95
4162.45
4195.15
4230.7
4270.2
4302.85
4338.25
4377.75
4410.5
4445.9
4485.4
4518.15
4553.9
4593.3
4625.9
4661.45
4700.95
4733.6
4769.15
4808.75
4841.3
4876.75
4916.25
4948.95
4984.35
