0.05
16.9
37.75
58.6
79.5
100.35
121.25
142.1
162.95
183.85
204.7
225.6
246.45
267.3
288.2
309.05
329.95
350.8
371.65
392.55
413.4
434.3
455.15
476
496.9
517.75
538.65
559.5
580.35
601.25
622.1
643
663.85
684.7
705.6
726.45
747.35
768.2
789.05
809.95
830.8
851.7
872.55
893.4
914.3
935.15
956.05
976.9
997.75
1018.65
1039.5
1060.4
1081.25
1102.1
1123
1143.85
1164.75
1185.6
1206.45
1227.35
1248.2
1269.1
1289.95
1310.85
1331.7
1352.55
1373.45
1394.3
1415.2
1436.05
1456.9
1477.8
1498.65
1519.55
1540.4
1561.25
1582.15
1603
1623.9
1644.75
1665.6
1686.5
1707.35
1728.25
1749.1
1769.95
1790.85
1811.7
1832.6
1853.45
1874.3
1895.2
1916.05
1936.95
1957.8
1978.65
1999.55
2020.4
2041.3
2062.15
2083
2103.9
2124.75
2145.65
2166.5
2187.35
2208.25
2229.1
2250
2270.85
2291.7
2312.6
2333.45
2354.35
2375.2
2396.05
2416.95
2437.8
2458.7
2479.55
2500.4
2521.3
2542.15
2563.05
2583.9
2604.75
2625.65
2646.5
2667.4
2688.25
2709.1
2730
2750.85
2771.75
2792.6
2813.45
2834.35
2855.2
2876.1
2896.95
2917.8
2938.7
2959.55
2980.45
3001.3
3022.15
3043.05
3063.9
3084.8
3105.65
3126.5
3147.4
3168.25
3189.15
3210
3230.85
3251.75
3272.6
3293.5
3314.35
3335.2
3356.1
3376.95
3397.85
3418.7
3439.55
3460.45
3481.3
3502.2
3523.05
3543.9
3564.8
3585.65
3606.55
3627.4
3648.25
3669.15
3690
3710.9
3731.75
3752.6
3773.5
3794.35
3815.25
3836.1
3856.95
3877.85
3898.7
3919.6
3940.45
3961.3
3982.2
4003.05
4023.95
4044.8
4065.65
4086.55
4107.4
4128.3
4149.15
4170
4190.9
4211.75
4232.65
4253.5
4274.35
4295.25
4316.1
4337
4357.85
4378.7
4399.6
4420.45
4441.35
4462.2
4483.1
4503.95
4524.8
4545.7
4566.55
4587.45
4608.3
4629.15
4650.05
4670.9
4691.8
4712.65
4733.5
4754.4
4775.25
4796.15
4817
4837.85
4858.75
4879.6
4900.5
4921.35
4942.2
4963.1
4983.95
-1000
0.05
26
47.5
67.75
88.3
108.95
129.7
150.45
171.3
192.15
213
233.85
254.7
275.55
296.45
317.35
338.2
359.05
379.9
400.8
421.7
442.55
463.4
484.25
505.15
526.05
546.9
567.75
588.6
609.5
630.4
651.25
672.1
692.95
713.85
734.75
755.6
776.45
797.3
818.2
839.1
859.95
880.8
901.65
922.55
943.45
964.3
985.15
1006
1026.9
1047.8
1068.65
1089.5
1110.35
1131.25
1152.15
1173
1193.85
1214.7
1235.6
1256.5
1277.35
1298.2
1319.05
1339.95
1360.85
1381.7
1402.55
1423.4
1444.3
1465.2
1486.05
1506.95
1527.8
1548.65
1569.55
1590.4
1611.3
1632.15
1653
1673.85
1694.75
1715.65
1736.5
1757.35
1778.2
1799.1
1820
1840.85
1861.7
1882.55
1903.45
1924.35
1945.2
1966.05
1986.9
2007.8
2028.7
2049.55
2070.4
2091.25
2112.15
2133.05
2153.9
2174.75
2195.6
2216.5
2237.4
2258.25
2279.1
2299.95
2320.85
2341.75
2362.6
2383.45
2404.3
2425.2
2446.1
2466.95
2487.8
2508.65
2529.55
2550.45
2571.3
2592.15
2613
2633.9
2654.8
2675.65
2696.5
2717.35
2738.25
2759.15
2780
2800.85
2821.7
2842.6
2863.5
2884.35
2905.2
2926.05
2946.95
2967.85
2988.7
3009.55
3030.4
3051.3
3072.2
3093.05
3113.9
3134.75
3155.65
3176.55
3197.4
3218.25
3239.1
3260
3280.9
3301.75
3322.6
3343.45
3364.35
3385.25
3406.1
3426.95
3447.8
3468.7
3489.6
3510.45
3531.3
3552.15
3573.05
3593.95
3614.8
3635.65
3656.5
3677.4
3698.3
3719.15
3740
3760.85
3781.75
3802.65
3823.5
3844.35
3865.2
3886.1
3907
3927.85
3948.7
3969.55
3990.45
4011.35
4032.2
4053.05
4073.9
4094.8
4115.7
4136.55
4157.4
4178.25
4199.15
4220.05
4240.9
4261.75
4282.6
4303.5
4324.4
4345.25
4366.1
4386.95
4407.85
4428.75
4449.6
4470.45
4491.3
4512.2
4533.1
4553.95
4574.85
4595.7
4616.55
4637.45
4658.3
4679.2
4700.05
4720.9
4741.75
4762.65
4783.55
4804.4
4825.25
4846.1
4867
4887.9
4908.75
4929.6
4950.45
4971.35
4992.25
