0.05
15.45
34.75
54
73.3
92.55
111.85
131.1
150.4
169.65
188.9
208.2
227.45
246.75
266
285.3
304.55
323.8
343.1
362.35
381.65
400.9
420.2
439.45
458.75
478
497.25
516.55
535.8
555.1
574.35
593.65
612.9
632.2
651.45
670.7
690
709.25
728.55
747.8
767.1
786.35
805.6
824.9
844.15
863.45
882.7
902
921.25
940.55
959.8
979.05
998.35
1017.6
1036.9
1056.15
1075.45
1094.7
1114
1133.25
1152.5
1171.8
1191.05
1210.35
1229.6
1248.9
1268.15
1287.4
1306.7
1325.95
1345.25
1364.5
1383.8
1403.05
1422.35
1441.6
1460.85
1480.15
1499.4
1518.7
1537.95
1557.25
1576.5
1595.8
1615.05
1634.3
1653.6
1672.85
1692.15
1711.4
1730.7
1749.95
1769.2
1788.5
1807.75
1827.05
1846.3
1865.6
1884.85
1904.15
1923.4
1942.65
1961.95
1981.2
2000.5
2019.75
2039.05
2058.3
2077.6
2096.85
2116.1
2135.4
2154.65
2173.95
2193.2
2212.5
2231.75
2251
2270.3
2289.55
2308.85
2328.1
2347.4
2366.65
2385.95
2405.2
2424.45
2443.75
2463
2482.3
2501.55
2520.85
2540.1
2559.4
2578.65
2597.9
2617.2
2636.45
2655.75
2675
2694.3
2713.55
2732.8
2752.1
2771.35
2790.65
2809.9
2829.2
2848.45
2867.75
2887
2906.25
2925.55
2944.8
2964.1
2983.35
3002.65
3021.9
3041.2
3060.45
3079.7
3099
3118.25
3137.55
3156.8
3176.1
3195.35
3214.6
3233.9
3253.15
3272.45
3291.7
3311
3330.25
3349.55
3368.8
3388.05
3407.35
3426.6
3445.9
3465.15
3484.45
3503.7
3523
3542.25
3561.5
3580.8
3600.05
3619.35
3638.6
3657.9
3677.15
3696.4
3715.7
3734.95
3754.25
3773.5
3792.8
3812.05
3831.35
3850.6
3869.85
3889.15
3908.4
3927.7
3946.95
3966.25
3985.5
4004.8
4024.05
4043.3
4062.6
4081.85
4101.15
4120.4
4139.7
4158.95
4178.2
4197.5
4216.75
4236.05
4255.3
4274.6
4293.85
4313.15
4332.4
4351.65
4370.95
4390.2
4409.5
4428.75
4448.05
4467.3
4486.6
4505.85
4525.1
4544.4
4563.65
4582.95
4602.2
4621.5
4640.75
4660
4679.3
4698.55
4717.85
4737.1
4756.4
4775.65
4794.95
4814.2
4833.45
4852.75
4872
4891.3
4910.55
4929.85
4949.1
4968.4
-1000
0.05
26
47.9
67.45
86.9
106.25
125.6
144.85
164.15
183.4
202.7
222
241.3
260.55
279.85
299.15
318.35
337.65
356.9
376.2
395.5
414.75
434.05
453.25
472.55
491.75
511.05
530.35
549.65
568.95
588.2
607.5
626.7
646
665.2
684.5
703.8
723.1
742.4
761.65
780.95
800.15
819.45
838.7
858
877.3
896.55
915.85
935.05
954.35
973.55
992.85
1012.15
1031.45
1050.75
1070
1089.3
1108.5
1127.8
1147
1166.3
1185.6
1204.9
1224.2
1243.45
1262.75
1281.95
1301.25
1320.5
1339.8
1359.1
1378.35
1397.65
1416.85
1436.15
1455.35
1474.65
1493.95
1513.25
1532.55
1551.8
1571.1
1590.3
1609.6
1628.8
1648.1
1667.4
1686.7
1706
1725.25
1744.55
1763.75
1783.05
1802.3
1821.6
1840.9
1860.15
1879.45
1898.65
1917.95
1937.15
1956.45
1975.75
1995.05
2014.35
2033.6
2052.9
2072.1
2091.4
2110.6
2129.9
2149.2
2168.5
2187.8
2207.05
2226.35
2245.55
2264.85
2284.1
2303.4
2322.7
2341.95
2361.25
2380.45
2399.75
2418.95
2438.25
2457.55
2476.85
2496.15
2515.4
2534.7
2553.9
2573.2
2592.4
2611.7
2631
2650.3
2669.6
2688.85
2708.15
2727.35
2746.65
2765.9
2785.2
2804.5
2823.75
2843.05
2862.25
2881.55
2900.75
2920.05
2939.35
2958.65
2977.95
2997.2
3016.5
3035.7
3055
3074.2
3093.5
3112.8
3132.1
3151.4
3170.65
3189.95
3209.15
3228.45
3247.7
3267
3286.3
3305.55
3324.85
3344.05
3363.35
3382.55
3401.85
3421.15
3440.45
3459.75
3479
3498.3
3517.5
3536.8
3556
3575.3
3594.6
3613.9
3633.2
3652.45
3671.75
3690.95
3710.25
3729.5
3748.8
3768.1
3787.35
3806.65
3825.85
3845.15
3864.35
3883.65
3902.95
3922.25
3941.55
3960.8
3980.1
3999.3
4018.6
4037.8
4057.1
4076.4
4095.7
4115
4134.25
4153.55
4172.75
4192.05
4211.3
4230.6
4249.9
4269.15
4288.45
4307.65
4326.95
4346.15
4365.45
4384.75
4404.05
4423.35
4442.6
4461.9
4481.1
4500.4
4519.6
4538.9
4558.2
4577.5
4596.8
4616.05
4635.35
4654.55
4673.85
4693.1
4712.4
4731.7
4750.95
4770.25
4789.45
4808.75
4827.95
4847.25
4866.55
4885.85
4905.15
4924.4
4943.7
4962.9
4982.2
