0.05
24.2
53.3
82.35
111.4
140.45
169.55
198.6
227.65
256.7
285.8
314.85
343.9
373
402.05
431.1
460.15
489.25
518.3
547.35
576.4
605.5
634.55
663.6
692.65
721.75
750.8
779.85
808.9
838
867.05
896.1
925.15
954.25
983.3
1012.35
1041.4
1070.5
1099.55
1128.6
1157.65
1186.75
1215.8
1244.85
1273.9
1303
1332.05
1361.1
1390.15
1419.25
1448.3
1477.35
1506.45
1535.5
1564.55
1593.6
1622.7
1651.75
1680.8
1709.85
1738.95
1768
1797.05
1826.1
1855.2
1884.25
1913.3
1942.35
1971.45
2000.5
2029.55
2058.6
2087.7
2116.75
2145.8
2174.85
2203.95
2233
2262.05
2291.1
2320.2
2349.25
2378.3
2407.35
2436.45
2465.5
2494.55
2523.65
2552.7
2581.75
2610.8
2639.9
2668.95
2698
2727.05
2756.15
2785.2
2814.25
2843.3
2872.4
2901.45
2930.5
2959.55
2988.65
3017.7
3046.75
3075.8
3104.9
3133.95
3163
3192.05
3221.15
3250.2
3279.25
3308.3
3337.4
3366.45
3395.5
3424.55
3453.65
3482.7
3511.75
3540.85
3569.9
3598.95
3628
3657.1
3686.15
3715.2
3744.25
3773.35
3802.4
3831.45
3860.5
3889.6
3918.65
3947.7
3976.75
4005.85
4034.9
4063.95
4093
4122.1
4151.15
4180.2
4209.25
4238.35
4267.4
4296.45
4325.5
4354.6
4383.65
4412.7
4441.75
4470.85
4499.9
4528.95
4558
4587.1
4616.15
4645.2
4674.3
4703.35
4732.4
4761.45
4790.55
4819.6
4848.65
4877.7
4906.8
4935.85
4964.9
4993.95
-1000
0.05
26
44.2
67.65
93.35
118.35
139.6
158.8
183.05
208.9
233.1
253.05
273.6
298.5
324.35
347.75
366.6
388.55
414
439.6
462.15
480.25
503.55
529.3
554.25
575.4
594.65
618.9
644.75
668.8
688.6
709.35
734.3
760.05
783.3
801.85
824.2
849.7
875.1
897.35
915.65
939.3
965.1
989.85
1010.8
1030.3
1054.7
1080.6
1104.55
1124.15
1145.15
1170.15
1195.95
1219.15
1237.6
1260.05
1285.55
1311.05
1333.25
1351.55
1375.2
1401
1425.8
1446.7
1466.25
1490.65
1516.5
1540.4
1559.9
1580.95
1606.05
1631.85
1654.9
1673.15
1695.8
1721.4
1746.75
1768.75
1787.25
1811.05
1836.85
1861.5
1882.15
1901.95
1926.5
1952.35
1976.15
1995.55
2016.8
2041.9
2067.65
2090.75
2108.9
2131.65
2157.25
2182.6
2204.55
2223.1
2246.95
2272.75
2297.4
2318.05
2337.85
2362.4
2388.25
2412.1
2431.5
2452.75
2477.85
2503.6
2526.7
2544.8
2567.6
2593.2
2618.55
2640.45
2658.95
2682.8
2708.65
2733.2
2753.8
2773.6
2798.25
2824.1
2847.8
2867
2888.4
2913.65
2939.3
2962.2
2980.2
3003.3
3028.95
3054.15
3075.8
3094.6
3118.65
3144.45
3168.9
3189.3
3209.4
3234.1
3259.95
3283.6
3302.65
3324.25
3349.55
3375.25
3398.05
3416.05
3439.15
3464.9
3490.05
3511.6
3530.5
3554.5
3580.4
3604.75
3625.05
3645.25
3669.95
3695.8
3719.3
3738.2
3760
3785.35
3810.95
3833.55
3851.6
3874.9
3900.65
3925.6
3946.85
