0.05
15.8
35.5
55.15
74.85
94.5
114.15
133.85
153.5
173.15
192.85
212.5
232.2
251.85
271.5
291.2
310.85
330.5
350.2
369.85
389.5
409.2
428.85
448.55
468.2
487.85
507.55
527.2
546.85
566.55
586.2
605.9
625.55
645.2
664.9
684.55
704.2
723.9
743.55
763.25
782.9
802.55
822.25
841.9
861.55
881.25
900.9
920.6
940.25
959.9
979.6
999.25
1018.9
1038.6
1058.25
1077.95
1097.6
1117.25
1136.95
1156.6
1176.25
1195.95
1215.6
1235.25
1254.95
1274.6
1294.3
1313.95
1333.6
1353.3
1372.95
1392.6
1412.3
1431.95
1451.65
1471.3
1490.95
1510.65
1530.3
1549.95
1569.65
1589.3
1609
1628.65
1648.3
1668
1687.65
1707.3
1727
1746.65
1766.35
1786
1805.65
1825.35
1845
1864.65
1884.35
1904
1923.65
1943.35
1963
1982.7
2002.35
2022
2041.7
2061.35
2081
2100.7
2120.35
2140.05
2159.7
2179.35
2199.05
2218.7
2238.35
2258.05
2277.7
2297.4
2317.05
2336.7
2356.4
2376.05
2395.7
2415.4
2435.05
2454.75
2474.4
2494.05
2513.75
2533.4
2553.05
2572.75
2592.4
2612.1
2631.75
2651.4
2671.1
2690.75
2710.4
2730.1
2749.75
2769.4
2789.1
2808.75
2828.45
2848.1
2867.75
2887.45
2907.1
2926.75
2946.45
2966.1
2985.8
3005.45
3025.1
3044.8
3064.45
3084.1
3103.8
3123.45
3143.15
3162.8
3182.45
3202.15
3221.8
3241.45
3261.15
3280.8
3300.5
3320.15
3339.8
3359.5
3379.15
3398.8
3418.5
3438.15
3457.8
3477.5
3497.15
3516.85
3536.5
3556.15
3575.85
3595.5
3615.15
3634.85
3654.5
3674.2
3693.85
3713.5
3733.2
3752.85
3772.5
3792.2
3811.85
3831.55
3851.2
3870.85
3890.55
3910.2
3929.85
3949.55
3969.2
3988.9
4008.55
4028.2
4047.9
4067.55
4087.2
4106.9
4126.55
4146.25
4165.9
4185.55
4205.25
4224.9
4244.55
4264.25
4283.9
4303.55
4323.25
4342.9
4362.6
4382.25
4401.9
4421.6
4441.25
4460.9
4480.6
4500.25
4519.95
4539.6
4559.25
4578.95
4598.6
4618.25
4637.95
4657.6
4677.3
4696.95
4716.6
4736.3
4755.95
4775.6
4795.3
4814.95
4834.65
4854.3
4873.95
4893.65
4913.3
4932.95
4952.65
4972.3
-1000
0.05
26
48.15
67.9
87.65
107.3
127
146.7
166.3
186
205.7
225.4
245.1
264.75
284.45
304.1
323.7
343.4
363.05
382.75
402.45
422.1
441.8
461.45
481.05
500.75
520.4
540.05
559.75
579.4
599.1
618.8
638.4
658.1
677.75
697.4
717.1
736.75
756.45
776.15
795.75
815.45
835.1
854.75
874.45
894.1
913.8
933.5
953.1
972.8
992.45
1012.1
1031.8
1051.45
1071.15
1090.85
1110.5
1130.2
1149.85
1169.45
1189.15
1208.8
1228.5
1248.2
1267.85
1287.55
1307.2
1326.8
1346.5
1366.15
1385.8
1405.5
1425.15
1444.85
1464.55
1484.15
1503.85
1523.5
1543.15
1562.85
1582.5
1602.2
1621.9
1641.5
1661.2
1680.85
1700.5
1720.2
1739.85
1759.55
1779.25
1798.85
1818.55
1838.25
1857.85
1877.55
1897.2
1916.9
1936.6
1956.25
1975.95
1995.6
2015.2
2034.9
2054.55
2074.2
2093.9
2113.55
2133.25
2152.95
2172.55
2192.25
2211.9
2231.55
2251.25
2270.9
2290.6
2310.3
2329.9
2349.6
2369.25
2388.9
2408.6
2428.25
2447.95
2467.65
2487.25
2506.95
2526.6
2546.25
2565.95
2585.6
2605.3
2625
2644.65
2664.35
2684
2703.6
2723.3
2742.95
2762.65
2782.35
2802
2821.7
2841.35
2860.95
2880.65
2900.3
2919.95
2939.65
2959.3
2979
2998.7
3018.3
3038
3057.65
3077.3
3097
3116.65
3136.35
3156.05
3175.65
3195.35
3215
3234.65
3254.35
3274
3293.7
3313.4
3333
3352.7
3372.35
3392
3411.7
3431.35
3451.05
3470.75
3490.4
3510.1
3529.75
3549.35
3569.05
3588.7
3608.35
3628.05
3647.7
3667.4
3687.1
3706.7
3726.4
3746.05
3765.7
3785.4
3805.05
3824.75
3844.45
3864.05
3883.75
3903.4
3923.05
3942.75
3962.4
3982.1
4001.8
4021.4
4041.1
4060.75
4080.4
4100.1
4119.75
4139.45
4159.15
4178.8
4198.5
4218.15
4237.75
4257.45
4277.1
4296.8
4316.5
4336.15
4355.85
4375.5
4395.1
4414.8
4434.45
4454.1
4473.8
4493.45
4513.15
4532.85
4552.45
4572.15
4591.8
4611.45
4631.15
4650.8
4670.5
4690.2
4709.8
4729.5
4749.15
4768.8
4788.5
4808.15
4827.85
4847.55
4867.15
4886.85
4906.5
4926.15
4945.85
4965.5
4985.2
