0.05
22.3
49.2
76.15
103.05
129.95
156.9
183.8
210.75
237.65
264.6
291.5
318.45
345.35
372.25
399.2
426.1
453.05
479.95
506.9
533.8
560.75
587.65
614.6
641.5
668.4
695.35
722.25
749.2
776.1
803.05
829.95
856.9
883.8
910.7
937.65
964.55
991.5
1018.4
1045.35
1072.25
1099.2
1126.1
1153
1179.95
1206.85
1233.8
1260.7
1287.65
1314.55
1341.5
1368.4
1395.3
1422.25
1449.15
1476.1
1503
1529.95
1556.85
1583.8
1610.7
1637.6
1664.55
1691.45
1718.4
1745.3
1772.25
1799.15
1826.1
1853
1879.9
1906.85
1933.75
1960.7
1987.6
2014.55
2041.45
2068.4
2095.3
2122.2
2149.15
2176.05
2203
2229.9
2256.85
2283.75
2310.7
2337.6
2364.5
2391.45
2418.35
2445.3
2472.2
2499.15
2526.05
2553
2579.9
2606.8
2633.75
2660.65
2687.6
2714.5
2741.45
2768.35
2795.3
2822.2
2849.15
2876.05
2902.95
2929.9
2956.8
2983.75
3010.65
3037.6
3064.5
3091.45
3118.35
3145.25
3172.2
3199.1
3226.05
3252.95
3279.9
3306.8
3333.75
3360.65
3387.55
3414.5
3441.4
3468.35
3495.25
3522.2
3549.1
3576.05
3602.95
3629.85
3656.8
3683.7
3710.65
3737.55
3764.5
3791.4
3818.35
3845.25
3872.15
3899.1
3926
3952.95
3979.85
4006.8
4033.7
4060.65
4087.55
4114.45
4141.4
4168.3
4195.25
4222.15
4249.1
4276
4302.95
4329.85
4356.75
4383.7
4410.6
4437.55
4464.45
4491.4
4518.3
4545.25
4572.15
4599.05
4626
4652.9
4679.85
4706.75
4733.7
4760.6
4787.55
4814.45
4841.35
4868.3
4895.2
4922.15
4949.05
4976
-1000
0.05
26
46.1
69.3
94
119
143.25
164.8
182.9
205
229.35
254.4
279.15
301.75
320.8
341.15
364.85
389.75
414.75
438.5
459.3
477.95
500.6
525.15
550.2
574.8
596.95
615.3
636.55
660.6
685.55
710.5
733.75
753.75
773.15
796.3
820.95
846
870.25
891.8
909.9
931.95
956.3
981.3
1006.1
1028.75
1047.8
1068.2
1091.85
1116.7
1141.65
1165.45
1186.25
1204.9
1227.55
1252.1
1277.15
1301.7
1323.95
1342.4
1363.5
1387.5
1412.45
1437.4
1460.7
1480.7
1500.1
1523.2
1547.9
1572.95
1597.3
1618.95
1637
1658.95
1683.25
1708.25
1733.05
1755.8
1775
1795.25
1818.85
1843.65
1868.65
1892.5
1913.45
1932
1954.5
1979.05
2004.1
2028.7
2051
2069.65
2090.6
2114.5
2139.45
2164.4
2187.8
2208
2227.2
2250.2
2274.9
2299.95
2324.35
2346.15
2364.15
2385.95
2410.25
2435.25
2460.05
2482.9
2502.25
2522.35
2545.85
2570.65
2595.6
2619.6
2640.65
2659.1
2681.55
2706
2731.05
2755.7
2778.1
2796.9
2817.65
2841.5
2866.4
2891.4
2914.9
2935.35
2954.35
2977.25
3001.85
3026.9
3051.4
3073.3
3091.35
3112.95
3137.2
3162.15
3187
3209.9
3229.35
3249.35
3272.8
3297.55
3322.55
3346.55
3367.65
3386.05
3408.45
3432.95
3457.95
3482.6
3505
3523.85
3544.65
3568.5
3593.35
3618.3
3641.85
3662.25
3681.25
3704.15
3728.8
3753.8
3778.3
3800.25
3818.3
3839.9
3864.1
3889.1
3913.95
3936.85
3956.35
3976.3
3999.7
4024.5
4049.55
4073.65
4094.9
4113.15
4135.45
4159.9
4184.95
4209.6
