0.05
20.85
46.15
71.45
96.75
122.1
147.4
172.7
198
223.3
248.65
273.95
299.25
324.55
349.85
375.2
400.5
425.8
451.1
476.45
501.75
527.05
552.35
577.65
603
628.3
653.6
678.9
704.2
729.55
754.85
780.15
805.45
830.75
856.1
881.4
906.7
932
957.35
982.65
1007.95
1033.25
1058.55
1083.9
1109.2
1134.5
1159.8
1185.1
1210.45
1235.75
1261.05
1286.35
1311.7
1337
1362.3
1387.6
1412.9
1438.25
1463.55
1488.85
1514.15
1539.45
1564.8
1590.1
1615.4
1640.7
1666
1691.35
1716.65
1741.95
1767.25
1792.6
1817.9
1843.2
1868.5
1893.8
1919.15
1944.45
1969.75
1995.05
2020.35
2045.7
2071
2096.3
2121.6
2146.9
2172.25
2197.55
2222.85
2248.15
2273.5
2298.8
2324.1
2349.4
2374.7
2400.05
2425.35
2450.65
2475.95
2501.25
2526.6
2551.9
2577.2
2602.5
2627.85
2653.15
2678.45
2703.75
2729.05
2754.4
2779.7
2805
2830.3
2855.6
2880.95
2906.25
2931.55
2956.85
2982.15
3007.5
3032.8
3058.1
3083.4
3108.75
3134.05
3159.35
3184.65
3209.95
3235.3
3260.6
3285.9
3311.2
3336.5
3361.85
3387.15
3412.45
3437.75
3463.05
3488.4
3513.7
3539
3564.3
3589.65
3614.95
3640.25
3665.55
3690.85
3716.2
3741.5
3766.8
3792.1
3817.4
3842.75
3868.05
3893.35
3918.65
3944
3969.3
3994.6
4019.9
4045.2
4070.55
4095.85
4121.15
4146.45
4171.75
4197.1
4222.4
4247.7
4273
4298.3
4323.65
4348.95
4374.25
4399.55
4424.9
4450.2
4475.5
4500.8
4526.1
4551.45
4576.75
4602.05
4627.35
4652.65
4678
4703.3
4728.6
4753.9
4779.25
4804.55
4829.85
4855.15
4880.45
4905.8
4931.1
4956.4
4981.7
-1000
0.05
26.15
46
64.8
86.65
110.05
134.15
158.45
182.85
207.05
230.55
252.1
270.6
290.85
313.5
337.3
361.5
385.95
410.3
434.35
457.25
477.75
495.9
517.35
540.6
564.6
588.95
613.35
637.6
661.25
683.15
702.15
721.75
744.1
767.75
791.95
816.35
840.7
864.85
888
908.9
926.95
948
971.05
995
1019.3
1043.7
1068
1091.85
1113.95
1133.4
1152.6
1174.7
1198.25
1222.4
1246.75
1271.15
1295.35
1318.75
1340.15
1358.35
1378.9
1401.7
1425.55
1449.8
1474.15
1498.5
1522.45
1545.05
1565.1
1583.65
1605.35
1628.75
1652.85
1677.2
1701.6
1725.85
1749.45
1771.15
1790
1809.8
1832.3
1856.05
1880.25
1904.65
1929
1953.05
1976
1996.7
2014.85
2036.1
2059.25
2083.25
2107.6
2132
2156.3
2180.05
2202
2221.2
2240.65
2262.9
2286.45
2310.65
2335
2359.4
2383.55
2406.8
2427.8
2445.8
2466.75
2489.8
2513.7
2538
2562.45
2586.75
2610.65
2633
2652.8
2671.7
2693.55
2717
2741.1
2765.45
2789.85
2814.05
2837.5
2858.95
2877.4
2897.65
2920.4
2944.2
2968.45
2992.85
3017.25
3041.25
3064
3084.35
3102.75
3124.2
3147.5
3171.55
3195.9
3220.3
3244.55
3268.15
3289.95
3308.85
3328.6
3351.05
3374.7
3398.9
3423.3
3447.65
3471.75
3494.8
3515.6
3533.7
3554.85
3578
3601.95
3626.25
3650.65
3674.95
3698.7
3720.8
3740
3759.4
3781.6
3805.15
3829.3
3853.7
3878.1
3902.25
3925.6
3946.85
3964.85
3985.6
4008.55
4032.45
4056.7
4081.1
4105.4
4129.3
4151.7
4171.5
4190.35
4212.15
4235.6
4259.75
4284.1
4308.5
4332.7
4356.2
4377.75
4396.3
4416.5
4439.1
4462.9
