0.05
16.2
36.25
56.35
76.45
96.55
116.6
136.7
156.8
176.85
196.95
217.05
237.15
257.2
277.3
297.4
317.45
337.55
357.65
377.75
397.8
417.9
438
458.05
478.15
498.25
518.35
538.4
558.5
578.6
598.65
618.75
638.85
658.95
679
699.1
719.2
739.25
759.35
779.45
799.55
819.6
839.7
859.8
879.85
899.95
920.05
940.15
960.2
980.3
1000.4
1020.45
1040.55
1060.65
1080.75
1100.8
1120.9
1141
1161.05
1181.15
1201.25
1221.35
1241.4
1261.5
1281.6
1301.65
1321.75
1341.85
1361.95
1382
1402.1
1422.2
1442.25
1462.35
1482.45
1502.55
1522.6
1542.7
1562.8
1582.85
1602.95
1623.05
1643.15
1663.2
1683.3
1703.4
1723.45
1743.55
1763.65
1783.75
1803.8
1823.9
1844
1864.05
1884.15
1904.25
1924.35
1944.4
1964.5
1984.6
2004.65
2024.75
2044.85
2064.95
2085
2105.1
2125.2
2145.25
2165.35
2185.45
2205.55
2225.6
2245.7
2265.8
2285.85
2305.95
2326.05
2346.15
2366.2
2386.3
2406.4
2426.45
2446.55
2466.65
2486.75
2506.8
2526.9
2547
2567.05
2587.15
2607.25
2627.35
2647.4
2667.5
2687.6
2707.65
2727.75
2747.85
2767.95
2788
2808.1
2828.2
2848.25
2868.35
2888.45
2908.55
2928.6
2948.7
2968.8
2988.85
3008.95
3029.05
3049.15
3069.2
3089.3
3109.4
3129.45
3149.55
3169.65
3189.75
3209.8
3229.9
3250
3270.05
3290.15
3310.25
3330.35
3350.4
3370.5
3390.6
3410.65
3430.75
3450.85
3470.9
3491
3511.1
3531.2
3551.25
3571.35
3591.45
3611.5
3631.6
3651.7
3671.8
3691.85
3711.95
3732.05
3752.1
3772.2
3792.3
3812.4
3832.45
3852.55
3872.65
3892.7
3912.8
3932.9
3953
3973.05
3993.15
4013.25
4033.3
4053.4
4073.5
4093.6
4113.65
4133.75
4153.85
4173.9
4194
4214.1
4234.2
4254.25
4274.35
4294.45
4314.5
4334.6
4354.7
4374.8
4394.85
4414.95
4435.05
4455.1
4475.2
4495.3
4515.4
4535.45
4555.55
4575.65
4595.7
4615.8
4635.9
4656
4676.05
4696.15
4716.25
4736.3
4756.4
4776.5
4796.6
4816.65
4836.75
4856.85
4876.9
4897
4917.1
4937.2
4957.25
4977.35
-1000
0.05
24.15
45.75
66.85
87.55
107.95
128.3
148.55
168.7
188.85
208.95
229.1
249.1
269.2
289.35
309.45
329.5
349.6
369.7
389.75
409.8
429.95
450.05
470.1
490.2
510.3
530.35
550.4
570.55
590.65
610.7
630.8
650.9
670.95
691
711.15
731.25
751.3
771.4
791.5
811.55
831.6
851.75
871.85
891.9
912
932.1
952.15
972.2
992.35
1012.45
1032.5
1052.6
1072.7
1092.75
1112.8
1132.95
1153.05
1173.1
1193.2
1213.3
1233.35
1253.4
1273.55
1293.65
1313.7
1333.8
1353.9
1373.95
1394
1414.15
1434.25
1454.3
1474.4
1494.5
1514.55
1534.6
1554.75
1574.75
1594.85
1615
1635.1
1655.1
1675.2
1695.35
1715.35
1735.45
1755.6
1775.7
1795.7
1815.8
1835.95
1855.95
1876.05
1896.2
1916.3
1936.3
1956.4
1976.55
1996.55
2016.65
2036.8
2056.9
2076.9
2097
2117.15
2137.15
2157.25
2177.4
2197.5
2217.5
2237.6
2257.75
2277.75
2297.85
2318
2338.1
2358.1
2378.2
2398.35
2418.35
2438.45
2458.6
2478.7
2498.7
2518.8
2538.95
2558.95
2579.05
2599.2
2619.3
2639.3
2659.4
2679.55
2699.55
2719.65
2739.8
2759.9
2779.9
2800
2820.15
2840.15
2860.25
2880.4
2900.5
2920.5
2940.6
2960.75
2980.75
3000.85
3021
3041.1
3061.15
3081.25
3101.35
3121.4
3141.45
3161.6
3181.7
3201.75
3221.85
3241.95
3262
3282.05
3302.2
3322.3
3342.35
3362.45
3382.55
3402.6
3422.65
3442.8
3462.9
3482.95
3503.05
3523.15
3543.2
3563.25
3583.4
3603.5
3623.55
3643.65
3663.75
3683.8
3703.85
3724
3744.1
3764.15
3784.25
3804.35
3824.4
3844.45
3864.6
3884.7
3904.75
3924.85
3944.95
3965
3985.05
4005.2
4025.3
4045.35
4065.45
4085.55
4105.6
4125.65
4145.8
4165.9
4185.95
4206.05
4226.15
4246.2
4266.25
4286.4
4306.5
4326.55
4346.65
4366.75
4386.8
4406.85
4427
4447.1
4467.15
4487.25
4507.35
4527.4
4547.45
4567.6
4587.7
4607.75
4627.85
4647.95
4668
4688.05
4708.2
4728.3
4748.35
4768.45
4788.55
4808.6
4828.65
4848.8
4868.9
4888.95
4909.05
4929.15
4949.2
4969.25
4989.4
