0.05
21.35
47.25
73.15
99
124.9
150.8
176.7
202.55
228.45
254.35
280.25
306.1
332
357.9
383.75
409.65
435.55
461.45
487.3
513.2
539.1
565
590.85
616.75
642.65
668.55
694.4
720.3
746.2
772.1
797.95
823.85
849.75
875.65
901.5
927.4
953.3
979.2
1005.05
1030.95
1056.85
1082.75
1108.6
1134.5
1160.4
1186.3
1212.15
1238.05
1263.95
1289.85
1315.7
1341.6
1367.5
1393.4
1419.25
1445.15
1471.05
1496.95
1522.8
1548.7
1574.6
1600.5
1626.35
1652.25
1678.15
1704
1729.9
1755.8
1781.7
1807.55
1833.45
1859.35
1885.25
1911.1
1937
1962.9
1988.8
2014.65
2040.55
2066.45
2092.35
2118.2
2144.1
2170
2195.9
2221.75
2247.65
2273.55
2299.45
2325.3
2351.2
2377.1
2403
2428.85
2454.75
2480.65
2506.55
2532.4
2558.3
2584.2
2610.1
2635.95
2661.85
2687.75
2713.65
2739.5
2765.4
2791.3
2817.2
2843.05
2868.95
2894.85
2920.7
2946.6
2972.5
2998.4
3024.25
3050.15
3076.05
3101.95
3127.8
3153.7
3179.6
3205.5
3231.35
3257.25
3283.15
3309.05
3334.9
3360.8
3386.7
3412.6
3438.45
3464.35
3490.25
3516.15
3542
-1000
0.05
35.15
71.5
106.1
145.6
178.3
217.65
253.25
289.15
328
360.6
400.4
435.05
472.7
510.4
543.6
583.6
617.05
655.45
692.35
726.3
766.1
799
838.05
874.15
909.05
948.45
981.1
1020.55
1055.9
1092.3
1130.85
1163.55
1203.65
1237.85
1276
1313.35
1347
1386.9
1420
1458.85
1495.2
1529.75
1569.35
1602.05
1641.35
1677
1712.6
1751.6
1784.2
1823.9
1858.75
1896
1933.95
1966.95
2006.95
2040.7
2078.9
2115.95
2149.75
2189.6
2222.65
2261.55
2297.8
2332.5
2372
2404.65
2444.05
2479.55
2515.6
2554.35
2587
2627
2661.45
2699.4
2737
2770.45
2810.4
2843.6
2882.25
2918.85
2953.1
2992.8
3025.55
3064.75
3100.6
3135.85
3175.05
3207.65
3247.25
3282.35
3318.9
3357.3
3390.1
3430.2
3464.25
3502.4
3539.7
3573.35
3613.25
3646.35
3685.2
3721.55
3756.15
3795.7
3828.4
3867.7
3903.3
3939.2
3978.05
4010.65
4050.4
4085.15
4122.7
4160.45
4193.6
4233.6
4267.15
4305.5
4342.4
4376.35
4416.15
4449.05
4488.1
4524.2
4559.1
4598.5
4631.15
4670.6
4705.95
4742.3
4780.9
4813.6
4853.65
4887.9
4926.05
4963.45
4997.05
