0.05
16.2
36.25
56.35
76.45
96.55
116.6
136.7
156.8
176.85
196.95
217.05
237.15
257.2
277.3
297.4
317.45
337.55
357.65
377.75
397.8
417.9
438
458.05
478.15
498.25
518.35
538.4
558.5
578.6
598.65
618.75
638.85
658.95
679
699.1
719.2
739.25
759.35
779.45
799.55
819.6
839.7
859.8
879.85
899.95
920.05
940.15
960.2
980.3
1000.4
1020.45
1040.55
1060.65
1080.75
1100.8
1120.9
1141
1161.05
1181.15
1201.25
1221.35
1241.4
1261.5
1281.6
1301.65
1321.75
1341.85
1361.95
1382
1402.1
1422.2
1442.25
1462.35
1482.45
1502.55
1522.6
1542.7
1562.8
1582.85
1602.95
1623.05
1643.15
1663.2
1683.3
1703.4
1723.45
1743.55
1763.65
1783.75
1803.8
1823.9
1844
1864.05
1884.15
1904.25
1924.35
1944.4
1964.5
1984.6
2004.65
2024.75
2044.85
2064.95
2085
2105.1
2125.2
2145.25
2165.35
2185.45
2205.55
2225.6
2245.7
2265.8
2285.85
2305.95
2326.05
2346.15
2366.2
2386.3
2406.4
2426.45
2446.55
2466.65
2486.75
2506.8
2526.9
2547
2567.05
2587.15
2607.25
2627.35
2647.4
2667.5
2687.6
2707.65
2727.75
2747.85
2767.95
2788
2808.1
2828.2
2848.25
2868.35
2888.45
2908.55
2928.6
2948.7
2968.8
2988.85
3008.95
3029.05
3049.15
3069.2
3089.3
3109.4
3129.45
3149.55
3169.65
3189.75
3209.8
3229.9
3250
3270.05
3290.15
3310.25
3330.35
3350.4
3370.5
3390.6
3410.65
3430.75
3450.85
3470.9
3491
3511.1
3531.2
3551.25
3571.35
3591.45
3611.5
3631.6
3651.7
3671.8
3691.85
3711.95
3732.05
3752.1
3772.2
3792.3
3812.4
3832.45
3852.55
3872.65
3892.7
3912.8
3932.9
3953
3973.05
3993.15
4013.25
4033.3
4053.4
4073.5
4093.6
4113.65
4133.75
4153.85
4173.9
4194
4214.1
4234.2
4254.25
4274.35
4294.45
4314.5
4334.6
4354.7
4374.8
4394.85
4414.95
4435.05
4455.1
4475.2
4495.3
4515.4
4535.45
4555.55
4575.65
4595.7
4615.8
4635.9
4656
4676.05
4696.15
4716.25
4736.3
4756.4
4776.5
4796.6
4816.65
4836.75
4856.85
4876.9
4897
4917.1
4937.2
4957.25
4977.35
-1000
0.05
26
47.2
66.9
86.75
106.7
126.65
146.7
166.8
186.85
206.95
227
247.1
267.15
287.25
307.35
327.45
347.5
367.6
387.7
407.75
427.8
447.95
468.05
488.1
508.2
528.3
548.35
568.4
588.55
608.65
628.7
648.8
668.9
688.95
709
729.15
749.25
769.3
789.4
809.5
829.55
849.6
869.75
889.85
909.9
930
950.1
970.15
990.2
1010.35
1030.45
1050.5
1070.6
1090.7
1110.75
1130.8
1150.95
1171.05
1191.1
1211.2
1231.3
1251.35
1271.4
1291.55
1311.65
1331.7
1351.8
1371.9
1391.95
1412
1432.15
1452.25
1472.3
1492.4
1512.5
1532.55
1552.6
1572.75
1592.75
1612.85
1633
1653.1
1673.1
1693.2
1713.35
1733.35
1753.45
1773.6
1793.7
1813.7
1833.8
1853.95
1873.95
1894.05
1914.2
1934.3
1954.3
1974.4
1994.55
2014.55
2034.65
2054.8
2074.9
2094.9
2115
2135.15
2155.15
2175.25
2195.4
2215.5
2235.5
2255.6
2275.75
2295.75
2315.85
2336
2356.1
2376.1
2396.2
2416.35
2436.35
2456.45
2476.6
2496.7
2516.7
2536.8
2556.95
2576.95
2597.05
2617.2
2637.3
2657.3
2677.4
2697.55
2717.55
2737.65
2757.8
2777.9
2797.9
2818
2838.15
2858.15
2878.25
2898.4
2918.5
2938.5
2958.6
2978.75
2998.75
3018.85
3039
3059.1
3079.15
3099.25
3119.35
3139.4
3159.45
3179.6
3199.7
3219.75
3239.85
3259.95
3280
3300.05
3320.2
3340.3
3360.35
3380.45
3400.55
3420.6
3440.65
3460.8
3480.9
3500.95
3521.05
3541.15
3561.2
3581.25
3601.4
3621.5
3641.55
3661.65
3681.75
3701.8
3721.85
3742
3762.1
3782.15
3802.25
3822.35
3842.4
3862.45
3882.6
3902.7
3922.75
3942.85
3962.95
3983
4003.05
4023.2
4043.3
4063.35
4083.45
4103.55
4123.6
4143.65
4163.8
4183.9
4203.95
4224.05
4244.15
4264.2
4284.25
4304.4
4324.5
4344.55
4364.65
4384.75
4404.8
4424.85
4445
4465.1
4485.15
4505.25
4525.35
4545.4
4565.45
4585.6
4605.7
4625.75
4645.85
4665.95
4686
4706.05
4726.2
4746.3
4766.35
4786.45
4806.55
4826.6
4846.65
4866.8
4886.9
4906.95
4927.05
4947.15
4967.2
4987.25
