0.05
19.3
42.9
66.5
90.05
113.65
137.25
160.85
184.45
208.05
231.65
255.2
278.8
302.4
326
349.6
373.2
396.75
420.35
443.95
467.55
491.15
514.75
538.3
561.9
585.5
609.1
632.7
656.3
679.9
703.45
727.05
750.65
774.25
797.85
821.45
845
868.6
892.2
915.8
939.4
963
986.55
1010.15
1033.75
1057.35
1080.95
1104.55
1128.1
1151.7
1175.3
1198.9
1222.5
1246.1
1269.7
1293.25
1316.85
1340.45
1364.05
1387.65
1411.25
1434.8
1458.4
1482
1505.6
1529.2
1552.8
1576.35
1599.95
1623.55
1647.15
1670.75
1694.35
1717.95
1741.5
1765.1
1788.7
1812.3
1835.9
1859.5
1883.05
1906.65
1930.25
1953.85
1977.45
2001.05
2024.6
2048.2
2071.8
2095.4
2119
2142.6
2166.2
2189.75
2213.35
2236.95
2260.55
2284.15
2307.75
2331.3
2354.9
2378.5
2402.1
2425.7
2449.3
2472.85
2496.45
-1000
0.05
39.75
86.2
132.7
179.45
226.4
273.45
320.45
367.55
414.75
461.85
508.95
556.2
603.3
650.45
697.9
745
792.1
839.55
886.6
933.7
981.1
1028.15
1075.25
1122.65
1169.7
1216.8
1263.9
1311.15
1358.25
1405.4
1452.65
1499.75
1546.9
1594.15
1641.3
1688.45
1735.95
1783
1830.1
1877.55
1924.6
1971.7
2019.15
2066.2
2113.3
2160.7
2207.75
2254.85
2301.95
2349.2
2396.3
2443.45
2490.7
2537.8
2584.95
2632.2
2679.35
2726.5
2774
2821.05
2868.15
2915.6
2962.65
3009.75
3057.2
3104.25
3151.35
3198.75
3245.8
3292.9
3340
3387.25
3434.35
3481.5
3528.75
3575.85
3623
3670.25
3717.4
3764.55
3812.05
3859.1
3906.2
3953.65
4000.7
4047.8
4095.25
4142.3
4189.4
4236.65
4283.75
4330.85
4378
4425.25
4472.35
4519.5
4566.75
4613.9
4661.05
4708.3
4755.45
4802.6
4850.1
4897.15
4944.25
4991.7
