0.05
18.35
40.9
63.45
86
108.55
131.1
153.65
176.2
198.75
221.3
243.8
266.35
288.9
311.45
334
356.55
379.1
401.65
424.2
446.75
469.3
491.8
514.35
536.9
559.45
582
604.55
627.1
649.65
672.2
694.75
717.3
739.8
762.35
784.9
807.45
830
852.55
875.1
897.65
920.2
942.75
965.3
987.85
1010.35
1032.9
1055.45
1078
1100.55
1123.1
1145.65
1168.2
1190.75
1213.3
1235.85
1258.35
1280.9
1303.45
1326
1348.55
1371.1
1393.65
1416.2
1438.75
1461.3
1483.85
1506.35
1528.9
1551.45
1574
1596.55
1619.1
1641.65
1664.2
1686.75
1709.3
1731.85
1754.4
1776.9
1799.45
1822
1844.55
1867.1
1889.65
1912.2
1934.75
1957.3
1979.85
2002.4
2024.9
2047.45
2070
2092.55
2115.1
2137.65
2160.2
2182.75
2205.3
2227.85
2250.4
2272.9
2295.45
2318
2340.55
2363.1
2385.65
2408.2
2430.75
2453.3
2475.85
2498.4
2520.9
2543.45
2566
2588.55
2611.1
2633.65
2656.2
2678.75
2701.3
2723.85
2746.4
2768.95
2791.45
2814
2836.55
2859.1
2881.65
2904.2
2926.75
2949.3
2971.85
2994.4
3016.95
3039.45
3062
3084.55
3107.1
3129.65
3152.2
3174.75
3197.3
3219.85
3242.4
3264.95
3287.45
3310
3332.55
3355.1
3377.65
3400.2
3422.75
3445.3
3467.85
3490.4
3512.95
3535.5
3558
3580.55
3603.1
3625.65
3648.2
3670.75
3693.3
3715.85
-1000
0.05
31.8
61.65
89.55
122.2
151.95
179.95
212.7
242.3
270.45
303.15
332.6
360.9
393.65
422.95
451.6
484.35
513.4
542.45
575.1
603.9
633.7
666.2
694.55
725.25
757.35
785.25
816.3
848.1
875.8
907.2
938.75
966.35
998.1
1029.35
1056.85
1088.75
1119.8
1147.3
1179.4
1210.25
1237.75
1269.9
1300.6
1328.1
1360.4
1390.95
1418.55
1450.9
1481.3
1508.9
1541.35
1571.65
1599.3
1631.75
1661.95
1689.65
1722.3
1752.35
1780.1
1812.75
1842.65
1870.5
1903.15
1932.95
1960.9
1993.65
2023.3
2051.35
2084.1
2113.6
2141.8
2174.55
2203.95
2232.4
2265.2
2294.4
2323.15
2355.85
2384.8
2414.05
2446.7
2475.35
2505.7
2537.95
2566.1
2596.85
2628.85
2656.7
2687.85
2719.55
2747.25
2778.85
2810.2
2837.75
2869.55
2900.7
2928.25
2960.2
2991.2
3018.65
3050.7
3081.55
3109.05
3141.25
3171.95
3199.5
3231.8
3262.3
3289.85
3322.25
3352.65
3380.25
3412.7
3442.95
3470.65
3503.25
3533.35
3561.1
3593.7
3623.65
3651.45
3684.1
3714
3741.85
3774.6
3804.3
3832.35
3865.05
3894.65
3922.75
3955.45
3984.95
4013.3
4046.1
4075.35
4103.95
4136.65
4165.75
4194.7
4227.4
4256.25
4285.95
4318.45
4346.85
4377.5
4409.65
4437.6
4468.6
4500.45
4528.2
4559.55
4591.1
4618.7
4650.3
4681.65
4709.15
4741
4772.1
4799.6
4831.6
4862.5
4890
4922.15
4952.9
4980.45
