0.05
17.55
39.15
60.75
82.35
103.95
125.55
147.15
168.75
190.35
211.95
233.6
255.2
276.8
298.4
320
341.6
363.2
384.8
406.4
428
449.6
471.25
492.85
514.45
536.05
557.65
579.25
600.85
622.45
644.05
665.65
687.25
708.9
730.5
752.1
773.7
795.3
816.9
838.5
860.1
881.7
903.3
924.9
946.55
968.15
989.75
1011.35
1032.95
1054.55
1076.15
1097.75
1119.35
1140.95
1162.55
1184.2
1205.8
1227.4
1249
1270.6
1292.2
1313.8
1335.4
1357
1378.6
1400.2
1421.85
1443.45
1465.05
1486.65
1508.25
1529.85
1551.45
1573.05
1594.65
1616.25
1637.85
1659.5
1681.1
1702.7
1724.3
1745.9
1767.5
1789.1
1810.7
1832.3
1853.9
1875.55
1897.15
1918.75
1940.35
1961.95
1983.55
2005.15
2026.75
2048.35
2069.95
2091.55
2113.2
2134.8
2156.4
2178
2199.6
2221.2
2242.8
2264.4
2286
2307.6
2329.2
2350.85
2372.45
2394.05
2415.65
2437.25
2458.85
2480.45
2502.05
2523.65
2545.25
2566.85
2588.5
2610.1
2631.7
2653.3
2674.9
2696.5
2718.1
2739.7
2761.3
2782.9
2804.5
2826.15
2847.75
2869.35
2890.95
2912.55
2934.15
2955.75
2977.35
2998.95
3020.55
3042.15
3063.8
3085.4
3107
3128.6
3150.2
3171.8
3193.4
3215
3236.6
3258.2
3279.8
3301.45
3323.05
3344.65
3366.25
3387.85
3409.45
3431.05
3452.65
3474.25
3495.85
3517.45
3539.1
3560.7
3582.3
3603.9
3625.5
3647.1
3668.7
3690.3
3711.9
3733.5
3755.1
3776.75
3798.35
3819.95
3841.55
3863.15
3884.75
3906.35
3927.95
3949.55
3971.15
3992.75
4014.4
4036
4057.6
4079.2
4100.8
4122.4
4144
4165.6
4187.2
4208.8
4230.4
4252.05
4273.65
4295.25
4316.85
4338.45
4360.05
4381.65
4403.25
4424.85
4446.45
4468.1
4489.7
4511.3
4532.9
4554.5
4576.1
4597.7
4619.3
4640.9
4662.5
4684.1
4705.75
4727.35
4748.95
4770.55
4792.15
4813.75
4835.35
4856.95
4878.55
4900.15
4921.75
4943.4
4965
4986.6
-1000
0.05
26
43.95
63.05
83.15
103.9
125.05
146.35
167.75
189.25
210.8
232.4
253.9
275.45
297.1
318.75
340.35
361.95
383.55
405.15
426.75
448.35
469.95
491.55
513.1
534.75
556.35
578
599.6
621.2
642.8
664.4
686
707.6
729.2
750.75
772.4
794
815.65
837.25
858.85
880.45
902.05
923.65
945.25
966.85
988.4
1010.05
1031.65
1053.3
1074.9
1096.5
1118.1
1139.7
1161.3
1182.9
1204.5
1226.05
1247.7
1269.3
1290.95
1312.55
1334.15
1355.75
1377.35
1398.95
1420.55
1442.15
1463.7
1485.35
1506.95
1528.6
1550.2
1571.8
1593.4
1615
1636.6
1658.2
1679.8
1701.35
1723
1744.6
1766.25
1787.85
1809.45
1831.05
1852.65
1874.25
1895.85
1917.45
1939
1960.65
1982.25
2003.9
2025.5
2047.1
2068.7
2090.3
2111.9
2133.5
2155.1
2176.65
2198.3
2219.9
2241.55
2263.15
2284.75
2306.35
2327.95
2349.55
2371.15
2392.7
2414.35
2435.95
2457.6
2479.2
2500.8
2522.4
2544
2565.6
2587.2
2608.8
2630.35
2652
2673.6
2695.25
2716.85
2738.45
2760.05
2781.65
2803.25
2824.85
2846.45
2868
2889.65
2911.25
2932.9
2954.5
2976.1
2997.7
3019.3
3040.9
3062.5
3084.1
3105.65
3127.3
3148.9
3170.55
3192.15
3213.75
3235.35
3256.95
3278.55
3300.15
3321.75
3343.3
3364.95
3386.55
3408.2
3429.8
3451.4
3473
3494.6
3516.2
3537.8
3559.4
3580.95
3602.6
3624.2
3645.85
3667.45
3689.05
3710.65
3732.25
3753.85
3775.45
3797.05
3818.6
3840.25
3861.85
3883.5
3905.1
3926.7
3948.3
3969.9
3991.5
4013.1
4034.7
4056.25
4077.9
4099.5
4121.15
4142.75
4164.35
4185.95
4207.55
4229.15
4250.75
4272.35
4293.9
4315.55
4337.15
4358.8
4380.4
4402
4423.6
4445.2
4466.8
4488.4
4510
4531.55
4553.2
4574.8
4596.45
4618.05
4639.65
4661.25
4682.85
4704.45
4726.05
4747.65
4769.2
4790.85
4812.45
4834.1
4855.7
4877.3
4898.9
4920.5
4942.1
4963.7
4985.25
