0.05
19
42.3
65.6
88.85
112.15
135.45
158.7
182
205.25
228.55
251.85
275.1
298.4
321.7
344.95
368.25
391.5
414.8
438.1
461.35
484.65
507.95
531.2
554.5
577.75
601.05
624.35
647.6
670.9
694.2
717.45
740.75
764
787.3
810.6
833.85
857.15
880.4
903.7
927
950.25
973.55
996.85
1020.1
1043.4
1066.65
1089.95
1113.25
1136.5
1159.8
1183.1
1206.35
1229.65
1252.9
1276.2
1299.5
1322.75
1346.05
1369.35
1392.6
1415.9
1439.15
1462.45
1485.75
1509
1532.3
1555.6
1578.85
1602.15
1625.4
1648.7
1672
1695.25
1718.55
1741.85
1765.1
1788.4
1811.65
1834.95
1858.25
1881.5
1904.8
1928.1
1951.35
1974.65
1997.9
2021.2
2044.5
2067.75
2091.05
2114.35
2137.6
2160.9
2184.15
2207.45
2230.75
2254
2277.3
2300.6
2323.85
2347.15
2370.4
2393.7
2417
2440.25
2463.55
2486.85
2510.1
2533.4
2556.65
2579.95
2603.25
2626.5
2649.8
2673.1
2696.35
2719.65
2742.9
2766.2
2789.5
2812.75
2836.05
2859.35
2882.6
2905.9
2929.15
2952.45
2975.75
2999
3022.3
3045.6
3068.85
3092.15
3115.4
3138.7
3162
3185.25
3208.55
3231.85
3255.1
3278.4
3301.65
3324.95
3348.25
3371.5
3394.8
3418.1
3441.35
3464.65
3487.9
3511.2
3534.5
3557.75
3581.05
3604.35
3627.6
3650.9
3674.15
3697.45
3720.75
3744
3767.3
3790.55
3813.85
3837.15
3860.4
3883.7
3907
3930.25
3953.55
3976.8
4000.1
4023.4
4046.65
4069.95
4093.25
4116.5
4139.8
4163.05
4186.35
4209.65
4232.9
4256.2
4279.5
4302.75
4326.05
4349.3
4372.6
4395.9
4419.15
4442.45
4465.75
4489
4512.3
4535.55
4558.85
4582.15
4605.4
4628.7
4652
4675.25
4698.55
4721.8
4745.1
4768.4
4791.65
4814.95
4838.25
4861.5
4884.8
4908.05
4931.35
4954.65
4977.9
-1000
0.05
26
46.5
67.7
89.8
112.4
135.3
158.3
181.35
204.55
227.75
250.95
274.2
297.4
320.7
343.95
367.2
390.5
413.75
437.05
460.3
483.6
506.9
530.15
553.45
576.75
600.05
623.3
646.55
669.85
693.15
716.4
739.7
763
786.3
809.55
832.8
856.1
879.4
902.65
925.95
949.25
972.55
995.8
1019.05
1042.35
1065.65
1088.9
1112.2
1135.5
1158.8
1182.05
1205.3
1228.6
1251.9
1275.15
1298.45
1321.75
1345.05
1368.3
1391.55
1414.85
1438.15
1461.4
1484.7
1508
1531.3
1554.55
1577.8
1601.1
1624.4
1647.65
1670.95
1694.25
1717.55
1740.8
1764.05
1787.35
1810.65
1833.9
1857.2
1880.5
1903.8
1927.05
1950.3
1973.6
1996.9
2020.15
2043.45
2066.75
2090.05
2113.3
2136.55
2159.85
2183.15
2206.4
2229.7
2253
2276.3
2299.55
2322.8
2346.1
2369.4
2392.65
2415.95
2439.25
2462.55
2485.8
2509.05
2532.35
2555.65
2578.9
2602.2
2625.45
2648.75
2672.05
2695.3
2718.55
2741.9
2765.15
2788.45
2811.7
2835
2858.3
2881.55
2904.8
2928.1
2951.4
2974.7
2997.95
3021.25
3044.55
3067.8
3091.05
3114.35
3137.65
3160.95
3184.2
3207.5
3230.8
3254.05
3277.3
3300.6
3323.9
3347.2
3370.45
3393.75
3417.05
3440.3
3463.6
3486.9
3510.15
3533.45
3556.7
3580
3603.3
3626.55
3649.85
3673.15
3696.45
3719.7
3742.95
3766.25
3789.55
3812.8
3836.1
3859.4
3882.7
3905.95
3929.2
3952.5
3975.8
3999.05
4022.35
4045.65
4068.95
4092.2
4115.45
4138.75
4162.05
4185.3
4208.6
4231.9
4255.2
4278.45
4301.7
4325
4348.3
4371.55
4394.85
4418.15
4441.45
4464.7
4487.95
4511.25
4534.55
4557.8
4581.1
4604.4
4627.7
4650.95
4674.2
4697.5
4720.8
4744.05
4767.35
4790.65
4813.95
4837.2
4860.45
4883.75
4907.05
4930.3
4953.6
4976.9
