0.05
14.85
33.35
51.9
70.45
88.95
107.5
126.05
144.55
163.1
181.65
200.15
218.7
237.25
255.75
274.3
292.85
311.35
329.9
348.45
367
385.5
404.05
422.6
441.1
459.65
478.2
496.7
515.25
533.8
552.3
570.85
589.4
607.9
626.45
645
663.55
682.05
700.6
719.15
737.65
756.2
774.75
793.25
811.8
830.35
848.85
867.4
885.95
904.45
923
941.55
960.1
978.6
997.15
1015.7
1034.2
1052.75
1071.3
1089.8
1108.35
1126.9
1145.4
1163.95
1182.5
1201
1219.55
1238.1
1256.6
1275.15
1293.7
1312.25
1330.75
1349.3
1367.85
1386.35
1404.9
1423.45
1441.95
1460.5
1479.05
1497.55
1516.1
1534.65
1553.15
1571.7
1590.25
1608.8
1627.3
1645.85
1664.4
1682.9
1701.45
1720
1738.5
1757.05
1775.6
1794.1
1812.65
1831.2
1849.7
1868.25
1886.8
1905.35
1923.85
1942.4
1960.95
1979.45
1998
2016.55
2035.05
2053.6
2072.15
2090.65
2109.2
2127.75
2146.25
2164.8
2183.35
2201.85
2220.4
2238.95
2257.5
2276
2294.55
2313.1
2331.6
2350.15
2368.7
2387.2
2405.75
2424.3
2442.8
2461.35
2479.9
2498.4
2516.95
2535.5
2554.05
2572.55
2591.1
2609.65
2628.15
2646.7
2665.25
2683.75
2702.3
2720.85
2739.35
2757.9
2776.45
2794.95
2813.5
2832.05
2850.6
2869.1
2887.65
2906.2
2924.7
2943.25
2961.8
2980.3
2998.85
3017.4
3035.9
3054.45
3073
3091.5
3110.05
3128.6
3147.1
3165.65
3184.2
3202.75
3221.25
3239.8
3258.35
3276.85
3295.4
3313.95
3332.45
3351
3369.55
3388.05
3406.6
3425.15
3443.65
3462.2
3480.75
3499.3
3517.8
3536.35
3554.9
3573.4
3591.95
3610.5
3629
3647.55
3666.1
3684.6
3703.15
3721.7
3740.2
3758.75
3777.3
3795.8
3814.35
3832.9
3851.45
3869.95
3888.5
3907.05
3925.55
3944.1
3962.65
3981.15
3999.7
4018.25
4036.75
4055.3
4073.85
4092.35
4110.9
4129.45
4148
4166.5
4185.05
4203.6
4222.1
4240.65
4259.2
4277.7
4296.25
4314.8
4333.3
4351.85
4370.4
4388.9
4407.45
4426
4444.55
4463.05
4481.6
4500.15
4518.65
4537.2
4555.75
4574.25
4592.8
4611.35
4629.85
4648.4
4666.95
4685.45
4704
4722.55
4741.05
4759.6
4778.15
4796.7
4815.2
4833.75
4852.3
4870.8
4889.35
4907.9
4926.4
4944.95
4963.5
4982
-1000
0.05
26
44.35
62.5
80.8
99.1
117.55
136
154.4
172.95
191.45
209.9
228.45
247
265.6
284.1
302.65
321.2
339.75
358.25
376.8
395.25
413.8
432.35
450.85
469.4
487.95
506.45
525
543.55
562
580.6
599.15
617.7
636.25
654.8
673.35
691.8
710.35
728.9
747.4
765.95
784.5
803
821.55
840.1
858.55
877.15
895.7
914.25
932.8
951.35
969.9
988.4
1006.95
1025.5
1043.95
1062.5
1081.05
1099.55
1118.1
1136.65
1155.15
1173.7
1192.25
1210.7
1229.3
1247.85
1266.4
1284.95
1303.5
1322.05
1340.5
1359.05
1377.6
1396.1
1414.65
1433.2
1451.7
1470.25
1488.8
1507.25
1525.85
1544.4
1562.95
1581.5
1600.05
1618.6
1637.05
1655.6
1674.15
1692.65
1711.2
1729.75
1748.25
1766.8
1785.35
1803.8
1822.4
1840.95
1859.5
1878.05
1896.6
1915.15
1933.65
1952.2
1970.75
1989.2
2007.75
2026.3
2044.8
2063.35
2081.9
2100.4
2118.95
2137.5
2155.95
2174.55
2193.1
2211.65
2230.2
2248.75
2267.3
2285.75
2304.3
2322.85
2341.35
2359.9
2378.45
2396.95
2415.5
2434.05
2452.5
2471.1
2489.65
2508.2
2526.75
2545.3
2563.85
2582.3
2600.85
2619.4
2637.9
2656.45
2675
2693.5
2712.05
2730.6
2749.05
2767.65
2786.2
2804.75
2823.3
2841.85
2860.4
2878.9
2897.45
2916
2934.45
2953
2971.55
2990.05
3008.6
3027.15
3045.65
3064.2
3082.75
3101.2
3119.8
3138.35
3156.9
3175.45
3194
3212.55
3231
3249.55
3268.1
3286.6
3305.15
3323.7
3342.2
3360.75
3379.3
3397.75
3416.35
3434.9
3453.45
3472
3490.55
3509.1
3527.55
3546.1
3564.65
3583.15
3601.7
3620.25
3638.75
3657.3
3675.85
3694.3
3712.9
3731.45
3750
3768.55
3787.1
3805.65
3824.15
3842.7
3861.25
3879.7
3898.25
3916.8
3935.3
3953.85
3972.4
3990.9
4009.45
4028
4046.45
4065.05
4083.6
4102.15
4120.7
4139.25
4157.8
4176.25
4194.8
4213.35
4231.85
4250.4
4268.95
4287.45
4306
4324.55
4343
4361.6
4380.15
4398.7
4417.25
4435.8
4454.35
4472.8
4491.35
4509.9
4528.4
4546.95
4565.5
4584
4602.55
4621.1
4639.55
4658.15
4676.7
4695.25
4713.8
4732.35
4750.9
4769.4
4787.95
4806.5
4824.95
4843.5
4862.05
4880.55
4899.1
4917.65
4936.15
4954.7
4973.25
4991.7
