0.05
15.3
34.4
53.45
72.55
91.65
110.7
129.8
148.85
167.95
187.05
206.1
225.2
244.3
263.35
282.45
301.5
320.6
339.7
358.75
377.85
396.9
416
435.1
454.15
473.25
492.35
511.4
530.5
549.55
568.65
587.75
606.8
625.9
644.95
664.05
683.15
702.2
721.3
740.4
759.45
778.55
797.6
816.7
835.8
854.85
873.95
893.05
912.1
931.2
950.25
969.35
988.45
1007.5
1026.6
1045.65
1064.75
1083.85
1102.9
1122
1141.1
1160.15
1179.25
1198.3
1217.4
1236.5
1255.55
1274.65
1293.75
1312.8
1331.9
1350.95
1370.05
1389.15
1408.2
1427.3
1446.35
1465.45
1484.55
1503.6
1522.7
1541.8
1560.85
1579.95
1599
1618.1
1637.2
1656.25
1675.35
1694.4
1713.5
1732.6
1751.65
1770.75
1789.85
1808.9
1828
1847.05
1866.15
1885.25
1904.3
1923.4
1942.5
1961.55
1980.65
1999.7
2018.8
2037.9
2056.95
2076.05
2095.1
2114.2
2133.3
2152.35
2171.45
2190.55
2209.6
2228.7
2247.75
2266.85
2285.95
2305
2324.1
2343.2
2362.25
2381.35
2400.4
2419.5
2438.6
2457.65
2476.75
2495.8
2514.9
2534
2553.05
2572.15
2591.25
2610.3
2629.4
2648.45
2667.55
2686.65
2705.7
2724.8
2743.85
2762.95
2782.05
2801.1
2820.2
2839.3
2858.35
2877.45
2896.5
2915.6
2934.7
2953.75
2972.85
2991.95
3011
3030.1
3049.15
3068.25
3087.35
3106.4
3125.5
3144.55
3163.65
3182.75
3201.8
3220.9
3240
3259.05
3278.15
3297.2
3316.3
3335.4
3354.45
3373.55
3392.65
3411.7
3430.8
3449.85
3468.95
3488.05
3507.1
3526.2
3545.25
3564.35
3583.45
3602.5
3621.6
3640.7
3659.75
3678.85
3697.9
3717
3736.1
3755.15
3774.25
3793.3
3812.4
3831.5
3850.55
3869.65
3888.75
3907.8
3926.9
3945.95
3965.05
3984.15
4003.2
4022.3
4041.4
4060.45
4079.55
4098.6
4117.7
4136.8
4155.85
4174.95
4194
4213.1
4232.2
4251.25
4270.35
4289.45
4308.5
4327.6
4346.65
4365.75
4384.85
4403.9
4423
4442.1
4461.15
4480.25
4499.3
4518.4
4537.5
4556.55
4575.65
4594.7
4613.8
4632.9
4651.95
4671.05
4690.15
4709.2
4728.3
4747.35
4766.45
4785.55
4804.6
4823.7
4842.75
4861.85
4880.95
4900
4919.1
4938.2
4957.25
4976.35
-1000
0.05
23.6
44.5
64.8
84.65
104.15
123.55
142.85
162.05
181.2
200.3
219.4
238.55
257.6
276.7
295.8
314.9
334
353
372.1
391.25
410.3
429.4
448.4
467.5
486.65
505.65
524.75
543.85
562.95
582.05
601.05
620.15
639.3
658.35
677.45
696.55
715.65
734.7
753.7
772.8
791.95
811
830.1
849.1
868.2
887.35
906.35
925.45
944.55
963.65
982.75
1001.75
1020.85
1040
1059.05
1078.15
1097.15
1116.25
1135.4
1154.4
1173.5
1192.6
1211.7
1230.8
1249.8
1268.9
1288.05
1307.05
1326.15
1345.25
1364.35
1383.45
1402.45
1421.55
1440.7
1459.75
1478.85
1497.85
1516.95
1536.1
1555.1
1574.2
1593.3
1612.4
1631.5
1650.5
1669.6
1688.75
1707.8
1726.9
1745.9
1765
1784.15
1803.15
1822.25
1841.35
1860.45
1879.55
1898.55
1917.65
1936.8
1955.8
1974.9
1994
2013.1
2032.2
2051.2
2070.3
2089.45
2108.5
2127.6
2146.6
2165.7
2184.85
2203.85
2222.95
2242.05
2261.15
2280.25
2299.25
2318.35
2337.5
2356.55
2375.65
2394.75
2413.8
2432.9
2451.9
2471
2490.15
2509.2
2528.3
2547.3
2566.4
2585.55
2604.55
2623.65
2642.75
2661.85
2680.95
2699.95
2719.05
2738.2
2757.25
2776.35
2795.35
2814.45
2833.6
2852.6
2871.7
2890.8
2909.9
2929
2948
2967.1
2986.25
3005.25
3024.35
3043.45
3062.55
3081.65
3100.65
3119.75
3138.9
3157.95
3177.05
3196.05
3215.15
3234.3
3253.3
3272.4
3291.5
3310.6
3329.7
3348.7
3367.8
3386.95
3406
3425.1
3444.2
3463.3
3482.35
3501.35
3520.45
3539.6
3558.65
3577.75
3596.75
3615.85
3635
3654
3673.1
3692.2
3711.3
3730.4
3749.4
3768.5
3787.65
3806.7
3825.8
3844.8
3863.9
3883.05
3902.05
3921.15
3940.25
3959.35
3978.45
3997.45
4016.55
4035.7
4054.7
4073.8
4092.9
4112
4131.1
4150.1
4169.2
4188.35
4207.4
4226.5
4245.5
4264.6
4283.75
4302.75
4321.85
4340.95
4360.05
4379.15
4398.15
4417.25
4436.4
4455.45
4474.55
4493.65
4512.75
4531.8
4550.8
4569.9
4589.05
4608.1
4627.2
4646.2
4665.3
4684.45
4703.45
4722.55
4741.65
4760.75
4779.85
4798.85
4817.95
4837.1
4856.15
4875.25
4894.25
4913.35
4932.5
4951.5
4970.6
4989.7
