0.05
16.8
37.55
58.3
79.05
99.8
120.55
141.3
162.05
182.8
203.55
224.3
245.05
265.8
286.55
307.35
328.1
348.85
369.6
390.35
411.1
431.85
452.6
473.35
494.1
514.85
535.6
556.35
577.1
597.85
618.65
639.4
660.15
680.9
701.65
722.4
743.15
763.9
784.65
805.4
826.15
846.9
867.65
888.4
909.2
929.95
950.7
971.45
992.2
1012.95
1033.7
1054.45
1075.2
1095.95
1116.7
1137.45
1158.2
1178.95
1199.7
1220.5
1241.25
1262
1282.75
1303.5
1324.25
1345
1365.75
1386.5
1407.25
1428
1448.75
1469.5
1490.25
1511
1531.8
1552.55
1573.3
1594.05
1614.8
1635.55
1656.3
1677.05
1697.8
1718.55
1739.3
1760.05
1780.8
1801.55
1822.35
1843.1
1863.85
1884.6
1905.35
1926.1
1946.85
1967.6
1988.35
2009.1
2029.85
2050.6
2071.35
2092.1
2112.85
2133.65
2154.4
2175.15
2195.9
2216.65
2237.4
2258.15
2278.9
2299.65
2320.4
2341.15
2361.9
2382.65
2403.4
2424.2
2444.95
2465.7
2486.45
2507.2
2527.95
2548.7
2569.45
2590.2
2610.95
2631.7
2652.45
2673.2
2693.95
2714.7
2735.5
2756.25
2777
2797.75
2818.5
2839.25
2860
2880.75
2901.5
2922.25
2943
2963.75
2984.5
3005.25
3026.05
3046.8
3067.55
3088.3
3109.05
3129.8
3150.55
3171.3
3192.05
3212.8
3233.55
3254.3
3275.05
3295.8
3316.55
3337.35
3358.1
3378.85
3399.6
3420.35
3441.1
3461.85
3482.6
3503.35
3524.1
3544.85
3565.6
3586.35
3607.1
3627.85
3648.65
3669.4
3690.15
3710.9
3731.65
3752.4
3773.15
3793.9
3814.65
3835.4
3856.15
3876.9
3897.65
3918.4
3939.2
3959.95
3980.7
4001.45
4022.2
4042.95
4063.7
4084.45
4105.2
4125.95
4146.7
4167.45
4188.2
4208.95
4229.7
4250.5
4271.25
4292
4312.75
4333.5
4354.25
4375
4395.75
4416.5
4437.25
4458
4478.75
4499.5
4520.25
4541.05
4561.8
4582.55
4603.3
4624.05
4644.8
4665.55
4686.3
4707.05
4727.8
4748.55
4769.3
4790.05
4810.8
4831.55
4852.35
4873.1
4893.85
4914.6
4935.35
4956.1
4976.85
-1000
0.05
26
47.45
67.55
87.95
108.55
129.2
149.9
170.65
191.35
212.1
232.85
253.6
274.35
295.1
315.85
336.55
357.25
378
398.8
419.6
440.35
461.15
481.9
502.65
523.4
544.15
564.9
585.65
606.4
627.15
647.85
668.55
689.3
710.1
730.9
751.65
772.45
793.2
813.95
834.7
855.45
876.2
896.95
917.7
938.45
959.15
979.85
1000.65
1021.45
1042.2
1063
1083.75
1104.5
1125.25
1146
1166.75
1187.5
1208.25
1229
1249.7
1270.4
1291.15
1311.95
1332.75
1353.5
1374.3
1395.05
1415.8
1436.55
1457.3
1478.05
1498.8
1519.55
1540.3
1561
1581.7
1602.45
1623.25
1644.05
1664.8
1685.6
1706.35
1727.1
1747.85
1768.6
1789.35
1810.1
1830.85
1851.55
1872.25
1893
1913.8
1934.6
1955.35
1976.15
1996.9
2017.65
2038.4
2059.15
2079.9
2100.65
2121.4
2142.15
2162.85
2183.55
2204.3
2225.1
2245.9
2266.65
2287.45
2308.2
2328.95
2349.7
2370.45
2391.2
2411.95
2432.7
2453.4
2474.1
2494.85
2515.65
2536.45
2557.2
2578
2598.75
2619.5
2640.25
2661
2681.75
2702.5
2723.25
2744
2764.7
2785.4
2806.15
2826.95
2847.75
2868.5
2889.3
2910.05
2930.8
2951.55
2972.3
2993.05
3013.8
3034.55
3055.3
3076
3096.7
3117.5
3138.3
3159.05
3179.85
3200.6
3221.35
3242.1
3262.85
3283.6
3304.35
3325.1
3345.85
3366.55
3387.25
3408
3428.8
3449.6
3470.35
3491.15
3511.9
3532.65
3553.4
3574.15
3594.9
3615.65
3636.4
3657.15
3677.85
3698.55
3719.3
3740.1
3760.9
3781.65
3802.45
3823.2
3843.95
3864.7
3885.45
3906.2
3926.95
3947.7
3968.4
3989.1
4009.85
4030.65
4051.45
4072.2
4093
4113.75
4134.5
4155.25
4176
4196.75
4217.5
4238.25
4259
4279.7
4300.4
4321.15
4341.95
4362.75
4383.5
4404.3
4425.05
4445.8
4466.55
4487.3
4508.05
4528.8
4549.55
4570.25
4590.95
4611.7
4632.5
4653.3
4674.05
4694.85
4715.6
4736.35
4757.1
4777.85
4798.6
4819.35
4840.1
4860.85
4881.55
4902.25
4923
4943.8
4964.6
4985.35
