0.05
14.25
32.1
49.95
67.8
85.7
103.55
121.4
139.25
157.15
175
192.85
210.7
228.6
246.45
264.3
282.15
300.05
317.9
335.75
353.6
371.5
389.35
407.2
425.05
442.95
460.8
478.65
496.5
514.4
532.25
550.1
567.95
585.8
603.7
621.55
639.4
657.25
675.15
693
710.85
728.7
746.6
764.45
782.3
800.15
818.05
835.9
853.75
871.6
889.5
907.35
925.2
943.05
960.95
978.8
996.65
1014.5
1032.35
1050.25
1068.1
1085.95
1103.8
1121.7
1139.55
1157.4
1175.25
1193.15
1211
1228.85
1246.7
1264.6
1282.45
1300.3
1318.15
1336.05
1353.9
1371.75
1389.6
1407.5
1425.35
1443.2
1461.05
1478.95
1496.8
1514.65
1532.5
1550.35
1568.25
1586.1
1603.95
1621.8
1639.7
1657.55
1675.4
1693.25
1711.15
1729
1746.85
1764.7
1782.6
1800.45
1818.3
1836.15
1854.05
1871.9
1889.75
1907.6
1925.5
1943.35
1961.2
1979.05
1996.95
2014.8
2032.65
2050.5
2068.35
2086.25
2104.1
2121.95
2139.8
2157.7
2175.55
2193.4
2211.25
2229.15
2247
2264.85
2282.7
2300.6
2318.45
2336.3
2354.15
2372.05
2389.9
2407.75
2425.6
2443.5
2461.35
2479.2
2497.05
2514.9
2532.8
2550.65
2568.5
2586.35
2604.25
2622.1
2639.95
2657.8
2675.7
2693.55
2711.4
2729.25
2747.15
2765
2782.85
2800.7
2818.6
2836.45
2854.3
2872.15
2890.05
2907.9
2925.75
2943.6
2961.5
2979.35
2997.2
3015.05
3032.9
3050.8
3068.65
3086.5
3104.35
3122.25
3140.1
3157.95
3175.8
3193.7
3211.55
3229.4
3247.25
3265.15
3283
3300.85
3318.7
3336.6
3354.45
3372.3
3390.15
3408.05
3425.9
3443.75
3461.6
3479.5
3497.35
3515.2
3533.05
3550.9
3568.8
3586.65
3604.5
3622.35
3640.25
3658.1
3675.95
3693.8
3711.7
3729.55
3747.4
3765.25
3783.15
3801
3818.85
3836.7
3854.6
3872.45
3890.3
3908.15
3926.05
3943.9
3961.75
3979.6
3997.45
4015.35
4033.2
4051.05
4068.9
4086.8
4104.65
4122.5
4140.35
4158.25
4176.1
4193.95
4211.8
4229.7
4247.55
4265.4
4283.25
4301.15
4319
4336.85
4354.7
4372.6
4390.45
4408.3
4426.15
4444.05
4461.9
4479.75
4497.6
4515.45
4533.35
4551.2
4569.05
4586.9
4604.8
4622.65
4640.5
4658.35
4676.25
4694.1
4711.95
4729.8
4747.7
4765.55
4783.4
4801.25
4819.15
4837
4854.85
-1000
0.05
23
43.15
62.5
81.35
99.8
118.2
136.4
154.5
172.5
190.55
208.55
226.55
244.4
262.35
280.3
298.25
316.1
334.05
351.95
369.9
387.7
405.65
423.55
441.5
459.35
477.3
495.25
513.2
531.2
549.2
567.3
585.7
604.6
624.4
645.4
666.35
686.3
705.65
724.45
742.95
761.2
779.45
797.55
815.65
833.55
851.6
869.55
887.5
905.4
923.35
941.25
959.2
977.05
994.95
1012.9
1030.85
1048.75
1066.6
1084.55
1102.45
1120.4
1138.3
1156.25
1174.3
1192.35
1210.55
1229.2
1248.5
1269.1
1290.2
1310.65
1330.25
1349.2
1367.85
1386.25
1404.5
1422.6
1440.7
1458.75
1476.75
1494.7
1512.6
1530.55
1548.5
1566.45
1584.3
1602.2
1620.15
1638.05
1655.9
1673.85
1691.75
1709.7
1727.55
1745.45
1763.4
1781.35
1799.25
1817.25
1835.3
1853.5
1872
1890.95
1911.1
1932.25
1953
1972.8
1992
2010.7
2029.1
2047.4
2065.6
2083.7
2101.65
2119.7
2137.7
2155.65
2173.55
2191.5
2209.45
2227.35
2245.2
2263.15
2281.05
2299
2316.85
2334.75
2352.7
2370.6
2388.45
2406.4
2424.35
2442.35
2460.25
2478.3
2496.4
2514.8
2533.65
2553.4
2574.45
2595.35
2615.4
2634.7
2653.55
2672.05
2690.3
2708.55
2726.65
2744.75
2762.65
2780.65
2798.65
2816.6
2834.5
2852.45
2870.35
2888.3
2906.15
2924.05
2942
2959.9
2977.8
2995.65
3013.55
3031.5
3049.4
3067.3
3085.2
3103.2
3121.2
3139.15
3157.25
3175.6
3194.45
3214.1
3235.05
3256.05
3276.15
3295.5
3314.35
3332.9
3351.15
3369.4
3387.55
3405.6
3423.55
3441.55
3459.55
3477.5
3495.45
3513.3
3531.25
3549.2
3567.1
3584.95
3602.9
3620.8
3638.75
3656.6
3674.5
3692.45
3710.4
3728.25
3746.2
3764.2
3782.25
3800.35
3818.7
3837.6
3857.45
3878.45
3899.4
3919.4
3938.65
3957.45
3976
3994.35
4012.5
4030.55
4048.65
4066.65
4084.65
4102.55
4120.5
4138.45
4156.4
4174.25
4192.2
4210.1
4228.05
4245.9
4263.8
4281.75
4299.65
4317.5
4335.45
4353.4
4371.35
4389.2
4407.2
4425.2
4443.35
4461.6
4480.35
4499.85
4520.7
4541.75
4562
4581.45
4600.35
4618.85
4637.2
4655.45
4673.6
4691.6
4709.65
4727.65
4745.6
4763.5
4781.45
4799.4
4817.35
4835.2
4853.1
4871.05
4889
4906.8
4924.75
4942.65
4960.6
4978.55
4996.4
