0.05
15
33.7
52.4
71.1
89.85
108.55
127.25
145.95
164.7
183.4
202.1
220.8
239.55
258.25
276.95
295.65
314.4
333.1
351.8
370.5
389.25
407.95
426.65
445.35
464.05
482.8
501.5
520.2
538.9
557.65
576.35
595.05
613.75
632.5
651.2
669.9
688.6
707.35
726.05
744.75
763.45
782.2
800.9
819.6
838.3
857.05
875.75
894.45
913.15
931.9
950.6
969.3
988
1006.75
1025.45
1044.15
1062.85
1081.6
1100.3
1119
1137.7
1156.45
1175.15
1193.85
1212.55
1231.3
1250
1268.7
1287.4
1306.1
1324.85
1343.55
1362.25
1380.95
1399.7
1418.4
1437.1
1455.8
1474.55
1493.25
1511.95
1530.65
1549.4
1568.1
1586.8
1605.5
1624.25
1642.95
1661.65
1680.35
1699.1
1717.8
1736.5
1755.2
1773.95
1792.65
1811.35
1830.05
1848.8
1867.5
1886.2
1904.9
1923.65
1942.35
1961.05
1979.75
1998.5
2017.2
2035.9
2054.6
2073.35
2092.05
2110.75
2129.45
2148.15
2166.9
2185.6
2204.3
2223
2241.75
2260.45
2279.15
2297.85
2316.6
2335.3
2354
2372.7
2391.45
2410.15
2428.85
2447.55
2466.3
2485
2503.7
2522.4
2541.15
2559.85
2578.55
2597.25
2616
2634.7
2653.4
2672.1
2690.85
2709.55
2728.25
2746.95
2765.7
2784.4
2803.1
2821.8
2840.55
2859.25
2877.95
2896.65
2915.35
2934.1
2952.8
2971.5
2990.2
3008.95
3027.65
3046.35
3065.05
3083.8
3102.5
3121.2
3139.9
3158.65
3177.35
3196.05
3214.75
3233.5
3252.2
3270.9
3289.6
3308.35
3327.05
3345.75
3364.45
3383.2
3401.9
3420.6
3439.3
3458.05
3476.75
3495.45
3514.15
3532.9
3551.6
3570.3
3589
3607.75
3626.45
3645.15
3663.85
3682.6
3701.3
3720
3738.7
3757.4
3776.15
3794.85
3813.55
3832.25
3851
3869.7
3888.4
3907.1
3925.85
3944.55
3963.25
3981.95
4000.7
4019.4
4038.1
4056.8
4075.55
4094.25
4112.95
4131.65
4150.4
4169.1
4187.8
4206.5
4225.25
4243.95
4262.65
4281.35
4300.1
4318.8
4337.5
4356.2
4374.95
4393.65
4412.35
4431.05
4449.8
4468.5
4487.2
4505.9
4524.6
4543.35
4562.05
4580.75
4599.45
4618.2
4636.9
4655.6
4674.3
4693.05
4711.75
4730.45
4749.15
4767.9
4786.6
4805.3
4824
4842.75
4861.45
4880.15
4898.85
4917.6
4936.3
4955
4973.7
-1000
0.05
25.5
46.75
67.25
87.1
106.45
125.65
144.7
163.6
182.35
201.2
220
238.75
257.4
276.15
294.9
313.65
332.3
351.05
369.8
388.5
407.15
425.9
444.65
463.35
482.1
500.7
519.45
538.2
556.9
575.55
594.3
613.05
631.75
650.4
669.15
687.9
706.6
725.25
744
762.75
781.45
800.1
818.85
837.6
856.3
874.95
893.7
912.45
931.15
949.8
968.55
987.3
1006
1024.65
1043.4
1062.15
1080.85
1099.5
1118.25
1137
1155.7
1174.35
1193.1
1211.85
1230.55
1249.3
1268
1286.7
1305.45
1324.15
1342.8
1361.5
1380.25
1398.95
1417.6
1436.35
1455.1
1473.8
1492.45
1511.2
1529.95
1548.65
1567.3
1586.05
1604.8
1623.5
1642.15
1660.9
1679.65
1698.35
1717
1735.75
1754.5
1773.2
1791.85
1810.6
1829.35
1848.05
1866.7
1885.45
1904.2
1922.9
1941.55
1960.3
1979.05
1997.75
2016.4
2035.15
2053.9
2072.6
2091.35
2110.05
2128.75
2147.5
2166.2
2184.85
2203.55
2222.3
2241
2259.65
2278.4
2297.15
2315.85
2334.5
2353.25
2372
2390.7
2409.35
2428.1
2446.85
2465.55
2484.2
2502.95
2521.7
2540.4
2559.05
2577.8
2596.55
2615.25
2633.9
2652.65
2671.4
2690.1
2708.75
2727.5
2746.25
2764.95
2783.6
2802.35
2821.1
2839.8
2858.45
2877.2
2895.95
2914.65
2933.4
2952
2970.75
2989.5
3008.2
3026.85
3045.6
3064.35
3083.05
3101.7
3120.45
3139.2
3157.9
3176.55
3195.3
3214.05
3232.75
3251.4
3270.15
3288.9
3307.6
3326.25
3345
3363.75
3382.45
3401.1
3419.85
3438.6
3457.3
3475.95
3494.7
3513.45
3532.15
3550.8
3569.55
3588.3
3607
3625.65
3644.4
3663.15
3681.85
3700.6
3719.3
3738
3756.75
3775.45
3794.1
3812.8
3831.55
3850.25
3868.9
3887.65
3906.4
3925.1
3943.75
3962.5
3981.25
3999.95
4018.6
4037.35
4056.1
4074.8
4093.45
4112.2
4130.95
4149.65
4168.3
4187.05
4205.8
4224.5
4243.15
4261.9
4280.65
4299.35
4318
4336.75
4355.5
4374.2
4392.85
4411.6
4430.35
4449.05
4467.7
4486.45
4505.2
4523.9
4542.65
4561.35
4580.05
4598.8
4617.5
4636.15
4654.85
4673.6
4692.3
4710.95
4729.7
4748.45
4767.15
4785.8
4804.55
4823.3
4842
4860.65
4879.4
4898.15
4916.85
4935.5
4954.25
4973
4991.7
