0.05
18.5
41.2
63.85
86.55
109.25
131.95
154.6
177.3
200
222.7
245.35
268.05
290.75
313.45
336.15
358.8
381.5
404.2
426.9
449.55
472.25
494.95
517.65
540.3
563
585.7
608.4
631.05
653.75
676.45
699.15
721.85
744.5
767.2
789.9
812.6
835.25
857.95
880.65
903.35
926
948.7
971.4
994.1
1016.75
1039.45
1062.15
1084.85
1107.55
1130.2
1152.9
1175.6
1198.3
1220.95
1243.65
1266.35
1289.05
1311.7
1334.4
1357.1
1379.8
1402.45
1425.15
1447.85
1470.55
1493.2
1515.9
1538.6
1561.3
1584
1606.65
1629.35
1652.05
1674.75
1697.4
1720.1
1742.8
1765.5
1788.15
1810.85
1833.55
1856.25
1878.9
1901.6
1924.3
1947
1969.7
1992.35
2015.05
2037.75
2060.45
2083.1
2105.8
2128.5
2151.2
2173.85
2196.55
2219.25
2241.95
2264.6
2287.3
2310
2332.7
2355.35
2378.05
2400.75
2423.45
2446.15
2468.8
2491.5
2514.2
2536.9
2559.55
2582.25
2604.95
2627.65
2650.3
2673
2695.7
2718.4
2741.05
2763.75
2786.45
2809.15
2831.85
2854.5
2877.2
2899.9
2922.6
2945.25
2967.95
2990.65
3013.35
3036
3058.7
3081.4
3104.1
3126.75
3149.45
3172.15
3194.85
3217.55
3240.2
3262.9
3285.6
3308.3
3330.95
3353.65
3376.35
3399.05
3421.7
3444.4
3467.1
3489.8
3512.45
3535.15
3557.85
3580.55
3603.2
3625.9
3648.6
3671.3
3694
3716.65
3739.35
-1000
0.05
31.8
61.8
89.35
121.85
152.15
179.65
211.95
242.55
270
302.1
333
360.35
392.3
423.4
450.8
482.55
513.85
541.35
572.9
604.35
631.95
663.4
694.95
722.55
753.85
785.55
813.2
844.4
876.15
903.85
934.95
966.8
994.55
1025.6
1057.45
1085.25
1116.25
1148.15
1175.95
1207
1238.9
1266.7
1297.75
1329.65
1357.45
1388.5
1420.4
1448.2
1479.1
1511.05
1538.9
1569.75
1601.8
1629.65
1660.45
1692.5
1720.4
1751.2
1783.25
1811.1
1841.9
1873.95
1901.85
1932.6
1964.7
1992.55
2023.3
2055.4
2083.3
2114
2146.1
2174.05
2204.75
2236.85
2264.75
2295.45
2327.55
2355.55
2386.25
2418.35
2446.3
2476.95
2509.1
2537.05
2567.7
2599.8
2627.8
2658.45
2690.55
2718.55
2749.25
2781.35
2809.3
2840.1
2872.15
2900.1
2930.95
2962.95
2990.85
3021.75
3053.75
3081.65
3112.4
3144.45
3172.35
3203.1
3235.15
3263.1
3293.8
3325.9
3353.85
3384.55
3416.7
3444.6
3475.3
3507.45
3535.35
3566.05
3598.15
3626.1
3656.8
3688.9
3716.85
3747.5
3779.65
3807.55
3838.25
3870.35
3898.3
3928.95
3961.1
3989.1
4019.8
4051.9
4079.85
4110.5
4142.6
4170.6
4201.25
4233.35
4261.35
4291.95
4324.1
4352.1
4382.7
4414.85
4442.85
4473.5
4505.6
4533.6
4564.4
4596.45
4624.4
4655.25
4687.25
4715.15
4746.05
4778.05
4805.95
4836.7
4868.75
4896.65
4927.4
4959.5
4987.4
