0.05
18.25
40.65
63.05
85.45
107.85
130.25
152.65
175.1
197.5
219.9
242.3
264.7
287.1
309.5
331.9
354.3
376.7
399.15
421.55
443.95
466.35
488.75
511.15
533.55
555.95
578.35
600.75
623.2
645.6
668
690.4
712.8
735.2
757.6
780
802.4
824.8
847.25
869.65
892.05
914.45
936.85
959.25
981.65
1004.05
1026.45
1048.85
1071.3
1093.7
1116.1
1138.5
1160.9
1183.3
1205.7
1228.1
1250.5
1272.9
1295.35
1317.75
1340.15
1362.55
1384.95
1407.35
1429.75
1452.15
1474.55
1496.95
1519.4
1541.8
1564.2
1586.6
1609
1631.4
1653.8
1676.2
1698.6
1721
1743.45
1765.85
1788.25
1810.65
1833.05
1855.45
1877.85
1900.25
1922.65
1945.05
1967.5
1989.9
2012.3
2034.7
2057.1
2079.5
2101.9
2124.3
2146.7
2169.1
2191.55
2213.95
2236.35
2258.75
2281.15
2303.55
2325.95
2348.35
2370.75
2393.2
2415.6
2438
2460.4
2482.8
2505.2
2527.6
2550
2572.4
2594.8
2617.25
2639.65
2662.05
2684.45
2706.85
2729.25
2751.65
2774.05
2796.45
2818.85
2841.3
2863.7
2886.1
2908.5
2930.9
2953.3
2975.7
2998.1
3020.5
3042.9
3065.35
3087.75
3110.15
3132.55
3154.95
3177.35
3199.75
3222.15
3244.55
3266.95
3289.4
3311.8
3334.2
3356.6
3379
3401.4
3423.8
3446.2
3468.6
3491
3513.45
3535.85
3558.25
3580.65
3603.05
3625.45
3647.85
3670.25
3692.65
3715.05
3737.5
3759.9
3782.3
3804.7
3827.1
3849.5
3871.9
3894.3
3916.7
3939.1
3961.55
3983.95
4006.35
4028.75
4051.15
4073.55
4095.95
4118.35
4140.75
4163.15
4185.6
4208
4230.4
4252.8
4275.2
4297.6
4320
4342.4
4364.8
4387.2
4409.65
4432.05
4454.45
4476.85
4499.25
4521.65
4544.05
4566.45
4588.85
4611.25
4633.7
4656.1
4678.5
4700.9
4723.3
4745.7
4768.1
4790.5
4812.9
4835.3
4857.75
4880.15
4902.55
4924.95
4947.35
4969.75
4992.15
-1000
0.05
26
48.4
69.7
91.5
113.5
135.7
157.95
180.3
202.6
224.95
247.35
269.75
292.15
314.55
336.95
359.4
381.8
404.2
426.55
448.9
471.35
493.8
516.2
538.6
561
583.4
605.85
628.25
650.6
672.95
695.4
717.85
740.25
762.65
785.05
807.45
829.9
852.3
874.65
897
919.45
941.9
964.3
986.7
1009.1
1031.5
1053.95
1076.35
1098.7
1121.05
1143.5
1165.95
1188.35
1210.75
1233.15
1255.55
1278
1300.4
1322.75
1345.1
1367.55
1390
1412.4
1434.8
1457.2
1479.6
1502.05
1524.45
1546.8
1569.15
1591.6
1614.05
1636.45
1658.85
1681.25
1703.65
1726.1
1748.5
1770.85
1793.2
1815.65
1838.1
1860.5
1882.9
1905.3
1927.7
1950.15
1972.55
1994.9
2017.3
2039.75
2062.15
2084.55
2106.95
2129.4
2151.8
2174.2
2196.6
2218.95
2241.35
2263.8
2286.2
2308.6
2331
2353.45
2375.85
2398.25
2420.65
2443
2465.4
2487.85
2510.25
2532.65
2555.05
2577.5
2599.9
2622.3
2644.7
2667.05
2689.45
2711.9
2734.3
2756.7
2779.1
2801.55
2823.95
2846.35
2868.7
2891.05
2913.5
2935.95
2958.35
2980.75
3003.15
3025.55
3048
3070.4
3092.75
3115.1
3137.55
3160
3182.4
3204.8
3227.2
3249.6
3272.05
3294.45
3316.8
3339.15
3361.6
3384.05
3406.45
3428.85
3451.25
3473.65
3496.1
3518.5
3540.85
3563.2
3585.65
3608.1
3630.5
3652.9
3675.3
3697.7
3720.15
3742.55
3764.9
3787.25
3809.7
3832.15
3854.55
3876.95
3899.35
3921.75
3944.2
3966.6
3988.95
4011.3
4033.75
4056.2
4078.6
4101
4123.4
4145.8
4168.25
4190.65
4213
4235.35
4257.8
4280.25
4302.65
4325.05
4347.45
4369.85
4392.3
4414.7
4437.05
4459.4
4481.85
4504.3
4526.7
4549.1
4571.5
4593.9
4616.35
4638.75
4661.1
4683.45
4705.9
4728.35
4750.75
4773.15
4795.55
4817.95
4840.4
4862.8
4885.15
4907.55
4930
4952.4
4974.8
4997.2
