0.05
27.5
60.15
92.8
125.5
158.15
190.8
223.45
256.15
288.8
321.45
354.1
386.75
419.45
452.1
484.75
517.4
550.1
582.75
615.4
648.05
680.7
713.4
746.05
778.7
811.35
844.05
876.7
909.35
942
974.65
1007.35
1040
1072.65
1105.3
1137.95
1170.65
1203.3
1235.95
1268.6
1301.3
1333.95
1366.6
1399.25
1431.9
1464.6
1497.25
1529.9
1562.55
1595.25
1627.9
1660.55
1693.2
1725.85
1758.55
1791.2
1823.85
1856.5
1889.15
1921.85
1954.5
1987.15
2019.8
2052.5
2085.15
2117.8
2150.45
2183.1
2215.8
2248.45
2281.1
2313.75
2346.45
2379.1
2411.75
2444.4
2477.05
2509.75
2542.4
2575.05
2607.7
2640.4
2673.05
2705.7
2738.35
2771
2803.7
2836.35
2869
2901.65
2934.3
2967
2999.65
3032.3
3064.95
3097.65
3130.3
3162.95
3195.6
3228.25
3260.95
3293.6
3326.25
3358.9
3391.6
3424.25
3456.9
3489.55
3522.2
3554.9
3587.55
3620.2
3652.85
3685.5
3718.2
3750.85
3783.5
3816.15
3848.85
3881.5
3914.15
3946.8
3979.45
4012.15
4044.8
4077.45
4110.1
4142.8
4175.45
4208.1
4240.75
4273.4
4306.1
4338.75
4371.4
4404.05
4436.75
4469.4
4502.05
4534.7
4567.35
4600.05
4632.7
4665.35
4698
4730.65
4763.35
4796
4828.65
4861.3
4894
4926.65
4959.3
4991.95
-1000
0.05
26
52.6
82.05
113.2
145.15
177.45
209.95
242.5
275.15
307.8
340.4
373.05
405.7
438.4
471.05
503.7
536.35
569.05
601.7
634.35
667
699.65
732.35
765
797.65
830.3
862.95
895.65
928.3
960.95
993.6
1026.3
1058.95
1091.6
1124.25
1156.9
1189.6
1222.25
1254.9
1287.55
1320.25
1352.9
1385.55
1418.2
1450.85
1483.55
1516.2
1548.85
1581.5
1614.2
1646.85
1679.5
1712.15
1744.8
1777.5
1810.15
1842.8
1875.45
1908.1
1940.8
1973.45
2006.1
2038.75
2071.45
2104.1
2136.75
2169.4
2202.05
2234.75
2267.4
2300.05
2332.7
2365.4
2398.05
2430.7
2463.35
2496
2528.7
2561.35
2594
2626.65
2659.3
2692
2724.65
2757.3
2789.95
2822.65
2855.3
2887.95
2920.6
2953.25
2985.95
3018.6
3051.25
3083.9
3116.6
3149.25
3181.9
3214.55
3247.2
3279.9
3312.55
3345.2
3377.85
3410.55
3443.2
3475.85
3508.5
3541.15
3573.85
3606.5
3639.15
3671.8
3704.45
3737.15
3769.8
3802.45
3835.1
3867.8
3900.45
3933.1
3965.75
3998.4
4031.1
4063.75
4096.4
4129.05
4161.75
4194.4
4227.05
4259.7
4292.35
4325.05
4357.7
4390.35
4423
4455.65
4488.35
4521
4553.65
4586.3
4619
4651.65
4684.3
4716.95
4749.6
4782.3
4814.95
4847.6
4880.25
4912.95
4945.6
4978.25
