0.05
19.75
43.8
67.9
91.95
116.05
140.1
164.2
188.25
212.35
236.45
260.5
284.6
308.65
332.75
356.8
380.9
404.95
429.05
453.15
477.2
501.3
525.35
549.45
573.5
597.6
621.65
645.75
669.85
693.9
718
742.05
766.15
790.2
814.3
838.35
862.45
886.5
910.6
934.7
958.75
982.85
1006.9
1031
1055.05
1079.15
1103.2
1127.3
1151.4
1175.45
1199.55
1223.6
1247.7
1271.75
1295.85
1319.9
1344
1368.1
1392.15
1416.25
1440.3
1464.4
1488.45
1512.55
1536.6
1560.7
1584.75
1608.85
1632.95
1657
1681.1
1705.15
1729.25
1753.3
1777.4
1801.45
1825.55
1849.65
1873.7
1897.8
1921.85
1945.95
1970
1994.1
2018.15
2042.25
2066.35
2090.4
2114.5
2138.55
2162.65
2186.7
2210.8
2234.85
2258.95
2283
2307.1
2331.2
2355.25
2379.35
2403.4
2427.5
2451.55
2475.65
2499.7
2523.8
2547.9
2571.95
2596.05
2620.1
2644.2
2668.25
2692.35
2716.4
2740.5
2764.6
2788.65
2812.75
2836.8
2860.9
2884.95
2909.05
2933.1
2957.2
2981.25
3005.35
3029.45
3053.5
3077.6
3101.65
3125.75
3149.8
-1000
0.05
36.8
72.15
111.8
149.5
187.1
226.5
261.75
301.95
337.5
377
414.95
452.25
492
527.1
567.2
603.05
642.35
680.85
717.6
757.85
792.9
832.9
869.4
908.15
947.1
983.05
1023.25
1058.4
1098.3
1135.25
1173.65
1212.9
1248.4
1288.6
1323.95
1363.7
1401.25
1439.1
1478.4
1513.6
1553.8
1589.4
1628.95
1666.8
1704.25
1743.85
1778.9
1819.05
1854.95
1894.3
1932.5
1969.45
2009.55
2044.5
2084.75
2121.4
2160.15
2198.85
2235
2275.15
2310.15
2350.25
2387.15
2425.5
2464.45
2500.2
2540.4
2575.7
2615.5
2652.7
2690.75
2729.85
2765.35
2805.55
2840.95
2880.65
2918.15
2955.9
2995.2
3030.5
3070.7
3106.25
3145.8
3183.55
3221
3260.75
3295.8
3335.95
3371.8
3411.15
3449.25
3486.35
3526.7
3561.65
3601.65
3638.2
3677
3715.6
3751.85
3792
3827.05
3866.95
3903.9
3942.35
3981.2
4017
4057.2
4092.3
4132.15
4169.55
4207.6
4246.7
4282.2
4322.4
4357.65
4397.4
4435.1
4472.8
4512.15
4547.4
4587.6
4623.05
4662.75
4700.55
4737.95
4777.55
4812.65
4852.8
4888.65
4928.15
4966.3
