0.05
18.25
40.65
63.05
85.45
107.85
130.25
152.65
175.1
197.5
219.9
242.3
264.7
287.1
309.5
331.9
354.3
376.7
399.15
421.55
443.95
466.35
488.75
511.15
533.55
555.95
578.35
600.75
623.2
645.6
668
690.4
712.8
735.2
757.6
780
802.4
824.8
847.25
869.65
892.05
914.45
936.85
959.25
981.65
1004.05
1026.45
1048.85
1071.3
1093.7
1116.1
1138.5
1160.9
1183.3
1205.7
1228.1
1250.5
1272.9
1295.35
1317.75
1340.15
1362.55
1384.95
1407.35
1429.75
1452.15
1474.55
1496.95
1519.4
1541.8
1564.2
1586.6
1609
1631.4
1653.8
1676.2
1698.6
1721
1743.45
1765.85
1788.25
1810.65
1833.05
1855.45
1877.85
1900.25
1922.65
1945.05
1967.5
1989.9
2012.3
2034.7
2057.1
2079.5
2101.9
2124.3
2146.7
2169.1
2191.55
2213.95
2236.35
2258.75
2281.15
2303.55
2325.95
2348.35
2370.75
2393.2
2415.6
2438
2460.4
2482.8
-1000
0.05
39.75
84.95
130
174.95
219.95
264.65
309.45
354.25
399.05
444
488.7
533.5
578.3
623.1
668.05
712.75
757.55
802.35
847.15
892.1
936.8
981.6
1026.4
1071.2
1116.15
1160.85
1205.65
1250.45
1295.25
1340.2
1384.9
1429.7
1474.5
1519.3
1564.25
1608.95
1653.75
1698.55
1743.35
1788.3
1833
1877.8
1922.6
1967.4
2012.2
2057.05
2101.85
2146.65
2191.45
2236.25
2281.1
2325.9
2370.7
2415.5
2460.3
2505.15
2549.95
2594.75
2639.55
2684.35
2729.2
2774
2818.8
2863.75
2908.45
2953.25
2998.05
3042.85
3087.8
3132.5
3177.3
3222.1
3266.9
3311.85
3356.55
3401.35
3446.15
3490.95
3535.9
3580.6
3625.4
3670.2
3715
3759.95
3804.65
3849.45
3894.25
3939.05
3984
4028.7
4073.5
4118.3
4163.1
4208.05
4252.75
4297.55
4342.35
4387.15
4432.1
4476.8
4521.6
4566.4
4611.2
4656.15
4700.85
4745.65
4790.45
4835.25
4880.2
4924.9
4969.7
