0.05
23.75
52.3
80.85
109.4
137.95
166.5
195.05
223.6
252.15
280.7
309.3
337.85
366.4
394.95
423.5
452.05
480.6
509.15
537.7
566.25
594.8
623.35
651.9
680.45
709
737.55
766.1
794.65
823.2
851.75
880.3
908.85
937.45
966
994.55
1023.1
1051.65
1080.2
1108.75
1137.3
1165.85
1194.4
1222.95
1251.5
1280.05
1308.6
1337.15
1365.7
1394.25
1422.8
1451.35
1479.9
1508.45
1537
1565.55
1594.15
1622.7
1651.25
1679.8
1708.35
1736.9
1765.45
1794
1822.55
1851.1
1879.65
1908.2
1936.75
1965.3
1993.85
2022.4
2050.95
2079.5
2108.05
2136.6
2165.15
2193.7
2222.25
2250.85
2279.4
2307.95
2336.5
2365.05
2393.6
2422.15
2450.7
2479.25
2507.8
2536.35
2564.9
2593.45
2622
2650.55
2679.1
2707.65
2736.2
2764.75
2793.3
2821.85
2850.4
2879
2907.55
2936.1
2964.65
2993.2
3021.75
3050.3
3078.85
3107.4
3135.95
3164.5
3193.05
3221.6
3250.15
3278.7
3307.25
3335.8
3364.35
3392.9
3421.45
3450
3478.55
3507.1
3535.7
3564.25
3592.8
3621.35
3649.9
3678.45
3707
3735.55
3764.1
3792.65
3821.2
3849.75
3878.3
3906.85
3935.4
3963.95
3992.5
4021.05
4049.6
4078.15
4106.7
4135.25
4163.8
4192.4
4220.95
4249.5
4278.05
4306.6
4335.15
4363.7
4392.25
4420.8
4449.35
4477.9
4506.45
4535
4563.55
4592.1
4620.65
4649.2
4677.75
4706.3
4734.85
4763.4
4791.95
4820.55
4849.1
4877.65
4906.2
4934.75
4963.3
4991.85
-1000
0.05
26
50.6
75.95
101.35
123.95
141.95
164.75
190.15
215.55
238.1
256.1
278.95
304.35
329.7
352.2
370.1
393
418.4
443.75
466.1
484.2
507.2
532.65
557.95
580.35
598.4
621.4
646.85
672.2
694.6
712.65
735.65
761.05
786.4
808.8
826.85
849.85
875.25
900.6
923.05
941.05
964.05
989.45
1014.75
1037
1055.1
1078.2
1103.65
1128.95
1151.3
1169.4
1192.45
1217.85
1243.2
1265.55
1283.6
1306.65
1332.1
1357.4
1379.8
1397.85
1420.85
1446.3
1471.6
1494
1512.1
1535.1
1560.5
1585.85
1608.25
1626.2
1649.2
1674.6
1699.85
1722.05
1740.2
1763.35
1788.85
1814.1
1836.35
1854.5
1877.6
1903.05
1928.35
1950.65
1968.75
1991.85
2017.3
2042.6
2064.95
2083
2106.1
2131.5
2156.85
2179.2
2197.25
2220.3
2245.75
2271.05
2293.35
2311.35
2334.45
2359.9
2385.2
2407.5
2425.6
2448.7
2474.15
2499.45
2521.8
2539.85
2562.95
2588.35
2613.7
2636.05
2654.1
2677.15
2702.6
2727.9
2750.3
2768.35
2791.35
2816.8
2842.1
2864.5
2882.55
2905.6
2931
2956.25
2978.5
2996.65
3019.75
3045.2
3070.5
3092.8
3110.9
3133.95
3159.4
3184.7
3207.05
3225.15
3248.2
3273.65
3298.95
3321.3
3339.4
3362.4
3387.85
3413.15
3435.55
3453.6
3476.65
3502.05
3527.4
3549.8
3567.75
3590.75
3616.15
3641.4
3663.55
3681.75
3704.9
3730.4
3755.65
3777.9
3796.05
3819.15
3844.6
3869.9
3892.2
3910.3
3933.4
3958.85
3984.15
4006.5
