0.05
17.9
39.85
61.85
83.85
105.85
127.85
149.85
171.85
193.85
215.85
237.85
259.85
281.85
303.85
325.8
347.8
369.8
391.8
413.8
435.8
457.8
479.8
501.8
523.8
545.8
567.8
589.8
611.75
633.75
655.75
677.75
699.75
721.75
743.75
765.75
787.75
809.75
831.75
853.75
875.7
897.7
919.7
941.7
963.7
985.7
1007.7
1029.7
1051.7
1073.7
1095.7
1117.7
1139.7
1161.65
1183.65
1205.65
1227.65
1249.65
1271.65
1293.65
1315.65
1337.65
1359.65
1381.65
1403.65
1425.65
1447.6
1469.6
1491.6
1513.6
1535.6
1557.6
1579.6
1601.6
1623.6
1645.6
1667.6
1689.6
1711.55
1733.55
1755.55
1777.55
1799.55
1821.55
1843.55
1865.55
1887.55
1909.55
1931.55
1953.55
1975.55
1997.5
2019.5
2041.5
2063.5
2085.5
2107.5
2129.5
2151.5
2173.5
2195.5
2217.5
2239.5
2261.5
2283.45
2305.45
2327.45
2349.45
2371.45
2393.45
2415.45
2437.45
2459.45
2481.45
2503.45
2525.45
2547.4
2569.4
2591.4
2613.4
2635.4
2657.4
2679.4
2701.4
2723.4
2745.4
2767.4
2789.4
2811.4
2833.35
2855.35
2877.35
2899.35
2921.35
2943.35
2965.35
2987.35
3009.35
3031.35
3053.35
3075.35
3097.35
3119.3
3141.3
3163.3
3185.3
3207.3
3229.3
3251.3
3273.3
3295.3
3317.3
3339.3
3361.3
3383.25
3405.25
3427.25
3449.25
3471.25
3493.25
3515.25
3537.25
3559.25
3581.25
3603.25
-1000
0.05
31.85
61.15
91.4
123.35
151.3
183.4
213.8
242.35
275
303.7
334.85
366.3
394.25
426.7
456.5
485.65
518.05
546.3
578
608.95
637.1
669.65
699
729.2
761.2
789.15
821.2
851.65
880.1
912.7
941.5
972.7
1004.15
1032.1
1064.55
1094.35
1123.65
1156.05
1184.25
1215.9
1246.85
1275
1307.6
1336.9
1367.1
1399.15
1427.05
1459.15
1489.55
1518.1
1550.7
1579.45
1610.65
1642.1
1670.1
1702.65
1732.35
1761.65
1794
1822.2
1853.85
1884.8
1912.95
1945.55
1974.8
2005.1
2037.05
2065
2097.1
2127.5
2156
2188.6
2217.35
2248.6
2280.05
2308
2340.45
2370.2
2399.45
2431.85
2460.05
2491.7
2522.65
2550.8
2583.35
2612.65
2642.9
2674.9
2702.8
2734.9
2765.35
2793.95
2826.6
2855.3
2886.5
2917.9
2945.85
2978.3
3008.1
3037.3
3069.75
3097.9
3129.5
3160.5
3188.65
3221.2
3250.55
3280.7
3312.7
3340.7
3372.85
3403.25
3431.75
3464.35
3493.1
3524.3
3555.75
3583.7
3616.15
3645.95
3675.1
3707.5
3735.75
3767.35
3798.35
3826.45
3859.05
3888.4
3918.6
3950.65
3978.55
4010.7
4041.1
4069.6
4102.2
4131
4162.2
4193.65
4221.6
4254
4283.8
4313
4345.4
4373.65
4405.25
4436.25
4464.45
4497.1
4526.35
4556.7
4588.65
4616.55
4648.7
4679.05
4707.6
4740.2
4768.9
4800.05
4831.5
4859.45
4891.9
4921.7
4950.85
4983.25
