0.05
38.7
83.4
128.1
172.8
217.45
262.15
306.85
351.55
396.25
440.95
485.65
530.35
575.05
619.75
664.45
709.15
753.85
798.55
843.25
887.95
932.6
977.3
1022
1066.7
1111.4
1156.1
1200.8
1245.5
1290.2
1334.9
1379.6
1424.3
1469
1513.7
1558.4
1603.05
1647.75
1692.45
1737.15
1781.85
1826.55
1871.25
1915.95
1960.65
2005.35
2050.05
2094.75
2139.45
2184.15
2228.85
2273.55
2318.2
2362.9
2407.6
2452.3
2497
2541.7
2586.4
2631.1
2675.8
2720.5
2765.2
2809.9
2854.6
2899.3
2944
2988.65
3033.35
3078.05
3122.75
3167.45
3212.15
3256.85
3301.55
3346.25
3390.95
3435.65
3480.35
3525.05
3569.75
3614.45
3659.1
3703.8
3748.5
3793.2
3837.9
3882.6
3927.3
3972
4016.7
4061.4
4106.1
4150.8
4195.5
4240.2
4284.9
4329.6
4374.25
4418.95
4463.65
4508.35
4553.05
4597.75
4642.45
4687.15
4731.85
4776.55
4821.25
4865.95
4910.65
4955.35
-1000
0.05
26
63.1
104.1
145.5
182.35
212.25
244.65
284.45
326
366.25
396.65
426.65
464.65
505.9
547.15
581.2
610.7
645.45
685.95
727.5
766.6
796.8
827.25
866.25
907.65
948.55
980.2
1009.65
1046.45
1087.5
1128.9
1165.65
1195.5
1227.95
1267.75
1309.3
1349.6
1379.95
1410
1448
1489.25
1530.45
1564.8
1594.35
1628.9
1669.35
1710.9
1750.1
1780.35
1810.7
1849.6
1891
1931.95
1963.6
1993.05
2029.85
2070.85
2112.25
2149.05
2178.95
2211.35
2251.15
2292.65
2333
2363.4
2393.4
2431.35
2472.6
2513.8
2548.05
2577.6
2612.2
2652.65
2694.2
2733.4
2763.6
2794
2832.95
2874.35
2915.25
2947
2976.4
3013.15
3054.15
3095.6
3132.45
3162.35
3194.7
3234.45
3276
3316.3
3346.7
3376.7
3414.65
3455.9
3497.15
3531.3
3560.8
3595.5
3636
3677.55
3716.75
3747
3777.35
3816.25
3857.65
3898.6
3930.25
3959.7
3996.5
4037.5
