0.05
32
69.55
107.15
144.7
182.25
219.8
257.35
294.9
332.45
370
407.55
445.1
482.7
520.25
557.8
595.35
632.9
670.45
708
745.55
783.1
820.7
858.25
895.8
933.35
970.9
1008.45
1046
1083.55
1121.1
1158.7
1196.25
1233.8
1271.35
1308.9
1346.45
1384
1421.55
1459.1
1496.65
1534.25
1571.8
1609.35
1646.9
1684.45
1722
1759.55
1797.1
1834.65
1872.25
1909.8
1947.35
1984.9
2022.45
2060
2097.55
2135.1
2172.65
2210.25
2247.8
2285.35
2322.9
2360.45
2398
2435.55
2473.1
2510.65
2548.25
2585.8
2623.35
2660.9
2698.45
2736
2773.55
2811.1
2848.65
2886.2
2923.8
2961.35
2998.9
3036.45
3074
3111.55
3149.1
3186.65
3224.2
3261.8
3299.35
3336.9
3374.45
3412
3449.55
3487.1
3524.65
3562.2
3599.8
3637.35
3674.9
3712.45
3750
3787.55
3825.1
3862.65
3900.2
3937.8
3975.35
4012.9
4050.45
4088
4125.55
4163.1
4200.65
4238.2
4275.75
4313.35
4350.9
4388.45
4426
4463.55
4501.1
4538.65
4576.2
4613.75
4651.35
4688.9
4726.45
4764
4801.55
4839.1
4876.65
4914.2
4951.75
4989.35
-1000
0.05
26
60.95
97.55
134.8
172.3
209.8
247.35
284.9
322.45
360
397.55
435.1
472.65
510.25
547.8
585.35
622.9
660.45
698
735.55
773.1
810.65
848.25
885.8
923.35
960.9
998.45
1036
1073.55
1111.1
1148.65
1186.25
1223.8
1261.35
1298.9
1336.45
1374
1411.55
1449.1
1486.65
1524.2
1561.8
1599.35
1636.9
1674.45
1712
1749.55
1787.1
1824.65
1862.2
1899.8
1937.35
1974.9
2012.45
2050
2087.55
2125.1
2162.65
2200.2
2237.8
2275.35
2312.9
2350.45
2388
2425.55
2463.1
2500.65
2538.2
2575.75
2613.35
2650.9
2688.45
2726
2763.55
2801.1
2838.65
2876.2
2913.75
2951.35
2988.9
3026.45
3064
3101.55
3139.1
3176.65
3214.2
3251.75
3289.35
3326.9
3364.45
3402
3439.55
3477.1
3514.65
3552.2
3589.75
3627.35
3664.9
3702.45
3740
3777.55
3815.1
3852.65
3890.2
3927.75
3965.3
4002.9
4040.45
4078
4115.55
4153.1
4190.65
4228.2
4265.75
4303.3
4340.9
4378.45
4416
4453.55
4491.1
4528.65
4566.2
4603.75
4641.3
4678.9
4716.45
4754
4791.55
4829.1
4866.65
4904.2
4941.75
4979.3
