0.05
19.9
44.15
68.35
92.6
116.85
141.1
165.35
189.6
213.85
238.1
262.35
286.55
310.8
335.05
359.3
383.55
407.8
432.05
456.3
480.55
504.8
529
553.25
577.5
601.75
626
650.25
674.5
698.75
723
747.25
771.45
795.7
819.95
844.2
868.45
892.7
916.95
941.2
965.45
989.7
1013.9
1038.15
1062.4
1086.65
1110.9
1135.15
1159.4
1183.65
1207.9
1232.1
1256.35
1280.6
1304.85
1329.1
1353.35
1377.6
1401.85
1426.1
1450.35
1474.55
1498.8
1523.05
1547.3
1571.55
1595.8
1620.05
1644.3
1668.55
1692.8
1717
1741.25
1765.5
1789.75
1814
1838.25
1862.5
1886.75
1911
1935.25
1959.45
1983.7
2007.95
2032.2
2056.45
2080.7
2104.95
2129.2
2153.45
2177.7
2201.9
2226.15
2250.4
2274.65
2298.9
2323.15
2347.4
2371.65
2395.9
2420.1
2444.35
2468.6
2492.85
2517.1
2541.35
2565.6
2589.85
2614.1
2638.35
2662.55
2686.8
2711.05
2735.3
2759.55
2783.8
2808.05
2832.3
2856.55
2880.8
2905
2929.25
2953.5
2977.75
3002
3026.25
3050.5
3074.75
3099
3123.25
3147.45
3171.7
3195.95
3220.2
3244.45
3268.7
3292.95
3317.2
3341.45
3365.65
3389.9
3414.15
3438.4
3462.65
3486.9
3511.15
3535.4
3559.65
3583.9
3608.1
3632.35
3656.6
3680.85
3705.1
3729.35
3753.6
3777.85
3802.1
3826.35
3850.55
3874.8
3899.05
3923.3
3947.55
3971.8
3996.05
4020.3
4044.55
4068.8
4093
4117.25
4141.5
4165.75
4190
4214.25
4238.5
4262.75
4287
4311.2
4335.45
4359.7
4383.95
4408.2
4432.45
4456.7
4480.95
4505.2
4529.45
4553.65
4577.9
4602.15
4626.4
4650.65
4674.9
4699.15
4723.4
4747.65
4771.9
4796.1
4820.35
4844.6
4868.85
4893.1
4917.35
4941.6
4965.85
4990.1
-1000
0.05
26
46.9
68.9
91.85
115.3
139
162.8
186.7
210.65
234.65
258.6
282.55
306.45
330.25
354
377.35
399.9
420.6
438.6
458.8
480.95
503.95
527.4
551.05
574.9
598.8
622.75
646.75
670.7
694.65
718.6
742.4
766.05
789.3
811.55
831.85
849.9
870.5
892.85
915.95
939.5
963.2
987.05
1010.9
1034.85
1058.8
1082.75
1106.7
1130.6
1154.4
1178
1201.1
1222.9
1242.4
1261
1282.1
1304.65
1327.9
1351.5
1375.25
1399.15
1423.05
1447.05
1471
1494.9
1518.85
1542.75
1566.5
1590.1
1613.15
1634.8
1654.2
1672.95
1694.1
1716.7
1739.95
1763.55
1787.35
1811.25
1835.15
1859.15
1883.1
1907.1
1931
1954.85
1978.55
2002.05
2024.9
2046.15
2065
2084.3
2105.9
2128.7
2152.05
2175.65
2199.45
2223.35
2247.25
2271.25
2295.2
2319.2
2343.1
2367
2390.7
2414.2
2437
2458.15
2477
2496.35
2518
2540.85
2564.2
2587.85
2611.65
2635.5
2659.4
2683.35
2707.3
2731.25
2755.2
2779.05
2802.75
2826.15
2848.7
2869.45
2887.45
2907.55
2929.6
2952.65
2976.15
2999.85
3023.7
3047.6
3071.55
3095.5
3119.45
3143.35
3167.3
3191.15
3214.8
3238.15
3260.5
3280.95
3299
3319.45
3341.65
3364.7
3388.2
3411.95
3435.8
3459.7
3483.65
3507.6
3531.6
3555.55
3579.45
3603.25
3626.9
3650.15
3672.35
3692.6
3710.7
3731.35
3753.7
3776.85
3800.35
3824.05
3847.9
3871.75
3895.75
3919.7
3943.65
3967.6
3991.5
4015.3
4038.9
4062
4083.75
4103.2
4121.85
4143
4165.55
4188.8
4212.4
4236.15
4260.05
4283.95
4307.9
4331.85
4355.8
4379.75
4403.65
4427.4
4451
4474
4495.6
4514.95
4533.75
4554.95
4577.6
4600.9
4624.5
4648.25
4672.15
4696.1
4720.05
