0.05
14.85
33.35
51.9
70.45
88.95
107.5
126.05
144.55
163.1
181.65
200.15
218.7
237.25
255.75
274.3
292.85
311.35
329.9
348.45
367
385.5
404.05
422.6
441.1
459.65
478.2
496.7
515.25
533.8
552.3
570.85
589.4
607.9
626.45
645
663.55
682.05
700.6
719.15
737.65
756.2
774.75
793.25
811.8
830.35
848.85
867.4
885.95
904.45
923
941.55
960.1
978.6
997.15
1015.7
1034.2
1052.75
1071.3
1089.8
1108.35
1126.9
1145.4
1163.95
1182.5
1201
1219.55
1238.1
1256.6
1275.15
1293.7
1312.25
1330.75
1349.3
1367.85
1386.35
1404.9
1423.45
1441.95
1460.5
1479.05
1497.55
1516.1
1534.65
1553.15
1571.7
1590.25
1608.8
1627.3
1645.85
1664.4
1682.9
1701.45
1720
1738.5
1757.05
1775.6
1794.1
1812.65
1831.2
1849.7
1868.25
1886.8
1905.35
1923.85
1942.4
1960.95
1979.45
1998
2016.55
2035.05
2053.6
2072.15
2090.65
2109.2
2127.75
2146.25
2164.8
2183.35
2201.85
2220.4
2238.95
2257.5
2276
2294.55
2313.1
2331.6
2350.15
2368.7
2387.2
2405.75
2424.3
2442.8
2461.35
2479.9
2498.4
2516.95
2535.5
2554.05
2572.55
2591.1
2609.65
2628.15
2646.7
2665.25
2683.75
2702.3
2720.85
2739.35
2757.9
2776.45
2794.95
2813.5
2832.05
2850.6
2869.1
2887.65
2906.2
2924.7
2943.25
2961.8
2980.3
2998.85
3017.4
3035.9
3054.45
3073
3091.5
3110.05
3128.6
3147.1
3165.65
3184.2
3202.75
3221.25
3239.8
3258.35
3276.85
3295.4
3313.95
3332.45
3351
3369.55
3388.05
3406.6
3425.15
3443.65
3462.2
3480.75
3499.3
3517.8
3536.35
3554.9
3573.4
3591.95
3610.5
3629
3647.55
3666.1
3684.6
3703.15
3721.7
3740.2
3758.75
3777.3
3795.8
3814.35
3832.9
3851.45
3869.95
3888.5
3907.05
3925.55
3944.1
3962.65
3981.15
3999.7
4018.25
4036.75
4055.3
4073.85
4092.35
4110.9
4129.45
4148
4166.5
4185.05
4203.6
4222.1
4240.65
4259.2
4277.7
4296.25
4314.8
4333.3
4351.85
4370.4
4388.9
4407.45
4426
4444.55
4463.05
4481.6
4500.15
4518.65
4537.2
4555.75
4574.25
4592.8
4611.35
4629.85
4648.4
4666.95
4685.45
4704
4722.55
4741.05
4759.6
4778.15
4796.7
4815.2
4833.75
4852.3
4870.8
4889.35
4907.9
4926.4
4944.95
4963.5
4982
-1000
0.05
26
45.25
63.75
82.3
100.75
119.3
137.85
156.3
174.85
193.4
211.9
230.45
249
267.55
286.1
304.65
323.2
341.7
360.25
378.8
397.25
415.8
434.35
452.85
471.4
489.95
508.45
527
545.55
564
582.6
601.15
619.7
638.25
656.8
675.35
693.8
712.35
730.9
749.4
767.95
786.5
805
823.55
842.1
860.55
879.15
897.7
916.25
934.8
953.35
971.9
990.4
1008.95
1027.5
1045.95
1064.5
1083.05
1101.55
1120.1
1138.65
1157.15
1175.7
1194.25
1212.7
1231.3
1249.85
1268.4
1286.95
1305.5
1324.05
1342.5
1361.05
1379.6
1398.1
1416.65
1435.2
1453.7
1472.25
1490.8
1509.25
1527.85
1546.4
1564.95
1583.5
1602.05
1620.6
1639.05
1657.6
1676.15
1694.65
1713.2
1731.75
1750.25
1768.8
1787.35
1805.8
1824.4
1842.95
1861.5
1880.05
1898.6
1917.15
1935.65
1954.2
1972.75
1991.2
2009.75
2028.3
2046.8
2065.35
2083.9
2102.4
2120.95
2139.5
2157.95
2176.55
2195.1
2213.65
2232.2
2250.75
2269.3
2287.75
2306.3
2324.85
2343.35
2361.9
2380.45
2398.95
2417.5
2436.05
2454.5
2473.1
2491.65
2510.2
2528.75
2547.3
2565.85
2584.3
2602.85
2621.4
2639.9
2658.45
2677
2695.5
2714.05
2732.6
2751.05
2769.65
2788.2
2806.75
2825.3
2843.85
2862.4
2880.9
2899.45
2918
2936.45
2955
2973.55
2992.05
3010.6
3029.15
3047.65
3066.2
3084.75
3103.2
3121.8
3140.35
3158.9
3177.45
3196
3214.55
3233
3251.55
3270.1
3288.6
3307.15
3325.7
3344.2
3362.75
3381.3
3399.75
3418.35
3436.9
3455.45
3474
3492.55
3511.1
3529.55
3548.1
3566.65
3585.15
3603.7
3622.25
3640.75
3659.3
3677.85
3696.3
3714.9
3733.45
3752
3770.55
3789.1
3807.65
3826.15
3844.7
3863.25
3881.7
3900.25
3918.8
3937.3
3955.85
3974.4
3992.9
4011.45
4030
4048.45
4067.05
4085.6
4104.15
4122.7
4141.25
4159.8
4178.25
4196.8
4215.35
4233.85
4252.4
4270.95
4289.45
4308
4326.55
4345
4363.6
4382.15
4400.7
4419.25
4437.8
4456.35
4474.8
4493.35
4511.9
4530.4
4548.95
4567.5
4586
4604.55
4623.1
4641.55
4660.15
4678.7
4697.25
4715.8
4734.35
4752.9
4771.4
4789.95
4808.5
4826.95
4845.5
4864.05
4882.55
4901.1
4919.65
4938.15
4956.7
4975.25
4993.7
