0.05
16.8
37.55
58.3
79.05
99.8
120.55
141.3
162.05
182.8
203.55
224.3
245.05
265.8
286.55
307.35
328.1
348.85
369.6
390.35
411.1
431.85
452.6
473.35
494.1
514.85
535.6
556.35
577.1
597.85
618.65
639.4
660.15
680.9
701.65
722.4
743.15
763.9
784.65
805.4
826.15
846.9
867.65
888.4
909.2
929.95
950.7
971.45
992.2
1012.95
1033.7
1054.45
1075.2
1095.95
1116.7
1137.45
1158.2
1178.95
1199.7
1220.5
1241.25
1262
1282.75
1303.5
1324.25
1345
1365.75
1386.5
1407.25
1428
1448.75
1469.5
1490.25
1511
1531.8
1552.55
1573.3
1594.05
1614.8
1635.55
1656.3
1677.05
1697.8
1718.55
1739.3
1760.05
1780.8
1801.55
1822.35
1843.1
1863.85
1884.6
1905.35
1926.1
1946.85
1967.6
1988.35
2009.1
2029.85
2050.6
2071.35
2092.1
2112.85
2133.65
2154.4
2175.15
2195.9
2216.65
2237.4
2258.15
2278.9
2299.65
2320.4
2341.15
2361.9
2382.65
2403.4
2424.2
2444.95
2465.7
2486.45
2507.2
2527.95
2548.7
2569.45
2590.2
2610.95
2631.7
2652.45
2673.2
2693.95
2714.7
2735.5
2756.25
2777
2797.75
2818.5
2839.25
2860
2880.75
2901.5
2922.25
2943
2963.75
2984.5
3005.25
3026.05
3046.8
3067.55
3088.3
3109.05
3129.8
3150.55
3171.3
3192.05
3212.8
3233.55
3254.3
3275.05
3295.8
3316.55
3337.35
3358.1
3378.85
3399.6
3420.35
3441.1
3461.85
3482.6
3503.35
3524.1
3544.85
3565.6
3586.35
3607.1
3627.85
3648.65
3669.4
3690.15
3710.9
3731.65
3752.4
3773.15
3793.9
3814.65
3835.4
3856.15
3876.9
3897.65
3918.4
3939.2
3959.95
3980.7
4001.45
4022.2
4042.95
4063.7
4084.45
4105.2
4125.95
4146.7
4167.45
4188.2
4208.95
4229.7
4250.5
4271.25
4292
4312.75
4333.5
4354.25
4375
4395.75
4416.5
4437.25
4458
4478.75
4499.5
4520.25
4541.05
4561.8
4582.55
4603.3
4624.05
4644.8
4665.55
4686.3
4707.05
4727.8
4748.55
4769.3
4790.05
4810.8
4831.55
4852.35
4873.1
4893.85
4914.6
4935.35
4956.1
4976.85
-1000
0.05
26.2
48.6
70.75
92.55
114
135.2
156.2
177.1
197.95
218.75
239.55
260.3
281.1
301.85
322.55
343.25
364
384.8
405.6
426.35
447.15
467.9
488.65
509.4
530.15
550.9
571.65
592.4
613.15
633.85
654.55
675.3
696.1
716.9
737.65
758.45
779.2
799.95
820.7
841.45
862.2
882.95
903.7
924.45
945.15
965.85
986.65
1007.45
1028.2
1049
1069.75
1090.5
1111.25
1132
1152.75
1173.5
1194.25
1215
1235.7
1256.4
1277.15
1297.95
1318.75
1339.5
1360.3
1381.05
1401.8
1422.55
1443.3
1464.05
1484.8
1505.55
1526.3
1547
1567.7
1588.45
1609.25
1630.05
1650.8
1671.6
1692.35
1713.1
1733.85
1754.6
1775.35
1796.1
1816.85
1837.55
1858.25
1879
1899.8
1920.6
1941.35
1962.15
1982.9
2003.65
2024.4
2045.15
2065.9
2086.65
2107.4
2128.15
2148.85
2169.55
2190.3
2211.1
2231.9
2252.65
2273.45
2294.2
2314.95
2335.7
2356.45
2377.2
2397.95
2418.7
2439.4
2460.1
2480.85
2501.65
2522.45
2543.2
2564
2584.75
2605.5
2626.25
2647
2667.75
2688.5
2709.25
2730
2750.7
2771.4
2792.15
2812.95
2833.75
2854.5
2875.3
2896.05
2916.8
2937.55
2958.3
2979.05
2999.8
3020.55
3041.3
3062
3082.7
3103.5
3124.3
3145.05
3165.85
3186.6
3207.35
3228.1
3248.85
3269.6
3290.35
3311.1
3331.85
3352.55
3373.25
3394
3414.8
3435.6
3456.35
3477.15
3497.9
3518.65
3539.4
3560.15
3580.9
3601.65
3622.4
3643.15
3663.85
3684.55
3705.3
3726.1
3746.9
3767.65
3788.45
3809.2
3829.95
3850.7
3871.45
3892.2
3912.95
3933.7
3954.4
3975.1
3995.85
4016.65
4037.45
4058.2
4079
4099.75
4120.5
4141.25
4162
4182.75
4203.5
4224.25
4245
4265.7
4286.4
4307.15
4327.95
4348.75
4369.5
4390.3
4411.05
4431.8
4452.55
4473.3
4494.05
4514.8
4535.55
4556.25
4576.95
4597.7
4618.5
4639.3
4660.05
4680.85
4701.6
4722.35
4743.1
4763.85
4784.6
4805.35
4826.1
4846.85
4867.55
4888.25
4909
4929.8
4950.6
4971.35
4992.15
