0.05
24.95
54.85
84.7
114.55
144.45
174.3
204.2
234.05
263.95
293.8
323.65
353.55
383.4
413.3
443.15
473.05
502.9
532.75
562.65
592.5
622.4
652.25
682.15
712
741.85
771.75
801.6
831.5
861.35
891.25
921.1
950.95
980.85
1010.7
1040.6
1070.45
1100.35
1130.2
1160.05
1189.95
1219.8
1249.7
1279.55
1309.4
1339.3
1369.15
1399.05
1428.9
1458.8
1488.65
1518.5
1548.4
1578.25
1608.15
1638
1667.9
1697.75
1727.6
1757.5
1787.35
1817.25
1847.1
1877
1906.85
1936.7
1966.6
1996.45
2026.35
2056.2
2086.1
2115.95
2145.8
2175.7
2205.55
2235.45
2265.3
2295.2
2325.05
2354.9
2384.8
2414.65
2444.55
2474.4
2504.3
2534.15
2564
2593.9
2623.75
2653.65
2683.5
2713.4
2743.25
2773.1
2803
2832.85
2862.75
2892.6
2922.5
2952.35
2982.2
3012.1
3041.95
3071.85
3101.7
3131.6
3161.45
3191.3
3221.2
3251.05
3280.95
3310.8
3340.7
3370.55
3400.4
3430.3
3460.15
3490.05
3519.9
3549.8
3579.65
3609.5
3639.4
3669.25
3699.15
3729
3758.9
3788.75
3818.6
3848.5
3878.35
3908.25
3938.1
3968
3997.85
4027.7
4057.6
4087.45
4117.35
4147.2
4177.1
4206.95
4236.8
4266.7
4296.55
4326.45
4356.3
4386.2
4416.05
4445.9
4475.8
4505.65
4535.55
4565.4
4595.3
4625.15
4655
4684.9
4714.75
4744.65
4774.5
4804.4
4834.25
4864.1
4894
4923.85
4953.75
4983.6
-1000
0.05
26
44.5
68.6
94.7
118.5
137.4
159.8
185.7
210.85
231.9
251.7
276.7
302.7
325.65
343.75
367.6
393.75
417.85
437.05
458.95
484.7
510.05
531.5
550.9
575.75
601.85
625.1
643.15
666.65
692.75
717
736.6
758.05
783.7
809.35
831.25
850.2
874.75
900.85
924.4
942.8
965.8
991.85
1016.6
1036.95
1057.55
1082.85
1108.8
1131.35
1149.7
1173.85
1200
1223.85
1242.75
1265.1
1290.95
1316.2
1337.35
1357.05
1382.05
1408.1
1431.2
1449.2
1472.95
1499.1
1523.25
1542.7
1564.35
1590.05
1615.65
1637.35
1656.45
1681.15
1707.25
1730.7
1748.9
1772.15
1798.2
1822.8
1842.8
1863.75
1889.2
1915
1937.35
1955.9
1980.2
2006.35
2030.1
2048.95
2071.45
2097.35
2122.4
2143.2
2163.25
2188.4
2214.4
2237.3
2255.4
2279.3
2305.45
2329.4
2348.5
2370.55
2396.4
2421.75
2443.15
2462.6
2487.45
2513.55
2536.7
2554.75
2578.3
2604.45
2628.75
2648.3
2669.8
2695.45
2721.1
2742.9
2761.9
2786.45
2812.6
2836.1
2854.4
2877.5
2903.55
2928.25
2948.45
2969.15
2994.55
3020.45
3042.85
3061.3
3085.55
3111.7
3135.5
3154.3
3176.75
3202.65
3227.8
3248.75
3268.65
3293.75
3319.75
3342.75
3360.7
3384.6
3410.7
3434.8
3453.95
3475.9
3501.7
3527.15
3548.6
3567.9
3592.7
3618.8
3642.05
3660.05
3683.6
3709.75
3734.05
3753.7
3775
3800.65
3826.3
3848.15
