0.05
24.7
54.3
83.9
113.5
143.1
172.7
202.3
231.9
261.5
291.05
320.65
350.25
379.85
409.45
439.05
468.65
498.25
527.85
557.45
587.05
616.65
646.2
675.8
705.4
735
764.6
794.2
823.8
853.4
883
912.6
942.2
971.8
1001.35
1030.95
1060.55
1090.15
1119.75
1149.35
1178.95
1208.55
1238.15
1267.75
1297.35
1326.95
1356.55
1386.1
1415.7
1445.3
1474.9
1504.5
1534.1
1563.7
1593.3
1622.9
1652.5
1682.1
1711.7
1741.25
1770.85
1800.45
1830.05
1859.65
1889.25
1918.85
1948.45
1978.05
2007.65
2037.25
2066.85
2096.4
2126
2155.6
2185.2
2214.8
2244.4
2274
2303.6
2333.2
2362.8
2392.4
2422
2451.6
2481.15
2510.75
2540.35
2569.95
2599.55
2629.15
2658.75
2688.35
2717.95
2747.55
2777.15
2806.75
2836.3
2865.9
2895.5
2925.1
2954.7
2984.3
3013.9
3043.5
3073.1
3102.7
3132.3
3161.9
3191.45
3221.05
3250.65
3280.25
3309.85
3339.45
3369.05
3398.65
3428.25
3457.85
3487.45
3517.05
3546.65
3576.2
3605.8
3635.4
3665
3694.6
3724.2
3753.8
3783.4
3813
3842.6
3872.2
3901.8
3931.35
3960.95
3990.55
4020.15
4049.75
4079.35
4108.95
4138.55
4168.15
4197.75
4227.35
4256.95
4286.5
4316.1
4345.7
4375.3
4404.9
4434.5
4464.1
4493.7
4523.3
4552.9
4582.5
4612.1
4641.7
4671.25
4700.85
4730.45
4760.05
4789.65
4819.25
4848.85
4878.45
4908.05
4937.65
4967.25
4996.85
-1000
0.05
26
44.45
67.25
93.1
118.2
139.25
158.9
183.7
209.75
233.1
251.35
274.3
300.2
325.15
346.05
365.9
390.8
416.8
440.05
458.2
481.35
507.25
532.15
552.8
572.85
597.8
623.75
646.8
664.8
688.2
714.2
738.85
759.1
779.6
804.75
830.7
853.6
871.65
895.25
921.25
945.75
965.75
986.45
1011.7
1037.55
1060.25
1078.45
1102.25
1128.25
1152.55
1172.3
1193.4
1218.8
1244.6
1267.15
1285.4
1309.3
1335.35
1359.45
1379.05
1400.35
1425.8
1451.55
1473.95
1492.35
1516.35
1542.4
1566.5
1585.9
1607.4
1632.9
1658.6
1680.85
1699.25
1723.35
1749.4
1773.3
1792.45
1814.25
1839.9
1865.45
1887.45
1906.2
1930.45
1956.5
1980.35
1999.45
2021.35
2047
2072.55
2094.45
2113.25
2137.55
2163.6
2187.45
2206.45
2228.45
2254.1
2279.6
2301.45
2320.35
2344.7
2370.75
2394.55
2413.45
2435.5
2461.2
2486.6
2508.3
2527.3
2551.75
2577.85
2601.55
2620.4
2642.6
2668.35
2693.75
2715.4
2734.45
2758.95
2785
2808.7
2827.45
2849.7
2875.45
2900.85
2922.45
2941.55
2966.05
2992.1
3015.75
3034.65
3056.9
3082.65
3108.05
3129.6
3148.75
3173.2
3199.2
3222.85
3241.65
3264
3289.75
3315.1
3336.65
3355.8
3380.35
3406.4
3430.05
3448.9
3471.2
3497
3522.35
3543.85
3562.9
3587.5
3613.5
3637.1
3655.9
3678.3
3704.1
3729.4
3750.9
3770.1
3794.7
3820.75
3844.35
3863.15
3885.55
