0.05
60.8
128.6
196.4
264.2
332.05
399.85
467.65
535.45
603.3
671.1
738.9
806.7
874.55
942.35
1010.15
1077.95
1145.8
1213.6
1281.4
1349.2
1417.05
1484.85
1552.65
1620.5
1688.3
1756.1
1823.9
1891.75
1959.55
2027.35
2095.15
2163
2230.8
2298.6
2366.4
2434.25
2502.05
2569.85
2637.65
2705.5
2773.3
2841.1
2908.9
2976.75
3044.55
3112.35
3180.15
3248
3315.8
3383.6
3451.4
3519.25
3587.05
3654.85
3722.7
3790.5
3858.3
3926.1
3993.95
4061.75
4129.55
4197.35
4265.2
4333
4400.8
4468.6
4536.45
4604.25
4672.05
4739.85
4807.7
4875.5
4943.3
-1000
0.05
26
57.05
90.55
121.5
157.15
188.15
224.55
255.55
292.25
323.2
360
391
427.8
458.8
495.6
526.6
563.4
594.35
631.25
662.2
699.05
730
766.85
797.8
834.65
865.6
902.5
933.45
970.3
1001.25
1038.1
1069.05
1105.9
1136.85
1173.75
1204.7
1241.55
1272.5
1309.35
1340.3
1377.15
1408.1
1445
1475.95
1512.8
1543.75
1580.6
1611.55
1648.45
1679.4
1716.25
1747.2
1784.05
1815
1851.85
1882.8
1919.7
1950.65
1987.5
2018.45
2055.3
2086.25
2123.1
2154.05
2190.95
2221.9
2258.75
2289.7
2326.55
2357.5
2394.35
2425.3
2462.2
