0.05
22.9
50.5
78.1
105.65
133.25
160.85
188.45
216.05
243.65
271.25
298.8
326.4
354
381.6
409.2
436.8
464.4
491.95
519.55
547.15
574.75
602.35
629.95
657.55
685.1
712.7
740.3
767.9
795.5
823.1
850.7
878.25
905.85
933.45
961.05
988.65
1016.25
1043.85
1071.4
1099
1126.6
1154.2
1181.8
1209.4
1237
1264.55
1292.15
1319.75
1347.35
1374.95
1402.55
1430.15
1457.7
1485.3
1512.9
1540.5
1568.1
1595.7
1623.3
1650.85
1678.45
1706.05
1733.65
1761.25
1788.85
1816.45
1844
1871.6
1899.2
1926.8
1954.4
1982
2009.6
2037.15
2064.75
2092.35
2119.95
2147.55
2175.15
2202.75
2230.3
2257.9
2285.5
2313.1
2340.7
2368.3
2395.9
2423.45
2451.05
2478.65
2506.25
2533.85
2561.45
2589.05
2616.6
2644.2
2671.8
2699.4
2727
2754.6
2782.2
2809.75
2837.35
2864.95
2892.55
2920.15
2947.75
2975.35
3002.9
3030.5
3058.1
3085.7
3113.3
3140.9
3168.5
3196.05
3223.65
3251.25
3278.85
3306.45
3334.05
3361.65
3389.2
3416.8
3444.4
3472
3499.6
3527.2
3554.8
3582.35
3609.95
3637.55
3665.15
3692.75
3720.35
3747.95
3775.5
3803.1
3830.7
3858.3
3885.9
3913.5
3941.1
3968.65
3996.25
4023.85
4051.45
4079.05
4106.65
4134.25
4161.8
4189.4
4217
4244.6
4272.2
4299.8
4327.4
4354.95
4382.55
4410.15
4437.75
4465.35
4492.95
4520.55
4548.1
4575.7
4603.3
4630.9
4658.5
4686.1
4713.7
4741.25
4768.85
4796.45
4824.05
4851.65
4879.25
4906.85
4934.4
4962
4989.6
-1000
0.05
26
50.05
74.8
100.1
124.2
145.1
163.95
187.15
212.15
237.4
260.8
280.5
300.45
324.3
349.55
374.55
397.2
415.9
437.25
461.65
486.95
511.55
533.35
551.5
574.05
598.9
624.2
648.15
668.75
687.8
711.15
736.25
761.45
784.6
803.95
824.4
848.45
873.65
898.55
920.95
939.2
961
985.6
1010.95
1035.35
1056.75
1075.1
1097.95
1122.9
1148.2
1171.85
1192
1211.6
1235.2
1260.35
1285.4
1308.3
1327.25
1348.15
1372.4
1397.7
1422.5
1444.65
1462.55
1484.85
1509.6
1534.9
1559.05
1580
1598.8
1622
1647
1672.15
1695.5
1715.2
1735.3
1759.15
1784.4
1809.4
1832.05
1850.7
1872.05
1896.45
1921.75
1946.45
1968.25
1986.4
2008.9
2033.7
2058.95
2082.9
2103.45
2122.65
2146
2171.1
2196.3
2219.45
2238.8
2259.2
2283.25
2308.5
2333.45
2355.9
2374.2
2395.95
2420.45
2445.75
2470.2
2491.6
2510
2532.85
2557.8
2583.05
2606.8
2626.95
2646.5
2670.05
2695.2
2720.35
2743.3
2762.35
2783.15
2807.3
2832.55
2857.35
2879.55
2897.55
2919.75
2944.5
2969.8
2994.05
3015
3033.75
3056.85
3081.85
3107.1
3130.55
3150.4
3170.3
3194.05
3219.25
3244.3
3267
3285.8
3307
3331.35
3356.65
3381.4
3403.25
3421.35
3443.8
3468.6
3493.9
3517.95
3538.65
3557.7
3580.9
3605.95
3631.15
3654.35
3673.85
3694.15
3718.15
3743.4
3768.35
3790.85
3809.25
3830.85
3855.4
3880.7
3905.25
3926.85
3945.1
3967.75
3992.65
4017.95
4041.7
4062
4081.45
4104.95
4130.1
