0.05
14.3
32.25
50.2
68.15
86.1
104
121.95
139.9
157.85
175.8
193.75
211.7
229.6
247.55
265.5
283.45
301.4
319.35
337.3
355.2
373.15
391.1
409.05
427
444.95
462.9
480.8
498.75
516.7
534.65
552.6
570.55
588.5
606.4
624.35
642.3
660.25
678.2
696.15
714.1
732
749.95
767.9
785.85
803.8
821.75
839.7
857.6
875.55
893.5
911.45
929.4
947.35
965.3
983.2
1001.15
1019.1
1037.05
1055
1072.95
1090.9
1108.8
1126.75
1144.7
1162.65
1180.6
1198.55
1216.5
1234.4
1252.35
1270.3
1288.25
1306.2
1324.15
1342.1
1360
1377.95
1395.9
1413.85
1431.8
1449.75
1467.7
1485.6
1503.55
1521.5
1539.45
1557.4
1575.35
1593.3
1611.2
1629.15
1647.1
1665.05
1683
1700.95
1718.9
1736.8
1754.75
1772.7
1790.65
1808.6
1826.55
1844.5
1862.4
1880.35
1898.3
1916.25
1934.2
1952.15
1970.1
1988
2005.95
2023.9
2041.85
2059.8
2077.75
2095.7
2113.6
2131.55
2149.5
2167.45
2185.4
2203.35
2221.3
2239.2
2257.15
2275.1
2293.05
2311
2328.95
2346.9
2364.8
2382.75
2400.7
2418.65
2436.6
2454.55
2472.5
2490.4
2508.35
2526.3
2544.25
2562.2
2580.15
2598.1
2616
2633.95
2651.9
2669.85
2687.8
2705.75
2723.7
2741.6
2759.55
2777.5
2795.45
2813.4
2831.35
2849.3
2867.2
2885.15
2903.1
2921.05
2939
2956.95
2974.9
2992.8
3010.75
3028.7
3046.65
3064.6
3082.55
3100.5
3118.4
3136.35
3154.3
3172.25
3190.2
3208.15
3226.1
3244
3261.95
3279.9
3297.85
3315.8
3333.75
3351.7
3369.6
3387.55
3405.5
3423.45
3441.4
3459.35
3477.3
3495.2
3513.15
3531.1
3549.05
3567
3584.95
3602.9
3620.8
3638.75
3656.7
3674.65
3692.6
3710.55
3728.5
3746.4
3764.35
3782.3
3800.25
3818.2
3836.15
3854.05
3872
3889.95
3907.9
3925.85
3943.8
3961.75
3979.65
3997.6
4015.55
4033.5
4051.45
4069.4
4087.35
4105.25
4123.2
4141.15
4159.1
4177.05
4195
4212.95
4230.85
4248.8
4266.75
4284.7
4302.65
4320.6
4338.55
4356.45
4374.4
4392.35
4410.3
4428.25
4446.2
4464.15
4482.05
4500
4517.95
4535.9
4553.85
4571.8
4589.75
4607.65
4625.6
4643.55
4661.5
4679.45
4697.4
4715.35
4733.25
4751.2
4769.15
4787.1
4805.05
4823
4840.95
4858.85
4876.8
4894.75
4912.7
4930.65
4948.6
4966.55
-1000
0.05
24.2
44.65
64.3
83.25
101.85
120.35
138.7
156.9
175.05
193.15
211.15
229.1
247.15
265.2
283.2
301.2
319.2
337.05
354.95
372.95
390.95
408.95
426.9
444.9
462.75
480.65
498.6
516.6
534.55
552.55
570.5
588.35
606.25
624.25
642.2
660.2
678.15
696.1
714
731.85
749.85
767.8
785.8
803.75
821.7
839.6
857.45
875.45
893.4
911.4
929.35
947.3
965.2
983.05
1001.05
1019
1037
1054.95
1072.9
1090.8
1108.65
1126.65
1144.6
1162.6
1180.55
1198.5
1216.4
1234.25
1252.25
1270.2
1288.2
1306.15
1324.1
1342
1359.85
1377.85
1395.8
1413.8
1431.75
1449.7
1467.6
1485.45
1503.45
1521.4
1539.4
1557.35
1575.3
1593.2
1611.05
1629.05
1647
1665
1682.95
1700.9
1718.8
1736.65
1754.65
1772.6
1790.6
1808.55
1826.5
1844.4
1862.25
1880.25
1898.2
1916.2
1934.15
1952.1
1970
1987.85
2005.85
2023.8
2041.8
2059.75
2077.7
2095.6
2113.45
2131.45
2149.4
2167.4
2185.35
2203.3
2221.2
2239.05
2257.05
2275
2293
2310.95
2328.9
2346.8
2364.65
2382.65
2400.6
2418.6
2436.55
2454.5
2472.4
2490.25
2508.25
2526.2
2544.2
2562.15
2580.1
2598
2615.85
2633.85
2651.8
2669.8
2687.75
2705.7
2723.6
2741.45
2759.45
2777.4
2795.4
2813.35
2831.3
2849.2
2867.05
2885.05
2903
2921
2938.95
2956.9
2974.8
2992.65
3010.65
3028.6
3046.6
3064.55
3082.5
3100.4
3118.25
3136.25
3154.2
3172.2
3190.15
3208.1
3226
3243.85
3261.85
3279.8
3297.8
3315.75
3333.7
3351.6
3369.55
3387.5
3405.45
3423.45
3441.4
3459.35
3477.2
3495.2
3513.15
3531.1
3549.05
3567
3584.95
3602.85
3620.8
3638.75
3656.7
3674.65
3692.6
3710.55
3728.45
3746.4
3764.35
3782.3
3800.25
3818.2
3836.15
3854.05
3872
3889.95
3907.9
3925.85
3943.8
3961.75
3979.65
3997.6
4015.55
4033.5
4051.45
4069.4
4087.35
4105.25
4123.2
4141.15
4159.1
4177.05
4195
4212.95
4230.85
4248.8
4266.75
4284.7
4302.65
4320.6
4338.55
4356.45
4374.4
4392.35
4410.3
4428.25
4446.2
4464.15
4482.05
4500
4517.95
4535.9
4553.85
4571.8
4589.75
4607.65
4625.6
4643.55
4661.5
4679.45
4697.4
4715.35
4733.25
4751.2
4769.15
4787.1
4805.05
4823
4840.95
4858.85
4876.8
4894.75
4912.7
4930.65
4948.6
4966.55
4984.45
