0.05
21.2
46.85
72.55
98.25
123.95
149.65
175.35
201
226.7
252.4
278.1
303.8
329.5
355.15
380.85
406.55
432.25
457.95
483.6
509.3
535
560.7
586.4
612.1
637.75
663.45
689.15
714.85
740.55
766.25
791.9
817.6
843.3
869
894.7
920.4
946.05
971.75
997.45
1023.15
1048.85
1074.55
1100.2
1125.9
1151.6
1177.3
1203
1228.7
1254.35
1280.05
1305.75
1331.45
1357.15
1382.85
1408.5
1434.2
1459.9
1485.6
1511.3
1537
1562.65
1588.35
1614.05
1639.75
1665.45
1691.15
1716.8
1742.5
1768.2
1793.9
1819.6
1845.3
1870.95
1896.65
1922.35
1948.05
1973.75
1999.45
2025.1
2050.8
2076.5
2102.2
2127.9
2153.6
2179.25
2204.95
2230.65
2256.35
2282.05
2307.7
2333.4
2359.1
2384.8
2410.5
2436.2
2461.85
2487.55
2513.25
2538.95
2564.65
2590.35
2616
2641.7
2667.4
2693.1
2718.8
2744.5
2770.15
2795.85
2821.55
2847.25
2872.95
2898.65
2924.3
2950
2975.7
3001.4
3027.1
3052.8
3078.45
3104.15
3129.85
3155.55
3181.25
3206.95
3232.6
3258.3
3284
3309.7
3335.4
3361.1
3386.75
3412.45
3438.15
3463.85
3489.55
-1000
0.05
35.65
71.45
107.7
146.2
179.7
219.65
253.05
292.05
328.15
364
402.8
435.9
475.85
509.6
548.35
584.8
620.05
659.2
692.1
732
766.2
804.75
841.5
876.4
915.75
948.7
988.5
1022.95
1061.5
1098.4
1133.35
1172.65
1205.5
1245.5
1279.9
1318.45
1355.25
1390.45
1429.7
1462.55
1502.35
1536.8
1575.35
1612.15
1647
1686.4
1719.35
1759.1
1793.65
1832.2
1869.1
1904.05
1943.4
1976.25
2016.2
2050.65
2089.15
2126
2161
2200.35
2233.2
2272.95
2307.5
2346.05
2382.9
2417.7
2457.2
2490.05
2529.85
2564.4
2603.25
2639.9
2674.9
2714.2
2747.15
2787
2821.4
2859.95
2896.75
2931.7
2971.05
3003.9
3043.7
3078.3
3116.8
3153.65
3188.45
3228
3260.85
3300.6
3335.15
3374
3410.65
3445.65
3484.95
3517.95
3557.75
3592.15
3630.7
3667.5
3702.5
3741.8
3774.65
3814.45
3849
3887.55
3924.4
3959.2
3998.6
4031.45
4071.2
4105.85
4144.4
4181.25
4216.05
4255.5
4288.4
4328.15
4362.8
4401.25
4438.25
4473.1
4512.5
4545.35
4585.3
4619.75
4658.3
4695.15
4730.3
4769.55
4802.4
4842.2
4876.7
4915.25
4952.05
4986.9
