0.05
23.1
50.95
78.75
106.6
134.4
162.25
190.05
217.9
245.7
273.55
301.35
329.2
357
384.85
412.65
440.5
468.3
496.15
523.95
551.8
579.6
607.45
635.25
663.1
690.9
718.75
746.55
774.4
802.2
830.05
857.85
885.7
913.5
941.35
969.15
997
1024.8
1052.65
1080.45
1108.3
1136.1
1163.95
1191.75
1219.6
1247.4
1275.25
1303.05
1330.9
1358.7
1386.55
1414.35
1442.2
1470
1497.85
1525.65
1553.5
1581.3
1609.15
1636.95
1664.8
1692.6
1720.45
1748.25
1776.1
1803.95
1831.75
1859.6
1887.4
1915.25
1943.05
1970.9
1998.7
2026.55
2054.35
2082.2
2110
2137.85
2165.65
2193.5
2221.3
2249.15
2276.95
2304.8
2332.6
2360.45
2388.25
2416.1
2443.9
2471.75
2499.55
2527.4
2555.2
2583.05
2610.85
2638.7
2666.5
2694.35
2722.15
2750
2777.8
2805.65
2833.45
2861.3
2889.1
2916.95
2944.75
2972.6
3000.4
3028.25
3056.05
3083.9
3111.7
3139.55
3167.35
3195.2
3223
3250.85
3278.65
3306.5
3334.3
3362.15
3389.95
3417.8
3445.6
3473.45
3501.25
3529.1
3556.95
3584.75
3612.6
3640.4
3668.25
3696.05
3723.9
3751.7
3779.55
3807.35
3835.2
3863
3890.85
3918.65
3946.5
3974.3
4002.15
4029.95
4057.8
4085.6
4113.45
4141.25
4169.1
4196.9
4224.75
4252.55
4280.4
4308.2
4336.05
4363.85
4391.7
4419.5
4447.35
4475.15
4503
4530.8
4558.65
4586.45
4614.3
4642.1
4669.95
4697.75
4725.6
4753.4
4781.25
4809.05
4836.9
4864.7
4892.55
4920.35
4948.2
4976
-1000
0.05
26
45.5
68.9
94.1
119.3
142
160.65
182.1
206.7
232.1
256.35
277.3
296.1
319.45
344.65
369.8
392.65
411.4
432.7
457.2
482.6
507
528.15
546.85
570.1
595.2
620.5
643.5
662.55
683.5
707.9
733.3
757.95
779.55
797.9
820.8
845.85
871.2
894.5
913.95
934.4
958.6
983.95
1008.8
1030.75
1048.85
1071.5
1096.45
1121.8
1145.4
1165.2
1185.25
1209.25
1234.55
1259.55
1281.8
1299.8
1322.15
1347.05
1372.45
1396.25
1416.4
1436.05
1459.9
1485.15
1510.25
1532.7
1550.9
1572.9
1597.7
1623.1
1647.15
1667.75
1687
1710.55
1735.8
1760.95
1783.7
1802.4
1823.85
1848.45
1873.85
1898.15
1919.25
1937.95
1961.25
1986.4
2011.55
2034.45
2053.25
2074.5
2098.95
2124.3
2148.8
2169.95
2188.65
2211.75
2236.9
2262.15
2285.15
2304.1
2325.15
2349.55
2374.95
2399.55
2421.15
2439.5
2462.45
2487.55
2512.85
2536.1
2555.5
2576.05
2600.25
2625.6
2650.4
2672.35
2690.45
2713.15
2738.15
2763.5
2787
2806.75
2826.9
2850.9
2876.25
2901.2
2923.4
2941.45
2963.85
2988.75
3014.1
3037.85
3058
3077.7
3101.55
3126.85
3151.9
3174.35
3192.45
3214.55
3239.35
3264.75
3288.75
3309.25
3328.6
3352.2
3377.45
3402.6
3425.3
3443.9
3465.45
3490.1
3515.5
3539.85
3560.9
3579.7
3603
3628.1
3653.3
3676.25
3695.05
3716.25
3740.7
3766.05
3790.55
3811.75
3830.4
3853.5
3878.6
3903.85
3926.85
3945.8
3966.75
3991.2
4016.55
4041.05
4062.45
4081
