0.05
20.05
44.45
68.85
93.3
117.7
142.1
166.5
190.95
215.35
239.75
264.2
288.6
313
337.45
361.85
386.25
410.65
435.1
459.5
483.9
508.35
532.75
557.15
581.6
606
630.4
654.8
679.25
703.65
728.05
752.5
776.9
801.3
825.75
850.15
874.55
898.95
923.4
947.8
972.2
996.65
1021.05
1045.45
1069.9
1094.3
1118.7
1143.1
1167.55
1191.95
1216.35
1240.8
1265.2
1289.6
1314.05
1338.45
1362.85
1387.25
1411.7
1436.1
1460.5
1484.95
1509.35
1533.75
1558.15
1582.6
1607
1631.4
1655.85
1680.25
1704.65
1729.1
1753.5
1777.9
1802.3
1826.75
1851.15
1875.55
1900
1924.4
1948.8
1973.25
1997.65
2022.05
2046.45
2070.9
2095.3
2119.7
2144.15
2168.55
2192.95
2217.4
2241.8
2266.2
2290.6
2315.05
2339.45
2363.85
2388.3
2412.7
2437.1
2461.55
2485.95
2510.35
2534.75
2559.2
2583.6
2608
2632.45
2656.85
2681.25
2705.7
2730.1
2754.5
2778.9
2803.35
2827.75
2852.15
2876.6
2901
2925.4
2949.85
2974.25
2998.65
3023.05
3047.5
3071.9
3096.3
3120.75
3145.15
3169.55
3194
3218.4
3242.8
3267.2
3291.65
3316.05
3340.45
3364.9
3389.3
3413.7
3438.15
3462.55
3486.95
3511.35
3535.8
3560.2
3584.6
3609.05
3633.45
3657.85
3682.25
3706.7
3731.1
3755.5
3779.95
3804.35
3828.75
3853.2
3877.6
3902
3926.4
3950.85
3975.25
3999.65
4024.1
4048.5
4072.9
4097.35
4121.75
4146.15
4170.55
4195
4219.4
4243.8
4268.25
4292.65
4317.05
4341.5
4365.9
4390.3
4414.7
4439.15
4463.55
4487.95
4512.4
4536.8
4561.2
4585.65
4610.05
4634.45
4658.85
4683.3
4707.7
4732.1
4756.55
4780.95
4805.35
4829.8
4854.2
4878.6
4903
4927.45
4951.85
4976.25
-1000
0.05
25.95
49.85
73.55
96.75
118.4
137.8
156.65
178
200.8
224.2
247.95
271.8
295.8
319.8
343.85
367.85
391.75
415.5
438.8
460.85
480.75
499.15
520.1
542.75
566.1
589.8
613.65
637.65
661.7
685.75
709.75
733.7
757.5
780.9
803.35
823.8
841.75
862.4
884.85
908.1
931.75
955.6
979.6
1003.6
1027.6
1051.65
1075.6
1099.45
1123
1145.75
1166.75
1185
1205
1227.05
1250.1
1273.7
1297.5
1321.45
1345.5
1369.55
1393.55
1417.55
1441.45
1465.1
1488.25
1509.75
1528.85
1547.95
1569.45
1592.35
1615.8
1639.55
1663.45
1687.45
1711.5
1735.5
1759.5
1783.4
1807.15
1830.5
1852.65
1872.6
1890.95
1911.95
1934.5
1957.8
1981.5
2005.35
2029.35
2053.35
2077.4
2101.45
2125.4
2149.2
2172.7
2195.3
2216.05
2234
2254.35
2276.65
2299.85
2323.5
2347.3
2371.25
2395.3
2419.3
2443.3
2467.3
2491.1
2514.65
2537.45
2558.5
2576.85
2596.75
2618.75
2641.8
2665.35
2689.2
2713.1
2737.1
2761.15
2785.2
2809.2
2833.05
2856.7
2879.75
2901.1
2920
2939.3
2960.95
2983.85
3007.35
3031.1
3055.05
3079.05
3103.1
3127.1
3151.1
3175
3198.75
3221.9
3243.7
3263.25
3281.95
3303.25
3325.95
3349.35
3373.05
3396.95
3420.9
3444.95
3469
3493
3516.95
3540.75
3564.15
3586.55
3606.95
3624.9
3645.65
3668.1
3691.35
3715.05
3738.9
3762.85
3786.9
3810.95
3834.95
3858.95
3882.75
3906.3
3929.1
3950.1
3968.4
3988.35
4010.4
4033.5
4057.05
4080.85
4104.8
4128.8
4152.8
4176.85
4200.85
4224.75
4248.4
4271.5
4293
4312.05
4331.2
4352.7
4375.6
4399.05
4422.8
4446.75
4470.75
4494.75
4518.8
4542.75
4566.7
4590.45
4613.65
4635.6
4655.3
