0.05
15.15
34.05
52.95
71.8
90.7
109.6
128.5
147.4
166.3
185.2
204.1
223
241.85
260.75
279.65
298.55
317.45
336.35
355.25
374.15
393.05
411.9
430.8
449.7
468.6
487.5
506.4
525.3
544.2
563.1
581.95
600.85
619.75
638.65
657.55
676.45
695.35
714.25
733.15
752
770.9
789.8
808.7
827.6
846.5
865.4
884.3
903.2
922.05
940.95
959.85
978.75
997.65
1016.55
1035.45
1054.35
1073.25
1092.1
1111
1129.9
1148.8
1167.7
1186.6
1205.5
1224.4
1243.3
1262.15
1281.05
1299.95
1318.85
1337.75
1356.65
1375.55
1394.45
1413.35
1432.2
1451.1
1470
1488.9
1507.8
1526.7
1545.6
1564.5
1583.4
1602.25
1621.15
1640.05
1658.95
1677.85
1696.75
1715.65
1734.55
1753.45
1772.3
1791.2
1810.1
1829
1847.9
1866.8
1885.7
1904.6
1923.45
1942.35
1961.25
1980.15
1999.05
2017.95
2036.85
2055.75
2074.65
2093.5
2112.4
2131.3
2150.2
2169.1
2188
2206.9
2225.8
2244.7
2263.55
2282.45
2301.35
2320.25
2339.15
2358.05
2376.95
2395.85
2414.75
2433.6
2452.5
2471.4
2490.3
2509.2
2528.1
2547
2565.9
2584.8
2603.65
2622.55
2641.45
2660.35
2679.25
2698.15
2717.05
2735.95
2754.85
2773.7
2792.6
2811.5
2830.4
2849.3
2868.2
2887.1
2906
2924.9
2943.75
2962.65
2981.55
3000.45
3019.35
3038.25
3057.15
3076.05
3094.95
3113.8
3132.7
3151.6
3170.5
3189.4
3208.3
3227.2
3246.1
3265
3283.85
3302.75
3321.65
3340.55
3359.45
3378.35
3397.25
3416.15
3435.05
3453.9
3472.8
3491.7
3510.6
3529.5
3548.4
3567.3
3586.2
3605.05
3623.95
3642.85
3661.75
3680.65
3699.55
3718.45
3737.35
3756.25
3775.1
3794
3812.9
3831.8
3850.7
3869.6
3888.5
3907.4
3926.3
3945.15
3964.05
3982.95
4001.85
4020.75
4039.65
4058.55
4077.45
4096.35
4115.2
4134.1
4153
4171.9
4190.8
4209.7
4228.6
4247.5
4266.4
4285.25
4304.15
4323.05
4341.95
4360.85
4379.75
4398.65
4417.55
4436.45
4455.3
4474.2
4493.1
4512
4530.9
4549.8
4568.7
4587.6
4606.5
4625.35
4644.25
4663.15
4682.05
4700.95
4719.85
4738.75
4757.65
4776.55
4795.4
4814.3
4833.2
4852.1
4871
4889.9
4908.8
4927.7
4946.6
4965.45
4984.35
-1000
0.05
26
46.6
65.5
84.4
103.35
122.3
141.25
160.15
179.1
198
216.9
235.7
254.55
273.5
292.4
311.35
330.25
349.15
368.05
386.95
405.75
424.6
443.55
462.45
481.4
500.3
519.2
538.1
557
575.8
594.65
613.6
632.5
651.45
670.35
689.25
708.15
727.05
745.85
764.7
783.65
802.55
821.5
840.4
859.3
878.2
897.1
915.9
934.75
953.7
972.6
991.55
1010.45
1029.35
1048.25
1067.15
1085.95
1104.8
1123.75
1142.65
1161.6
1180.5
1199.4
1218.3
1237.2
1256
1274.85
1293.8
1312.7
1331.65
1350.55
1369.45
1388.35
1407.25
1426.05
1444.9
1463.85
1482.75
1501.7
1520.6
1539.5
1558.4
1577.3
1596.1
1614.95
1633.9
1652.8
1671.75
1690.65
1709.55
1728.45
1747.25
1766.1
1785.05
1803.95
1822.9
1841.8
1860.7
1879.6
1898.5
1917.3
1936.15
1955.1
1974
1992.95
2011.85
2030.75
2049.65
2068.55
2087.35
2106.2
2125.15
2144.05
2163
2181.9
2200.8
2219.7
2238.6
2257.4
2276.25
2295.2
2314.1
2333.05
2351.95
2370.85
2389.75
2408.65
2427.45
2446.3
2465.25
2484.15
2503.1
2522
2540.9
2559.8
2578.7
2597.5
2616.35
2635.3
2654.2
2673.15
2692.05
2710.95
2729.85
2748.75
2767.55
2786.4
2805.35
2824.25
2843.2
2862.1
2881
2899.9
2918.8
2937.6
2956.45
2975.4
2994.3
3013.25
3032.15
3051.05
3069.95
3088.85
3107.65
3126.5
3145.45
3164.35
3183.3
3202.2
3221.1
3240
3258.9
3277.7
3296.55
3315.5
3334.4
3353.35
3372.25
3391.15
3410.05
3428.85
3447.7
3466.65
3485.55
3504.5
3523.4
3542.3
3561.2
3580.1
3598.9
3617.75
3636.7
3655.6
3674.55
3693.45
3712.35
3731.25
3750.15
3768.95
3787.8
3806.75
3825.65
3844.6
3863.5
3882.4
3901.3
3920.2
3939
3957.85
3976.8
3995.7
4014.65
4033.55
4052.45
4071.35
4090.25
4109.05
4127.9
4146.85
4165.75
4184.7
4203.6
4222.5
4241.4
4260.3
4279.1
4297.95
4316.9
4335.8
4354.75
4373.65
4392.55
4411.45
4430.35
4449.15
4468
4486.95
4505.85
4524.8
4543.7
4562.6
4581.5
4600.4
4619.2
4638.05
4657
4675.9
4694.85
4713.75
4732.65
4751.55
4770.45
4789.25
4808.1
4827.05
4845.95
4864.9
4883.8
4902.7
4921.6
4940.5
4959.3
4978.15
4997.1
