0.05
16.4
36.7
57
77.3
97.6
117.9
138.2
158.5
178.8
199.1
219.4
239.7
260
280.3
300.6
320.9
341.2
361.5
381.8
402.1
422.45
442.75
463.05
483.35
503.65
523.95
544.25
564.55
584.85
605.15
625.45
645.75
666.05
686.35
706.65
726.95
747.25
767.55
787.85
808.15
828.45
848.8
869.1
889.4
909.7
930
950.3
970.6
990.9
1011.2
1031.5
1051.8
1072.1
1092.4
1112.7
1133
1153.3
1173.6
1193.9
1214.2
1234.5
1254.8
1275.15
1295.45
1315.75
1336.05
1356.35
1376.65
1396.95
1417.25
1437.55
1457.85
1478.15
1498.45
1518.75
1539.05
1559.35
1579.65
1599.95
1620.25
1640.55
1660.85
1681.15
1701.5
1721.8
1742.1
1762.4
1782.7
1803
1823.3
1843.6
1863.9
1884.2
1904.5
1924.8
1945.1
1965.4
1985.7
2006
2026.3
2046.6
2066.9
2087.2
2107.5
2127.85
2148.15
2168.45
2188.75
2209.05
2229.35
2249.65
2269.95
2290.25
2310.55
2330.85
2351.15
2371.45
2391.75
2412.05
2432.35
2452.65
2472.95
2493.25
2513.55
2533.85
2554.2
2574.5
2594.8
2615.1
2635.4
2655.7
2676
2696.3
2716.6
2736.9
2757.2
2777.5
2797.8
2818.1
2838.4
2858.7
2879
2899.3
2919.6
2939.9
2960.2
2980.5
3000.85
3021.15
3041.45
3061.75
3082.05
3102.35
3122.65
3142.95
3163.25
3183.55
3203.85
3224.15
3244.45
3264.75
3285.05
3305.35
3325.65
3345.95
3366.25
3386.55
3406.85
3427.2
3447.5
3467.8
3488.1
3508.4
3528.7
3549
3569.3
3589.6
3609.9
3630.2
3650.5
3670.8
3691.1
3711.4
3731.7
3752
3772.3
3792.6
3812.9
3833.2
3853.55
3873.85
3894.15
3914.45
3934.75
3955.05
3975.35
3995.65
4015.95
4036.25
4056.55
4076.85
4097.15
4117.45
4137.75
4158.05
4178.35
4198.65
4218.95
4239.25
4259.55
4279.9
4300.2
4320.5
4340.8
4361.1
4381.4
4401.7
4422
4442.3
4462.6
4482.9
4503.2
4523.5
4543.8
4564.1
4584.4
4604.7
4625
4645.3
4665.6
4685.9
4706.25
4726.55
4746.85
4767.15
4787.45
4807.75
4828.05
4848.35
4868.65
4888.95
4909.25
4929.55
4949.85
4970.15
-1000
0.05
26.5
48.6
70.75
92.55
113.85
134.75
155.45
175.95
196.4
216.8
237.15
257.45
277.8
298.1
318.4
338.7
359
379.3
399.6
419.9
440.15
460.4
480.7
501
521.35
541.7
562
582.35
602.65
622.95
643.25
663.55
683.85
704.15
724.45
744.75
765.05
785.35
805.65
825.95
846.25
866.5
886.75
907.05
927.35
947.7
968.05
988.35
1008.7
1029
1049.3
1069.6
1089.9
1110.2
1130.5
1150.8
1171.1
1191.4
1211.7
1232
1252.3
1272.6
1292.85
1313.1
1333.4
1353.7
1374.05
1394.4
1414.7
1435.05
1455.35
1475.65
1495.95
1516.25
1536.55
1556.85
1577.15
1597.45
1617.75
1638.05
1658.35
1678.65
1698.95
1719.2
1739.45
1759.75
1780.05
1800.35
1820.7
1841.05
1861.35
1881.7
1902
1922.3
1942.6
1962.9
1983.2
2003.5
2023.8
2044.1
2064.4
2084.7
2105
2125.3
2145.6
2165.85
2186.1
2206.4
2226.7
2247.05
2267.4
2287.7
2308.05
2328.35
2348.65
2368.95
2389.25
2409.55
2429.85
2450.15
2470.45
2490.75
2511.05
2531.35
2551.65
2571.95
2592.2
2612.45
2632.75
2653.05
2673.4
2693.75
2714.05
2734.4
2754.7
2775
2795.3
2815.6
2835.9
2856.2
2876.5
2896.8
2917.1
2937.4
2957.7
2978
2998.3
3018.55
3038.8
3059.1
3079.4
3099.75
3120.1
3140.4
3160.75
3181.05
3201.35
3221.65
3241.95
3262.25
3282.55
3302.85
3323.15
3343.45
3363.75
3384.05
3404.35
3424.65
3444.9
3465.15
3485.45
3505.75
3526.1
3546.45
3566.75
3587.1
3607.4
3627.7
3648
3668.3
3688.6
3708.9
3729.2
3749.5
3769.8
3790.1
3810.4
3830.7
3851
3871.25
3891.5
3911.8
3932.1
3952.45
3972.8
3993.1
4013.45
4033.75
4054.05
4074.35
4094.65
4114.95
4135.25
4155.55
4175.85
4196.15
4216.45
4236.75
4257.05
4277.35
4297.6
4317.85
4338.15
4358.45
4378.75
4399.1
4419.45
4439.75
4460.1
4480.4
4500.7
4521
4541.3
4561.6
4581.9
4602.2
4622.5
4642.8
4663.1
4683.4
4703.7
4724
4744.25
4764.5
4784.8
4805.1
4825.45
4845.8
4866.1
4886.45
4906.75
4927.05
4947.35
4967.65
4987.95
