0.05
23.55
51.85
80.15
108.45
136.75
165.05
193.35
221.65
249.95
278.3
306.6
334.9
363.2
391.5
419.8
448.1
476.4
504.7
533
561.35
589.65
617.95
646.25
674.55
702.85
731.15
759.45
787.75
816.05
844.4
872.7
901
929.3
957.6
985.9
1014.2
1042.5
1070.8
1099.1
1127.45
1155.75
1184.05
1212.35
1240.65
1268.95
1297.25
1325.55
1353.85
1382.15
1410.5
1438.8
1467.1
1495.4
1523.7
1552
1580.3
1608.6
1636.9
1665.2
1693.5
1721.85
1750.15
1778.45
1806.75
1835.05
1863.35
1891.65
1919.95
1948.25
1976.55
2004.9
2033.2
2061.5
2089.8
2118.1
2146.4
2174.7
2203
2231.3
2259.6
2287.95
2316.25
2344.55
2372.85
2401.15
2429.45
2457.75
2486.05
2514.35
2542.65
2571
2599.3
2627.6
2655.9
2684.2
2712.5
2740.8
2769.1
2797.4
2825.7
2854.05
2882.35
2910.65
2938.95
2967.25
2995.55
3023.85
3052.15
3080.45
3108.75
3137.1
3165.4
3193.7
3222
3250.3
3278.6
3306.9
3335.2
3363.5
3391.8
3420.15
3448.45
3476.75
3505.05
3533.35
3561.65
3589.95
3618.25
3646.55
3674.85
3703.15
3731.5
3759.8
3788.1
3816.4
3844.7
3873
3901.3
3929.6
3957.9
3986.2
4014.55
4042.85
4071.15
4099.45
4127.75
4156.05
4184.35
4212.65
4240.95
4269.25
4297.6
4325.9
4354.2
4382.5
4410.8
4439.1
4467.4
4495.7
4524
4552.3
4580.65
4608.95
4637.25
4665.55
4693.85
4722.15
4750.45
4778.75
4807.05
4835.35
4863.7
4892
4920.3
4948.6
4976.9
-1000
0.05
26
45.7
69.6
95.1
120.05
141.85
160.2
183.45
208.8
234.05
256.6
274.6
297.15
322.4
347.8
370.7
389.35
411.15
436.15
461.65
485.2
504.6
525.35
549.9
575.5
599.6
620.05
639.7
663.75
689.3
714.1
735.6
754.2
777.65
803.05
828.25
850.6
868.55
891.4
916.7
942.05
964.85
983.2
1005.3
1030.35
1055.85
1079.15
1098.3
1119.4
1144.1
1169.65
1193.45
1213.35
1233.55
1257.85
1283.45
1308
1329.05
1348.05
1371.75
1397.25
1422.3
1444.35
1462.45
1485.55
1510.9
1536.2
1558.8
1576.85
1599.35
1624.5
1650
1673.05
1691.9
1713.45
1738.25
1763.8
1787.4
1806.95
1827.55
1852.05
1877.65
1901.95
1922.65
1942.05
1965.95
1991.45
2016.4
2038.05
2056.5
2079.8
2105.2
2130.45
2152.9
2170.9
2193.6
2218.8
2244.2
2267.15
2285.85
2307.55
2332.55
2358.05
2381.5
2400.85
2421.7
2446.3
2471.9
2496.05
2516.5
2536.15
2560.2
2585.7
2610.45
2631.85
2650.55
2674.05
2699.45
2724.65
2746.9
2764.95
2787.8
2813.1
2838.45
2861.3
2879.55
2901.7
2926.8
2952.3
2975.55
2994.65
3015.8
3040.55
3066.1
3090.05
3110.2
3130.15
3154.35
3179.9
3204.4
3225.4
3244.45
3268.2
3293.65
3318.7
3340.7
3358.95
3382
3407.35
3432.65
3455.3
3473.3
3495.8
3520.95
3546.4
3569.5
3588.3
3609.85
3634.75
3660.3
3684
3703.7
3724.15
3748.5
3774.1
3798.4
3819.1
3838.5
3862.4
3887.9
3912.85
3934.6
3953
3976.25
4001.6
4026.9
