0.05
25.75
56.5
87.2
117.95
148.7
179.4
210.15
240.9
271.65
302.35
333.1
363.85
394.6
425.3
456.05
486.8
517.5
548.25
579
609.75
640.45
671.2
701.95
732.65
763.4
794.15
824.9
855.6
886.35
917.1
947.85
978.55
1009.3
1040.05
1070.75
1101.5
1132.25
1163
1193.7
1224.45
1255.2
1285.9
1316.65
1347.4
1378.15
1408.85
1439.6
1470.35
1501.1
1531.8
1562.55
1593.3
1624
1654.75
1685.5
1716.25
1746.95
1777.7
1808.45
1839.15
1869.9
1900.65
1931.4
1962.1
1992.85
2023.6
2054.35
2085.05
2115.8
2146.55
2177.25
2208
2238.75
2269.5
2300.2
2330.95
2361.7
2392.4
2423.15
2453.9
2484.65
2515.35
2546.1
2576.85
2607.6
2638.3
2669.05
2699.8
2730.5
2761.25
2792
2822.75
2853.45
2884.2
2914.95
2945.65
2976.4
3007.15
3037.9
3068.6
3099.35
3130.1
3160.85
3191.55
3222.3
3253.05
3283.75
3314.5
3345.25
3376
3406.7
3437.45
3468.2
3498.9
3529.65
3560.4
3591.15
3621.85
3652.6
3683.35
3714.1
3744.8
3775.55
3806.3
3837
3867.75
3898.5
3929.25
3959.95
3990.7
4021.45
4052.15
4082.9
4113.65
4144.4
4175.1
4205.85
4236.6
4267.35
4298.05
4328.8
4359.55
4390.25
4421
4451.75
4482.5
4513.2
4543.95
4574.7
4605.4
4636.15
4666.9
4697.65
4728.35
4759.1
4789.85
4820.6
4851.3
4882.05
4912.8
4943.5
4974.25
-1000
0.05
26
44.1
68.3
94.7
118.1
136.15
160.5
186.9
210.35
228.4
252.7
279.15
302.55
320.6
344.9
371.35
394.8
412.75
437.05
463.5
486.9
504.95
529.3
555.7
579.1
597.2
621.45
647.85
671.2
689.3
713.7
740.1
763.5
781.55
805.9
832.35
855.75
873.8
898.15
924.55
947.95
965.95
990.3
1016.7
1040.1
1058.15
1082.5
1108.95
1132.3
1150.4
1174.7
1201.1
1224.45
1242.55
1266.9
1293.35
1316.7
1334.8
1359.15
1385.6
1408.95
1427.05
1451.35
1477.8
1501.2
1519.15
1543.55
1569.95
1593.3
1611.4
1635.75
1662.2
1685.55
1703.65
1727.95
1754.35
1777.65
1795.75
1820.15
1846.6
1869.95
1888.05
1912.4
1938.85
1962.2
1980.3
2004.6
2031.05
2054.45
2072.4
2096.8
2123.2
2146.55
2164.65
2189
2215.45
2238.8
2256.9
2281.2
2307.6
2330.9
2349
2373.4
2399.85
2423.2
2441.3
2465.65
2492.1
2515.45
2533.55
2557.85
2584.3
2607.7
2625.65
2650.05
2676.45
2699.8
2717.9
2742.25
2768.7
2792.05
2810.15
2834.45
2860.85
2884.15
2902.25
2926.65
2953.1
2976.45
2994.55
3018.9
3045.35
3068.7
3086.8
3111.1
3137.55
3160.95
3178.9
3203.3
3229.7
3253.05
3271.15
3295.5
3321.95
3345.3
3363.4
3387.7
3414.1
3437.4
3455.5
3479.9
3506.35
3529.7
3547.8
3572.15
3598.6
3621.95
3640.05
3664.35
3690.8
3714.2
3732.25
