0.05
18.1
40.4
62.65
84.9
107.2
129.45
151.7
174
196.25
218.5
240.8
263.05
285.3
307.6
329.85
352.1
374.4
396.65
418.9
441.2
463.45
485.7
508
530.25
552.5
574.8
597.05
619.3
641.6
663.85
686.1
708.4
730.65
752.9
775.2
797.45
819.7
842
864.25
886.5
908.8
931.05
953.3
975.6
997.85
1020.1
1042.4
1064.65
1086.9
1109.2
1131.45
1153.7
1176
1198.25
1220.5
1242.8
1265.05
1287.3
1309.6
1331.85
1354.1
1376.4
1398.65
1420.9
1443.2
1465.45
1487.7
1510
1532.25
1554.5
1576.8
1599.05
1621.3
1643.6
1665.85
1688.1
1710.4
1732.65
1754.9
1777.2
1799.45
1821.7
1844
1866.25
1888.5
1910.8
1933.05
1955.3
1977.6
1999.85
2022.1
2044.4
2066.65
2088.9
2111.2
2133.45
2155.7
2178
2200.25
2222.5
2244.8
2267.05
2289.3
2311.6
2333.85
2356.1
2378.4
2400.65
2422.9
2445.2
2467.45
2489.7
2512
2534.25
2556.5
2578.8
2601.05
2623.3
2645.6
2667.85
2690.1
2712.4
2734.65
2756.9
2779.2
2801.45
2823.7
2846
2868.25
2890.5
2912.8
2935.05
2957.3
2979.6
3001.85
3024.1
3046.4
3068.65
3090.9
3113.2
3135.45
3157.7
3180
3202.25
3224.5
3246.8
3269.05
3291.3
3313.6
3335.85
3358.1
3380.4
3402.65
3424.9
3447.2
3469.45
3491.7
3514
3536.25
3558.5
3580.8
3603.05
3625.3
3647.6
3669.85
3692.1
3714.4
3736.65
3758.9
3781.2
3803.45
3825.7
3848
3870.25
3892.5
3914.8
3937.05
3959.3
3981.6
4003.85
4026.1
4048.4
4070.65
4092.9
4115.2
4137.45
4159.7
4182
4204.25
4226.5
4248.8
4271.05
4293.3
4315.6
4337.85
4360.1
4382.4
4404.65
4426.9
4449.2
4471.45
4493.7
4516
4538.25
4560.5
4582.8
4605.05
4627.3
4649.6
4671.85
4694.1
4716.4
4738.65
4760.9
4783.2
4805.45
4827.7
4850
4872.25
4894.5
4916.8
4939.05
4961.3
4983.6
-1000
0.05
26
44.15
63.65
84.4
105.8
127.6
149.55
171.65
193.8
216
238.2
260.45
282.7
304.95
327.25
349.5
371.75
394.05
416.3
438.55
460.85
483.1
505.35
527.65
549.9
572.15
594.45
616.7
638.95
661.25
683.5
705.75
728.05
750.3
772.55
794.85
817.1
839.35
861.65
883.9
906.15
928.45
950.7
972.95
995.25
1017.5
1039.75
1062.05
1084.3
1106.55
1128.85
1151.1
1173.35
1195.65
1217.9
1240.15
1262.45
1284.7
1306.95
1329.25
1351.5
1373.75
1396.05
1418.3
1440.55
1462.85
1485.1
1507.35
1529.65
1551.9
1574.15
1596.45
1618.7
1640.95
1663.25
1685.5
1707.75
1730.05
1752.3
1774.55
1796.85
1819.1
1841.35
1863.65
1885.9
1908.15
1930.45
1952.7
1974.95
1997.25
2019.5
2041.75
2064.05
2086.3
2108.55
2130.85
2153.1
2175.35
2197.65
2219.9
2242.15
2264.45
2286.7
2308.95
2331.25
2353.5
2375.75
2398.05
2420.3
2442.55
2464.85
2487.1
2509.35
2531.65
2553.9
2576.15
2598.45
2620.7
2642.95
2665.25
2687.5
2709.75
2732.05
2754.3
2776.55
2798.85
2821.1
2843.35
2865.65
2887.9
2910.15
2932.45
2954.7
2976.95
2999.25
3021.5
3043.75
3066.05
3088.3
3110.55
3132.85
3155.1
3177.35
3199.65
3221.9
3244.15
3266.45
3288.7
3310.95
3333.25
3355.5
3377.75
3400.05
3422.3
3444.55
3466.85
3489.1
3511.35
3533.65
3555.9
3578.15
3600.45
3622.7
3644.95
3667.25
3689.5
3711.75
3734.05
3756.3
3778.55
3800.85
3823.1
3845.35
3867.65
3889.9
3912.15
3934.45
3956.7
3978.95
4001.25
4023.5
4045.75
4068.05
4090.3
4112.55
4134.85
4157.1
4179.35
4201.65
4223.9
4246.15
4268.45
4290.7
4312.95
4335.25
4357.5
4379.75
4402.05
4424.3
4446.55
4468.85
4491.1
4513.35
4535.65
4557.9
4580.15
4602.45
4624.7
4646.95
4669.25
4691.5
4713.75
4736.05
4758.3
4780.55
4802.85
4825.1
4847.35
4869.65
4891.9
4914.15
4936.45
4958.7
4980.95
