0.05
20.5
45.45
70.4
95.35
120.3
145.2
170.15
195.1
220.05
245
269.95
294.9
319.8
344.75
369.7
394.65
419.6
444.55
469.5
494.4
519.35
544.3
569.25
594.2
619.15
644.1
669
693.95
718.9
743.85
768.8
793.75
818.7
843.65
868.55
893.5
918.45
943.4
968.35
993.3
1018.25
1043.15
1068.1
1093.05
1118
1142.95
1167.9
1192.85
1217.75
1242.7
1267.65
1292.6
1317.55
1342.5
1367.45
1392.35
1417.3
1442.25
1467.2
1492.15
1517.1
1542.05
1566.95
1591.9
1616.85
1641.8
1666.75
1691.7
1716.65
1741.55
1766.5
1791.45
1816.4
1841.35
1866.3
1891.25
1916.15
1941.1
1966.05
1991
2015.95
2040.9
2065.85
2090.75
2115.7
2140.65
2165.6
2190.55
2215.5
2240.45
2265.4
2290.3
2315.25
2340.2
2365.15
2390.1
2415.05
2440
2464.9
2489.85
2514.8
2539.75
2564.7
2589.65
2614.6
2639.5
2664.45
2689.4
2714.35
2739.3
2764.25
2789.2
2814.1
2839.05
2864
-1000
0.05
39.2
83.9
124.1
167.7
212.85
256.95
296.85
341.2
386.45
429.65
470.1
515
560.25
602.55
643.95
689.2
734.35
776.05
818.05
863.35
908.45
949.55
992.1
1037.45
1082.35
1122.85
1166
1211.4
1256.05
1296
1339.75
1385.3
1429.45
1469.25
1513.6
1559.2
1602.8
1642.9
1687.6
1733.25
1776.25
1816.85
1861.8
1907.45
1950
1991.1
2036.15
2081.75
2123.95
2165.4
2210.7
2255.85
2298
2339.75
2385.1
2430.2
2472.05
2514.1
2559.35
2604.4
2645.8
2688.3
2733.4
2778.2
2818.9
2862.1
2907.2
2951.6
2991.75
3035.65
3080.9
3124.6
3164.8
3209.35
3254.6
3297.45
3338.35
3383.3
3428.55
3470.6
3512.3
3557.6
3602.75
3644.4
3686.45
3731.75
3776.8
3817.8
3860.45
3905.55
3950.35
3990.55
4034.05
4079.25
4123.5
4163.3
4207.55
4252.9
4296.3
4336.55
4381.35
4426.7
4469.35
4510.35
4555.45
4600.75
4642.75
4684.45
4729.8
4775.1
4816.75
4858.8
4904.05
4949.5
4990.95
