0.05
14.3
32.25
50.2
68.15
86.1
104
121.95
139.9
157.85
175.8
193.75
211.7
229.6
247.55
265.5
283.45
301.4
319.35
337.3
355.2
373.15
391.1
409.05
427
444.95
462.9
480.8
498.75
516.7
534.65
552.6
570.55
588.5
606.4
624.35
642.3
660.25
678.2
696.15
714.1
732
749.95
767.9
785.85
803.8
821.75
839.7
857.6
875.55
893.5
911.45
929.4
947.35
965.3
983.2
1001.15
1019.1
1037.05
1055
1072.95
1090.9
1108.8
1126.75
1144.7
1162.65
1180.6
1198.55
1216.5
1234.4
1252.35
1270.3
1288.25
1306.2
1324.15
1342.1
1360
1377.95
1395.9
1413.85
1431.8
1449.75
1467.7
1485.6
1503.55
1521.5
1539.45
1557.4
1575.35
1593.3
1611.2
1629.15
1647.1
1665.05
1683
1700.95
1718.9
1736.8
1754.75
1772.7
1790.65
1808.6
1826.55
1844.5
1862.4
1880.35
1898.3
1916.25
1934.2
1952.15
1970.1
1988
2005.95
2023.9
2041.85
2059.8
2077.75
2095.7
2113.6
2131.55
2149.5
2167.45
2185.4
2203.35
2221.3
2239.2
2257.15
2275.1
2293.05
2311
2328.95
2346.9
2364.8
2382.75
2400.7
2418.65
2436.6
2454.55
2472.5
2490.4
2508.35
2526.3
2544.25
2562.2
2580.15
2598.1
2616
2633.95
2651.9
2669.85
2687.8
2705.75
2723.7
2741.6
2759.55
2777.5
2795.45
2813.4
2831.35
2849.3
2867.2
2885.15
2903.1
2921.05
2939
2956.95
2974.9
2992.8
3010.75
3028.7
3046.65
3064.6
3082.55
3100.5
3118.4
3136.35
3154.3
3172.25
3190.2
3208.15
3226.1
3244
3261.95
3279.9
3297.85
3315.8
3333.75
3351.7
3369.6
3387.55
3405.5
3423.45
3441.4
3459.35
3477.3
3495.2
3513.15
3531.1
3549.05
3567
3584.95
3602.9
3620.8
3638.75
3656.7
3674.65
3692.6
3710.55
3728.5
3746.4
3764.35
3782.3
3800.25
3818.2
3836.15
3854.05
3872
3889.95
3907.9
3925.85
3943.8
3961.75
3979.65
3997.6
4015.55
4033.5
4051.45
4069.4
4087.35
4105.25
4123.2
4141.15
4159.1
4177.05
4195
4212.95
4230.85
4248.8
4266.75
4284.7
4302.65
4320.6
4338.55
4356.45
4374.4
4392.35
4410.3
4428.25
4446.2
4464.15
4482.05
4500
4517.95
4535.9
4553.85
4571.8
4589.75
4607.65
4625.6
4643.55
4661.5
4679.45
4697.4
4715.35
4733.25
4751.2
4769.15
4787.1
4805.05
4823
4840.95
4858.85
4876.8
4894.75
4912.7
4930.65
4948.6
4966.55
-1000
0.05
26
46.1
64.6
82.95
101.05
119.15
137.25
155.35
173.4
191.45
209.45
227.4
245.3
263.3
281.3
299.3
317.25
335.25
353.15
371
389
407
424.95
442.95
460.9
478.75
496.65
514.65
532.6
550.6
568.55
586.5
604.4
622.25
640.25
658.2
676.2
694.15
712.1
730
747.85
765.85
783.8
801.8
819.75
837.7
855.6
873.45
891.45
909.4
927.4
945.35
963.3
981.2
999.05
1017.05
1035
1053
1070.95
1088.9
1106.8
1124.65
1142.65
1160.6
1178.6
1196.55
1214.5
1232.4
1250.25
1268.25
1286.2
1304.2
1322.15
1340.1
1358
1375.85
1393.85
1411.8
1429.8
1447.75
1465.7
1483.6
1501.45
1519.45
1537.4
1555.4
1573.35
1591.3
1609.2
1627.05
1645.05
1663
1681
1698.95
1716.9
1734.8
1752.65
1770.65
1788.6
1806.6
1824.55
1842.5
1860.4
1878.25
1896.25
1914.2
1932.2
1950.15
1968.1
1986
2003.85
2021.85
2039.8
2057.8
2075.75
2093.7
2111.6
2129.45
2147.45
2165.4
2183.4
2201.35
2219.3
2237.2
2255.05
2273.05
2291
2309
2326.95
2344.9
2362.8
2380.65
2398.65
2416.6
2434.6
2452.55
2470.5
2488.4
2506.25
2524.25
2542.2
2560.2
2578.15
2596.1
2614
2631.85
2649.85
2667.8
2685.8
2703.75
2721.7
2739.6
2757.45
2775.45
2793.4
2811.4
2829.35
2847.3
2865.2
2883.05
2901.05
2919
2937
2954.95
2972.9
2990.8
3008.65
3026.65
3044.6
3062.6
3080.55
3098.5
3116.4
3134.25
3152.25
3170.2
3188.2
3206.15
3224.1
3242
3259.85
3277.85
3295.8
3313.8
3331.75
3349.7
3367.6
3385.55
3403.5
3421.45
3439.45
3457.4
3475.35
3493.2
3511.2
3529.15
3547.1
3565.05
3583
3600.95
3618.85
3636.8
3654.75
3672.7
3690.65
3708.6
3726.55
3744.45
3762.4
3780.35
3798.3
3816.25
3834.2
3852.15
3870.05
3888
3905.95
3923.9
3941.85
3959.8
3977.75
3995.65
4013.6
4031.55
4049.5
4067.45
4085.4
4103.35
4121.25
4139.2
4157.15
4175.1
4193.05
4211
4228.95
4246.85
4264.8
4282.75
4300.7
4318.65
4336.6
4354.55
4372.45
4390.4
4408.35
4426.3
4444.25
4462.2
4480.15
4498.05
4516
4533.95
4551.9
4569.85
4587.8
4605.75
4623.65
4641.6
4659.55
4677.5
4695.45
4713.4
4731.35
4749.25
4767.2
4785.15
4803.1
4821.05
4839
4856.95
4874.85
4892.8
4910.75
4928.7
4946.65
4964.6
4982.55
