0.05
23.55
51.85
80.15
108.45
136.75
165.05
193.35
221.65
249.95
278.3
306.6
334.9
363.2
391.5
419.8
448.1
476.4
504.7
533
561.35
589.65
617.95
646.25
674.55
702.85
731.15
759.45
787.75
816.05
844.4
872.7
901
929.3
957.6
985.9
1014.2
1042.5
1070.8
1099.1
1127.45
1155.75
1184.05
1212.35
1240.65
1268.95
1297.25
1325.55
1353.85
1382.15
1410.5
1438.8
1467.1
1495.4
1523.7
1552
1580.3
1608.6
1636.9
1665.2
1693.5
1721.85
1750.15
1778.45
1806.75
1835.05
1863.35
1891.65
1919.95
1948.25
1976.55
2004.9
2033.2
2061.5
2089.8
2118.1
2146.4
2174.7
2203
2231.3
2259.6
2287.95
2316.25
2344.55
2372.85
2401.15
2429.45
2457.75
2486.05
2514.35
2542.65
2571
2599.3
2627.6
2655.9
2684.2
2712.5
2740.8
2769.1
2797.4
2825.7
2854.05
2882.35
2910.65
2938.95
2967.25
2995.55
3023.85
3052.15
3080.45
3108.75
3137.1
3165.4
3193.7
3222
3250.3
3278.6
3306.9
3335.2
3363.5
3391.8
3420.15
3448.45
3476.75
3505.05
3533.35
3561.65
3589.95
-1000
0.05
30.35
74.05
109
150.3
190.75
225.15
268.75
305.95
344.9
387.35
421.5
464.05
503
538.35
582.45
618.05
658.7
699.8
734
777.3
815.05
852.45
895.75
930.25
972.1
1012
1046.65
1090.45
1127
1167.6
1209.05
1243.2
1286.35
1324.35
1360.95
1404.55
1439.4
1480.75
1521.15
1555.55
1599.2
1636.25
1675.25
1717.65
1751.85
1794.4
1833.35
1868.7
1912.6
1948.3
1988.85
2030.2
2064.35
2107.7
2145.4
2182.65
2226
2260.5
2302.65
2342.4
2377.15
2420.95
2457.4
2497.75
2539.3
2573.45
2616.5
2654.65
2691.05
2734.7
2769.65
2811
2851.45
2885.8
2929.4
2966.55
3005.3
3047.85
3082.05
3124.5
3163.7
3199
3242.9
3278.65
3319.2
3360.4
3394.55
3437.85
3475.75
3512.9
3556.25
3590.85
3632.6
3672.55
3707.2
3751.2
3787.7
3827.95
3869.6
3903.7
3946.75
3984.95
4021.45
4065.1
4100
4141.35
4181.8
4216.2
4259.8
4296.9
4335.7
4378.25
4412.4
4454.9
4493.95
4529.2
4573.1
4608.95
4649.5
4690.75
4724.9
4768.15
4806
4843
4886.6
4921.2
4963
