0.05
17.65
39.4
61.1
82.85
104.6
126.3
148.05
169.8
191.5
213.25
235
256.7
278.45
300.2
321.9
343.65
365.4
387.1
408.85
430.6
452.3
474.05
495.8
517.5
539.25
561
582.7
604.45
626.15
647.9
669.65
691.35
713.1
734.85
756.55
778.3
800.05
821.75
843.5
865.25
886.95
908.7
930.45
952.15
973.9
995.65
1017.35
1039.1
1060.85
1082.55
1104.3
1126.05
1147.75
1169.5
1191.25
1212.95
1234.7
1256.45
1278.15
1299.9
1321.65
1343.35
1365.1
1386.85
1408.55
1430.3
1452.05
1473.75
1495.5
1517.25
1538.95
1560.7
1582.45
1604.15
1625.9
1647.65
1669.35
1691.1
1712.85
1734.55
1756.3
1778.05
1799.75
1821.5
1843.25
1864.95
1886.7
1908.45
1930.15
1951.9
1973.65
1995.35
2017.1
2038.85
2060.55
2082.3
2104.05
2125.75
2147.5
2169.25
2190.95
2212.7
2234.45
2256.15
2277.9
2299.65
2321.35
2343.1
2364.85
2386.55
2408.3
2430.05
2451.75
2473.5
2495.25
2516.95
2538.7
2560.45
2582.15
2603.9
2625.65
2647.35
2669.1
2690.85
2712.55
2734.3
2756.05
2777.75
2799.5
2821.25
2842.95
2864.7
2886.45
2908.15
2929.9
2951.65
2973.35
2995.1
3016.85
3038.55
3060.3
3082.05
3103.75
3125.5
3147.25
3168.95
3190.7
3212.45
3234.15
3255.9
3277.65
3299.35
3321.1
3342.85
3364.55
3386.3
3408
3429.75
3451.5
3473.2
3494.95
3516.7
3538.4
3560.15
3581.9
3603.6
3625.35
3647.1
3668.8
3690.55
3712.3
3734
3755.75
3777.5
3799.2
3820.95
3842.7
3864.4
3886.15
3907.9
3929.6
3951.35
3973.1
3994.8
4016.55
4038.3
4060
4081.75
4103.5
4125.2
4146.95
4168.7
4190.4
4212.15
4233.9
4255.6
4277.35
4299.1
4320.8
4342.55
4364.3
4386
4407.75
4429.5
4451.2
4472.95
4494.7
4516.4
4538.15
4559.9
4581.6
4603.35
4625.1
4646.8
4668.55
4690.3
4712
4733.75
4755.5
4777.2
4798.95
4820.7
4842.4
4864.15
4885.9
4907.6
4929.35
4951.1
4972.8
4994.55
-1000
0.05
26
46.85
67.3
88.3
109.65
131.1
152.7
174.4
196
217.75
239.45
261.15
282.9
304.65
326.35
348.1
369.85
391.55
413.3
435.05
456.75
478.5
500.25
521.95
543.7
565.45
587.2
608.95
630.65
652.4
674.15
695.85
717.6
739.35
761.05
782.8
804.55
826.25
848
869.75
891.45
913.2
934.95
956.65
978.4
1000.15
1021.85
1043.6
1065.35
1087.05
1108.8
1130.55
1152.25
1174
1195.75
1217.45
1239.2
1260.95
1282.65
1304.4
1326.15
1347.85
1369.6
1391.35
1413.05
1434.8
1456.55
1478.25
1500
1521.75
1543.45
1565.2
1586.95
1608.65
1630.4
1652.15
1673.85
1695.6
1717.35
1739.05
1760.8
1782.55
1804.2
1825.95
1847.7
1869.4
1891.15
1912.9
1934.6
1956.35
1978.1
1999.8
2021.55
2043.3
2065
2086.75
2108.5
2130.2
2151.95
2173.7
2195.4
2217.15
2238.9
2260.6
2282.35
2304.1
2325.8
2347.55
2369.3
2391
2412.75
2434.5
2456.2
2477.95
2499.7
2521.4
2543.15
2564.9
2586.6
2608.35
2630.1
2651.8
2673.55
2695.3
2717
2738.75
2760.5
2782.2
2803.95
2825.7
2847.4
2869.15
2890.9
2912.6
2934.35
2956.1
2977.8
2999.55
3021.3
3043
3064.75
3086.5
3108.2
3129.95
3151.7
3173.4
3195.15
3216.9
3238.6
3260.35
3282.1
3303.8
3325.55
3347.3
3369.05
3390.75
3412.5
3434.25
3456
3477.7
3499.45
3521.2
3542.9
3564.65
3586.4
3608.1
3629.85
3651.6
3673.3
3695.05
3716.8
3738.5
3760.25
3782
3803.7
3825.45
3847.2
3868.9
3890.65
3912.4
3934.1
3955.85
3977.6
3999.3
4021.05
4042.8
4064.5
4086.25
4108
4129.7
4151.45
4173.2
4194.9
4216.65
4238.4
4260.1
4281.85
4303.6
4325.3
4347.05
4368.8
4390.5
4412.25
4434
4455.7
4477.45
4499.2
4520.9
4542.65
4564.4
4586.1
4607.85
4629.55
4651.25
4673
4694.75
4716.45
4738.2
4759.95
4781.65
4803.4
4825.15
4846.85
4868.6
4890.35
4912.05
4933.8
4955.55
4977.25
4999
