0.05
15.65
35.1
54.6
74.05
93.5
113
132.45
151.9
171.4
190.85
210.3
229.8
249.25
268.75
288.2
307.65
327.15
346.6
366.05
385.55
405
424.45
443.95
463.4
482.85
502.35
521.8
541.3
560.75
580.2
599.7
619.15
638.6
658.1
677.55
697
716.5
735.95
755.4
774.9
794.35
813.85
833.3
852.75
872.25
891.7
911.15
930.65
950.1
969.55
989.05
1008.5
1027.95
1047.45
1066.9
1086.4
1105.85
1125.3
1144.8
1164.25
1183.7
1203.2
1222.65
1242.1
1261.6
1281.05
1300.5
1320
1339.45
1358.95
1378.4
1397.85
1417.35
1436.8
1456.25
1475.75
1495.2
1514.65
1534.15
1553.6
1573.05
1592.55
1612
1631.5
1650.95
1670.4
1689.9
1709.35
1728.8
1748.3
1767.75
1787.2
1806.7
1826.15
1845.6
1865.1
1884.55
1904
1923.5
1942.95
1962.45
1981.9
2001.35
2020.85
2040.3
2059.75
2079.25
2098.7
2118.15
2137.65
2157.1
2176.55
2196.05
2215.5
2235
2254.45
2273.9
2293.4
2312.85
2332.3
2351.8
2371.25
2390.7
2410.2
2429.65
2449.1
2468.6
2488.05
2507.55
2527
2546.45
2565.95
2585.4
2604.85
2624.35
2643.8
2663.25
2682.75
2702.2
2721.65
2741.15
2760.6
2780.1
2799.55
2819
2838.5
2857.95
2877.4
2896.9
2916.35
2935.8
2955.3
2974.75
2994.2
3013.7
3033.15
3052.65
3072.1
3091.55
3111.05
3130.5
3149.95
3169.45
3188.9
3208.35
3227.85
3247.3
3266.75
3286.25
3305.7
3325.2
3344.65
3364.1
3383.6
3403.05
3422.5
3442
3461.45
3480.9
3500.4
3519.85
3539.3
3558.8
3578.25
3597.75
3617.2
3636.65
3656.15
3675.6
3695.05
3714.55
3734
3753.45
3772.95
3792.4
3811.85
3831.35
3850.8
3870.3
3889.75
3909.2
3928.7
3948.15
3967.6
3987.1
4006.55
4026
4045.5
4064.95
4084.4
4103.9
4123.35
4142.85
4162.3
4181.75
4201.25
4220.7
4240.15
4259.65
4279.1
4298.55
4318.05
4337.5
4356.95
4376.45
4395.9
4415.4
4434.85
4454.3
4473.8
4493.25
4512.7
4532.2
4551.65
4571.1
4590.6
4610.05
4629.5
4649
4668.45
4687.9
4707.4
4726.85
4746.35
4765.8
4785.25
4804.75
4824.2
4843.65
4863.15
4882.6
4902.05
4921.55
4941
4960.45
4979.95
-1000
0.05
26
44.05
62.3
80.85
99.8
118.9
138.1
157.45
176.85
196.3
215.75
235.2
254.65
274.1
293.5
313
332.5
351.9
371.4
390.9
410.3
429.8
449.3
468.75
488.25
507.7
527.2
546.65
566.05
585.55
605.05
624.45
643.95
663.45
682.85
702.35
721.85
741.3
760.8
780.25
799.75
819.2
838.6
858.1
877.6
897
916.5
936
955.4
974.9
994.4
1013.85
1033.35
1052.8
1072.3
1091.75
1111.15
1130.65
1150.15
1169.55
1189.05
1208.55
1227.95
1247.45
1266.95
1286.35
1305.85
1325.35
1344.8
1364.3
1383.75
1403.25
1422.7
1442.1
1461.6
1481.1
1500.5
1520
1539.5
1558.9
1578.4
1597.9
1617.35
1636.85
1656.3
1675.8
1695.25
1714.65
1734.15
1753.65
1773.05
1792.55
1812.05
1831.45
1850.95
1870.45
1889.9
1909.4
1928.85
1948.35
1967.8
1987.2
2006.7
2026.2
2045.6
2065.1
2084.6
2104
2123.5
2143
2162.45
2181.95
2201.4
2220.9
2240.35
2259.75
2279.25
2298.75
2318.15
2337.65
2357.15
2376.55
2396.05
2415.55
2435
2454.5
2473.95
2493.45
2512.9
2532.3
2551.8
2571.3
2590.7
2610.2
2629.7
2649.1
2668.6
2688.1
2707.55
2727.05
2746.5
2766
2785.45
2804.85
2824.35
2843.85
2863.25
2882.75
2902.25
2921.65
2941.15
2960.65
2980.1
2999.6
3019.05
3038.55
3058
3077.4
3096.9
3116.4
3135.8
3155.3
3174.8
3194.2
3213.7
3233.2
3252.65
3272.15
3291.6
3311.1
3330.55
3349.95
3369.45
3388.95
3408.35
3427.85
3447.35
3466.75
3486.25
3505.75
3525.2
3544.7
3564.15
3583.65
3603.1
3622.5
3642
3661.5
3680.9
3700.4
3719.9
3739.3
3758.8
3778.3
3797.75
3817.25
3836.7
3856.2
3875.65
3895.05
3914.55
3934.05
3953.45
3972.95
3992.45
4011.85
4031.35
4050.85
4070.3
4089.8
4109.25
4128.75
4148.2
4167.65
4187.15
4206.6
4226
4245.5
4265
4284.4
4303.9
4323.4
4342.8
4362.3
4381.8
4401.25
4420.75
4440.2
4459.7
4479.15
4498.55
4518.05
4537.55
4556.95
4576.45
4595.95
4615.35
4634.85
4654.35
4673.8
4693.3
4712.75
4732.25
4751.7
4771.1
4790.6
4810.1
4829.5
4849
4868.5
4887.9
4907.4
4926.9
4946.35
4965.85
4985.3
