0.05
26
57.05
88.1
119.15
150.15
181.2
212.25
243.3
274.3
305.35
336.4
367.45
398.45
429.5
460.55
491.6
522.65
553.65
584.7
615.75
646.8
677.8
708.85
739.9
770.95
801.95
833
864.05
895.1
926.1
957.15
988.2
1019.25
1050.25
1081.3
1112.35
1143.4
1174.4
1205.45
1236.5
1267.55
1298.55
1329.6
1360.65
1391.7
1422.7
1453.75
1484.8
1515.85
1546.9
1577.9
1608.95
1640
1671.05
1702.05
1733.1
1764.15
1795.2
1826.2
1857.25
1888.3
1919.35
1950.35
1981.4
2012.45
2043.5
2074.5
2105.55
2136.6
2167.65
2198.65
2229.7
2260.75
2291.8
2322.8
2353.85
2384.9
2415.95
2447
2478
2509.05
2540.1
2571.15
2602.15
2633.2
2664.25
2695.3
2726.3
2757.35
2788.4
2819.45
2850.45
2881.5
2912.55
2943.6
2974.6
3005.65
3036.7
3067.75
3098.75
3129.8
3160.85
3191.9
3222.9
3253.95
3285
3316.05
3347.05
3378.1
3409.15
3440.2
3471.25
3502.25
3533.3
3564.35
3595.4
3626.4
3657.45
3688.5
3719.55
3750.55
3781.6
3812.65
3843.7
3874.7
3905.75
3936.8
3967.85
3998.85
4029.9
4060.95
4092
4123
4154.05
4185.1
4216.15
4247.15
4278.2
4309.25
4340.3
4371.35
4402.35
4433.4
4464.45
4495.5
4526.5
4557.55
4588.6
4619.65
4650.65
4681.7
4712.75
4743.8
4774.8
4805.85
4836.9
4867.95
4898.95
4930
4961.05
4992.1
-1000
0.05
26
44.9
67.95
94.5
118.6
137.15
160.7
187.25
211.1
229.15
253.3
279.85
303.3
321.4
346
372.5
395.5
413.9
438.8
465.2
487.95
506.65
531.7
558.05
580.5
599.45
624.7
650.95
673.15
692.3
717.65
743.8
765.9
785.15
810.6
836.7
858.55
878.1
903.6
929.55
951.25
971
996.65
1022.6
1044.15
1064
1089.65
1115.55
1137.05
1157
1182.7
1208.6
1230
1250.05
1275.8
1301.6
1322.95
1343.05
1368.85
1394.65
1415.85
1436.05
1461.9
1487.65
1508.75
1529.1
1554.95
1580.55
1601.5
1622
1647.95
1673.55
1694.35
1715
1741
1766.45
1787.15
1807.9
1833.95
1859.3
1879.75
1900.85
1927
1952.2
1972.55
1993.8
2020
2045.1
2065.2
2086.7
2112.95
2137.9
2157.75
2179.6
2205.9
2230.65
2250.25
2272.4
2298.8
2323.35
2342.65
2365.2
2391.65
2416
2434.95
2457.9
2484.45
2508.6
2527.25
2550.7
2577.25
2601.1
2619.15
2643.25
2669.8
2693.25
2711.25
2735.85
2762.35
2785.35
2803.8
2828.65
2855
2877.65
2896.4
2921.55
2947.85
2970.25
2989.25
3014.55
3040.75
3063
3082.15
3107.5
3133.7
3155.75
3175.1
3200.55
3226.65
3248.65
3268.1
3293.6
3319.65
3341.5
3361.05
3386.6
3412.65
3434.35
3454.05
3479.65
3505.55
3527.1
3546.95
3572.7
3598.55
3619.95
3639.95
3665.7
3691.55
3712.85
3732.9
