0.05
17
37.95
58.95
79.95
100.95
121.95
142.9
163.9
184.9
205.9
226.85
247.85
268.85
289.85
310.8
331.8
352.8
373.8
394.75
415.75
436.75
457.75
478.75
499.7
520.7
541.7
562.7
583.65
604.65
625.65
646.65
667.6
688.6
709.6
730.6
751.6
772.55
793.55
814.55
835.55
856.5
877.5
898.5
919.5
940.45
961.45
982.45
1003.45
1024.4
1045.4
1066.4
1087.4
1108.4
1129.35
1150.35
1171.35
1192.35
1213.3
1234.3
1255.3
1276.3
1297.25
1318.25
1339.25
1360.25
1381.2
1402.2
1423.2
1444.2
1465.2
1486.15
1507.15
1528.15
1549.15
1570.1
1591.1
1612.1
1633.1
1654.05
1675.05
1696.05
1717.05
1738
1759
1780
1801
1822
1842.95
1863.95
1884.95
1905.95
1926.9
1947.9
1968.9
1989.9
2010.85
2031.85
2052.85
2073.85
2094.85
2115.8
2136.8
2157.8
2178.8
2199.75
2220.75
2241.75
2262.75
2283.7
2304.7
2325.7
2346.7
2367.65
2388.65
2409.65
2430.65
2451.65
2472.6
2493.6
2514.6
2535.6
2556.55
2577.55
2598.55
2619.55
2640.5
2661.5
2682.5
2703.5
2724.45
2745.45
2766.45
2787.45
2808.45
2829.4
2850.4
2871.4
2892.4
2913.35
2934.35
2955.35
2976.35
2997.3
3018.3
3039.3
3060.3
3081.3
3102.25
3123.25
3144.25
3165.25
3186.2
3207.2
3228.2
3249.2
3270.15
3291.15
3312.15
3333.15
3354.1
3375.1
3396.1
3417.1
3438.1
3459.05
3480.05
3501.05
3522.05
3543
3564
3585
3606
3626.95
3647.95
3668.95
3689.95
3710.9
3731.9
3752.9
3773.9
3794.9
3815.85
3836.85
3857.85
3878.85
3899.8
3920.8
3941.8
3962.8
3983.75
4004.75
4025.75
4046.75
4067.7
4088.7
4109.7
4130.7
4151.7
4172.65
4193.65
4214.65
4235.65
4256.6
4277.6
4298.6
4319.6
4340.55
4361.55
4382.55
4403.55
4424.55
4445.5
4466.5
4487.5
4508.5
4529.45
4550.45
4571.45
4592.45
4613.4
4634.4
4655.4
4676.4
4697.35
4718.35
4739.35
4760.35
4781.35
4802.3
4823.3
4844.3
4865.3
4886.25
4907.25
4928.25
4949.25
4970.2
4991.2
-1000
0.05
26
44.5
63.65
83.55
103.9
124.5
145.2
166.1
187
208
228.9
249.85
270.85
291.85
312.8
333.8
354.8
375.8
396.8
417.8
438.8
459.8
480.8
501.7
522.7
543.7
564.7
585.65
606.65
627.65
648.65
669.6
690.6
711.6
732.6
753.6
774.6
795.6
816.6
837.6
858.5
879.5
900.5
921.5
942.45
963.45
984.45
1005.45
1026.4
1047.4
1068.4
1089.4
1110.4
1131.35
1152.35
1173.35
1194.35
1215.3
1236.3
1257.3
1278.3
1299.25
1320.25
1341.25
1362.25
1383.25
1404.25
1425.25
1446.25
1467.25
1488.15
1509.15
1530.15
1551.15
1572.1
1593.1
1614.1
1635.1
1656.05
1677.05
1698.05
1719.05
1740.05
1761.05
1782.05
1803.05
1824.05
1844.95
1865.95
1886.95
1907.95
1928.9
1949.9
1970.9
1991.9
2012.85
2033.85
2054.85
2075.85
2096.85
2117.8
2138.8
2159.8
2180.8
2201.75
2222.75
2243.75
2264.75
2285.7
2306.7
2327.7
2348.7
2369.65
2390.65
2411.65
2432.65
2453.65
2474.6
2495.6
2516.6
2537.6
2558.55
2579.55
2600.55
2621.55
2642.5
2663.5
2684.5
2705.5
2726.5
2747.5
2768.5
2789.5
2810.5
2831.4
2852.4
2873.4
2894.4
2915.35
2936.35
2957.35
2978.35
2999.3
3020.3
3041.3
3062.3
3083.3
3104.3
3125.3
3146.3
3167.3
3188.2
3209.2
3230.2
3251.2
3272.15
3293.15
3314.15
3335.15
3356.1
3377.1
3398.1
3419.1
3440.1
3461.05
3482.05
3503.05
3524.05
3545
3566
3587
3608
3628.95
3649.95
3670.95
3691.95
3712.95
3733.95
3754.95
3775.95
3796.95
3817.85
3838.85
3859.85
3880.85
3901.8
3922.8
3943.8
3964.8
3985.75
4006.75
4027.75
4048.75
4069.75
4090.75
4111.75
4132.75
4153.75
4174.65
4195.65
4216.65
4237.65
4258.6
4279.6
4300.6
4321.6
4342.55
4363.55
4384.55
4405.55
4426.55
4447.55
4468.55
4489.55
4510.55
4531.45
4552.45
4573.45
4594.45
4615.4
4636.4
4657.4
4678.4
4699.35
4720.35
4741.35
4762.35
4783.35
4804.3
4825.3
4846.3
4867.3
4888.25
4909.25
4930.25
4951.25
4972.2
4993.2
