0.05
16.3
36.5
56.65
76.85
97.05
117.25
137.45
157.65
177.85
198
218.2
238.4
258.6
278.8
299
319.2
339.4
359.55
379.75
399.95
420.15
440.35
460.55
480.75
500.9
521.1
541.3
561.5
581.7
601.9
622.1
642.3
662.45
682.65
702.85
723.05
743.25
763.45
783.65
803.8
824
844.2
864.4
884.6
904.8
925
945.2
965.35
985.55
1005.75
1025.95
1046.15
1066.35
1086.55
1106.7
1126.9
1147.1
1167.3
1187.5
1207.7
1227.9
1248.1
1268.25
1288.45
1308.65
1328.85
1349.05
1369.25
1389.45
1409.6
1429.8
1450
1470.2
1490.4
1510.6
1530.8
1551
1571.15
1591.35
1611.55
1631.75
1651.95
1672.15
1692.35
1712.5
1732.7
1752.9
1773.1
1793.3
1813.5
1833.7
1853.9
1874.05
1894.25
1914.45
1934.65
1954.85
1975.05
1995.25
2015.45
2035.6
2055.8
2076
2096.2
2116.4
2136.6
2156.8
2176.95
2197.15
2217.35
2237.55
2257.75
2277.95
2298.15
2318.35
2338.5
2358.7
2378.9
2399.1
2419.3
2439.5
2459.7
2479.85
2500.05
2520.25
2540.45
2560.65
2580.85
2601.05
2621.25
2641.4
2661.6
2681.8
2702
2722.2
2742.4
2762.6
2782.75
2802.95
2823.15
2843.35
2863.55
2883.75
2903.95
2924.15
2944.3
2964.5
2984.7
3004.9
3025.1
3045.3
3065.5
3085.65
3105.85
3126.05
3146.25
3166.45
3186.65
3206.85
3227.05
3247.2
3267.4
3287.6
3307.8
3328
3348.2
3368.4
3388.55
3408.75
3428.95
3449.15
3469.35
3489.55
3509.75
3529.95
3550.1
3570.3
3590.5
3610.7
3630.9
3651.1
3671.3
3691.45
3711.65
3731.85
3752.05
3772.25
3792.45
3812.65
3832.85
3853
3873.2
3893.4
3913.6
3933.8
3954
3974.2
3994.35
4014.55
4034.75
4054.95
4075.15
4095.35
4115.55
4135.75
4155.9
4176.1
4196.3
4216.5
4236.7
4256.9
4277.1
4297.25
4317.45
4337.65
4357.85
4378.05
4398.25
4418.45
4438.65
4458.8
4479
4499.2
4519.4
4539.6
4559.8
4580
4600.15
4620.35
4640.55
4660.75
4680.95
4701.15
4721.35
4741.55
4761.7
4781.9
4802.1
4822.3
4842.5
4862.7
4882.9
4903.05
4923.25
4943.45
4963.65
4983.85
-1000
0.05
26
44.15
62.75
82
101.65
121.5
141.5
161.55
181.7
201.75
221.95
242.15
262.35
282.55
302.75
322.95
343.05
363.2
383.4
403.65
423.85
444.05
464.25
484.5
504.6
524.8
545
565.2
585.4
605.65
625.85
645.95
666.1
686.3
706.55
726.75
746.95
767.15
787.4
807.5
827.7
847.9
868.1
888.3
908.55
928.75
948.85
969
989.2
1009.45
1029.65
1049.85
1070.05
1090.3
1110.4
1130.6
1150.8
1171
1191.2
1211.45
1231.65
1251.75
1271.9
1292.1
1312.35
1332.55
1352.75
1372.95
1393.2
1413.3
1433.5
1453.7
1473.9
1494.1
1514.35
1534.55
1554.65
1574.8
1595
1615.25
1635.45
1655.65
1675.85
1696.1
1716.2
1736.4
1756.6
1776.8
1797
1817.25
1837.45
1857.55
1877.7
1897.9
1918.15
1938.35
1958.55
1978.75
1999
2019.1
2039.3
2059.5
2079.7
2099.9
2120.15
2140.35
2160.45
2180.6
2200.8
2221.05
2241.25
2261.45
2281.65
2301.9
2322
2342.2
2362.4
2382.6
2402.8
2423.05
2443.25
2463.35
2483.5
2503.7
2523.95
2544.15
2564.35
2584.55
2604.8
2624.9
2645.1
2665.3
2685.5
2705.7
2725.95
2746.15
2766.25
2786.4
2806.6
2826.85
2847.05
2867.25
2887.45
2907.7
2927.8
2947.95
2968.15
2988.4
3008.6
3028.8
3049
3069.25
3089.35
3109.55
3129.75
3149.95
3170.15
3190.4
3210.6
3230.7
3250.85
3271.05
3291.3
3311.5
3331.7
3351.9
3372.15
3392.25
3412.45
3432.65
3452.85
3473.05
3493.3
3513.5
3533.6
3553.75
3573.95
3594.2
3614.4
3634.6
3654.8
3675.05
3695.15
3715.35
3735.55
3755.75
3775.95
3796.2
3816.4
3836.5
3856.65
3876.85
3897.1
3917.3
3937.5
3957.7
3977.95
3998.05
4018.25
4038.45
4058.65
4078.85
4099.1
4119.3
4139.4
4159.55
4179.75
4200
4220.2
4240.4
4260.6
4280.85
4300.95
4321.15
4341.35
4361.55
4381.75
4402
4422.2
4442.3
4462.45
4482.65
4502.9
4523.1
4543.3
4563.5
4583.75
4603.85
4624.05
4644.25
4664.45
4684.65
4704.9
4725.1
4745.2
4765.35
4785.55
4805.8
4826
4846.2
4866.4
4886.65
4906.75
4926.95
4947.15
4967.35
4987.55
