0.05
29.2
63.7
98.2
132.7
167.2
201.7
236.2
270.7
305.25
339.75
374.25
408.75
443.25
477.75
512.25
546.75
581.25
615.75
650.25
684.75
719.25
753.8
788.3
822.8
857.3
891.8
926.3
960.8
995.3
1029.8
1064.3
1098.8
1133.3
1167.8
1202.35
1236.85
1271.35
1305.85
1340.35
1374.85
1409.35
1443.85
1478.35
1512.85
1547.35
1581.85
1616.4
1650.9
1685.4
1719.9
1754.4
1788.9
1823.4
1857.9
1892.4
1926.9
1961.4
1995.9
2030.4
2064.95
2099.45
2133.95
2168.45
2202.95
2237.45
2271.95
2306.45
2340.95
2375.45
2409.95
2444.45
2478.95
2513.5
2548
2582.5
2617
2651.5
2686
2720.5
2755
2789.5
2824
2858.5
2893
2927.5
2962.05
2996.55
3031.05
3065.55
3100.05
3134.55
3169.05
3203.55
3238.05
3272.55
3307.05
3341.55
3376.1
3410.6
3445.1
3479.6
3514.1
3548.6
3583.1
3617.6
3652.1
3686.6
3721.1
3755.6
3790.1
3824.65
3859.15
3893.65
3928.15
3962.65
3997.15
4031.65
4066.15
4100.65
4135.15
4169.65
4204.15
4238.65
4273.2
4307.7
4342.2
4376.7
4411.2
4445.7
4480.2
4514.7
4549.2
4583.7
4618.2
4652.7
4687.2
4721.75
4756.25
4790.75
4825.25
4859.75
4894.25
4928.75
4963.25
4997.75
-1000
0.05
26
57.25
90.35
124.35
158.6
193.05
227.5
262
296.5
331.05
365.55
400.05
434.55
469.05
503.55
538.05
572.55
607.05
641.55
676.05
710.55
745.05
779.6
814.1
848.6
883.1
917.6
952.1
986.6
1021.1
1055.6
1090.1
1124.6
1159.1
1193.6
1228.15
1262.65
1297.15
1331.65
1366.15
1400.65
1435.15
1469.65
1504.15
1538.65
1573.15
1607.65
1642.15
1676.7
1711.2
1745.7
1780.2
1814.7
1849.2
1883.7
1918.2
1952.7
1987.2
2021.7
2056.2
2090.75
2125.25
2159.75
2194.25
2228.75
2263.25
2297.75
2332.25
2366.75
2401.25
2435.75
2470.25
2504.75
2539.3
2573.8
2608.3
2642.8
2677.3
2711.8
2746.3
2780.8
2815.3
2849.8
2884.3
2918.8
2953.3
2987.85
3022.35
3056.85
3091.35
3125.85
3160.35
3194.85
3229.35
3263.85
3298.35
3332.85
3367.35
3401.85
3436.4
3470.9
3505.4
3539.9
3574.4
3608.9
3643.4
3677.9
3712.4
3746.9
3781.4
3815.9
3850.45
3884.95
3919.45
3953.95
3988.45
4022.95
4057.45
4091.95
4126.45
4160.95
4195.45
4229.95
4264.45
4299
4333.5
4368
4402.5
4437
4471.5
4506
4540.5
4575
4609.5
4644
4678.5
4713
4747.55
4782.05
4816.55
4851.05
4885.55
4920.05
4954.55
4989.05
