0.05
17
37.95
58.95
79.95
100.95
121.95
142.9
163.9
184.9
205.9
226.85
247.85
268.85
289.85
310.8
331.8
352.8
373.8
394.75
415.75
436.75
457.75
478.75
499.7
520.7
541.7
562.7
583.65
604.65
625.65
646.65
667.6
688.6
709.6
730.6
751.6
772.55
793.55
814.55
835.55
856.5
877.5
898.5
919.5
940.45
961.45
982.45
1003.45
1024.4
1045.4
1066.4
1087.4
1108.4
1129.35
1150.35
1171.35
1192.35
1213.3
1234.3
1255.3
1276.3
1297.25
1318.25
1339.25
1360.25
1381.2
1402.2
1423.2
1444.2
1465.2
1486.15
1507.15
1528.15
1549.15
1570.1
1591.1
1612.1
1633.1
1654.05
1675.05
1696.05
1717.05
1738
1759
1780
1801
1822
1842.95
1863.95
1884.95
1905.95
1926.9
1947.9
1968.9
1989.9
2010.85
2031.85
2052.85
2073.85
2094.85
2115.8
2136.8
2157.8
2178.8
2199.75
2220.75
2241.75
2262.75
2283.7
2304.7
2325.7
2346.7
2367.65
2388.65
2409.65
2430.65
2451.65
2472.6
2493.6
2514.6
2535.6
2556.55
2577.55
2598.55
2619.55
2640.5
2661.5
2682.5
2703.5
2724.45
2745.45
2766.45
2787.45
2808.45
2829.4
2850.4
2871.4
2892.4
2913.35
2934.35
2955.35
2976.35
2997.3
3018.3
3039.3
3060.3
3081.3
3102.25
3123.25
3144.25
3165.25
3186.2
3207.2
3228.2
3249.2
3270.15
3291.15
3312.15
3333.15
3354.1
3375.1
3396.1
3417.1
3438.1
3459.05
3480.05
3501.05
3522.05
3543
3564
3585
3606
3626.95
3647.95
3668.95
3689.95
3710.9
3731.9
3752.9
3773.9
3794.9
3815.85
3836.85
3857.85
3878.85
3899.8
3920.8
3941.8
3962.8
3983.75
4004.75
4025.75
4046.75
4067.7
4088.7
4109.7
4130.7
4151.7
4172.65
4193.65
4214.65
4235.65
4256.6
4277.6
4298.6
4319.6
4340.55
4361.55
4382.55
4403.55
4424.55
4445.5
4466.5
4487.5
4508.5
4529.45
4550.45
4571.45
4592.45
4613.4
4634.4
4655.4
4676.4
4697.35
4718.35
4739.35
4760.35
4781.35
4802.3
4823.3
4844.3
4865.3
4886.25
4907.25
4928.25
4949.25
4970.2
4991.2
-1000
0.05
26
44.15
62.7
82.15
102.25
122.75
143.35
164.15
185.05
206
226.9
247.9
268.9
289.9
310.8
331.8
352.8
373.8
394.8
415.8
436.8
457.8
478.8
499.7
520.7
541.7
562.7
583.65
604.65
625.65
646.65
667.6
688.6
709.6
730.6
751.6
772.6
793.6
814.6
835.6
856.5
877.5
898.5
919.5
940.45
961.45
982.45
1003.45
1024.4
1045.4
1066.4
1087.4
1108.4
1129.35
1150.35
1171.35
1192.35
1213.3
1234.3
1255.3
1276.3
1297.25
1318.25
1339.25
1360.25
1381.25
1402.25
1423.25
1444.25
1465.25
1486.15
1507.15
1528.15
1549.15
1570.1
1591.1
1612.1
1633.1
1654.05
1675.05
1696.05
1717.05
1738.05
1759.05
1780.05
1801.05
1822.05
1842.95
1863.95
1884.95
1905.95
1926.9
1947.9
1968.9
1989.9
2010.85
2031.85
2052.85
2073.85
2094.85
2115.8
2136.8
2157.8
2178.8
2199.75
2220.75
2241.75
2262.75
2283.7
2304.7
2325.7
2346.7
2367.65
2388.65
2409.65
2430.65
2451.65
2472.6
2493.6
2514.6
2535.6
2556.55
2577.55
2598.55
2619.55
2640.5
2661.5
2682.5
2703.5
2724.5
2745.5
2766.5
2787.5
2808.5
2829.4
2850.4
2871.4
2892.4
2913.35
2934.35
2955.35
2976.35
2997.3
3018.3
3039.3
3060.3
3081.3
3102.3
3123.3
3144.3
3165.3
3186.2
3207.2
3228.2
3249.2
3270.15
3291.15
3312.15
3333.15
3354.1
3375.1
3396.1
3417.1
3438.1
3459.05
3480.05
3501.05
3522.05
3543
3564
3585
3606
3626.95
3647.95
3668.95
3689.95
3710.95
3731.95
3752.95
3773.95
3794.95
3815.85
3836.85
3857.85
3878.85
3899.8
3920.8
3941.8
3962.8
3983.75
4004.75
4025.75
4046.75
4067.75
4088.75
4109.75
4130.75
4151.75
4172.65
4193.65
4214.65
4235.65
4256.6
4277.6
4298.6
4319.6
4340.55
4361.55
4382.55
4403.55
4424.55
4445.55
4466.55
4487.55
4508.55
4529.45
4550.45
4571.45
4592.45
4613.4
4634.4
4655.4
4676.4
4697.35
4718.35
4739.35
4760.35
4781.35
4802.3
4823.3
4844.3
4865.3
4886.25
4907.25
4928.25
4949.25
4970.2
4991.2
