0.05
28.85
62.95
97.05
131.2
165.3
199.4
233.55
267.65
301.75
335.9
370
404.1
438.2
472.35
506.45
540.55
574.7
608.8
642.9
677.05
711.15
745.25
779.4
813.5
847.6
881.75
915.85
949.95
984.05
1018.2
1052.3
1086.4
1120.55
1154.65
1188.75
1222.9
1257
1291.1
1325.25
1359.35
1393.45
1427.55
1461.7
1495.8
1529.9
1564.05
1598.15
1632.25
1666.4
1700.5
1734.6
1768.75
1802.85
1836.95
1871.1
1905.2
1939.3
1973.4
2007.55
2041.65
2075.75
2109.9
2144
2178.1
2212.25
2246.35
2280.45
2314.6
2348.7
2382.8
2416.9
2451.05
2485.15
2519.25
2553.4
2587.5
2621.6
2655.75
2689.85
2723.95
2758.1
2792.2
2826.3
2860.4
2894.55
2928.65
2962.75
2996.9
3031
3065.1
3099.25
3133.35
3167.45
3201.6
3235.7
3269.8
3303.95
3338.05
3372.15
3406.25
3440.4
3474.5
3508.6
3542.75
3576.85
3610.95
3645.1
3679.2
3713.3
3747.45
3781.55
3815.65
3849.75
3883.9
3918
3952.1
3986.25
4020.35
4054.45
4088.6
4122.7
4156.8
4190.95
4225.05
4259.15
4293.3
4327.4
4361.5
4395.6
4429.75
4463.85
4497.95
4532.1
4566.2
4600.3
4634.45
4668.55
4702.65
4736.8
4770.9
4805
4839.1
4873.25
4907.35
4941.45
4975.6
-1000
0.05
26
57.05
89.85
123.4
157.35
191.35
225.45
259.55
293.7
327.8
361.95
396.05
430.15
464.25
498.35
532.45
566.6
600.7
634.8
668.95
703.05
737.15
771.3
805.45
839.55
873.65
907.8
941.9
976
1010.1
1044.2
1078.3
1112.45
1146.55
1180.65
1214.8
1248.9
1283
1317.15
1351.3
1385.4
1419.5
1453.6
1487.7
1521.8
1555.95
1590.05
1624.15
1658.3
1692.4
1726.5
1760.65
1794.8
1828.9
1863
1897.1
1931.2
1965.3
1999.45
2033.55
2067.65
2101.8
2135.9
2170
2204.15
2238.25
2272.35
2306.5
2340.65
2374.75
2408.85
2442.95
2477.05
2511.15
2545.3
2579.4
2613.5
2647.65
2681.75
2715.85
2750
2784.15
2818.25
2852.35
2886.45
2920.55
2954.65
2988.8
3022.9
3057
3091.15
3125.25
3159.35
3193.5
3227.65
3261.75
3295.85
3330
3364.1
3398.2
3432.3
3466.4
3500.5
3534.65
3568.75
3602.85
3637
3671.1
3705.2
3739.35
3773.5
3807.6
3841.7
3875.8
3909.9
3944
3978.15
4012.25
4046.35
4080.5
4114.6
4148.7
4182.85
4217
4251.1
4285.2
4319.3
4353.4
4387.5
4421.65
4455.75
4489.85
4524
4558.1
4592.2
4626.35
4660.45
4694.55
4728.7
4762.85
4796.95
4831.05
4865.15
4899.25
4933.35
4967.5
