0.05
20.35
45.1
69.85
94.65
119.4
144.15
168.95
193.7
218.45
243.2
268
292.75
317.5
342.3
367.05
391.8
416.55
441.35
466.1
490.85
515.6
540.4
565.15
589.9
614.7
639.45
664.2
688.95
713.75
738.5
763.25
788.05
812.8
837.55
862.3
887.1
911.85
936.6
961.35
986.15
1010.9
1035.65
1060.45
1085.2
1109.95
1134.7
1159.5
1184.25
1209
1233.8
1258.55
1283.3
1308.05
1332.85
1357.6
1382.35
1407.1
1431.9
1456.65
1481.4
1506.2
1530.95
1555.7
1580.45
1605.25
1630
1654.75
1679.55
1704.3
1729.05
1753.8
1778.6
1803.35
1828.1
1852.9
1877.65
1902.4
1927.15
1951.95
1976.7
2001.45
2026.2
2051
2075.75
2100.5
2125.3
2150.05
2174.8
2199.55
2224.35
2249.1
2273.85
2298.65
2323.4
2348.15
2372.9
2397.7
2422.45
2447.2
2471.95
2496.75
2521.5
2546.25
2571.05
2595.8
2620.55
2645.3
2670.1
2694.85
2719.6
2744.4
2769.15
2793.9
2818.65
2843.45
2868.2
2892.95
2917.7
2942.5
2967.25
2992
3016.8
3041.55
3066.3
3091.05
3115.85
3140.6
3165.35
3190.15
3214.9
3239.65
3264.4
3289.2
3313.95
3338.7
3363.45
3388.25
3413
3437.75
3462.55
3487.3
3512.05
3536.8
3561.6
3586.35
3611.1
3635.9
3660.65
3685.4
3710.15
3734.95
3759.7
3784.45
3809.25
3834
3858.75
3883.5
3908.3
3933.05
3957.8
3982.55
4007.35
4032.1
4056.85
4081.65
4106.4
4131.15
4155.9
4180.7
4205.45
4230.2
4255
4279.75
4304.5
4329.25
4354.05
4378.8
4403.55
4428.3
4453.1
4477.85
4502.6
4527.4
4552.15
4576.9
4601.65
4626.45
4651.2
4675.95
4700.75
4725.5
4750.25
4775
4799.8
4824.55
4849.3
4874.05
4898.85
4923.6
4948.35
4973.15
4997.9
-1000
0.05
26.25
46.6
64.8
85.8
108.6
132.2
156.1
180.2
204.35
228.55
252.6
276.3
299.05
319.75
337.75
358.45
381.1
404.65
428.55
452.65
476.8
501
525.05
548.8
571.65
592.5
610.5
631.05
653.65
677.1
701
725.15
749.3
773.5
797.55
821.35
844.35
865.45
883.65
903.8
926.25
949.65
973.5
997.6
1021.8
1045.95
1070.05
1093.9
1117.05
1138.4
1157.15
1176.9
1199
1222.3
1246.05
1270.1
1294.25
1318.45
1342.55
1366.5
1389.85
1411.55
1430.7
1449.95
1471.75
1494.9
1518.6
1542.6
1566.75
1590.95
1615.1
1639.05
1662.55
1684.65
1704.25
1723
1744.5
1767.5
1791.15
1815.15
1839.3
1863.45
1887.65
1911.65
1935.3
1957.85
1978.15
1996.35
2017.4
2040.15
2063.75
2087.7
2111.8
2136
2160.1
2184.15
2207.9
2230.65
2251.3
2269.3
2290.05
2312.7
2336.2
2360.15
2384.25
2408.4
2432.55
2456.6
2480.35
2503.2
2524.05
2542.05
2562.65
2585.2
2608.7
2632.6
2656.7
2680.9
2705.05
2729.15
2752.95
2775.9
2797
2815.15
2835.45
2857.8
2881.2
2905.1
2929.15
2953.35
2977.55
3001.65
3025.5
3048.6
3069.95
3088.7
3108.45
3130.6
3153.85
3177.65
3201.7
3225.85
3250
3274.15
3298.05
3321.4
3343.05
3362.15
3381.45
3403.3
3426.45
3450.2
3474.2
3498.35
3522.5
3546.65
3570.6
3594.1
3616.1
3635.65
3654.4
3675.95
3699
3722.7
3746.7
3770.85
3795.05
3819.2
3843.2
3866.85
3889.3
3909.5
3927.7
3948.85
3971.7
3995.3
4019.25
4043.35
4067.55
4091.7
4115.7
4139.4
4162.1
4182.7
4200.75
4221.6
4244.3
4267.8
4291.7
4315.8
4340
4364.15
4388.2
4411.9
4434.7
4455.5
4473.5
4494.15
4516.75
4540.25
4564.15
4588.25
