0.05
22.1
48.8
75.5
102.2
128.9
155.65
182.35
209.05
235.75
262.45
289.15
315.85
342.6
369.3
396
422.7
449.4
476.1
502.8
529.55
556.25
582.95
609.65
636.35
663.05
689.75
716.5
743.2
769.9
796.6
823.3
850
876.75
903.45
930.15
956.85
983.55
1010.25
1036.95
1063.7
1090.4
1117.1
1143.8
1170.5
1197.2
1223.9
1250.65
1277.35
1304.05
1330.75
1357.45
1384.15
1410.85
1437.6
1464.3
1491
1517.7
1544.4
1571.1
1597.8
1624.55
1651.25
1677.95
1704.65
1731.35
1758.05
1784.8
1811.5
1838.2
1864.9
1891.6
1918.3
1945
1971.75
1998.45
2025.15
2051.85
2078.55
2105.25
2131.95
2158.7
2185.4
2212.1
2238.8
2265.5
2292.2
2318.9
2345.65
2372.35
2399.05
2425.75
2452.45
2479.15
2505.85
2532.6
2559.3
2586
2612.7
2639.4
2666.1
2692.8
2719.55
2746.25
2772.95
2799.65
2826.35
2853.05
2879.8
2906.5
2933.2
2959.9
2986.6
3013.3
3040
3066.75
3093.45
3120.15
3146.85
3173.55
3200.25
3226.95
3253.7
3280.4
3307.1
3333.8
3360.5
3387.2
3413.9
3440.65
3467.35
3494.05
3520.75
3547.45
3574.15
3600.85
3627.6
3654.3
3681
3707.7
3734.4
3761.1
3787.85
3814.55
3841.25
3867.95
3894.65
3921.35
3948.05
3974.8
4001.5
4028.2
4054.9
4081.6
4108.3
4135
4161.75
4188.45
4215.15
4241.85
4268.55
4295.25
4321.95
4348.7
4375.4
4402.1
4428.8
4455.5
4482.2
4508.9
4535.65
4562.35
4589.05
4615.75
4642.45
4669.15
4695.9
4722.6
4749.3
4776
4802.7
4829.4
4856.1
4882.85
4909.55
4936.25
4962.95
4989.65
-1000
0.05
26
44.9
65.45
89.05
113.85
138.75
162.9
184.4
202.45
224.4
248.55
273.45
298.3
321.6
341.85
360.85
383.7
408.2
433.2
457.75
480.2
499.15
519.6
543.1
567.85
592.8
616.95
638.45
656.5
678.4
702.6
727.5
752.25
775.5
795.55
814.8
837.65
862.2
887.15
911.65
934
952.85
973.5
997.1
1021.85
1046.8
1070.95
1092.4
1110.45
1132.4
1156.6
1181.5
1206.3
1229.65
1249.85
1268.85
1291.75
1316.25
1341.2
1365.8
1388.25
1407.15
1427.6
1451.15
1475.9
1500.85
1524.95
1546.45
1564.5
1586.45
1610.6
1635.5
1660.3
1683.5
1703.55
1722.8
1745.7
1770.25
1795.2
1819.75
1842.15
1861
1881.6
1905.2
1929.95
1954.9
1979.05
2000.55
2018.6
2040.5
2064.65
2089.6
2114.4
2137.75
2158
2176.95
2199.8
2224.3
2249.3
2273.85
2296.35
2315.3
2335.7
2359.25
2383.95
2408.9
2433.05
2454.6
2472.65
2494.55
2518.7
2543.6
2568.35
2591.6
2611.7
2630.9
2653.8
2678.3
2703.25
2727.85
2750.25
2769.15
2789.65
2813.25
2838
2862.95
2887.1
2908.65
2926.65
2948.55
2972.75
2997.65
3022.45
3045.8
3066.1
3085.05
3107.9
3132.4
3157.35
3181.95
3204.4
3223.4
3243.8
3267.3
3292.05
3316.95
3341.1
3362.7
3380.7
3402.6
3426.75
3451.65
3476.4
3499.7
3519.8
3538.95
3561.85
3586.35
3611.3
3635.9
3658.3
3677.15
3697.7
3721.3
3746.05
3771
3795.15
3816.65
3834.7
3856.6
3880.8
3905.7
3930.5
3953.85
3974.1
3993.1
4015.9
4040.45
4065.4
4090
4112.45
4131.4
4151.85
4175.35
4200.05
4225
4249.15
