0.05
49.8
106.2
162.55
218.95
275.35
331.75
388.15
444.55
500.95
557.35
613.7
670.1
726.5
782.9
839.3
895.7
952.1
1008.45
1064.85
1121.25
1177.65
1234.05
1290.45
1346.85
1403.2
1459.6
1516
1572.4
1628.8
1685.2
1741.6
1798
1854.35
1910.75
1967.15
2023.55
2079.95
2136.35
2192.75
2249.1
2305.5
2361.9
2418.3
2474.7
2531.1
2587.5
2643.9
2700.25
2756.65
2813.05
2869.45
2925.85
2982.25
3038.65
3095
3151.4
3207.8
3264.2
3320.6
3377
3433.4
3489.75
3546.15
3602.55
3658.95
3715.35
3771.75
3828.15
3884.55
3940.9
3997.3
4053.7
4110.1
4166.5
4222.9
4279.3
4335.65
4392.05
4448.45
4504.85
4561.25
4617.65
4674.05
4730.4
4786.8
4843.2
4899.6
4956
-1000
0.05
26
70.8
101.7
135.65
177.7
208.4
246.35
279.4
309.8
354.3
385.2
418.2
461.3
492.05
528.9
564.45
594.75
637.95
668.85
700.95
745.05
775.8
811.45
850.2
880.65
921.55
952.5
984.1
1028.75
1059.6
1094.05
1135.25
1165.85
1204.65
1236.55
1267.35
1312.05
1342.95
1376.55
1419.1
1449.8
1487.25
1521.3
1551.6
1595.7
1626.6
1659.15
1702.7
1733.45
1769.8
1806.7
1837.05
1879.35
1910.25
1942.3
1986.8
2017.65
2052.5
2092.9
2123.5
2163
2194.35
2225.45
2270.2
2301.05
2335
2376.95
2407.65
2445.65
2478.6
2509.05
2553.55
2584.45
2617.5
2660.7
2691.4
2728.25
2763.9
2794.2
2837.35
2868.25
2900.3
2944.45
2975.2
3010.85
3049.65
3080.1
3120.9
