0.05
17.65
39.4
61.1
82.85
104.6
126.3
148.05
169.8
191.5
213.25
235
256.7
278.45
300.2
321.9
343.65
365.4
387.1
408.85
430.6
452.3
474.05
495.8
517.5
539.25
561
582.7
604.45
626.15
647.9
669.65
691.35
713.1
734.85
756.55
778.3
800.05
821.75
843.5
865.25
886.95
908.7
930.45
952.15
973.9
995.65
1017.35
1039.1
1060.85
1082.55
1104.3
1126.05
1147.75
1169.5
1191.25
1212.95
1234.7
1256.45
1278.15
1299.9
1321.65
1343.35
1365.1
1386.85
1408.55
1430.3
1452.05
1473.75
1495.5
1517.25
1538.95
1560.7
1582.45
1604.15
1625.9
1647.65
1669.35
1691.1
1712.85
1734.55
1756.3
1778.05
1799.75
1821.5
1843.25
1864.95
1886.7
1908.45
1930.15
1951.9
1973.65
1995.35
2017.1
2038.85
2060.55
2082.3
2104.05
2125.75
2147.5
2169.25
2190.95
2212.7
2234.45
2256.15
2277.9
2299.65
2321.35
2343.1
2364.85
2386.55
2408.3
2430.05
2451.75
2473.5
2495.25
2516.95
2538.7
2560.45
2582.15
2603.9
2625.65
2647.35
2669.1
2690.85
2712.55
2734.3
2756.05
2777.75
2799.5
2821.25
2842.95
2864.7
2886.45
2908.15
2929.9
2951.65
2973.35
2995.1
3016.85
3038.55
3060.3
3082.05
3103.75
3125.5
3147.25
3168.95
3190.7
3212.45
3234.15
3255.9
3277.65
3299.35
3321.1
3342.85
3364.55
3386.3
3408
3429.75
3451.5
3473.2
3494.95
3516.7
3538.4
3560.15
-1000
0.05
31.75
60.85
92.2
123.4
151.8
184.45
213.25
244.75
275.75
304.4
336.9
365.6
397.05
428
456.55
489.05
517.7
549.2
580.15
608.7
641.25
669.9
701.4
732.35
761
793.5
822.1
853.7
884.55
913.25
945.75
974.25
1005.9
1036.7
1065.35
1097.85
1126.4
1158.05
1188.85
1217.6
1250.1
1278.6
1310.3
1341.05
1369.8
1402.3
1430.75
1462.45
1493.2
1521.9
1554.4
1582.9
1614.55
1645.35
1674.1
1706.6
1735.05
1766.8
1797.55
1826.3
1858.85
1887.25
1919.1
1949.75
1978.65
2011.1
2039.45
2071.25
2101.9
2130.65
2163.1
2191.5
2223.3
2253.95
2282.75
2315.3
2343.7
2375.55
2406.15
2435.1
2467.55
2495.9
2527.7
2558.3
2587.1
2619.55
2647.95
2679.75
2710.4
2739.2
2771.75
2800.1
2832
2862.6
2891.55
2923.95
2952.3
2984.15
3014.75
3043.55
3076
3104.35
3136.15
3166.8
3195.65
3228.15
3256.5
3288.35
3318.95
3347.85
3380.3
3408.7
3440.5
3471.15
3500
3532.45
3560.8
3592.6
3623.2
3652
3684.5
3712.9
3744.65
3775.3
3804.2
3836.65
3865.05
3896.85
3927.5
3956.3
3988.8
4017.15
4048.95
4079.6
4108.4
4140.85
4169.25
4201
4231.7
4260.55
4293
4321.45
4353.2
4383.85
4412.7
4445.15
4473.55
4505.3
4535.95
4564.8
4597.25
4625.65
4657.4
4688.1
4716.8
4749.3
4777.7
4809.45
4840.2
4868.95
4901.5
4929.9
4961.75
4992.4
