0.05
27.2
59.5
91.85
124.15
156.45
188.8
221.1
253.45
285.75
318.05
350.4
382.7
415.05
447.35
479.65
512
544.3
576.65
608.95
641.25
673.6
705.9
738.25
770.55
802.85
835.2
867.5
899.85
932.15
964.45
996.8
1029.1
1061.45
1093.75
1126.05
1158.4
1190.7
1223.05
1255.35
1287.7
1320
1352.3
1384.65
1416.95
1449.3
1481.6
1513.9
1546.25
1578.55
1610.9
1643.2
1675.5
1707.85
1740.15
1772.5
1804.8
1837.1
1869.45
1901.75
1934.1
1966.4
1998.7
2031.05
2063.35
2095.7
2128
2160.3
2192.65
2224.95
2257.3
2289.6
2321.9
2354.25
2386.55
2418.9
2451.2
2483.5
2515.85
2548.15
2580.5
2612.8
2645.1
2677.45
2709.75
2742.1
2774.4
2806.7
2839.05
2871.35
2903.7
2936
2968.3
3000.65
3032.95
3065.3
3097.6
3129.9
3162.25
3194.55
3226.9
3259.2
3291.5
3323.85
3356.15
3388.5
3420.8
3453.1
3485.45
3517.75
3550.1
3582.4
3614.7
3647.05
3679.35
3711.7
3744
3776.3
3808.65
3840.95
3873.3
3905.6
3937.9
3970.25
4002.55
4034.9
4067.2
4099.55
4131.85
4164.15
4196.5
4228.8
4261.15
4293.45
4325.75
4358.1
4390.4
4422.75
4455.05
4487.35
4519.7
4552
4584.35
4616.65
4648.95
4681.3
4713.6
4745.95
4778.25
4810.55
4842.9
4875.2
4907.55
4939.85
4972.15
-1000
0.05
26
58.1
90.2
122.45
154.7
187
219.3
251.6
283.95
316.25
348.55
380.9
413.2
445.55
477.85
510.15
542.5
574.8
607.15
639.45
671.75
704.1
736.4
768.75
801.05
833.35
865.7
898
930.35
962.65
994.95
1027.3
1059.6
1091.95
1124.25
1156.55
1188.9
1221.2
1253.55
1285.85
1318.15
1350.5
1382.8
1415.15
1447.45
1479.8
1512.1
1544.4
1576.75
1609.05
1641.4
1673.7
1706
1738.35
1770.65
1803
1835.3
1867.6
1899.95
1932.25
1964.6
1996.9
2029.2
2061.55
2093.85
2126.2
2158.5
2190.8
2223.15
2255.45
2287.8
2320.1
2352.4
2384.75
2417.05
2449.4
2481.7
2514
2546.35
2578.65
2611
2643.3
2675.6
2707.95
2740.25
2772.6
2804.9
2837.2
2869.55
2901.85
2934.2
2966.5
2998.8
3031.15
3063.45
3095.8
3128.1
3160.4
3192.75
3225.05
3257.4
3289.7
3322
3354.35
3386.65
3419
3451.3
3483.6
3515.95
3548.25
3580.6
3612.9
3645.2
3677.55
3709.85
3742.2
3774.5
3806.8
3839.15
3871.45
3903.8
3936.1
3968.4
4000.75
4033.05
4065.4
4097.7
4130
4162.35
4194.65
4227
4259.3
4291.65
4323.95
4356.25
4388.6
4420.9
4453.25
4485.55
4517.85
4550.2
4582.5
4614.85
4647.15
4679.45
4711.8
4744.1
4776.45
4808.75
4841.05
4873.4
4905.7
4938.05
4970.35
