0.05
17.55
39.15
60.75
82.35
103.95
125.55
147.15
168.75
190.35
211.95
233.6
255.2
276.8
298.4
320
341.6
363.2
384.8
406.4
428
449.6
471.25
492.85
514.45
536.05
557.65
579.25
600.85
622.45
644.05
665.65
687.25
708.9
730.5
752.1
773.7
795.3
816.9
838.5
860.1
881.7
903.3
924.9
946.55
968.15
989.75
1011.35
1032.95
1054.55
1076.15
1097.75
1119.35
1140.95
1162.55
1184.2
1205.8
1227.4
1249
1270.6
1292.2
1313.8
1335.4
1357
1378.6
1400.2
1421.85
1443.45
1465.05
1486.65
1508.25
1529.85
1551.45
1573.05
1594.65
1616.25
1637.85
1659.5
1681.1
1702.7
1724.3
1745.9
1767.5
1789.1
1810.7
1832.3
1853.9
1875.55
1897.15
1918.75
1940.35
1961.95
1983.55
2005.15
2026.75
2048.35
2069.95
2091.55
2113.2
2134.8
2156.4
2178
2199.6
2221.2
2242.8
2264.4
2286
2307.6
2329.2
2350.85
2372.45
2394.05
2415.65
2437.25
2458.85
2480.45
2502.05
2523.65
2545.25
2566.85
2588.5
2610.1
2631.7
2653.3
2674.9
2696.5
2718.1
2739.7
2761.3
2782.9
2804.5
2826.15
2847.75
2869.35
2890.95
2912.55
2934.15
2955.75
2977.35
2998.95
3020.55
3042.15
3063.8
3085.4
3107
3128.6
3150.2
3171.8
3193.4
3215
3236.6
3258.2
3279.8
3301.45
3323.05
3344.65
3366.25
3387.85
3409.45
3431.05
3452.65
3474.25
3495.85
3517.45
3539.1
3560.7
3582.3
3603.9
3625.5
3647.1
3668.7
3690.3
3711.9
3733.5
3755.1
3776.75
3798.35
3819.95
3841.55
3863.15
3884.75
3906.35
3927.95
3949.55
3971.15
3992.75
4014.4
4036
4057.6
4079.2
4100.8
4122.4
4144
4165.6
4187.2
4208.8
4230.4
4252.05
4273.65
4295.25
4316.85
4338.45
4360.05
4381.65
4403.25
4424.85
4446.45
4468.1
4489.7
4511.3
4532.9
4554.5
4576.1
4597.7
4619.3
4640.9
4662.5
4684.1
4705.75
4727.35
4748.95
4770.55
4792.15
4813.75
4835.35
4856.95
4878.55
4900.15
4921.75
4943.4
4965
4986.6
-1000
0.05
25.75
48.55
71.15
93.45
115.55
137.45
159.25
180.95
202.6
224.25
245.85
267.45
289.1
310.7
332.35
353.95
375.55
397.15
418.75
440.35
461.95
483.55
505.1
526.75
548.35
570
591.6
613.2
634.8
656.4
678
699.6
721.2
742.75
764.4
786
807.65
829.25
850.85
872.45
894.05
915.65
937.25
958.85
980.4
1002.05
1023.65
1045.3
1066.9
1088.5
1110.1
1131.7
1153.3
1174.9
1196.5
1218.05
1239.7
1261.3
1282.95
1304.55
1326.15
1347.75
1369.35
1390.95
1412.55
1434.15
1455.7
1477.35
1498.95
1520.6
1542.2
1563.8
1585.4
1607
1628.6
1650.2
1671.8
1693.35
1715
1736.6
1758.25
1779.85
1801.45
1823.05
1844.65
1866.25
1887.85
1909.45
1931
1952.65
1974.25
1995.9
2017.5
2039.1
2060.7
2082.3
2103.9
2125.5
2147.1
2168.65
2190.3
2211.9
2233.55
2255.15
2276.75
2298.35
2319.95
2341.55
2363.15
2384.7
2406.35
2427.95
2449.6
2471.2
2492.8
2514.4
2536
2557.6
2579.2
2600.8
2622.35
2644
2665.6
2687.25
2708.85
2730.45
2752.05
2773.65
2795.25
2816.85
2838.45
2860
2881.65
2903.25
2924.9
2946.5
2968.1
2989.7
3011.3
3032.9
3054.5
3076.1
3097.65
3119.3
3140.9
3162.55
3184.15
3205.75
3227.35
3248.95
3270.55
3292.15
3313.75
3335.3
3356.95
3378.55
3400.2
3421.8
3443.4
3465
3486.6
3508.2
3529.8
3551.4
3572.95
3594.6
3616.2
3637.85
3659.45
3681.05
3702.65
3724.25
3745.85
3767.45
3789.05
3810.6
3832.25
3853.85
3875.5
3897.1
3918.7
3940.3
3961.9
3983.5
4005.1
4026.7
4048.25
4069.9
4091.5
4113.15
4134.75
4156.35
4177.95
4199.55
4221.15
4242.75
4264.35
4285.9
4307.55
4329.15
4350.8
4372.4
4394
4415.6
4437.2
4458.8
4480.4
4502
4523.55
4545.2
4566.8
4588.45
4610.05
4631.65
4653.25
4674.85
4696.45
4718.05
4739.65
4761.2
4782.85
4804.45
4826.1
4847.7
4869.3
4890.9
4912.5
4934.1
4955.7
4977.25
4998.9
