0.05
18.6
41.45
64.3
87.1
109.95
132.8
155.6
178.45
201.3
224.1
246.95
269.8
292.6
315.45
338.3
361.1
383.95
406.8
429.6
452.45
475.3
498.1
520.95
543.8
566.6
589.45
612.3
635.1
657.95
680.8
703.6
726.45
749.3
772.1
794.95
817.8
840.6
863.45
886.25
909.1
931.95
954.75
977.6
1000.45
1023.25
1046.1
1068.95
1091.75
1114.6
1137.45
1160.25
1183.1
1205.95
1228.75
1251.6
1274.45
1297.25
1320.1
1342.95
1365.75
1388.6
1411.45
1434.25
1457.1
1479.95
1502.75
1525.6
1548.45
1571.25
1594.1
1616.95
1639.75
1662.6
1685.45
1708.25
1731.1
1753.95
1776.75
1799.6
1822.45
1845.25
1868.1
1890.95
1913.75
1936.6
1959.45
1982.25
2005.1
2027.9
2050.75
2073.6
2096.4
2119.25
2142.1
2164.9
2187.75
2210.6
2233.4
2256.25
2279.1
2301.9
2324.75
2347.6
2370.4
2393.25
2416.1
2438.9
2461.75
2484.6
2507.4
2530.25
2553.1
2575.9
2598.75
2621.6
2644.4
2667.25
2690.1
2712.9
2735.75
2758.6
2781.4
2804.25
2827.1
2849.9
2872.75
2895.6
2918.4
2941.25
2964.1
2986.9
3009.75
3032.6
3055.4
3078.25
3101.05
3123.9
3146.75
3169.55
3192.4
3215.25
3238.05
3260.9
3283.75
3306.55
3329.4
3352.25
3375.05
3397.9
3420.75
3443.55
3466.4
3489.25
3512.05
3534.9
3557.75
3580.55
3603.4
3626.25
3649.05
3671.9
3694.75
3717.55
3740.4
3763.25
3786.05
3808.9
3831.75
3854.55
3877.4
3900.25
3923.05
3945.9
3968.75
3991.55
4014.4
4037.25
4060.05
4082.9
4105.75
4128.55
4151.4
4174.25
4197.05
4219.9
4242.7
4265.55
4288.4
4311.2
4334.05
4356.9
4379.7
4402.55
4425.4
4448.2
4471.05
4493.9
4516.7
4539.55
4562.4
4585.2
4608.05
4630.9
4653.7
4676.55
4699.4
4722.2
4745.05
4767.9
4790.7
4813.55
4836.4
4859.2
4882.05
4904.9
4927.7
4950.55
4973.4
4996.2
-1000
0.05
26.5
49
71.1
92.35
112.15
130.15
149.9
171.05
192.9
215.2
237.65
260.3
283
305.75
328.5
351.25
374.05
396.9
419.7
442.5
465.35
488.15
511
533.85
556.65
579.5
602.35
625.15
648
670.85
693.65
716.5
739.35
762.15
785
807.85
830.65
853.5
876.35
899.2
922.05
944.9
967.7
990.55
1013.4
1036.2
1059.05
1081.9
1104.7
1127.55
1150.4
1173.2
1196.05
1218.9
1241.7
1264.55
1287.4
1310.2
1333.05
1355.9
1378.7
1401.55
1424.35
1447.15
1470
1492.8
1515.65
1538.5
1561.3
1584.15
1607
1629.8
1652.65
1675.5
1698.3
1721.15
1744
1766.8
1789.65
1812.5
1835.3
1858.15
1881
1903.8
1926.65
1949.5
1972.35
1995.2
2018.05
2040.85
2063.7
2086.55
2109.35
2132.2
2155.05
2177.85
2200.7
2223.55
2246.35
2269.2
2292.05
2314.85
2337.7
2360.55
2383.35
2406.2
2429.05
2451.85
2474.7
2497.55
2520.35
2543.2
2566
2588.8
2611.65
2634.45
2657.3
2680.15
2702.95
2725.8
2748.65
2771.45
2794.3
2817.15
2839.95
2862.8
2885.65
2908.45
2931.3
2954.15
2976.95
2999.8
3022.65
3045.45
3068.3
3091.15
3114
3136.85
3159.7
3182.5
3205.35
3228.2
3251
3273.85
3296.7
3319.5
3342.35
3365.2
3388
3410.85
3433.7
3456.5
3479.35
3502.2
3525
3547.85
3570.7
3593.5
3616.35
3639.15
3661.95
3684.8
3707.6
3730.45
3753.3
3776.1
3798.95
3821.8
3844.6
3867.45
3890.3
3913.1
3935.95
3958.8
3981.6
4004.45
4027.3
4050.1
4072.95
4095.8
4118.6
4141.45
4164.3
4187.15
4210
4232.85
4255.65
4278.5
4301.35
4324.15
4347
4369.85
4392.65
4415.5
4438.35
4461.15
4484
4506.85
4529.65
4552.5
4575.35
4598.15
4621
4643.85
4666.65
4689.5
4712.35
4735.15
4758
4780.8
4803.6
4826.45
4849.25
4872.1
4894.95
4917.75
4940.6
4963.45
4986.25
