0.05
17
37.95
58.95
79.95
100.95
121.95
142.9
163.9
184.9
205.9
226.85
247.85
268.85
289.85
310.8
331.8
352.8
373.8
394.75
415.75
436.75
457.75
478.75
499.7
520.7
541.7
562.7
583.65
604.65
625.65
646.65
667.6
688.6
709.6
730.6
751.6
772.55
793.55
814.55
835.55
856.5
877.5
898.5
919.5
940.45
961.45
982.45
1003.45
1024.4
1045.4
1066.4
1087.4
1108.4
1129.35
1150.35
1171.35
1192.35
1213.3
1234.3
1255.3
1276.3
1297.25
1318.25
1339.25
1360.25
1381.2
1402.2
1423.2
1444.2
1465.2
1486.15
1507.15
1528.15
1549.15
1570.1
1591.1
1612.1
1633.1
1654.05
1675.05
1696.05
1717.05
1738
1759
1780
1801
1822
1842.95
1863.95
1884.95
1905.95
1926.9
1947.9
1968.9
1989.9
2010.85
2031.85
2052.85
2073.85
2094.85
2115.8
2136.8
2157.8
2178.8
2199.75
2220.75
2241.75
2262.75
2283.7
2304.7
2325.7
2346.7
2367.65
2388.65
2409.65
2430.65
2451.65
2472.6
2493.6
2514.6
2535.6
2556.55
2577.55
2598.55
2619.55
2640.5
2661.5
2682.5
2703.5
2724.45
2745.45
2766.45
2787.45
2808.45
2829.4
2850.4
2871.4
2892.4
2913.35
2934.35
2955.35
2976.35
2997.3
3018.3
3039.3
3060.3
3081.3
3102.25
3123.25
3144.25
3165.25
3186.2
3207.2
3228.2
3249.2
3270.15
3291.15
3312.15
3333.15
3354.1
3375.1
3396.1
3417.1
3438.1
3459.05
3480.05
3501.05
3522.05
3543
3564
3585
3606
3626.95
3647.95
3668.95
3689.95
3710.9
3731.9
3752.9
3773.9
3794.9
3815.85
3836.85
3857.85
3878.85
3899.8
3920.8
3941.8
3962.8
3983.75
4004.75
4025.75
4046.75
4067.7
4088.7
4109.7
4130.7
4151.7
4172.65
4193.65
4214.65
4235.65
4256.6
4277.6
4298.6
4319.6
4340.55
4361.55
4382.55
4403.55
4424.55
4445.5
4466.5
4487.5
4508.5
4529.45
4550.45
4571.45
4592.45
4613.4
4634.4
4655.4
4676.4
4697.35
4718.35
4739.35
4760.35
4781.35
4802.3
4823.3
4844.3
4865.3
4886.25
4907.25
4928.25
4949.25
4970.2
-1000
0.05
26.25
48.8
71.2
93.25
114.9
136.25
157.5
178.7
199.8
220.75
241.8
262.85
283.85
304.8
325.8
346.8
367.8
388.8
409.8
430.8
451.8
472.8
493.7
514.7
535.7
556.7
577.65
598.65
619.65
640.65
661.6
682.6
703.6
724.6
745.6
766.6
787.6
808.6
829.6
850.5
871.5
892.5
913.5
934.45
955.45
976.45
997.45
1018.4
1039.4
1060.4
1081.4
1102.4
1123.35
1144.35
1165.35
1186.35
1207.3
1228.3
1249.3
1270.3
1291.25
1312.25
1333.25
1354.25
1375.25
1396.25
1417.25
1438.25
1459.25
1480.15
1501.15
1522.15
1543.15
1564.1
1585.1
1606.1
1627.1
1648.05
1669.05
1690.05
1711.05
1732.05
1753.05
1774.05
1795.05
1816.05
1836.95
1857.95
1878.95
1899.95
1920.9
1941.9
1962.9
1983.9
2004.85
2025.85
2046.85
2067.85
2088.85
2109.8
2130.8
2151.8
2172.8
2193.75
2214.75
2235.75
2256.75
2277.7
2298.7
2319.7
2340.7
2361.65
2382.65
2403.65
2424.65
2445.65
2466.6
2487.6
2508.6
2529.6
2550.55
2571.55
2592.55
2613.55
2634.5
2655.5
2676.5
2697.5
2718.5
2739.5
2760.5
2781.5
2802.5
2823.4
2844.4
2865.4
2886.4
2907.35
2928.35
2949.35
2970.35
2991.3
3012.3
3033.3
3054.3
3075.3
3096.3
3117.3
3138.3
3159.3
3180.2
3201.2
3222.2
3243.2
3264.15
3285.15
3306.15
3327.15
3348.1
3369.1
3390.1
3411.1
3432.1
3453.05
3474.05
3495.05
3516.05
3537
3558
3579
3600
3620.95
3641.95
3662.95
3683.95
3704.95
3725.95
3746.95
3767.95
3788.95
3809.85
3830.85
3851.85
3872.85
3893.8
3914.8
3935.8
3956.8
3977.75
3998.75
4019.75
4040.75
4061.75
4082.75
4103.75
4124.75
4145.75
4166.65
4187.65
4208.65
4229.65
4250.6
4271.6
4292.6
4313.6
4334.55
4355.55
4376.55
4397.55
4418.55
4439.55
4460.55
4481.55
4502.55
4523.45
4544.45
4565.45
4586.45
4607.4
4628.4
4649.4
4670.4
4691.35
4712.35
4733.35
4754.35
4775.35
4796.3
4817.3
4838.3
4859.3
4880.25
4901.25
4922.25
4943.25
4964.2
4985.2
