0.05
18.5
41.2
63.85
86.55
109.25
131.95
154.6
177.3
200
222.7
245.35
268.05
290.75
313.45
336.15
358.8
381.5
404.2
426.9
449.55
472.25
494.95
517.65
540.3
563
585.7
608.4
631.05
653.75
676.45
699.15
721.85
744.5
767.2
789.9
812.6
835.25
857.95
880.65
903.35
926
948.7
971.4
994.1
1016.75
1039.45
1062.15
1084.85
1107.55
1130.2
1152.9
1175.6
1198.3
1220.95
1243.65
1266.35
1289.05
1311.7
1334.4
1357.1
1379.8
1402.45
1425.15
1447.85
1470.55
1493.2
1515.9
1538.6
1561.3
1584
1606.65
1629.35
1652.05
1674.75
1697.4
1720.1
1742.8
1765.5
1788.15
1810.85
1833.55
1856.25
1878.9
1901.6
1924.3
1947
1969.7
1992.35
2015.05
2037.75
2060.45
2083.1
2105.8
2128.5
2151.2
2173.85
2196.55
2219.25
2241.95
2264.6
2287.3
2310
2332.7
2355.35
2378.05
2400.75
2423.45
2446.15
2468.8
2491.5
2514.2
2536.9
2559.55
2582.25
2604.95
2627.65
2650.3
2673
2695.7
2718.4
2741.05
2763.75
2786.45
2809.15
2831.85
2854.5
2877.2
2899.9
2922.6
2945.25
2967.95
2990.65
3013.35
3036
3058.7
3081.4
3104.1
3126.75
3149.45
3172.15
3194.85
3217.55
3240.2
3262.9
3285.6
3308.3
3330.95
3353.65
3376.35
3399.05
3421.7
3444.4
3467.1
3489.8
3512.45
3535.15
3557.85
3580.55
3603.2
3625.9
3648.6
3671.3
3694
3716.65
3739.35
3762.05
3784.75
3807.4
3830.1
3852.8
3875.5
3898.15
3920.85
3943.55
3966.25
3988.9
4011.6
4034.3
4057
4079.7
4102.35
4125.05
4147.75
4170.45
4193.1
4215.8
4238.5
4261.2
4283.85
4306.55
4329.25
4351.95
4374.6
4397.3
4420
4442.7
4465.35
4488.05
4510.75
4533.45
4556.15
4578.8
4601.5
4624.2
4646.9
4669.55
4692.25
4714.95
4737.65
4760.3
4783
4805.7
4828.4
4851.05
4873.75
4896.45
4919.15
4941.85
4964.5
4987.2
-1000
0.05
25.3
48.55
71.7
94.8
117.75
140.6
163.4
186.2
209
231.75
254.45
277.15
299.85
322.55
345.2
367.9
390.6
413.3
435.95
458.65
481.35
504.05
526.7
549.4
572.1
594.8
617.5
640.2
662.9
685.55
708.25
730.9
753.6
776.3
799
821.65
844.35
867.05
889.75
912.4
935.1
957.8
980.5
1003.2
1025.9
1048.6
1071.25
1093.95
1116.65
1139.35
1162.05
1184.7
1207.35
1230.05
1252.75
1275.45
1298.1
1320.8
1343.5
1366.2
1388.85
1411.55
1434.25
1456.95
1479.65
1502.35
1525.05
1547.7
1570.4
1593.05
1615.75
1638.45
1661.15
1683.8
1706.5
1729.2
1751.9
1774.55
1797.25
1819.95
1842.65
1865.35
1888.05
1910.75
1933.4
1956.1
1978.75
2001.45
2024.15
2046.85
2069.5
2092.2
2114.9
2137.6
2160.25
2182.95
2205.65
2228.35
2251
2273.7
2296.4
2319.1
2341.8
2364.5
2387.2
2409.85
2432.55
2455.2
2477.9
2500.6
2523.3
2545.95
2568.65
2591.35
2614.05
2636.7
2659.4
2682.1
2704.8
2727.5
2750.2
2772.9
2795.55
2818.25
2840.9
2863.6
2886.3
2909
2931.65
2954.35
2977.05
2999.75
3022.4
3045.1
3067.8
3090.5
3113.2
3135.9
3158.6
3181.25
3203.95
3226.65
3249.35
3272.05
3294.7
3317.35
3340.05
3362.75
3385.45
3408.1
3430.8
3453.5
3476.2
3498.85
3521.55
3544.25
3566.95
3589.65
3612.35
3635.05
3657.7
3680.4
3703.05
3725.75
3748.45
3771.15
3793.8
3816.5
3839.2
3861.9
3884.55
3907.25
3929.95
3952.65
3975.35
3998.05
4020.75
4043.4
4066.1
4088.75
4111.45
4134.15
4156.85
4179.5
4202.2
4224.9
4247.6
4270.25
4292.95
4315.65
4338.35
4361
4383.7
4406.4
4429.1
4451.8
4474.5
4497.2
4519.85
4542.55
4565.2
4587.9
4610.6
4633.3
4655.95
4678.65
4701.35
4724.05
4746.7
4769.4
4792.1
4814.8
4837.5
4860.2
4882.9
4905.55
4928.25
4950.9
4973.6
4996.3
