0.05
31.55
68.65
105.75
142.8
179.9
216.95
254.05
291.15
328.2
365.3
402.35
439.45
476.55
513.6
550.7
587.75
624.85
661.95
699
736.1
773.15
810.25
847.35
884.4
921.5
958.55
995.65
1032.75
1069.8
1106.9
1143.95
1181.05
1218.15
1255.2
1292.3
1329.35
1366.45
1403.55
1440.6
1477.7
1514.75
1551.85
1588.95
1626
1663.1
1700.15
1737.25
1774.35
1811.4
1848.5
1885.55
1922.65
1959.75
1996.8
2033.9
2070.95
2108.05
2145.15
2182.2
2219.3
2256.35
2293.45
2330.55
2367.6
2404.7
2441.75
2478.85
2515.95
2553
2590.1
2627.15
2664.25
2701.35
2738.4
2775.5
2812.55
2849.65
2886.75
2923.8
2960.9
2997.95
3035.05
3072.15
3109.2
3146.3
3183.35
3220.45
3257.55
3294.6
3331.7
3368.75
3405.85
3442.95
3480
3517.1
3554.15
3591.25
3628.35
3665.4
3702.5
3739.55
3776.65
3813.7
3850.8
3887.9
3924.95
3962.05
3999.1
4036.2
4073.3
4110.35
4147.45
4184.5
4221.6
4258.7
4295.75
4332.85
4369.9
4407
4444.1
4481.15
4518.25
4555.3
4592.4
4629.5
4666.55
4703.65
4740.7
4777.8
4814.9
4851.95
4889.05
4926.1
4963.2
-1000
0.05
26
58.65
93.95
130.35
167.15
204.15
241.2
278.25
315.35
352.4
389.5
426.55
463.65
500.75
537.8
574.9
611.95
649.05
686.15
723.2
760.3
797.35
834.45
871.55
908.6
945.7
982.75
1019.85
1056.95
1094
1131.1
1168.15
1205.25
1242.35
1279.4
1316.5
1353.55
1390.65
1427.75
1464.8
1501.9
1538.95
1576.05
1613.15
1650.2
1687.3
1724.35
1761.45
1798.55
1835.6
1872.7
1909.75
1946.85
1983.95
2021
2058.1
2095.15
2132.25
2169.35
2206.4
2243.5
2280.55
2317.65
2354.8
2391.8
2428.9
2465.95
2503.05
2540.2
2577.2
2614.3
2651.35
2688.45
2725.6
2762.6
2799.7
2836.75
2873.85
2911
2948
2985.1
3022.15
3059.25
3096.4
3133.4
3170.5
3207.55
3244.65
3281.8
3318.8
3355.9
3392.95
3430.05
3467.2
3504.2
3541.3
3578.35
3615.45
3652.5
3689.6
3726.7
3763.75
3800.85
3837.9
3875
3912.1
3949.15
3986.25
4023.3
4060.4
4097.5
4134.55
4171.65
4208.7
4245.8
4282.9
4319.95
4357.05
4394.1
4431.2
4468.3
4505.35
4542.45
4579.5
4616.6
4653.7
4690.75
4727.85
4764.9
4802
4839.1
4876.15
4913.25
4950.3
