0.05
14.3
32.25
50.2
68.15
86.1
104
121.95
139.9
157.85
175.8
193.75
211.7
229.6
247.55
265.5
283.45
301.4
319.35
337.3
355.2
373.15
391.1
409.05
427
444.95
462.9
480.8
498.75
516.7
534.65
552.6
570.55
588.5
606.4
624.35
642.3
660.25
678.2
696.15
714.1
732
749.95
767.9
785.85
803.8
821.75
839.7
857.6
875.55
893.5
911.45
929.4
947.35
965.3
983.2
1001.15
1019.1
1037.05
1055
1072.95
1090.9
1108.8
1126.75
1144.7
1162.65
1180.6
1198.55
1216.5
1234.4
1252.35
1270.3
1288.25
1306.2
1324.15
1342.1
1360
1377.95
1395.9
1413.85
1431.8
1449.75
1467.7
1485.6
1503.55
1521.5
1539.45
1557.4
1575.35
1593.3
1611.2
1629.15
1647.1
1665.05
1683
1700.95
1718.9
1736.8
1754.75
1772.7
1790.65
1808.6
1826.55
1844.5
1862.4
1880.35
1898.3
1916.25
1934.2
1952.15
1970.1
1988
2005.95
2023.9
2041.85
2059.8
2077.75
2095.7
2113.6
2131.55
2149.5
2167.45
2185.4
2203.35
2221.3
2239.2
2257.15
2275.1
2293.05
2311
2328.95
2346.9
2364.8
2382.75
2400.7
2418.65
2436.6
2454.55
2472.5
2490.4
2508.35
2526.3
2544.25
2562.2
2580.15
2598.1
2616
2633.95
2651.9
2669.85
2687.8
2705.75
2723.7
2741.6
2759.55
2777.5
2795.45
2813.4
2831.35
2849.3
2867.2
2885.15
2903.1
2921.05
2939
2956.95
2974.9
2992.8
3010.75
3028.7
3046.65
3064.6
3082.55
3100.5
3118.4
3136.35
3154.3
3172.25
3190.2
3208.15
3226.1
3244
3261.95
3279.9
3297.85
3315.8
3333.75
3351.7
3369.6
3387.55
3405.5
3423.45
3441.4
3459.35
3477.3
3495.2
3513.15
3531.1
3549.05
3567
3584.95
3602.9
3620.8
3638.75
3656.7
3674.65
3692.6
3710.55
3728.5
3746.4
3764.35
3782.3
3800.25
3818.2
3836.15
3854.05
3872
3889.95
3907.9
3925.85
3943.8
3961.75
3979.65
3997.6
4015.55
4033.5
4051.45
4069.4
4087.35
4105.25
4123.2
4141.15
4159.1
4177.05
4195
4212.95
4230.85
4248.8
4266.75
4284.7
4302.65
4320.6
4338.55
4356.45
4374.4
4392.35
4410.3
4428.25
4446.2
4464.15
4482.05
4500
4517.95
4535.9
4553.85
4571.8
4589.75
4607.65
4625.6
4643.55
4661.5
4679.45
4697.4
4715.35
4733.25
4751.2
4769.15
4787.1
4805.05
4823
4840.95
4858.85
4876.8
4894.75
4912.7
4930.65
4948.6
4966.55
-1000
0.05
25.2
45.95
65.85
84.95
103.7
122.2
140.6
158.85
177
195.1
213.1
231.1
249.15
267.15
285.2
303.2
321.15
339.05
356.95
374.95
392.95
410.95
428.9
446.85
464.75
482.65
500.6
518.6
536.55
554.55
572.5
590.35
608.25
626.25
644.2
662.2
680.15
698.1
716
733.85
751.85
769.8
787.8
805.75
823.7
841.6
859.45
877.45
895.4
913.4
931.35
949.3
967.2
985.05
1003.05
1021
1039
1056.95
1074.9
1092.8
1110.65
1128.65
1146.6
1164.6
1182.55
1200.5
1218.4
1236.25
1254.25
1272.2
1290.2
1308.15
1326.1
1344
1361.85
1379.85
1397.8
1415.8
1433.75
1451.7
1469.6
1487.45
1505.45
1523.4
1541.4
1559.35
1577.3
1595.2
1613.05
1631.05
1649
1667
1684.95
1702.9
1720.8
1738.65
1756.65
1774.6
1792.6
1810.55
1828.5
1846.4
1864.25
1882.25
1900.2
1918.2
1936.15
1954.1
1972
1989.85
2007.85
2025.8
2043.8
2061.75
2079.7
2097.6
2115.45
2133.45
2151.4
2169.4
2187.35
2205.3
2223.2
2241.05
2259.05
2277
2295
2312.95
2330.9
2348.8
2366.65
2384.65
2402.6
2420.6
2438.55
2456.5
2474.4
2492.25
2510.25
2528.2
2546.2
2564.15
2582.1
2600
2617.85
2635.85
2653.8
2671.8
2689.75
2707.7
2725.6
2743.45
2761.45
2779.4
2797.4
2815.35
2833.3
2851.2
2869.05
2887.05
2905
2923
2940.95
2958.9
2976.8
2994.65
3012.65
3030.6
3048.6
3066.55
3084.5
3102.4
3120.25
3138.25
3156.2
3174.2
3192.15
3210.1
3228
3245.85
3263.85
3281.8
3299.8
3317.75
3335.7
3353.6
3371.55
3389.5
3407.45
3425.45
3443.4
3461.35
3479.2
3497.2
3515.15
3533.1
3551.05
3569
3586.95
3604.85
3622.8
3640.75
3658.7
3676.65
3694.6
3712.55
3730.45
3748.4
3766.35
3784.3
3802.25
3820.2
3838.15
3856.05
3874
3891.95
3909.9
3927.85
3945.8
3963.75
3981.65
3999.6
4017.55
4035.5
4053.45
4071.4
4089.35
4107.25
4125.2
4143.15
4161.1
4179.05
4197
4214.95
4232.85
4250.8
4268.75
4286.7
4304.65
4322.6
4340.55
4358.45
4376.4
4394.35
4412.3
4430.25
4448.2
4466.15
4484.05
4502
4519.95
4537.9
4555.85
4573.8
4591.75
4609.65
4627.6
4645.55
4663.5
4681.45
4699.4
4717.35
4735.25
4753.2
4771.15
4789.1
4807.05
4825
4842.95
4860.85
4878.8
4896.75
4914.7
4932.65
4950.6
4968.55
4986.45
