0.05
25.45
55.9
86.35
116.8
147.25
177.7
208.1
238.55
269
299.45
329.9
360.35
390.75
421.2
451.65
482.1
512.55
543
573.4
603.85
634.3
664.75
695.2
725.6
756.05
786.5
816.95
847.4
877.85
908.25
938.7
969.15
999.6
1030.05
1060.5
1090.9
1121.35
1151.8
1182.25
1212.7
1243.1
1273.55
1304
1334.45
1364.9
1395.35
1425.75
1456.2
1486.65
1517.1
1547.55
1578
1608.4
1638.85
1669.3
1699.75
1730.2
1760.65
1791.05
1821.5
1851.95
1882.4
1912.85
1943.25
1973.7
2004.15
2034.6
2065.05
2095.5
2125.9
2156.35
2186.8
2217.25
2247.7
2278.15
2308.55
2339
2369.45
2399.9
2430.35
2460.75
2491.2
2521.65
2552.1
2582.55
2613
2643.4
2673.85
2704.3
2734.75
2765.2
2795.65
2826.05
2856.5
2886.95
2917.4
2947.85
2978.3
3008.7
3039.15
3069.6
3100.05
3130.5
3160.9
3191.35
3221.8
3252.25
3282.7
3313.15
3343.55
3374
3404.45
3434.9
3465.35
3495.8
3526.2
3556.65
3587.1
3617.55
3648
3678.4
3708.85
3739.3
3769.75
3800.2
3830.65
3861.05
3891.5
3921.95
3952.4
3982.85
4013.3
4043.7
4074.15
4104.6
4135.05
4165.5
4195.95
4226.35
4256.8
4287.25
4317.7
4348.15
4378.55
4409
4439.45
4469.9
4500.35
4530.8
4561.2
4591.65
4622.1
4652.55
4683
4713.45
4743.85
4774.3
4804.75
4835.2
4865.65
4896.05
4926.5
4956.95
4987.4
-1000
0.05
26
49.15
75.25
100.25
120.6
141.5
167.25
192.95
214.45
234.05
259.3
285.4
307.9
326.55
351.25
377.55
400.65
418.8
443
469.35
492.95
511.05
534.8
561.15
585
603.7
626.75
653
677.4
696.7
718.85
744.9
769.95
790.25
811.15
836.95
862.6
884.05
903.65
928.9
955
977.4
996.15
1020.9
1047.2
1070.3
1088.35
1112.65
1139
1162.5
1180.55
1204.4
1230.75
1254.6
1273.25
1296.35
1322.65
1346.95
1366.2
1388.45
1414.55
1439.4
1459.55
1480.7
1506.55
1532.1
1553.4
1573.25
1598.55
1624.55
1646.8
1665.65
1690.5
1716.8
1739.8
1758
1782.35
1808.7
1832.2
1850.2
1874.1
1900.45
1924.3
1942.85
1966
1992.3
2016.6
2035.75
2058.1
2084.25
2109.1
2129.15
2150.3
2176.2
2201.7
2222.95
2242.85
2268.25
2294.3
2316.5
2335.35
2360.2
2386.45
2409.5
2427.7
2452.05
2478.4
2501.9
2519.95
2543.8
2570.15
2594
2612.6
2635.7
2661.95
2686.2
2705.3
2727.7
2753.85
2778.65
2798.65
2819.9
2845.8
2871.2
2892.25
2912.35
2937.85
2963.8
2985.95
3004.9
3029.85
3056.05
3079
3097.3
3121.7
3148.05
3171.5
3189.5
3213.45
3239.8
3263.6
3282.05
3305.35
3331.65
3355.8
3374.8
3397.3
3423.5
3448.2
3468.05
3489.55
3515.45
3540.75
3561.7
3581.95
3607.45
3633.4
3655.4
3674.5
3699.45
3725.7
3748.6
3766.9
3791.35
