0.05
23.3
51.4
79.45
107.5
135.55
163.65
191.7
219.75
247.8
275.9
303.95
332
360.05
388.15
416.2
444.25
472.3
500.4
528.45
556.5
584.55
612.65
640.7
668.75
696.8
724.9
752.95
781
809.05
837.15
865.2
893.25
921.3
949.4
977.45
1005.5
1033.55
1061.65
1089.7
1117.75
1145.8
1173.9
1201.95
1230
1258.05
1286.15
1314.2
1342.25
1370.3
1398.4
1426.45
1454.5
1482.6
1510.65
1538.7
1566.75
1594.85
1622.9
1650.95
1679
1707.1
1735.15
1763.2
1791.25
1819.35
1847.4
1875.45
1903.5
1931.6
1959.65
1987.7
2015.75
2043.85
2071.9
2099.95
2128
2156.1
2184.15
2212.2
2240.25
2268.35
2296.4
2324.45
2352.5
2380.6
2408.65
2436.7
2464.75
2492.85
2520.9
2548.95
2577
2605.1
2633.15
2661.2
2689.25
2717.35
2745.4
2773.45
2801.5
2829.6
2857.65
2885.7
2913.75
2941.85
2969.9
2997.95
3026
3054.1
3082.15
3110.2
3138.25
3166.35
3194.4
3222.45
3250.55
3278.6
3306.65
3334.7
3362.8
3390.85
3418.9
3446.95
3475.05
3503.1
3531.15
3559.2
-1000
0.05
31.7
74.9
109.4
152.5
190.75
229.45
271.9
306.45
349.85
387.4
427.25
469
503.75
547.45
584.25
625.95
666.4
701.9
745.8
781.4
823.25
863.15
899.1
942.9
978.1
1020.3
1059.85
1096.1
1139.8
1174.75
1217.1
1256.4
1292.75
1336.4
1371.3
1413.7
1452.9
1489.65
1533.2
1567.95
1610.9
1649.6
1687
1730.35
1764.9
1807.9
1846.35
1884.6
1927.3
1961.85
2005.1
2042.95
2082.1
2124.3
2158.9
2202.4
2239.7
2280.6
2321.7
2356.75
2400.75
2436.8
2478.3
2518.6
2554.2
2598.05
2633.6
2675.5
2715.35
2751.3
2795.1
2830.25
2872.4
2911.95
2948.05
2991.8
3026.85
3069.05
3108.5
3144.95
3188.6
3223.5
3266
3305.1
3341.95
3385.6
3420.25
3463.05
3501.85
3539.4
3582.5
3617.1
3660.1
3698.4
3736.5
3779.35
3813.85
3857.05
3895.05
3934.15
3976.4
4010.95
4054.75
4091.9
4132.8
4173.85
4208.9
4252.75
4288.9
4330.35
4370.7
4406.2
4450.1
4485.65
4527.45
4567.4
4603.1
4646.95
4682.25
4724.25
4764
4800.1
4843.85
4878.95
4921.25
4960.65
4997.15
