0.05
16.3
36.5
56.65
76.85
97.05
117.25
137.45
157.65
177.85
198
218.2
238.4
258.6
278.8
299
319.2
339.4
359.55
379.75
399.95
420.15
440.35
460.55
480.75
500.9
521.1
541.3
561.5
581.7
601.9
622.1
642.3
662.45
682.65
702.85
723.05
743.25
763.45
783.65
803.8
824
844.2
864.4
884.6
904.8
925
945.2
965.35
985.55
1005.75
1025.95
1046.15
1066.35
1086.55
1106.7
1126.9
1147.1
1167.3
1187.5
1207.7
1227.9
1248.1
1268.25
1288.45
1308.65
1328.85
1349.05
1369.25
1389.45
1409.6
1429.8
1450
1470.2
1490.4
1510.6
1530.8
1551
1571.15
1591.35
1611.55
1631.75
1651.95
1672.15
1692.35
1712.5
1732.7
1752.9
1773.1
1793.3
1813.5
1833.7
1853.9
1874.05
1894.25
1914.45
1934.65
1954.85
1975.05
1995.25
2015.45
2035.6
2055.8
2076
2096.2
2116.4
2136.6
2156.8
2176.95
2197.15
2217.35
2237.55
2257.75
2277.95
2298.15
2318.35
2338.5
2358.7
2378.9
2399.1
2419.3
2439.5
2459.7
2479.85
2500.05
2520.25
2540.45
2560.65
2580.85
2601.05
2621.25
2641.4
2661.6
2681.8
2702
2722.2
2742.4
2762.6
2782.75
2802.95
2823.15
2843.35
2863.55
2883.75
2903.95
2924.15
2944.3
2964.5
2984.7
3004.9
3025.1
3045.3
3065.5
3085.65
3105.85
3126.05
3146.25
3166.45
3186.65
3206.85
3227.05
3247.2
3267.4
3287.6
3307.8
3328
3348.2
3368.4
3388.55
3408.75
3428.95
3449.15
3469.35
3489.55
3509.75
3529.95
3550.1
3570.3
3590.5
3610.7
3630.9
3651.1
3671.3
3691.45
3711.65
3731.85
3752.05
3772.25
3792.45
3812.65
3832.85
3853
3873.2
3893.4
3913.6
3933.8
3954
3974.2
3994.35
4014.55
4034.75
4054.95
4075.15
4095.35
4115.55
4135.75
4155.9
4176.1
4196.3
4216.5
4236.7
4256.9
4277.1
4297.25
4317.45
4337.65
4357.85
4378.05
4398.25
4418.45
4438.65
4458.8
4479
4499.2
4519.4
4539.6
4559.8
4580
4600.15
4620.35
4640.55
4660.75
4680.95
4701.15
4721.35
4741.55
4761.7
4781.9
4802.1
4822.3
4842.5
4862.7
4882.9
4903.05
4923.25
4943.45
4963.65
4983.85
-1000
0.05
24.15
45.8
67
87.8
108.4
128.85
149.15
169.45
189.65
209.85
230.1
250.3
270.5
290.7
310.9
331.05
351.2
371.4
391.65
411.85
432.05
452.25
472.5
492.6
512.8
533
553.2
573.4
593.65
613.85
633.95
654.1
674.3
694.55
714.75
734.95
755.15
775.4
795.5
815.7
835.9
856.1
876.3
896.55
916.75
936.85
957
977.2
997.45
1017.65
1037.85
1058.05
1078.3
1098.4
1118.6
1138.8
1159
1179.2
1199.45
1219.65
1239.75
1259.9
1280.1
1300.35
1320.55
1340.75
1360.95
1381.2
1401.3
1421.5
1441.7
1461.9
1482.1
1502.35
1522.55
1542.65
1562.8
1583
1603.25
1623.45
1643.65
1663.85
1684.1
1704.2
1724.4
1744.6
1764.8
1785
1805.25
1825.45
1845.55
1865.7
1885.9
1906.15
1926.35
1946.55
1966.75
1987
2007.1
2027.3
2047.5
2067.7
2087.9
2108.15
2128.35
2148.45
2168.6
2188.8
2209.05
2229.25
2249.45
2269.65
2289.9
2310
2330.2
2350.4
2370.6
2390.8
2411.05
2431.25
2451.35
2471.5
2491.7
2511.95
2532.15
2552.35
2572.55
2592.8
2612.9
2633.1
2653.3
2673.5
2693.7
2713.95
2734.15
2754.25
2774.4
2794.6
2814.85
2835.05
2855.25
2875.45
2895.7
2915.8
2935.95
2956.15
2976.4
2996.6
3016.8
3037
3057.25
3077.35
3097.55
3117.75
3137.95
3158.15
3178.4
3198.6
3218.7
3238.85
3259.05
3279.3
3299.5
3319.7
3339.9
3360.15
3380.25
3400.45
3420.65
3440.85
3461.05
3481.3
3501.5
3521.6
3541.75
3561.95
3582.2
3602.4
3622.6
3642.8
3663.05
3683.15
3703.35
3723.55
3743.75
3763.95
3784.2
3804.4
3824.5
3844.65
3864.85
3885.1
3905.3
3925.5
3945.7
3965.95
3986.05
4006.25
4026.45
4046.65
4066.85
4087.1
4107.3
4127.4
4147.55
4167.75
4188
4208.2
4228.4
4248.6
4268.85
4288.95
4309.15
4329.35
4349.55
4369.75
4390
4410.2
4430.3
4450.45
4470.65
4490.9
4511.1
4531.3
4551.5
4571.75
4591.85
4612.05
4632.25
4652.45
4672.65
4692.9
4713.1
4733.2
4753.35
4773.55
4793.8
4814
4834.2
4854.4
4874.65
4894.75
4914.95
4935.15
4955.35
4975.55
4995.8
