0.05
18.6
41.45
64.3
87.1
109.95
132.8
155.6
178.45
201.3
224.1
246.95
269.8
292.6
315.45
338.3
361.1
383.95
406.8
429.6
452.45
475.3
498.1
520.95
543.8
566.6
589.45
612.3
635.1
657.95
680.8
703.6
726.45
749.3
772.1
794.95
817.8
840.6
863.45
886.25
909.1
931.95
954.75
977.6
1000.45
1023.25
1046.1
1068.95
1091.75
1114.6
1137.45
1160.25
1183.1
1205.95
1228.75
1251.6
1274.45
1297.25
1320.1
1342.95
1365.75
1388.6
1411.45
1434.25
1457.1
1479.95
1502.75
1525.6
1548.45
1571.25
1594.1
1616.95
1639.75
1662.6
1685.45
1708.25
1731.1
1753.95
1776.75
1799.6
1822.45
1845.25
1868.1
1890.95
1913.75
1936.6
1959.45
1982.25
2005.1
2027.9
2050.75
2073.6
2096.4
2119.25
2142.1
2164.9
2187.75
2210.6
2233.4
2256.25
2279.1
2301.9
2324.75
2347.6
2370.4
2393.25
2416.1
2438.9
2461.75
2484.6
2507.4
2530.25
2553.1
2575.9
2598.75
2621.6
2644.4
2667.25
2690.1
2712.9
2735.75
2758.6
2781.4
2804.25
2827.1
2849.9
2872.75
2895.6
2918.4
2941.25
2964.1
2986.9
3009.75
3032.6
3055.4
3078.25
3101.05
3123.9
3146.75
3169.55
3192.4
3215.25
3238.05
3260.9
3283.75
3306.55
3329.4
3352.25
3375.05
3397.9
3420.75
3443.55
3466.4
3489.25
3512.05
3534.9
3557.75
3580.55
3603.4
3626.25
3649.05
3671.9
3694.75
3717.55
3740.4
3763.25
3786.05
3808.9
3831.75
3854.55
3877.4
3900.25
3923.05
3945.9
3968.75
3991.55
4014.4
4037.25
4060.05
4082.9
4105.75
4128.55
4151.4
4174.25
4197.05
4219.9
4242.7
4265.55
4288.4
4311.2
4334.05
4356.9
4379.7
4402.55
4425.4
4448.2
4471.05
4493.9
4516.7
4539.55
4562.4
4585.2
4608.05
4630.9
4653.7
4676.55
4699.4
4722.2
4745.05
4767.9
4790.7
4813.55
4836.4
4859.2
4882.05
4904.9
4927.7
4950.55
4973.4
4996.2
-1000
0.05
26
45.25
65.7
87.2
109.3
131.7
154.25
176.9
199.6
222.4
245.15
267.95
290.8
313.6
336.4
359.2
382
404.85
427.65
450.5
473.35
496.15
519
541.85
564.65
587.5
610.35
633.15
656
678.85
701.65
724.5
747.35
770.15
793
815.85
838.65
861.5
884.35
907.2
930.05
952.9
975.7
998.55
1021.4
1044.2
1067.05
1089.9
1112.7
1135.55
1158.4
1181.2
1204.05
1226.9
1249.7
1272.55
1295.4
1318.2
1341.05
1363.9
1386.7
1409.55
1432.35
1455.15
1478
1500.8
1523.65
1546.5
1569.3
1592.15
1615
1637.8
1660.65
1683.5
1706.3
1729.15
1752
1774.8
1797.65
1820.5
1843.3
1866.15
1889
1911.8
1934.65
1957.5
1980.35
2003.2
2026.05
2048.85
2071.7
2094.55
2117.35
2140.2
2163.05
2185.85
2208.7
2231.55
2254.35
2277.2
2300.05
2322.85
2345.7
2368.55
2391.35
2414.2
2437.05
2459.85
2482.7
2505.55
2528.35
2551.2
2574
2596.8
2619.65
2642.45
2665.3
2688.15
2710.95
2733.8
2756.65
2779.45
2802.3
2825.15
2847.95
2870.8
2893.65
2916.45
2939.3
2962.15
2984.95
3007.8
3030.65
3053.45
3076.3
3099.15
3122
3144.85
3167.7
3190.5
3213.35
3236.2
3259
3281.85
3304.7
3327.5
3350.35
3373.2
3396
3418.85
3441.7
3464.5
3487.35
3510.2
3533
3555.85
3578.7
3601.5
3624.35
3647.15
3669.95
3692.8
3715.6
3738.45
3761.3
3784.1
3806.95
3829.8
3852.6
3875.45
3898.3
3921.1
3943.95
3966.8
3989.6
4012.45
4035.3
4058.1
4080.95
4103.8
4126.6
4149.45
4172.3
4195.15
4218
4240.85
4263.65
4286.5
4309.35
4332.15
4355
4377.85
4400.65
4423.5
4446.35
4469.15
4492
4514.85
4537.65
4560.5
4583.35
4606.15
4629
4651.85
4674.65
4697.5
4720.35
4743.15
4766
4788.8
4811.6
4834.45
4857.25
4880.1
4902.95
4925.75
4948.6
4971.45
4994.25
