0.05
24.95
54.85
84.7
114.55
144.45
174.3
204.2
234.05
263.95
293.8
323.65
353.55
383.4
413.3
443.15
473.05
502.9
532.75
562.65
592.5
622.4
652.25
682.15
712
741.85
771.75
801.6
831.5
861.35
891.25
921.1
950.95
980.85
1010.7
1040.6
1070.45
1100.35
1130.2
1160.05
1189.95
1219.8
1249.7
1279.55
1309.4
1339.3
1369.15
1399.05
1428.9
1458.8
1488.65
1518.5
1548.4
1578.25
1608.15
1638
1667.9
1697.75
1727.6
1757.5
1787.35
1817.25
1847.1
1877
1906.85
1936.7
1966.6
1996.45
2026.35
2056.2
2086.1
2115.95
2145.8
2175.7
2205.55
2235.45
2265.3
2295.2
2325.05
2354.9
2384.8
2414.65
2444.55
2474.4
2504.3
2534.15
2564
2593.9
2623.75
2653.65
2683.5
2713.4
2743.25
2773.1
2803
2832.85
2862.75
2892.6
2922.5
2952.35
2982.2
3012.1
3041.95
3071.85
3101.7
3131.6
3161.45
3191.3
3221.2
3251.05
3280.95
3310.8
3340.7
3370.55
3400.4
3430.3
3460.15
3490.05
3519.9
3549.8
3579.65
3609.5
3639.4
3669.25
3699.15
3729
3758.9
3788.75
3818.6
3848.5
3878.35
3908.25
3938.1
3968
3997.85
4027.7
4057.6
4087.45
4117.35
4147.2
4177.1
4206.95
4236.8
4266.7
4296.55
4326.45
4356.3
4386.2
4416.05
4445.9
4475.8
4505.65
4535.55
4565.4
4595.3
4625.15
4655
4684.9
4714.75
4744.65
4774.5
4804.4
4834.25
4864.1
4894
4923.85
4953.75
4983.6
-1000
0.05
26
47.6
73.05
98.8
121.1
139.7
164.05
190.2
213.9
232.7
255.25
281.2
306.2
326.95
347.05
372.2
398.2
421.05
439.2
463.15
489.3
513.2
532.3
554.35
580.2
605.55
626.9
646.4
671.3
697.35
720.5
738.55
762.15
788.25
812.55
832.1
853.6
879.25
904.9
926.75
945.75
970.3
996.45
1019.95
1038.25
1061.35
1087.4
1112.15
1132.4
1153.05
1178.45
1204.3
1226.8
1245.2
1269.45
1295.6
1319.4
1338.3
1360.65
1386.55
1411.75
1432.8
1452.6
1477.65
1503.7
1526.7
1544.75
1568.55
1594.65
1618.8
1638.15
1659.9
1685.65
1711.15
1732.8
1752
1776.7
1802.8
1826.2
1844.35
1867.65
1893.75
1918.25
1938.15
1959.2
1984.75
2010.5
2032.75
2051.4
2075.75
2101.9
2125.55
2144.25
2166.9
2192.9
2217.9
2238.6
2258.75
2283.95
2309.95
2332.7
2350.9
2374.85
2401
2425
2444.05
2466.15
2491.95
2517.35
2538.65
2558.15
2583
2609.1
2632.3
2650.3
2673.95
2700.05
2724.35
2743.85
2765.35
2791
2816.65
2838.45
2857.45
2882.05
2908.2
2931.7
2949.9
2973.05
2999.1
3023.75
3043.9
3064.7
3090.15
3116
3138.4
3156.8
3181.1
3207.25
3230.95
3249.8
3272.3
3298.25
3323.35
3344.25
3364.15
3389.25
3415.25
3438.15
3456.3
3480.2
3506.35
3530.35
3549.55
3571.45
3597.25
3622.6
3644
3663.45
3688.3
3714.4
3737.65
3755.65
3779.15
3805.25
3829.5
3849.05
