0.05
53.9
114.55
175.2
235.85
296.5
357.2
417.85
478.5
539.15
599.8
660.5
721.15
781.8
842.45
903.1
963.75
1024.45
1085.1
1145.75
1206.4
1267.05
1327.75
1388.4
1449.05
1509.7
1570.35
1631.05
1691.7
1752.35
1813
1873.65
1934.35
1995
2055.65
2116.3
2176.95
2237.65
2298.3
2358.95
2419.6
2480.25
2540.95
2601.6
2662.25
2722.9
2783.55
2844.25
2904.9
2965.55
3026.2
3086.85
3147.5
3208.2
3268.85
3329.5
3390.15
3450.8
3511.5
3572.15
3632.8
3693.45
3754.1
3814.8
3875.45
3936.1
3996.75
4057.4
4118.1
4178.75
4239.4
4300.05
4360.7
4421.4
4482.05
4542.7
4603.35
4664
4724.7
4785.35
4846
4906.65
4967.3
-1000
0.05
26
62.6
92.35
134.1
164.75
200.4
231.25
263.3
294.2
324.95
355.85
386.15
417.1
447.35
478.3
508.6
539.5
569.55
600.55
630.45
661.6
691.4
722.75
752.45
784.3
813.8
847.45
876.85
917.1
947.4
986.65
1017.4
1050.95
1081.85
1113.1
1144
1174.5
1205.4
1235.65
1266.55
1296.9
1327.85
1357.95
1388.9
1418.85
1449.9
1479.8
1511
1540.75
1572.3
1601.9
1634.15
1663.6
1699.1
1728.7
1770.55
1801.15
1837.7
1868.5
1900.9
1931.8
1962.65
1993.6
2023.9
2054.85
2085.1
2116
2146.35
2177.3
2207.3
2238.3
2268.25
2299.35
2329.2
2360.5
2390.2
2421.95
2451.5
2484.8
2514.2
2553.5
2583.7
