0.05
16.9
37.75
58.6
79.5
100.35
121.25
142.1
162.95
183.85
204.7
225.6
246.45
267.3
288.2
309.05
329.95
350.8
371.65
392.55
413.4
434.3
455.15
476
496.9
517.75
538.65
559.5
580.35
601.25
622.1
643
663.85
684.7
705.6
726.45
747.35
768.2
789.05
809.95
830.8
851.7
872.55
893.4
914.3
935.15
956.05
976.9
997.75
1018.65
1039.5
1060.4
1081.25
1102.1
1123
1143.85
1164.75
1185.6
1206.45
1227.35
1248.2
1269.1
1289.95
1310.85
1331.7
1352.55
1373.45
1394.3
1415.2
1436.05
1456.9
1477.8
1498.65
1519.55
1540.4
1561.25
1582.15
1603
1623.9
1644.75
1665.6
1686.5
1707.35
1728.25
1749.1
1769.95
1790.85
1811.7
1832.6
1853.45
1874.3
1895.2
1916.05
1936.95
1957.8
1978.65
1999.55
2020.4
2041.3
2062.15
2083
2103.9
2124.75
2145.65
2166.5
2187.35
2208.25
2229.1
2250
2270.85
2291.7
2312.6
2333.45
2354.35
2375.2
2396.05
2416.95
2437.8
2458.7
2479.55
2500.4
2521.3
2542.15
2563.05
2583.9
2604.75
2625.65
2646.5
2667.4
2688.25
2709.1
2730
2750.85
2771.75
2792.6
2813.45
2834.35
2855.2
2876.1
2896.95
2917.8
2938.7
2959.55
2980.45
3001.3
3022.15
3043.05
3063.9
3084.8
3105.65
3126.5
3147.4
3168.25
3189.15
3210
3230.85
3251.75
3272.6
3293.5
3314.35
3335.2
3356.1
3376.95
3397.85
3418.7
3439.55
3460.45
3481.3
3502.2
3523.05
3543.9
3564.8
3585.65
3606.55
3627.4
3648.25
3669.15
3690
3710.9
3731.75
3752.6
3773.5
3794.35
3815.25
3836.1
3856.95
3877.85
3898.7
3919.6
3940.45
3961.3
3982.2
4003.05
4023.95
4044.8
4065.65
4086.55
4107.4
4128.3
4149.15
4170
4190.9
4211.75
4232.65
4253.5
4274.35
4295.25
4316.1
4337
4357.85
4378.7
4399.6
4420.45
4441.35
4462.2
4483.1
4503.95
4524.8
4545.7
4566.55
4587.45
4608.3
4629.15
4650.05
4670.9
4691.8
4712.65
4733.5
4754.4
4775.25
4796.15
4817
4837.85
4858.75
4879.6
4900.5
4921.35
4942.2
4963.1
4983.95
-1000
0.05
26.15
45.9
64.8
82.8
101.65
121.3
141.35
161.85
182.45
203.2
224
244.75
265.6
286.45
307.35
328.2
349.05
369.9
390.8
411.7
432.55
453.4
474.25
495.15
516.05
536.9
557.75
578.6
599.5
620.4
641.25
662.1
682.95
703.85
724.75
745.6
766.45
787.3
808.2
829.1
849.95
870.8
891.65
912.55
933.45
954.3
975.15
996
1016.9
1037.8
1058.65
1079.5
1100.35
1121.25
1142.15
1163
1183.85
1204.7
1225.6
1246.5
1267.35
1288.2
1309.05
1329.95
1350.85
1371.7
1392.55
1413.4
1434.3
1455.2
1476.05
1496.95
1517.8
1538.65
1559.55
1580.4
1601.3
1622.15
1643
1663.85
1684.75
1705.65
1726.5
1747.35
1768.2
1789.1
1810
1830.85
1851.7
1872.55
1893.45
1914.35
1935.2
1956.05
1976.9
1997.8
2018.7
2039.55
2060.4
2081.25
2102.15
2123.05
2143.9
2164.75
2185.6
2206.5
2227.4
2248.25
2269.1
2289.95
2310.85
2331.75
2352.6
2373.45
2394.3
2415.2
2436.1
2456.95
2477.8
2498.65
2519.55
2540.45
2561.3
2582.15
2603
2623.9
2644.8
2665.65
2686.5
2707.35
2728.25
2749.15
2770
2790.85
2811.7
2832.6
2853.5
2874.35
2895.2
2916.05
2936.95
2957.85
2978.7
2999.55
3020.4
3041.3
3062.2
3083.05
3103.9
3124.75
3145.65
3166.55
3187.4
3208.25
3229.1
3250
3270.9
3291.75
3312.6
3333.45
3354.35
3375.25
3396.1
3416.95
3437.8
3458.7
3479.6
3500.45
3521.3
3542.15
3563.05
3583.95
3604.8
3625.65
3646.5
3667.4
3688.3
3709.15
3730
3750.85
3771.75
3792.65
3813.5
3834.35
3855.2
3876.1
3897
3917.85
3938.7
3959.55
3980.45
4001.35
4022.2
4043.05
4063.9
4084.8
4105.7
4126.55
4147.4
4168.25
4189.15
4210.05
4230.9
4251.75
4272.6
4293.5
4314.4
4335.25
4356.1
4376.95
4397.85
4418.75
4439.6
4460.45
4481.3
4502.2
4523.1
4543.95
4564.85
4585.7
4606.55
4627.45
4648.3
4669.2
4690.05
4710.9
4731.75
4752.65
4773.55
4794.4
4815.25
4836.1
4857
4877.9
4898.75
4919.6
4940.45
4961.35
4982.25
