0.05
19.15
42.6
66.05
89.45
112.9
136.35
159.75
183.2
206.65
230.1
253.5
276.95
300.4
323.8
347.25
370.7
394.1
417.55
441
464.45
487.85
511.3
534.75
558.15
581.6
605.05
628.5
651.9
675.35
698.8
722.2
745.65
769.1
792.55
815.95
839.4
862.85
886.25
909.7
933.15
956.55
980
1003.45
1026.9
1050.3
1073.75
1097.2
1120.6
1144.05
1167.5
1190.95
1214.35
1237.8
1261.25
1284.65
1308.1
1331.55
1354.95
1378.4
1401.85
1425.3
1448.7
1472.15
1495.6
1519
1542.45
1565.9
1589.35
1612.75
1636.2
1659.65
1683.05
1706.5
1729.95
1753.4
1776.8
1800.25
1823.7
1847.1
1870.55
1894
1917.4
1940.85
1964.3
1987.75
2011.15
2034.6
2058.05
2081.45
2104.9
2128.35
2151.8
2175.2
2198.65
2222.1
2245.5
2268.95
2292.4
2315.85
2339.25
2362.7
2386.15
2409.55
2433
2456.45
2479.85
2503.3
2526.75
2550.2
2573.6
2597.05
2620.5
2643.9
2667.35
2690.8
2714.25
2737.65
2761.1
2784.55
2807.95
2831.4
2854.85
2878.25
2901.7
2925.15
2948.6
2972
2995.45
3018.9
3042.3
3065.75
3089.2
3112.65
3136.05
3159.5
3182.95
3206.35
3229.8
3253.25
3276.7
3300.1
3323.55
3347
3370.4
3393.85
3417.3
3440.7
3464.15
3487.6
3511.05
3534.45
3557.9
3581.35
3604.75
3628.2
3651.65
3675.1
3698.5
3721.95
3745.4
3768.8
3792.25
3815.7
3839.15
3862.55
3886
3909.45
3932.85
3956.3
3979.75
4003.15
4026.6
4050.05
4073.5
4096.9
4120.35
4143.8
4167.2
4190.65
4214.1
4237.55
4260.95
4284.4
4307.85
4331.25
4354.7
4378.15
4401.55
4425
4448.45
4471.9
4495.3
4518.75
4542.2
4565.6
4589.05
4612.5
4635.95
4659.35
4682.8
4706.25
4729.65
4753.1
4776.55
4800
4823.4
4846.85
4870.3
4893.7
4917.15
4940.6
4964
4987.45
-1000
0.05
26
47.75
69.45
91.9
114.7
137.8
161
184.25
207.55
230.9
254.25
277.6
301
324.4
347.8
371.25
394.7
418.1
441.55
465
488.4
511.8
535.25
558.7
582.15
605.6
629
652.45
675.85
699.3
722.75
746.2
769.65
793.05
816.5
839.9
863.35
886.75
910.2
933.65
957.1
980.5
1003.95
1027.4
1050.85
1074.25
1097.7
1121.15
1144.6
1168
1191.45
1214.9
1238.3
1261.75
1285.15
1308.6
1332.05
1355.5
1378.9
1402.35
1425.8
1449.25
1472.65
1496.1
1519.55
1543
1566.4
1589.85
1613.3
1636.7
1660.15
1683.6
1707.05
1730.45
1753.9
1777.35
1800.75
1824.2
1847.6
1871.05
1894.5
1917.95
1941.35
1964.8
1988.25
2011.7
2035.1
2058.55
2082
2105.45
2128.85
2152.3
2175.75
2199.15
2222.6
2246.05
2269.5
2292.9
2316.35
2339.8
2363.25
2386.7
2410.1
2433.5
2456.95
2480.4
2503.85
2527.3
2550.7
2574.15
2597.55
2621
2644.45
2667.9
2691.3
2714.75
2738.2
2761.6
2785.05
2808.45
2831.9
2855.35
2878.8
2902.2
2925.65
2949.1
2972.55
2995.95
3019.4
3042.85
3066.3
3089.7
3113.15
3136.6
3160
3183.45
3206.9
3230.35
3253.75
3277.2
3300.65
3324.05
3347.5
3370.9
3394.35
3417.8
3441.25
3464.65
3488.1
3511.55
3535
3558.4
3581.85
3605.3
3628.75
3652.15
3675.6
3699.05
3722.45
3745.9
3769.3
3792.75
3816.2
3839.65
3863.05
3886.5
3909.95
3933.4
3956.8
3980.25
4003.7
4027.15
4050.55
4074
4097.45
4120.85
4144.3
4167.75
4191.2
4214.6
4238.05
4261.5
4284.9
4308.35
4331.75
4355.2
4378.65
4402.1
4425.5
4448.95
4472.4
4495.85
4519.25
4542.7
4566.15
4589.6
4613
4636.45
4659.9
4683.3
4706.75
4730.2
4753.65
4777.05
4800.5
4823.95
4847.4
4870.85
4894.25
4917.65
4941.1
4964.55
4988
