0.05
15.2
34.2
53.2
72.2
91.15
110.15
129.15
148.15
167.1
186.1
205.1
224.1
243.05
262.05
281.05
300.05
319
338
357
376
394.95
413.95
432.95
451.95
470.9
489.9
508.9
527.85
546.85
565.85
584.85
603.8
622.8
641.8
660.8
679.75
698.75
717.75
736.75
755.7
774.7
793.7
812.7
831.65
850.65
869.65
888.65
907.6
926.6
945.6
964.6
983.55
1002.55
1021.55
1040.5
1059.5
1078.5
1097.5
1116.45
1135.45
1154.45
1173.45
1192.4
1211.4
1230.4
1249.4
1268.35
1287.35
1306.35
1325.35
1344.3
1363.3
1382.3
1401.3
1420.25
1439.25
1458.25
1477.25
1496.2
1515.2
1534.2
1553.2
1572.15
1591.15
1610.15
1629.1
1648.1
1667.1
1686.1
1705.05
1724.05
1743.05
1762.05
1781
1800
1819
1838
1856.95
1875.95
1894.95
1913.95
1932.9
1951.9
1970.9
1989.9
2008.85
2027.85
2046.85
2065.85
2084.8
2103.8
2122.8
2141.8
2160.75
2179.75
2198.75
2217.7
2236.7
2255.7
2274.7
2293.65
2312.65
2331.65
2350.65
2369.6
2388.6
2407.6
2426.6
2445.55
2464.55
2483.55
2502.55
2521.5
2540.5
2559.5
2578.5
2597.45
2616.45
2635.45
2654.45
2673.4
2692.4
2711.4
2730.4
2749.35
2768.35
2787.35
2806.3
2825.3
2844.3
2863.3
2882.25
2901.25
2920.25
2939.25
2958.2
2977.2
2996.2
3015.2
3034.15
3053.15
3072.15
3091.15
3110.1
3129.1
3148.1
3167.1
3186.05
3205.05
3224.05
3243.05
3262
3281
3300
3318.95
3337.95
3356.95
3375.95
3394.9
3413.9
3432.9
3451.9
3470.85
3489.85
3508.85
3527.85
3546.8
3565.8
3584.8
3603.8
3622.75
3641.75
3660.75
3679.75
3698.7
3717.7
3736.7
3755.7
3774.65
3793.65
3812.65
3831.65
3850.6
3869.6
3888.6
3907.55
3926.55
3945.55
3964.55
3983.5
4002.5
4021.5
4040.5
4059.45
4078.45
4097.45
4116.45
4135.4
4154.4
4173.4
4192.4
4211.35
4230.35
4249.35
4268.35
4287.3
4306.3
4325.3
4344.3
4363.25
4382.25
4401.25
4420.25
4439.2
4458.2
4477.2
4496.15
4515.15
4534.15
4553.15
4572.1
4591.1
4610.1
4629.1
4648.05
4667.05
4686.05
4705.05
4724
4743
4762
4781
4799.95
4818.95
4837.95
4856.95
4875.9
4894.9
4913.9
4932.9
4951.85
4970.85
-1000
0.05
24.65
45.85
66.25
86.1
105.7
125.05
144.3
163.35
182.45
201.5
220.55
239.5
258.55
277.55
296.55
315.5
334.5
353.5
372.55
391.45
410.45
429.5
448.5
467.45
486.45
505.45
524.35
543.35
562.4
581.4
600.3
619.3
638.35
657.35
676.25
695.25
714.3
733.3
752.2
771.2
790.25
809.25
828.15
847.15
866.2
885.2
904.1
923.1
942.15
961.15
980.05
999.05
1018.1
1037.1
1056.05
1075.05
1094.05
1112.95
1131.95
1151
1170
1188.9
1207.9
1226.95
1245.95
1264.85
1283.85
1302.9
1321.9
1340.8
1359.8
1378.85
1397.85
1416.75
1435.75
1454.8
1473.8
1492.7
1511.7
1530.75
1549.75
1568.65
1587.65
1606.7
1625.7
1644.65
1663.65
1682.65
1701.55
1720.55
1739.6
1758.6
1777.5
1796.5
1815.55
1834.55
1853.45
1872.45
1891.5
1910.5
1929.4
1948.4
1967.45
1986.45
2005.35
2024.35
2043.4
2062.4
2081.3
2100.3
2119.35
2138.35
2157.25
2176.25
2195.3
2214.3
2233.25
2252.25
2271.25
2290.15
2309.15
2328.2
2347.2
2366.1
2385.1
2404.15
2423.15
2442.05
2461.05
2480.1
2499.1
2518
2537
2556.05
2575.05
2593.95
2612.95
2632
2651
2669.9
2688.9
2707.95
2726.95
2745.9
2764.9
2783.9
2802.8
2821.8
2840.85
2859.85
2878.75
2897.75
2916.8
2935.8
2954.7
2973.7
2992.75
3011.75
3030.65
3049.65
3068.7
3087.7
3106.6
3125.6
3144.65
3163.65
3182.55
3201.55
3220.6
3239.6
3258.5
3277.5
3296.55
3315.55
3334.5
3353.5
3372.5
3391.4
3410.4
3429.45
3448.45
3467.35
3486.35
3505.4
3524.4
3543.3
3562.3
3581.35
3600.35
3619.25
3638.25
3657.3
3676.3
3695.2
3714.2
3733.25
3752.25
3771.15
3790.15
3809.2
3828.2
3847.1
3866.1
3885.15
3904.15
3923.1
3942.1
3961.1
3980
3999
4018.05
4037.05
4055.95
4074.95
4094
4113
4131.9
4150.9
4169.95
4188.95
4207.85
4226.85
4245.9
4264.9
4283.8
4302.8
4321.85
4340.85
4359.75
4378.75
4397.8
4416.8
4435.75
4454.75
4473.75
4492.75
4511.75
4530.7
4549.7
4568.6
4587.6
4606.65
4625.65
4644.55
4663.55
4682.6
4701.6
4720.5
4739.5
4758.55
4777.55
4796.45
4815.45
4834.5
4853.5
4872.4
4891.4
4910.45
4929.45
4948.35
4967.35
4986.4
