0.05
15.4
34.55
53.75
72.9
92.1
111.25
130.45
149.6
168.8
187.95
207.15
226.3
245.5
264.65
283.85
303.05
322.2
341.4
360.55
379.75
398.9
418.1
437.25
456.45
475.6
494.8
513.95
533.15
552.3
571.5
590.65
609.85
629
648.2
667.35
686.55
705.7
724.9
744.05
763.25
782.4
801.6
820.8
839.95
859.15
878.3
897.5
916.65
935.85
955
974.2
993.35
1012.55
1031.7
1050.9
1070.05
1089.25
1108.4
1127.6
1146.75
1165.95
1185.1
1204.3
1223.45
1242.65
1261.8
1281
1300.15
1319.35
1338.5
1357.7
1376.9
1396.05
1415.25
1434.4
1453.6
1472.75
1491.95
1511.1
1530.3
1549.45
1568.65
1587.8
1607
1626.15
1645.35
1664.5
1683.7
1702.85
1722.05
1741.2
1760.4
1779.55
1798.75
1817.9
1837.1
1856.25
1875.45
1894.6
1913.8
1933
1952.15
1971.35
1990.5
2009.7
2028.85
2048.05
2067.2
2086.4
2105.55
2124.75
2143.9
2163.1
2182.25
2201.45
2220.6
2239.8
2258.95
2278.15
2297.3
2316.5
2335.65
2354.85
2374
2393.2
2412.35
2431.55
2450.7
2469.9
2489.1
2508.25
2527.45
2546.6
2565.8
2584.95
2604.15
2623.3
2642.5
2661.65
2680.85
2700
2719.2
2738.35
2757.55
2776.7
2795.9
2815.05
2834.25
2853.4
2872.6
2891.75
2910.95
2930.1
2949.3
2968.45
2987.65
3006.8
3026
3045.2
3064.35
3083.55
3102.7
3121.9
3141.05
3160.25
3179.4
3198.6
3217.75
3236.95
3256.1
3275.3
3294.45
3313.65
3332.8
3352
3371.15
3390.35
3409.5
3428.7
3447.85
3467.05
3486.2
3505.4
3524.55
3543.75
3562.95
3582.1
3601.3
3620.45
3639.65
3658.8
3678
3697.15
3716.35
3735.5
3754.7
3773.85
3793.05
3812.2
3831.4
3850.55
3869.75
3888.9
3908.1
3927.25
3946.45
3965.6
3984.8
4003.95
4023.15
4042.3
4061.5
4080.65
4099.85
4119.05
4138.2
4157.4
4176.55
4195.75
4214.9
4234.1
4253.25
4272.45
4291.6
4310.8
4329.95
4349.15
4368.3
4387.5
4406.65
4425.85
4445
4464.2
4483.35
4502.55
4521.7
4540.9
4560.05
4579.25
4598.4
4617.6
4636.75
4655.95
4675.15
4694.3
4713.5
4732.65
4751.85
4771
4790.2
4809.35
4828.55
4847.7
4866.9
4886.05
4905.25
4924.4
4943.6
4962.75
4981.95
-1000
0.05
26
47.9
67.35
86.7
106
125.25
144.45
163.65
182.85
202.05
221.25
240.4
259.6
278.75
297.95
317.1
336.25
355.4
374.55
393.75
412.9
432.1
451.25
470.45
489.6
508.8
527.95
547.15
566.35
585.55
604.75
623.9
643.1
662.3
681.45
700.65
719.8
739
758.15
777.35
796.5
815.7
834.85
854.05
873.2
892.35
911.5
930.65
949.85
969
988.2
1007.35
1026.55
1045.7
1064.9
1084.05
1103.25
1122.45
1141.65
1160.85
1180
1199.2
1218.4
1237.55
1256.75
1275.9
1295.1
1314.25
1333.45
1352.6
1371.8
1390.95
1410.15
1429.3
1448.45
1467.6
1486.75
1505.95
1525.1
1544.3
1563.45
1582.65
1601.8
1621
1640.15
1659.35
1678.55
1697.75
1716.95
1736.1
1755.3
1774.5
1793.65
1812.85
1832
1851.2
1870.35
1889.55
1908.7
1927.9
1947.05
1966.2
1985.35
2004.5
2023.7
2042.85
2062.05
2081.2
2100.4
2119.55
2138.75
2157.9
2177.1
2196.25
2215.45
2234.65
2253.85
2273.05
2292.2
2311.4
2330.6
2349.75
2368.95
2388.1
2407.3
2426.45
2445.65
2464.8
2484
2503.15
2522.3
2541.45
2560.6
2579.8
2598.95
2618.15
2637.3
2656.5
2675.65
2694.85
2714
2733.2
2752.4
2771.6
2790.8
2809.95
2829.15
2848.35
2867.5
2886.7
2905.85
2925.05
2944.2
2963.4
2982.55
3001.75
3020.9
3040.1
3059.25
3078.4
3097.55
3116.7
3135.9
3155.05
3174.25
3193.4
3212.6
3231.75
3250.95
3270.1
3289.3
3308.5
3327.7
3346.9
3366.05
3385.25
3404.45
3423.6
3442.8
3461.95
3481.15
3500.3
3519.5
3538.65
3557.85
3577
3596.2
3615.35
3634.5
3653.65
3672.8
3692
3711.15
3730.35
3749.5
3768.7
3787.85
3807.05
3826.2
3845.4
3864.6
3883.8
3903
3922.15
3941.35
3960.55
3979.7
3998.9
4018.05
4037.25
4056.4
4075.6
4094.75
4113.95
4133.1
4152.3
4171.45
4190.6
4209.75
4228.9
4248.1
4267.25
4286.45
4305.6
4324.8
4343.95
4363.15
4382.3
4401.5
4420.7
4439.9
4459.1
4478.25
4497.45
4516.65
4535.8
4555
4574.15
4593.35
4612.5
4631.7
4650.85
4670.05
4689.2
4708.35
4727.55
4746.65
4765.85
4785
4804.2
4823.35
4842.55
4861.7
4880.9
4900.05
4919.25
4938.4
4957.6
4976.8
4996
