0.05
20.2
44.8
69.35
93.95
118.55
143.15
167.7
192.3
216.9
241.5
266.05
290.65
315.25
339.85
364.4
389
413.6
438.2
462.75
487.35
511.95
536.55
561.1
585.7
610.3
634.9
659.45
684.05
708.65
733.25
757.85
782.4
807
831.6
856.2
880.75
905.35
929.95
954.55
979.1
1003.7
1028.3
1052.9
1077.45
1102.05
1126.65
1151.25
1175.8
1200.4
1225
1249.6
1274.15
1298.75
1323.35
1347.95
1372.55
1397.1
1421.7
1446.3
1470.9
1495.45
1520.05
1544.65
1569.25
1593.8
1618.4
1643
1667.6
1692.15
1716.75
1741.35
1765.95
1790.5
1815.1
1839.7
1864.3
1888.85
1913.45
1938.05
1962.65
1987.2
2011.8
2036.4
2061
2085.6
2110.15
2134.75
2159.35
2183.95
2208.5
2233.1
2257.7
2282.3
2306.85
2331.45
2356.05
2380.65
2405.2
2429.8
2454.4
2479
2503.55
2528.15
2552.75
2577.35
2601.9
2626.5
2651.1
2675.7
2700.3
2724.85
2749.45
2774.05
2798.65
2823.2
2847.8
2872.4
2897
2921.55
2946.15
2970.75
2995.35
3019.9
3044.5
3069.1
3093.7
3118.25
3142.85
3167.45
3192.05
3216.6
3241.2
3265.8
3290.4
3314.95
3339.55
3364.15
3388.75
3413.35
3437.9
3462.5
3487.1
3511.7
3536.25
3560.85
3585.45
3610.05
3634.6
3659.2
3683.8
3708.4
3732.95
3757.55
3782.15
3806.75
3831.3
3855.9
3880.5
3905.1
3929.65
3954.25
3978.85
4003.45
4028.05
4052.6
4077.2
4101.8
4126.4
4150.95
4175.55
4200.15
4224.75
4249.3
4273.9
4298.5
4323.1
4347.65
4372.25
4396.85
4421.45
4446
4470.6
4495.2
4519.8
4544.35
4568.95
4593.55
4618.15
4642.7
4667.3
4691.9
4716.5
4741.1
4765.65
4790.25
4814.85
4839.45
4864
4888.6
4913.2
4937.8
4962.35
4986.95
-1000
0.05
26.3
46.8
64.75
85.55
108.1
131.5
155.3
179.25
203.35
227.45
251.55
275.5
299.2
322.3
343.6
362.35
381.95
403.9
427
450.7
474.6
498.65
522.75
546.85
570.9
594.85
618.4
640.85
661.25
679.35
700.2
722.8
746.2
769.95
793.95
818.05
842.15
866.25
890.15
913.9
936.95
958.2
976.9
996.55
1018.55
1041.7
1065.35
1089.25
1113.3
1137.4
1161.5
1185.55
1209.45
1232.95
1255.2
1275.3
1293.6
1314.65
1337.35
1360.8
1384.6
1408.6
1432.7
1456.8
1480.9
1504.8
1528.55
1551.5
1572.65
1591.1
1610.95
1633.1
1656.3
1679.95
1703.9
1727.95
1752.05
1776.15
1800.2
1824.05
1847.45
1869.55
1889.3
1907.85
1929.1
1951.9
1975.45
1999.25
2023.3
2047.4
2071.5
2095.55
2119.5
2143.2
2166.1
2187.15
2205.4
2225.45
2247.7
2270.95
2294.6
2318.55
2342.6
2366.75
2390.85
2414.8
2438.65
2461.95
2483.75
2503.2
2522.05
2543.55
2566.45
2590.05
2613.9
2637.9
2662.05
2686.15
2710.2
2734.15
2757.85
2780.7
2801.7
2819.8
2840
2862.3
2885.6
2909.3
2933.2
2957.3
2981.4
3005.5
3029.5
3053.3
3076.55
3098.3
3117.5
3136.55
3158.15
3181.1
3204.7
3228.55
3252.6
3276.7
3300.8
3324.9
3348.85
3372.5
3395.25
3416.15
3434.1
3454.5
3476.9
3500.2
3523.95
3547.9
3571.95
3596.1
3620.15
3644.15
3667.9
3691.15
3712.7
3731.7
3750.95
3772.7
3795.7
3819.35
3843.2
3867.25
3891.35
3915.5
3939.55
3963.5
3987.1
4009.8
4030.5
4048.5
4069.05
4091.5
4114.85
4138.6
4162.55
4186.65
4210.75
4234.85
4258.8
4282.55
4305.75
4327.2
4346.05
4365.45
4387.3
4410.35
4433.95
4457.85
4481.9
4506
4530.1
4554.15
4578.05
4601.6
4624.05
