0.05
18.5
41.2
63.85
86.55
109.25
131.95
154.6
177.3
200
222.7
245.35
268.05
290.75
313.45
336.15
358.8
381.5
404.2
426.9
449.55
472.25
494.95
517.65
540.3
563
585.7
608.4
631.05
653.75
676.45
699.15
721.85
744.5
767.2
789.9
812.6
835.25
857.95
880.65
903.35
926
948.7
971.4
994.1
1016.75
1039.45
1062.15
1084.85
1107.55
1130.2
1152.9
1175.6
1198.3
1220.95
1243.65
1266.35
1289.05
1311.7
1334.4
1357.1
1379.8
1402.45
1425.15
1447.85
1470.55
1493.2
1515.9
1538.6
1561.3
1584
1606.65
1629.35
1652.05
1674.75
1697.4
1720.1
1742.8
1765.5
1788.15
1810.85
1833.55
1856.25
1878.9
1901.6
1924.3
1947
1969.7
1992.35
2015.05
2037.75
2060.45
2083.1
2105.8
2128.5
2151.2
2173.85
2196.55
2219.25
2241.95
2264.6
2287.3
2310
2332.7
2355.35
2378.05
2400.75
2423.45
2446.15
2468.8
2491.5
2514.2
2536.9
2559.55
2582.25
2604.95
2627.65
2650.3
2673
2695.7
2718.4
2741.05
2763.75
2786.45
2809.15
2831.85
2854.5
2877.2
2899.9
2922.6
2945.25
2967.95
2990.65
3013.35
3036
3058.7
3081.4
3104.1
3126.75
3149.45
3172.15
3194.85
3217.55
3240.2
3262.9
3285.6
3308.3
3330.95
3353.65
3376.35
3399.05
3421.7
3444.4
3467.1
3489.8
3512.45
3535.15
3557.85
3580.55
3603.2
3625.9
3648.6
3671.3
3694
3716.65
3739.35
3762.05
3784.75
3807.4
3830.1
3852.8
3875.5
3898.15
3920.85
3943.55
3966.25
3988.9
4011.6
4034.3
4057
4079.7
4102.35
4125.05
4147.75
4170.45
4193.1
4215.8
4238.5
4261.2
4283.85
4306.55
4329.25
4351.95
4374.6
4397.3
4420
4442.7
4465.35
4488.05
4510.75
4533.45
4556.15
4578.8
4601.5
4624.2
4646.9
4669.55
4692.25
4714.95
4737.65
4760.3
4783
4805.7
4828.4
4851.05
4873.75
4896.45
4919.15
4941.85
4964.5
4987.2
-1000
0.05
26
44.65
63.45
83.95
105.45
127.5
149.7
172.15
194.7
217.3
239.95
262.55
285.25
307.9
330.6
353.25
375.9
398.6
421.3
443.95
466.65
489.35
512.05
534.7
557.4
580.1
602.8
625.5
648.2
670.9
693.55
716.25
738.9
761.6
784.3
807
829.65
852.35
875.05
897.75
920.4
943.1
965.8
988.5
1011.2
1033.9
1056.6
1079.25
1101.95
1124.65
1147.35
1170.05
1192.7
1215.35
1238.05
1260.75
1283.45
1306.1
1328.8
1351.5
1374.2
1396.85
1419.55
1442.25
1464.95
1487.65
1510.35
1533.05
1555.7
1578.4
1601.05
1623.75
1646.45
1669.15
1691.8
1714.5
1737.2
1759.9
1782.55
1805.25
1827.95
1850.65
1873.35
1896.05
1918.75
1941.4
1964.1
1986.75
2009.45
2032.15
2054.85
2077.5
2100.2
2122.9
2145.6
2168.25
2190.95
2213.65
2236.35
2259
2281.7
2304.4
2327.1
2349.8
2372.5
2395.2
2417.85
2440.55
2463.2
2485.9
2508.6
2531.3
2553.95
2576.65
2599.35
2622.05
2644.7
2667.4
2690.1
2712.8
2735.5
2758.2
2780.9
2803.55
2826.25
2848.9
2871.6
2894.3
2917
2939.65
2962.35
2985.05
3007.75
3030.4
3053.1
3075.8
3098.5
3121.2
3143.9
3166.6
3189.25
3211.95
3234.65
3257.35
3280.05
3302.7
3325.35
3348.05
3370.75
3393.45
3416.1
3438.8
3461.5
3484.2
3506.85
3529.55
3552.25
3574.95
3597.65
3620.35
3643.05
3665.7
3688.4
3711.05
3733.75
3756.45
3779.15
3801.8
3824.5
3847.2
3869.9
3892.55
3915.25
3937.95
3960.65
3983.35
4006.05
4028.75
4051.4
4074.1
4096.75
4119.45
4142.15
4164.85
4187.5
4210.2
4232.9
4255.6
4278.25
4300.95
4323.65
4346.35
4369
4391.7
4414.4
4437.1
4459.8
4482.5
4505.2
4527.85
4550.55
4573.2
4595.9
4618.6
4641.3
4663.95
4686.65
4709.35
4732.05
4754.7
4777.4
4800.1
4822.8
4845.5
4868.2
4890.9
4913.55
4936.25
4958.9
4981.6
