0.05
20.05
44.45
68.85
93.3
117.7
142.1
166.5
190.95
215.35
239.75
264.2
288.6
313
337.45
361.85
386.25
410.65
435.1
459.5
483.9
508.35
532.75
557.15
581.6
606
630.4
654.8
679.25
703.65
728.05
752.5
776.9
801.3
825.75
850.15
874.55
898.95
923.4
947.8
972.2
996.65
1021.05
1045.45
1069.9
1094.3
1118.7
1143.1
1167.55
1191.95
1216.35
1240.8
1265.2
1289.6
1314.05
1338.45
1362.85
1387.25
1411.7
1436.1
1460.5
1484.95
1509.35
1533.75
1558.15
1582.6
1607
1631.4
1655.85
1680.25
1704.65
1729.1
1753.5
1777.9
1802.3
1826.75
1851.15
1875.55
1900
1924.4
1948.8
1973.25
1997.65
2022.05
2046.45
2070.9
2095.3
2119.7
2144.15
2168.55
2192.95
2217.4
2241.8
2266.2
2290.6
2315.05
2339.45
2363.85
2388.3
2412.7
2437.1
2461.55
2485.95
2510.35
2534.75
2559.2
2583.6
2608
2632.45
2656.85
2681.25
2705.7
2730.1
2754.5
2778.9
2803.35
2827.75
2852.15
2876.6
2901
2925.4
2949.85
2974.25
2998.65
3023.05
3047.5
3071.9
3096.3
3120.75
3145.15
3169.55
3194
3218.4
3242.8
3267.2
3291.65
3316.05
3340.45
3364.9
3389.3
3413.7
3438.15
3462.55
3486.95
3511.35
3535.8
3560.2
3584.6
3609.05
3633.45
3657.85
3682.25
3706.7
3731.1
3755.5
3779.95
3804.35
3828.75
3853.2
3877.6
3902
3926.4
3950.85
3975.25
3999.65
4024.1
4048.5
4072.9
4097.35
4121.75
4146.15
4170.55
4195
4219.4
4243.8
4268.25
4292.65
4317.05
4341.5
4365.9
4390.3
4414.7
4439.15
4463.55
4487.95
4512.4
4536.8
4561.2
4585.65
4610.05
4634.45
4658.85
4683.3
4707.7
4732.1
4756.55
4780.95
4805.35
4829.8
4854.2
4878.6
4903
4927.45
4951.85
4976.25
-1000
0.05
26
44.9
64.25
85.95
108.85
132.35
156.15
180.05
204.1
228.1
252.15
276.15
300.05
323.75
347
368.75
388.3
407
428.25
451
474.4
498.1
522
545.95
570
594
618
641.95
665.7
689.05
711.15
731.2
749.5
770.4
792.95
816.3
839.95
863.85
887.8
911.85
935.9
959.9
983.85
1007.7
1031.1
1053.65
1074.2
1092.2
1112.75
1135.1
1158.3
1181.95
1205.8
1229.75
1253.75
1277.8
1301.8
1325.75
1349.65
1373.2
1396.05
1417.15
1435.7
1455.45
1477.35
1500.35
1523.9
1547.7
1571.65
1595.7
1619.7
1643.75
1667.75
1691.65
1715.35
1738.55
1760.25
1779.65
1798.45
1819.8
1842.6
1866
1889.75
1913.65
1937.65
1961.65
1985.7
2009.7
2033.6
2057.4
2080.8
2103.05
2123.3
2141.45
2162.25
2184.75
2208.05
2231.7
2255.55
2279.5
2303.55
2327.6
2351.6
2375.55
2399.4
2422.9
2445.55
2466.4
2484.35
2504.65
2526.85
2550.05
2573.65
2597.5
2621.45
2645.45
2669.45
2693.5
2717.45
2741.3
2764.85
2787.7
2808.8
2827.35
2847.1
2869
2892
2915.55
2939.35
2963.3
2987.3
3011.3
3035.35
3059.35
3083.25
3106.9
3130
3151.45
3170.55
3189.65
3211.2
3234.05
3257.55
3281.3
3305.25
3329.25
3353.25
3377.3
3401.25
3425.2
3448.95
3472.25
3494.25
3514.1
3532.5
3553.6
3576.25
3599.6
3623.25
3647.15
3671.1
3695.15
3719.2
3743.2
3767.15
3791
3814.45
3837
3857.65
3875.55
3896.05
3918.4
3941.6
3965.25
3989.1
4013.05
4037.1
4061.15
4085.15
4109.15
4132.95
4156.55
4179.45
4200.65
4219.35
4238.95
4260.8
4283.8
4307.3
4331.1
4355
4379
4403
4427.05
4451.05
4474.95
4498.65
4521.9
4543.6
4563.05
4581.8
4603.1
4625.85
4649.3
