0.05
14.3
32.25
50.2
68.15
86.1
104
121.95
139.9
157.85
175.8
193.75
211.7
229.6
247.55
265.5
283.45
301.4
319.35
337.3
355.2
373.15
391.1
409.05
427
444.95
462.9
480.8
498.75
516.7
534.65
552.6
570.55
588.5
606.4
624.35
642.3
660.25
678.2
696.15
714.1
732
749.95
767.9
785.85
803.8
821.75
839.7
857.6
875.55
893.5
911.45
929.4
947.35
965.3
983.2
1001.15
1019.1
1037.05
1055
1072.95
1090.9
1108.8
1126.75
1144.7
1162.65
1180.6
1198.55
1216.5
1234.4
1252.35
1270.3
1288.25
1306.2
1324.15
1342.1
1360
1377.95
1395.9
1413.85
1431.8
1449.75
1467.7
1485.6
1503.55
1521.5
1539.45
1557.4
1575.35
1593.3
1611.2
1629.15
1647.1
1665.05
1683
1700.95
1718.9
1736.8
1754.75
1772.7
1790.65
1808.6
1826.55
1844.5
1862.4
1880.35
1898.3
1916.25
1934.2
1952.15
1970.1
1988
2005.95
2023.9
2041.85
2059.8
2077.75
2095.7
2113.6
2131.55
2149.5
2167.45
2185.4
2203.35
2221.3
2239.2
2257.15
2275.1
2293.05
2311
2328.95
2346.9
2364.8
2382.75
2400.7
2418.65
2436.6
2454.55
2472.5
2490.4
2508.35
2526.3
2544.25
2562.2
2580.15
2598.1
2616
2633.95
2651.9
2669.85
2687.8
2705.75
2723.7
2741.6
2759.55
2777.5
2795.45
2813.4
2831.35
2849.3
2867.2
2885.15
2903.1
2921.05
2939
2956.95
2974.9
2992.8
3010.75
3028.7
3046.65
3064.6
3082.55
3100.5
3118.4
3136.35
3154.3
3172.25
3190.2
3208.15
3226.1
3244
3261.95
3279.9
3297.85
3315.8
3333.75
3351.7
3369.6
3387.55
3405.5
3423.45
3441.4
3459.35
3477.3
3495.2
3513.15
3531.1
3549.05
3567
3584.95
3602.9
3620.8
3638.75
3656.7
3674.65
3692.6
3710.55
3728.5
3746.4
3764.35
3782.3
3800.25
3818.2
3836.15
3854.05
3872
3889.95
3907.9
3925.85
3943.8
3961.75
3979.65
3997.6
4015.55
4033.5
4051.45
4069.4
4087.35
4105.25
4123.2
4141.15
4159.1
4177.05
4195
4212.95
4230.85
4248.8
4266.75
4284.7
4302.65
4320.6
4338.55
4356.45
4374.4
4392.35
4410.3
4428.25
4446.2
4464.15
4482.05
4500
4517.95
4535.9
4553.85
4571.8
4589.75
4607.65
4625.6
4643.55
4661.5
4679.45
4697.4
4715.35
4733.25
4751.2
4769.15
4787.1
4805.05
4823
4840.95
4858.85
4876.8
4894.75
4912.7
4930.65
4948.6
4966.55
-1000
0.05
26.3
47
68.2
88.55
108.1
127.15
145.85
164.3
182.65
200.85
218.9
236.9
255
273.05
291.1
309.1
327.1
345
362.95
380.95
398.9
416.9
434.9
452.85
470.75
488.65
506.6
524.6
542.55
560.55
578.5
596.35
614.25
632.25
650.2
668.2
686.15
704.1
722
739.85
757.85
775.8
793.8
811.75
829.7
847.6
865.45
883.45
901.4
919.4
937.35
955.3
973.2
991.05
1009.05
1027
1045
1062.95
1080.9
1098.8
1116.65
1134.65
1152.6
1170.6
1188.55
1206.5
1224.4
1242.25
1260.25
1278.2
1296.2
1314.15
1332.1
1350
1367.85
1385.85
1403.8
1421.8
1439.75
1457.7
1475.6
1493.45
1511.45
1529.4
1547.4
1565.35
1583.3
1601.2
1619.05
1637.05
1655
1673
1690.95
1708.9
1726.8
1744.65
1762.65
1780.6
1798.6
1816.55
1834.5
1852.4
1870.25
1888.25
1906.2
1924.2
1942.15
1960.1
1978
1995.85
2013.85
2031.8
2049.8
2067.75
2085.7
2103.6
2121.45
2139.45
2157.4
2175.4
2193.35
2211.3
2229.2
2247.05
2265.05
2283
2301
2318.95
2336.9
2354.8
2372.65
2390.65
2408.6
2426.6
2444.55
2462.5
2480.4
2498.25
2516.25
2534.2
2552.2
2570.15
2588.1
2606
2623.85
2641.85
2659.8
2677.8
2695.75
2713.7
2731.6
2749.45
2767.45
2785.4
2803.4
2821.35
2839.3
2857.2
2875.05
2893.05
2911
2929
2946.95
2964.9
2982.8
3000.65
3018.65
3036.6
3054.6
3072.55
3090.5
3108.4
3126.25
3144.25
3162.2
3180.2
3198.15
3216.1
3234
3251.85
3269.85
3287.8
3305.8
3323.75
3341.7
3359.6
3377.55
3395.5
3413.45
3431.45
3449.4
3467.35
3485.2
3503.2
3521.15
3539.1
3557.05
3575
3592.95
3610.85
3628.8
3646.75
3664.7
3682.65
3700.6
3718.55
3736.45
3754.4
3772.35
3790.3
3808.25
3826.2
3844.15
3862.05
3880
3897.95
3915.9
3933.85
3951.8
3969.75
3987.65
4005.6
4023.55
4041.5
4059.45
4077.4
4095.35
4113.25
4131.2
4149.15
4167.1
4185.05
4203
4220.95
4238.85
4256.8
4274.75
4292.7
4310.65
4328.6
4346.55
4364.45
4382.4
4400.35
4418.3
4436.25
4454.2
4472.15
4490.05
4508
4525.95
4543.9
4561.85
4579.8
4597.75
4615.65
4633.6
4651.55
4669.5
4687.45
4705.4
4723.35
4741.25
4759.2
4777.15
4795.1
4813.05
4831
4848.95
4866.85
4884.8
4902.75
4920.7
4938.65
4956.6
4974.55
4992.45
