0.05
24.45
53.8
83.1
112.45
141.75
171.1
200.4
229.75
259.05
288.4
317.75
347.05
376.4
405.7
435.05
464.35
493.7
523
552.35
581.65
611
640.3
669.65
698.95
728.3
757.6
786.95
816.3
845.6
874.95
904.25
933.6
962.9
992.25
1021.55
1050.9
1080.2
1109.55
1138.85
1168.2
1197.5
1226.85
1256.15
1285.5
1314.85
1344.15
1373.5
1402.8
1432.15
1461.45
1490.8
1520.1
1549.45
1578.75
1608.1
1637.4
1666.75
1696.05
1725.4
1754.7
1784.05
1813.4
1842.7
1872.05
1901.35
1930.7
1960
1989.35
2018.65
2048
2077.3
2106.65
2135.95
2165.3
2194.6
2223.95
2253.25
2282.6
2311.95
2341.25
2370.6
2399.9
2429.25
2458.55
2487.9
2517.2
2546.55
2575.85
2605.2
2634.5
2663.85
2693.15
2722.5
2751.8
2781.15
2810.5
2839.8
2869.15
2898.45
2927.8
2957.1
2986.45
3015.75
3045.1
3074.4
3103.75
3133.05
3162.4
3191.7
3221.05
3250.35
3279.7
3309.05
3338.35
3367.7
3397
3426.35
3455.65
3485
3514.3
3543.65
3572.95
3602.3
3631.6
3660.95
3690.25
3719.6
3748.9
3778.25
3807.6
3836.9
3866.25
3895.55
3924.9
3954.2
3983.55
4012.85
4042.2
4071.5
4100.85
4130.15
4159.5
4188.8
4218.15
4247.45
4276.8
4306.15
4335.45
4364.8
4394.1
4423.45
4452.75
4482.1
4511.4
4540.75
4570.05
4599.4
4628.7
4658.05
4687.35
4716.7
4746
4775.35
4804.7
4834
4863.35
4892.65
4922
4951.3
4980.65
-1000
0.05
26
47.35
72.4
98.25
121.4
139.5
162.5
188.3
213.4
234.7
254
278.4
304.4
328.2
347.4
369
394.4
420.05
442.45
460.75
484.45
510.35
534.9
555.25
575.55
600.45
626.35
649.7
668.15
690.75
716.45
741.75
763.45
782.35
806.55
832.5
856.55
876.15
897.25
922.5
948.3
971
989.1
1012.55
1038.45
1063.2
1083.9
1103.8
1128.55
1154.5
1178
1196.8
1219
1244.6
1270.1
1292.2
1310.7
1334.65
1360.6
1384.95
1404.8
1425.55
1450.7
1476.5
1499.6
1517.65
1540.75
1566.55
1591.6
1612.75
1632.2
1656.7
1682.65
1706.4
1725.45
1747.25
1772.7
1798.35
1820.75
1838.9
1862.7
1888.6
1913
1933.15
1953.65
1978.65
2004.55
2027.75
2045.9
2068.85
2094.6
2119.75
2141.15
2160.3
2184.7
2210.65
2234.55
2253.85
2275.3
2300.7
2326.4
2348.95
2367.1
2390.7
2416.6
2441.15
2461.45
2481.75
2506.7
2532.6
2555.9
2574.35
2596.95
2622.65
2647.95
2669.65
2688.55
2712.75
2738.75
2762.8
2782.35
2803.5
2828.75
2854.5
2877.25
2895.2
2918.7
2944.6
2969.35
2989.95
3009.95
3034.7
3060.65
3084.1
3102.9
3125.15
3150.75
3176.25
3198.25
3216.85
3240.85
3266.8
3291.1
3311
3331.7
3356.8
3382.65
3405.55
3423.6
3446.85
3472.7
3497.65
3518.6
3538.2
3562.8
3588.75
3612.4
3631.35
3653.25
3678.8
3704.4
3726.65
3745.05
3768.9
3794.8
3819.25
3839.35
3859.85
3884.85
3910.7
