0.05
22.5
49.6
76.75
103.9
131.05
158.2
185.35
212.45
239.6
266.75
293.9
321.05
348.2
375.3
402.45
429.6
456.75
483.9
511.05
538.15
565.3
592.45
619.6
646.75
673.9
701
728.15
755.3
782.45
809.6
836.75
863.85
891
918.15
945.3
972.45
999.55
1026.7
1053.85
1081
1108.15
1135.3
1162.4
1189.55
1216.7
1243.85
1271
1298.15
1325.25
1352.4
1379.55
1406.7
1433.85
1461
1488.1
1515.25
1542.4
1569.55
1596.7
1623.85
1650.95
1678.1
1705.25
1732.4
1759.55
1786.7
1813.8
1840.95
1868.1
1895.25
1922.4
1949.5
1976.65
2003.8
2030.95
2058.1
2085.25
2112.35
2139.5
2166.65
2193.8
2220.95
2248.1
2275.2
2302.35
2329.5
2356.65
2383.8
2410.95
2438.05
2465.2
2492.35
2519.5
2546.65
2573.8
2600.9
2628.05
2655.2
2682.35
2709.5
2736.65
2763.75
2790.9
2818.05
2845.2
2872.35
2899.5
2926.6
2953.75
2980.9
3008.05
3035.2
3062.3
3089.45
3116.6
3143.75
3170.9
3198.05
3225.15
3252.3
3279.45
3306.6
3333.75
3360.9
3388
3415.15
3442.3
3469.45
3496.6
3523.75
3550.85
3578
3605.15
3632.3
3659.45
3686.6
3713.7
3740.85
3768
3795.15
3822.3
3849.45
3876.55
3903.7
3930.85
3958
3985.15
4012.25
4039.4
4066.55
4093.7
4120.85
4148
4175.1
4202.25
4229.4
4256.55
4283.7
4310.85
4337.95
4365.1
4392.25
4419.4
4446.55
4473.7
4500.8
4527.95
4555.1
4582.25
4609.4
4636.55
4663.65
4690.8
4717.95
4745.1
4772.25
4799.4
4826.5
4853.65
4880.8
4907.95
4935.1
4962.2
4989.35
-1000
0.05
26
44.65
65.8
89.85
114.95
139.85
162.7
181.95
202.2
225.95
250.95
276
299.3
319.25
338.85
362.15
387
412.1
435.9
456.6
475.45
498.35
523.05
548.15
572.35
593.75
612
634.5
659.1
684.2
708.65
730.5
748.55
770.6
795.05
820.15
844.85
867.05
885.35
906.85
931.05
956.15
981
1003.65
1022.55
1043.25
1067.2
1092.2
1117.2
1140.35
1159.9
1179.8
1203.35
1228.25
1253.35
1277.05
1297.45
1316.45
1339.5
1364.3
1389.45
1413.55
1434.7
1453.15
1475.7
1500.3
1525.45
1549.85
1571.55
1589.65
1611.85
1636.3
1661.4
1686
1708.1
1726.15
1747.95
1772.3
1797.4
1822.1
1844.5
1863.15
1884.3
1908.35
1933.45
1958.35
1981.25
2000.55
2020.8
2044.55
2069.5
2094.55
2118
2138.1
2157.5
2180.75
2205.6
2230.7
2254.7
2275.6
2294.2
2316.95
2341.65
2366.8
2391.15
2412.75
2430.75
2453.1
2477.65
2502.75
2527.35
2549.35
2567.4
2589.2
2613.55
2638.7
2663.4
2685.75
2704.2
2725.5
2749.6
2774.65
2799.55
2822.25
2841.2
2861.85
2885.75
2910.75
2935.75
2959
2978.75
2998.5
3021.95
3046.85
3071.9
3095.75
3116.4
3135.25
3158.2
3182.95
3208.05
3232.25
3253.6
3271.9
3294.35
3318.95
3344.1
3368.6
3390.45
3408.45
3430.5
3454.9
3480.05
3504.75
3527
3545.3
3566.75
3590.95
3616.05
3640.9
3663.55
3682.5
3703.1
3727
3752.05
3777.05
3800.15
3819.7
3839.65
3863.2
3888.1
3913.2
3936.85
3957.3
3976.4
3999.45
4024.2
4049.35
4073.5
4094.75
4113.1
4135.65
4160.25
4185.35
