0.05
22.1
48.8
75.5
102.2
128.9
155.65
182.35
209.05
235.75
262.45
289.15
315.85
342.6
369.3
396
422.7
449.4
476.1
502.8
529.55
556.25
582.95
609.65
636.35
663.05
689.75
716.5
743.2
769.9
796.6
823.3
850
876.75
903.45
930.15
956.85
983.55
1010.25
1036.95
1063.7
1090.4
1117.1
1143.8
1170.5
1197.2
1223.9
1250.65
1277.35
1304.05
1330.75
1357.45
1384.15
1410.85
1437.6
1464.3
1491
1517.7
1544.4
1571.1
1597.8
1624.55
1651.25
1677.95
1704.65
1731.35
1758.05
1784.8
1811.5
1838.2
1864.9
1891.6
1918.3
1945
1971.75
1998.45
2025.15
2051.85
2078.55
2105.25
2131.95
2158.7
2185.4
2212.1
2238.8
2265.5
2292.2
2318.9
2345.65
2372.35
2399.05
2425.75
2452.45
2479.15
2505.85
2532.6
2559.3
2586
2612.7
2639.4
2666.1
2692.8
2719.55
2746.25
2772.95
2799.65
2826.35
2853.05
2879.8
2906.5
2933.2
2959.9
2986.6
3013.3
3040
3066.75
3093.45
3120.15
3146.85
3173.55
3200.25
3226.95
3253.7
3280.4
3307.1
3333.8
3360.5
3387.2
3413.9
3440.65
3467.35
3494.05
3520.75
3547.45
3574.15
3600.85
3627.6
3654.3
3681
3707.7
3734.4
3761.1
3787.85
3814.55
3841.25
3867.95
3894.65
3921.35
3948.05
3974.8
4001.5
4028.2
4054.9
4081.6
4108.3
4135
4161.75
4188.45
4215.15
4241.85
4268.55
4295.25
4321.95
4348.7
4375.4
4402.1
4428.8
4455.5
4482.2
4508.9
4535.65
4562.35
4589.05
4615.75
4642.45
4669.15
4695.9
4722.6
4749.3
4776
4802.7
4829.4
4856.1
4882.85
4909.55
4936.25
4962.95
4989.65
-1000
0.05
26.45
48.9
67.8
88.3
111.85
136.6
161.55
185.65
207.15
225.2
247.1
271.3
296.2
321
344.35
364.55
383.65
406.45
430.95
455.9
480.5
503
522
542.3
565.9
590.6
615.55
639.75
661.4
679.4
701.2
725.3
750.2
775
798.3
818.5
837.6
860.45
884.95
909.85
934.4
956.8
975.7
996.25
1019.85
1044.6
1069.55
1093.6
1115.05
1133.15
1155.1
1179.3
1204.2
1229
1252.35
1272.4
1291.6
1314.45
1338.95
1363.95
1388.5
1411
1429.9
1450.3
1473.9
1498.65
1523.6
1547.75
1569.3
1587.35
1609.2
1633.35
1658.25
1683.05
1706.3
1726.4
1745.6
1768.45
1792.95
1817.95
1842.5
1864.95
1883.85
1904.35
1927.9
1952.65
1977.6
2001.7
2023.2
2041.25
2063.2
2087.35
2112.25
2137.1
2160.4
2180.55
2199.7
2222.55
2247.05
2272
2296.6
2319.05
2338.05
2358.4
2381.95
2406.7
2431.65
2455.8
2477.4
2495.45
2517.3
2541.4
2566.3
2591.1
2614.4
2634.55
2653.7
2676.55
2701.05
2726
2750.6
2773.05
2791.95
2812.4
2836
2860.7
2885.65
2909.75
2931.3
2949.35
2971.25
2995.4
3020.35
3045.15
3068.5
3088.65
3107.75
3130.6
3155.1
3180.05
3204.65
3227.15
3246.15
3266.45
3290
3314.75
3339.7
3363.9
3385.5
3403.5
3425.35
3449.45
3474.35
3499.15
3522.45
3542.65
3561.75
3584.6
3609.1
3634.05
3658.6
3681
3699.85
3720.4
3744
3768.75
3793.7
3817.75
3839.25
3857.3
3879.25
3903.45
3928.35
3953.15
3976.5
3996.6
4015.75
4038.6
4063.1
4088.1
4112.65
4135.15
4154.05
4174.45
4198.05
4222.8
4247.75
