0.05
15.9
35.7
55.45
75.2
95
114.75
134.55
154.3
174.1
193.85
213.6
233.4
253.15
272.95
292.7
312.45
332.25
352
371.8
391.55
411.35
431.1
450.85
470.65
490.4
510.2
529.95
549.7
569.5
589.25
609.05
628.8
648.6
668.35
688.1
707.9
727.65
747.45
767.2
787
806.75
826.5
846.3
866.05
885.85
905.6
925.35
945.15
964.9
984.7
1004.45
1024.25
1044
1063.75
1083.55
1103.3
1123.1
1142.85
1162.6
1182.4
1202.15
1221.95
1241.7
1261.5
1281.25
1301
1320.8
1340.55
1360.35
1380.1
1399.85
1419.65
1439.4
1459.2
1478.95
1498.75
1518.5
1538.25
1558.05
1577.8
1597.6
1617.35
1637.1
1656.9
1676.65
1696.45
1716.2
1736
1755.75
1775.5
1795.3
1815.05
1834.85
1854.6
1874.35
1894.15
1913.9
1933.7
1953.45
1973.25
1993
2012.75
2032.55
2052.3
2072.1
2091.85
2111.6
2131.4
2151.15
2170.95
2190.7
2210.5
2230.25
2250
2269.8
2289.55
2309.35
2329.1
2348.85
2368.65
2388.4
2408.2
2427.95
2447.75
2467.5
2487.25
2507.05
2526.8
2546.6
2566.35
2586.15
2605.9
2625.65
2645.45
2665.2
2685
2704.75
2724.5
2744.3
2764.05
2783.85
2803.6
2823.4
2843.15
2862.9
2882.7
2902.45
2922.25
2942
2961.75
2981.55
3001.3
3021.1
3040.85
3060.65
3080.4
3100.15
3119.95
3139.7
3159.5
3179.25
3199
3218.8
3238.55
3258.35
3278.1
3297.9
3317.65
3337.4
3357.2
3376.95
3396.75
3416.5
3436.25
3456.05
3475.8
3495.6
3515.35
3535.15
3554.9
3574.65
3594.45
3614.2
3634
3653.75
3673.5
3693.3
3713.05
3732.85
3752.6
3772.4
3792.15
3811.9
3831.7
3851.45
3871.25
3891
3910.75
3930.55
3950.3
3970.1
3989.85
4009.65
4029.4
4049.15
4068.95
4088.7
4108.5
4128.25
4148
4167.8
4187.55
4207.35
4227.1
4246.9
4266.65
4286.4
4306.2
4325.95
4345.75
4365.5
4385.25
4405.05
4424.8
4444.6
4464.35
4484.15
4503.9
4523.65
4543.45
4563.2
4583
4602.75
4622.55
4642.3
4662.05
4681.85
4701.6
4721.4
4741.15
4760.9
4780.7
4800.45
4820.25
4840
4859.8
4879.55
4899.3
4919.1
4938.85
4958.65
4978.4
-1000
0.05
23.95
45.35
66.15
86.6
106.8
126.8
146.75
166.6
186.4
206.2
226
245.8
265.6
285.3
305.1
324.9
344.7
364.45
384.25
404
423.7
443.5
463.3
483.1
502.85
522.55
542.35
562.15
581.95
601.7
621.5
641.25
660.95
680.75
700.55
720.35
740.1
759.8
779.6
799.4
819.2
838.95
858.75
878.5
898.2
918
937.8
957.6
977.35
997.05
1016.85
1036.6
1056.4
1076.2
1095.95
1115.75
1135.45
1155.25
1175.05
1194.85
1214.6
1234.3
1254.1
1273.85
1293.65
1313.45
1333.2
1353
1372.7
1392.5
1412.3
1432.1
1451.85
1471.55
1491.35
1511.1
1530.9
1550.7
1570.45
1590.25
1609.95
1629.75
1649.55
1669.35
1689.1
1708.8
1728.6
1748.35
1768.15
1787.95
1807.7
1827.5
1847.2
1867
1886.8
1906.6
1926.35
1946.05
1965.85
1985.6
2005.4
2025.2
2044.95
2064.75
2084.45
2104.25
2124.05
2143.85
2163.6
2183.4
2203.15
2222.85
2242.65
2262.45
2282.25
2302
2321.7
2341.5
2361.3
2381.1
2400.85
2420.65
2440.4
2460.1
2479.9
2499.7
2519.5
2539.25
2558.95
2578.75
2598.55
2618.35
2638.1
2657.9
2677.65
2697.35
2717.15
2736.95
2756.75
2776.5
2796.2
2816
2835.8
2855.6
2875.35
2895.15
2914.9
2934.6
2954.4
2974.2
2994
3013.75
3033.45
3053.25
3073
3092.8
3112.6
3132.35
3152.15
3171.85
3191.65
3211.45
3231.25
3251
3270.7
3290.5
3310.25
3330.05
3349.85
3369.6
3389.4
3409.1
3428.9
3448.7
3468.5
3488.25
3507.95
3527.75
3547.5
3567.3
3587.1
3606.85
3626.65
3646.35
3666.15
3685.95
3705.75
3725.5
3745.2
3765
3784.75
3804.55
3824.35
3844.1
3863.9
3883.6
3903.4
3923.2
3943
3962.75
3982.55
4002.3
4022
4041.8
4061.6
4081.4
4101.15
4120.85
4140.65
4160.45
4180.25
4200
4219.8
4239.55
4259.25
4279.05
4298.85
4318.65
4338.4
4358.1
4377.9
4397.7
4417.5
4437.25
4457.05
4476.8
4496.5
4516.3
4536.1
4555.9
4575.65
4595.35
4615.15
4634.95
4654.75
4674.5
4694.3
4714.05
4733.75
4753.55
4773.35
4793.15
4812.9
4832.6
4852.4
4872.15
4891.95
4911.75
4931.5
4951.3
4971
4990.8
