0.05
16.6
37.1
57.65
78.15
98.7
119.2
139.75
160.25
180.8
201.3
221.85
242.35
262.9
283.4
303.95
324.45
344.95
365.5
386
406.55
427.05
447.6
468.1
488.65
509.15
529.7
550.2
570.75
591.25
611.8
632.3
652.85
673.35
693.9
714.4
734.95
755.45
776
796.5
817.05
837.55
858.1
878.6
899.15
919.65
940.2
960.7
981.25
1001.75
1022.3
1042.8
1063.35
1083.85
1104.4
1124.9
1145.45
1165.95
1186.5
1207
1227.55
1248.05
1268.6
1289.1
1309.65
1330.15
1350.7
1371.2
1391.75
1412.25
1432.8
1453.3
1473.85
1494.35
1514.9
1535.4
1555.95
1576.45
1597
1617.5
1638.05
1658.55
1679.1
1699.6
1720.15
1740.65
1761.2
1781.7
1802.25
1822.75
1843.3
1863.8
1884.35
1904.85
1925.4
1945.9
1966.45
1986.95
2007.5
2028
2048.55
2069.05
2089.6
2110.1
2130.65
2151.15
2171.7
2192.2
2212.75
2233.25
2253.8
2274.3
2294.85
2315.35
2335.9
2356.4
2376.95
2397.45
2418
2438.5
2459.05
2479.55
2500.1
2520.6
2541.15
2561.65
2582.2
2602.7
2623.25
2643.75
2664.3
2684.8
2705.35
2725.85
2746.4
2766.9
2787.45
2807.95
2828.5
2849
2869.55
2890.05
2910.6
2931.1
2951.65
2972.15
2992.7
3013.2
3033.75
3054.25
3074.8
3095.3
3115.85
3136.35
3156.9
3177.4
3197.95
3218.45
3239
3259.5
3280.05
3300.55
3321.1
3341.6
3362.15
3382.65
3403.2
3423.7
3444.25
3464.75
3485.3
3505.8
3526.35
3546.85
3567.4
3587.9
3608.45
3628.95
3649.5
3670
3690.55
3711.05
3731.6
3752.1
3772.65
3793.15
3813.7
3834.2
3854.75
3875.25
3895.8
3916.3
3936.85
3957.35
3977.9
3998.4
4018.95
4039.45
4060
4080.5
4101.05
4121.55
4142.1
4162.6
4183.15
4203.65
4224.2
4244.7
4265.25
4285.75
4306.3
4326.8
4347.35
4367.85
4388.4
4408.9
4429.45
4449.95
4470.5
4491
4511.55
4532.05
4552.6
4573.1
4593.65
4614.15
4634.7
4655.2
4675.75
4696.25
4716.8
4737.3
4757.85
4778.35
4798.9
4819.4
4839.95
4860.45
4881
4901.5
4922.05
4942.55
4963.1
4983.6
-1000
0.05
24.3
46.2
67.65
88.75
109.65
130.4
151.05
171.7
192.25
212.8
233.35
253.9
274.4
294.95
315.45
336
356.5
377.05
397.55
418.1
438.6
459.15
479.65
500.2
520.7
541.25
561.75
582.3
602.8
623.35
643.85
664.4
684.9
705.45
725.95
746.5
767
787.55
808.05
828.6
849.1
869.65
890.15
910.7
931.2
951.75
972.25
992.8
1013.3
1033.85
1054.35
1074.9
1095.4
1115.95
1136.45
1157
1177.5
1198.05
1218.55
1239.1
1259.6
1280.15
1300.65
1321.2
1341.7
1362.25
1382.75
1403.3
1423.8
1444.35
1464.85
1485.4
1505.9
1526.45
1546.95
1567.5
1588
1608.55
1629.05
1649.6
1670.1
1690.65
1711.15
1731.7
1752.2
1772.75
1793.25
1813.8
1834.3
1854.85
1875.35
1895.9
1916.4
1936.95
1957.45
1978
1998.5
2019.05
2039.55
2060.1
2080.6
2101.15
2121.65
2142.2
2162.7
2183.25
2203.75
2224.3
2244.8
2265.35
2285.85
2306.4
2326.9
2347.45
2367.95
2388.5
2409
2429.55
2450.05
2470.6
2491.1
2511.65
2532.15
2552.7
2573.2
2593.75
2614.25
2634.8
2655.3
2675.85
2696.35
2716.9
2737.4
2757.95
2778.45
2799
2819.5
2840.05
2860.55
2881.1
2901.6
2922.15
2942.65
2963.2
2983.7
3004.25
3024.75
3045.3
3065.8
3086.35
3106.85
3127.4
3147.9
3168.45
3188.95
3209.5
3230
3250.55
3271.05
3291.6
3312.1
3332.65
3353.15
3373.7
3394.2
3414.75
3435.25
3455.8
3476.3
3496.85
3517.35
3537.9
3558.4
3578.95
3599.45
3620
3640.5
3661.05
3681.55
3702.1
3722.6
3743.15
3763.65
3784.2
3804.7
3825.25
3845.75
3866.3
3886.8
3907.35
3927.85
3948.4
3968.9
3989.45
4009.95
4030.5
4051
4071.55
4092.05
4112.6
4133.1
4153.65
4174.15
4194.7
4215.2
4235.75
4256.25
4276.8
4297.3
4317.85
4338.35
4358.9
4379.4
4399.95
4420.45
4441
4461.5
4482.05
4502.55
4523
4543.55
4564.05
4584.6
4605.1
4625.65
4646.15
4666.7
4687.2
4707.75
4728.25
4748.8
4769.3
4789.85
4810.35
4830.9
4851.4
4871.95
4892.45
4913
4933.5
4954.05
4974.55
4995.1
