0.05
14.7
33.05
51.4
69.75
88.1
106.5
124.85
143.2
161.55
179.9
198.3
216.65
235
253.35
271.7
290.1
308.45
326.8
345.15
363.5
381.9
400.25
418.6
436.95
455.3
473.7
492.05
510.4
528.75
547.15
565.5
583.85
602.2
620.55
638.95
657.3
675.65
694
712.35
730.75
749.1
767.45
785.8
804.15
822.55
840.9
859.25
877.6
896
914.35
932.7
951.05
969.4
987.8
1006.15
1024.5
1042.85
1061.2
1079.6
1097.95
1116.3
1134.65
1153
1171.4
1189.75
1208.1
1226.45
1244.8
1263.2
1281.55
1299.9
1318.25
1336.65
1355
1373.35
1391.7
1410.05
1428.45
1446.8
1465.15
1483.5
1501.85
1520.25
1538.6
1556.95
1575.3
1593.65
1612.05
1630.4
1648.75
1667.1
1685.5
1703.85
1722.2
1740.55
1758.9
1777.3
1795.65
1814
1832.35
1850.7
1869.1
1887.45
1905.8
1924.15
1942.5
1960.9
1979.25
1997.6
2015.95
2034.3
2052.7
2071.05
2089.4
2107.75
2126.15
2144.5
2162.85
2181.2
2199.55
2217.95
2236.3
2254.65
2273
2291.35
2309.75
2328.1
2346.45
2364.8
2383.15
2401.55
2419.9
2438.25
2456.6
2475
2493.35
2511.7
2530.05
2548.4
2566.8
2585.15
2603.5
2621.85
2640.2
2658.6
2676.95
2695.3
2713.65
2732
2750.4
2768.75
2787.1
2805.45
2823.8
2842.2
2860.55
2878.9
2897.25
2915.65
2934
2952.35
2970.7
2989.05
3007.45
3025.8
3044.15
3062.5
3080.85
3099.25
3117.6
3135.95
3154.3
3172.65
3191.05
3209.4
3227.75
3246.1
3264.5
3282.85
3301.2
3319.55
3337.9
3356.3
3374.65
3393
3411.35
3429.7
3448.1
3466.45
3484.8
3503.15
3521.5
3539.9
3558.25
3576.6
3594.95
3613.3
3631.7
3650.05
3668.4
3686.75
3705.15
3723.5
3741.85
3760.2
3778.55
3796.95
3815.3
3833.65
3852
3870.35
3888.75
3907.1
3925.45
3943.8
3962.15
3980.55
3998.9
4017.25
4035.6
4054
4072.35
4090.7
4109.05
4127.4
4145.8
4164.15
4182.5
4200.85
4219.2
4237.6
4255.95
4274.3
4292.65
4311
4329.4
4347.75
4366.1
4384.45
4402.8
4421.2
4439.55
4457.9
4476.25
4494.65
4513
4531.35
4549.7
4568.05
4586.45
4604.8
4623.15
4641.5
4659.85
4678.25
4696.6
4714.95
4733.3
4751.65
4770.05
4788.4
4806.75
4825.1
4843.5
4861.85
4880.2
4898.55
4916.9
4935.3
4953.65
4972
-1000
0.05
26
44.35
62.35
80.55
98.8
117.05
135.35
153.6
171.95
190.3
208.65
226.9
245.3
263.7
282.05
300.4
318.7
337.1
355.5
373.85
392.2
410.5
428.9
447.3
465.65
484
502.3
520.7
539.1
557.45
575.75
594.05
612.45
630.85
649.25
667.55
685.95
704.3
722.7
741.05
759.35
777.75
796.1
814.5
832.85
851.15
869.55
887.95
906.3
924.65
942.95
961.35
979.75
998.1
1016.4
1034.8
1053.15
1071.55
1089.9
1108.2
1126.6
1145
1163.35
1181.7
1200
1218.4
1236.8
1255.15
1273.5
1291.8
1310.2
1328.6
1346.95
1365.25
1383.55
1401.95
1420.35
1438.75
1457.05
1475.45
1493.8
1512.2
1530.55
1548.85
1567.25
1585.6
1604
1622.35
1640.65
1659.05
1677.45
1695.8
1714.15
1732.45
1750.85
1769.25
1787.6
1805.9
1824.3
1842.65
1861.05
1879.4
1897.7
1916.1
1934.5
1952.85
1971.2
1989.5
2007.9
2026.3
2044.65
2063
2081.3
2099.7
2118.1
2136.45
2154.75
2173.05
2191.45
2209.85
2228.25
2246.55
2264.95
2283.3
2301.7
2320.05
2338.35
2356.75
2375.1
2393.5
2411.85
2430.15
2448.55
2466.95
2485.3
2503.65
2521.95
2540.35
2558.75
2577.1
2595.4
2613.8
2632.15
2650.55
2668.9
2687.2
2705.6
2724
2742.35
2760.7
2779
2797.4
2815.8
2834.15
2852.5
2870.8
2889.2
2907.6
2925.95
2944.25
2962.55
2980.95
2999.35
3017.75
3036.05
3054.45
3072.8
3091.2
3109.55
3127.85
3146.25
3164.6
3183
3201.35
3219.65
3238.05
3256.45
3274.8
3293.15
3311.45
3329.85
3348.25
3366.6
3384.9
3403.3
3421.65
3440.05
3458.4
3476.7
3495.1
3513.5
3531.85
3550.2
3568.5
3586.9
3605.3
3623.65
3642
3660.3
3678.7
3697.1
3715.45
3733.75
3752.05
3770.45
3788.85
3807.25
3825.55
3843.95
3862.3
3880.7
3899.05
3917.35
3935.75
3954.1
3972.5
3990.85
4009.15
4027.55
4045.95
4064.3
4082.65
4100.95
4119.35
4137.75
4156.1
4174.4
4192.8
4211.15
4229.55
4247.9
4266.2
4284.6
4303
4321.35
4339.7
4358
4376.4
4394.8
4413.15
4431.5
4449.8
4468.2
4486.6
4504.95
4523.25
4541.55
4559.95
4578.35
4596.75
4615.05
4633.45
4651.8
4670.2
4688.55
4706.85
4725.25
4743.6
4762
4780.35
4798.65
4817.05
4835.45
4853.8
4872.15
4890.45
4908.85
4927.25
4945.6
4963.9
4982.3
