0.05
20.85
46.15
71.45
96.75
122.1
147.4
172.7
198
223.3
248.65
273.95
299.25
324.55
349.85
375.2
400.5
425.8
451.1
476.45
501.75
527.05
552.35
577.65
603
628.3
653.6
678.9
704.2
729.55
754.85
780.15
805.45
830.75
856.1
881.4
906.7
932
957.35
982.65
1007.95
1033.25
1058.55
1083.9
1109.2
1134.5
1159.8
1185.1
1210.45
1235.75
1261.05
1286.35
1311.7
1337
1362.3
1387.6
1412.9
1438.25
1463.55
1488.85
1514.15
1539.45
1564.8
1590.1
1615.4
1640.7
1666
1691.35
1716.65
1741.95
1767.25
1792.6
1817.9
1843.2
1868.5
1893.8
1919.15
1944.45
1969.75
1995.05
2020.35
2045.7
2071
2096.3
2121.6
2146.9
2172.25
2197.55
2222.85
2248.15
2273.5
2298.8
2324.1
2349.4
2374.7
2400.05
2425.35
2450.65
2475.95
2501.25
2526.6
2551.9
2577.2
2602.5
2627.85
2653.15
2678.45
2703.75
2729.05
2754.4
2779.7
2805
2830.3
2855.6
2880.95
2906.25
2931.55
2956.85
2982.15
3007.5
3032.8
3058.1
3083.4
3108.75
3134.05
3159.35
3184.65
3209.95
3235.3
3260.6
3285.9
3311.2
3336.5
3361.85
3387.15
3412.45
3437.75
3463.05
3488.4
3513.7
3539
3564.3
3589.65
3614.95
3640.25
3665.55
3690.85
3716.2
3741.5
3766.8
3792.1
3817.4
3842.75
3868.05
3893.35
3918.65
3944
3969.3
3994.6
4019.9
4045.2
4070.55
4095.85
4121.15
4146.45
4171.75
4197.1
4222.4
4247.7
4273
4298.3
4323.65
4348.95
4374.25
4399.55
4424.9
4450.2
4475.5
4500.8
4526.1
4551.45
4576.75
4602.05
4627.35
4652.65
4678
4703.3
4728.6
4753.9
4779.25
4804.55
4829.85
4855.15
4880.45
4905.8
4931.1
4956.4
4981.7
-1000
0.05
26
48.75
71.9
95.85
120.15
144.55
168.8
192.6
214.7
234.1
253.35
275.45
299
323.15
347.55
371.9
396.1
419.45
440.65
458.7
479.45
502.35
526.25
550.5
574.9
599.25
623.2
645.55
665.35
684.2
706.05
729.5
753.55
777.9
802.3
826.5
850
871.5
890
910.25
932.95
956.7
980.95
1005.35
1029.7
1053.7
1076.45
1096.8
1115.1
1136.65
1159.95
1184
1208.35
1232.75
1257
1280.7
1302.55
1321.5
1341.2
1363.6
1387.25
1411.45
1435.8
1460.2
1484.25
1507.4
1528.3
1546.3
1567.4
1590.45
1614.45
1638.75
1663.15
1687.45
1711.3
1733.4
1752.85
1772.05
1794.15
1817.65
1841.8
1866.2
1890.55
1914.75
1938.1
1959.3
1977.35
1998.1
2021
2044.9
2069.15
2093.55
2117.85
2141.75
2164.15
2184
2202.85
2224.7
2248.15
2272.25
2296.6
2320.95
2345.15
2368.65
2390.1
2408.6
2428.8
2451.55
2475.35
2499.6
2524
2548.35
2572.35
2595.2
2615.6
2633.9
2655.35
2678.65
2702.7
2727
2751.4
2775.7
2799.35
2821.25
2840.2
2859.85
2882.2
2905.85
2930
2954.4
2978.8
3002.9
3026.05
3046.95
3064.95
3086.05
3109.15
3133.1
3157.4
3181.8
3206.1
3229.9
3252.05
3271.4
3290.65
3312.75
3336.3
3360.45
3384.8
3409.2
3433.35
3456.65
3477.85
3495.9
3516.7
3539.65
3563.5
3587.8
3612.2
3636.5
3660.4
3682.75
3702.55
3721.4
3743.25
3766.7
3790.8
3815.2
3839.6
3863.8
3887.3
3908.8
3927.35
3947.55
3970.2
3994
4018.2
4042.6
4067
4091
4113.75
4134.1
4152.5
4174
4197.25
4221.25
4245.6
4270
4294.25
4317.9
4339.75
4358.65
4378.4
4400.8
4424.45
4448.65
4473
