0.05
30.35
66.05
101.8
137.55
173.3
209
244.75
280.5
316.2
351.95
387.7
423.45
459.15
494.9
530.65
566.4
602.1
637.85
673.6
709.3
745.05
780.8
816.55
852.25
888
923.75
959.45
995.2
1030.95
1066.7
1102.4
1138.15
1173.9
1209.65
1245.35
1281.1
1316.85
1352.55
1388.3
1424.05
1459.8
1495.5
1531.25
1567
1602.7
1638.45
1674.2
1709.95
1745.65
1781.4
1817.15
1852.9
1888.6
1924.35
1960.1
1995.8
2031.55
2067.3
2103.05
2138.75
2174.5
2210.25
2246
2281.7
2317.45
2353.2
2388.9
2424.65
2460.4
2496.15
2531.85
2567.6
2603.35
2639.05
2674.8
2710.55
2746.3
2782
2817.75
2853.5
2889.25
2924.95
2960.7
2996.45
3032.15
3067.9
3103.65
3139.4
3175.1
3210.85
3246.6
3282.35
3318.05
3353.8
3389.55
3425.25
3461
3496.75
3532.5
3568.2
3603.95
3639.7
3675.4
3711.15
3746.9
3782.65
3818.35
3854.1
3889.85
3925.6
3961.3
3997.05
4032.8
4068.5
4104.25
4140
4175.75
4211.45
4247.2
4282.95
4318.7
4354.4
4390.15
4425.9
4461.6
4497.35
4533.1
4568.85
4604.55
4640.3
4676.05
4711.75
4747.5
4783.25
4819
4854.7
4890.45
4926.2
4961.95
4997.65
-1000
0.05
26
57.9
92.05
127.2
162.7
198.4
234.05
269.8
305.55
341.25
377
412.7
448.45
484.2
519.95
555.65
591.4
627.15
662.85
698.6
734.35
770.1
805.8
841.6
877.3
913.05
948.75
984.5
1020.25
1055.95
1091.7
1127.45
1163.2
1198.9
1234.7
1270.4
1306.15
1341.85
1377.6
1413.35
1449.05
1484.8
1520.55
1556.3
1592
1627.75
1663.5
1699.2
1734.95
1770.7
1806.45
1842.15
1877.95
1913.65
1949.4
1985.1
2020.85
2056.6
2092.3
2128.05
2163.8
2199.55
2235.25
2271.05
2306.75
2342.5
2378.2
2413.95
2449.7
2485.4
2521.15
2556.9
2592.65
2628.35
2664.1
2699.85
2735.55
2771.3
2807.05
2842.8
2878.5
2914.3
2950
2985.75
3021.45
3057.2
3092.95
3128.65
3164.4
3200.15
3235.9
3271.6
3307.4
3343.1
3378.85
3414.55
3450.3
3486.05
3521.75
3557.5
3593.25
3629
3664.7
3700.45
3736.2
3771.9
3807.65
3843.4
3879.15
3914.85
3950.65
3986.35
4022.1
4057.8
4093.55
4129.3
4165
4200.75
4236.5
4272.25
4307.95
4343.75
4379.45
4415.2
4450.9
4486.65
4522.4
4558.1
4593.9
4629.6
4665.35
4701.05
4736.8
4772.55
4808.25
4844
4879.75
4915.5
4951.2
4987
