0.05
25.75
56.5
87.2
117.95
148.7
179.4
210.15
240.9
271.65
302.35
333.1
363.85
394.6
425.3
456.05
486.8
517.5
548.25
579
609.75
640.45
671.2
701.95
732.65
763.4
794.15
824.9
855.6
886.35
917.1
947.85
978.55
1009.3
1040.05
1070.75
1101.5
1132.25
1163
1193.7
1224.45
1255.2
1285.9
1316.65
1347.4
1378.15
1408.85
1439.6
1470.35
1501.1
1531.8
1562.55
1593.3
1624
1654.75
1685.5
1716.25
1746.95
1777.7
1808.45
1839.15
1869.9
1900.65
1931.4
1962.1
1992.85
2023.6
2054.35
2085.05
2115.8
2146.55
2177.25
2208
2238.75
2269.5
2300.2
2330.95
2361.7
2392.4
2423.15
2453.9
2484.65
2515.35
2546.1
2576.85
2607.6
2638.3
2669.05
2699.8
2730.5
2761.25
2792
2822.75
2853.45
2884.2
2914.95
2945.65
2976.4
3007.15
3037.9
3068.6
3099.35
3130.1
3160.85
3191.55
3222.3
3253.05
3283.75
3314.5
3345.25
3376
3406.7
3437.45
3468.2
3498.9
3529.65
3560.4
3591.15
3621.85
3652.6
3683.35
3714.1
3744.8
3775.55
3806.3
3837
3867.75
3898.5
3929.25
3959.95
3990.7
4021.45
4052.15
4082.9
4113.65
4144.4
4175.1
4205.85
4236.6
4267.35
4298.05
4328.8
4359.55
4390.25
4421
4451.75
4482.5
4513.2
4543.95
4574.7
4605.4
4636.15
4666.9
4697.65
4728.35
4759.1
4789.85
4820.6
4851.3
4882.05
4912.8
4943.5
4974.25
-1000
0.05
26
44.85
69.65
95.95
118.75
137.25
162.05
188.4
211.4
229.75
254.4
280.75
303.9
322.1
346.65
373.1
396.3
414.35
438.9
465.3
488.5
506.7
531.15
557.55
580.85
599
623.35
649.75
673
691.15
715.6
742
765.35
783.45
807.85
834.3
857.6
875.7
900.1
926.5
949.9
967.85
992.25
1018.7
1042
1060.1
1084.5
1110.9
1134.3
1152.35
1176.7
1203.1
1226.4
1244.5
1268.9
1295.35
1318.7
1336.75
1361.15
1387.6
1410.95
1429
1453.35
1479.8
1503.2
1521.15
1545.55
1571.95
1595.3
1613.4
1637.75
1664.2
1687.55
1705.65
1729.95
1756.35
1779.65
1797.75
1822.15
1848.6
1871.95
1890.05
1914.4
1940.85
1964.2
1982.3
2006.6
2033.05
2056.45
2074.4
2098.8
2125.2
2148.55
2166.65
2191
2217.45
2240.8
2258.9
2283.2
2309.6
2332.9
2351
2375.4
2401.85
2425.2
2443.3
2467.65
2494.1
2517.45
2535.55
2559.85
2586.3
2609.7
2627.65
2652.05
2678.45
2701.8
2719.9
2744.25
2770.7
2794.05
2812.15
2836.45
2862.85
2886.15
2904.25
2928.65
2955.1
2978.45
2996.55
3020.9
3047.35
3070.7
3088.8
3113.1
3139.55
3162.95
3180.9
3205.3
3231.7
3255.05
3273.15
3297.5
3323.95
3347.3
3365.4
3389.7
3416.1
3439.4
3457.5
3481.9
3508.35
3531.7
3549.8
3574.15
3600.6
3623.95
3642.05
3666.35
3692.8
3716.2
3734.25
