0.05
19.75
43.8
67.9
91.95
116.05
140.1
164.2
188.25
212.35
236.45
260.5
284.6
308.65
332.75
356.8
380.9
404.95
429.05
453.15
477.2
501.3
525.35
549.45
573.5
597.6
621.65
645.75
669.85
693.9
718
742.05
766.15
790.2
814.3
838.35
862.45
886.5
910.6
934.7
958.75
982.85
1006.9
1031
1055.05
1079.15
1103.2
1127.3
1151.4
1175.45
1199.55
1223.6
1247.7
1271.75
1295.85
1319.9
1344
1368.1
1392.15
1416.25
1440.3
1464.4
1488.45
1512.55
1536.6
1560.7
1584.75
1608.85
1632.95
1657
1681.1
1705.15
1729.25
1753.3
1777.4
1801.45
1825.55
1849.65
1873.7
1897.8
1921.85
1945.95
1970
1994.1
2018.15
2042.25
2066.35
2090.4
2114.5
2138.55
2162.65
2186.7
2210.8
2234.85
2258.95
2283
2307.1
2331.2
2355.25
2379.35
2403.4
2427.5
2451.55
2475.65
2499.7
2523.8
2547.9
2571.95
2596.05
2620.1
2644.2
2668.25
2692.35
2716.4
2740.5
2764.6
2788.65
2812.75
2836.8
2860.9
2884.95
2909.05
2933.1
2957.2
2981.25
3005.35
3029.45
3053.5
3077.6
3101.65
3125.75
3149.8
3173.9
3197.95
3222.05
3246.15
3270.2
3294.3
3318.35
3342.45
3366.5
3390.6
3414.65
3438.75
3462.85
3486.9
3511
3535.05
3559.15
3583.2
3607.3
3631.35
3655.45
3679.55
3703.6
3727.7
3751.75
3775.85
3799.9
3824
3848.05
3872.15
3896.2
3920.3
3944.4
3968.45
3992.55
4016.6
4040.7
-1000
0.05
31.75
63.05
90.95
117.9
149.25
181.7
210.4
237.1
266.75
299.85
329.65
356.75
385.35
418.35
449.05
476.55
504.25
536.55
568.2
596.3
623.05
653.85
686.65
715.7
742.4
771.6
804.75
834.9
862.15
890.7
923.55
954.45
982.1
1009.5
1041.55
1073.5
1101.75
1128.45
1158.95
1191.85
1221.1
1247.95
1276.95
1310.05
1340.35
1367.7
1395.95
1428.85
1459.85
1487.6
1514.85
1546.6
1578.75
1607.2
1633.85
1663.9
1696.95
1726.45
1753.4
1782.15
1815.2
1845.75
1873.15
1901.05
1933.6
1965.05
1993
2019.85
2050.95
2083.6
2112.4
2139.1
2168.55
2201.7
2231.65
2258.8
2287.45
2320.4
2351.15
2378.7
2406.35
2438.6
2470.3
2498.45
2525.15
2556
2588.75
2617.8
2644.6
2673.85
2707
2737.1
2764.3
2792.75
2825.75
2856.6
2884.25
2911.7
2943.8
2975.7
3003.9
3030.6
3061
3093.95
3123.2
3150.05
3179.1
3212.15
3242.5
3269.8
3298.05
3330.8
3361.9
3389.7
3416.8
3448.45
3480.75
3509.25
3535.85
3565.8
3598.85
3628.45
3655.45
3684.2
3717.25
3747.8
3775.3
3803.2
3835.7
3867.15
3895.1
3921.95
3953.2
3985.75
4014.55
4041.25
4070.85
4103.95
4133.8
4160.95
4189.5
4222.5
4253.25
4280.8
4308.45
4340.75
4372.45
4400.55
4427.3
4458
4490.8
4519.9
4546.7
4575.9
4609
4639.15
4666.4
4694.85
4727.7
4758.65
4786.3
4813.65
4845.6
4877.65
4905.95
4932.6
4962.8
4995.8
