0.05
19.3
42.9
66.5
90.05
113.65
137.25
160.85
184.45
208.05
231.65
255.2
278.8
302.4
326
349.6
373.2
396.75
420.35
443.95
467.55
491.15
514.75
538.3
561.9
585.5
609.1
632.7
656.3
679.9
703.45
727.05
750.65
774.25
797.85
821.45
845
868.6
892.2
915.8
939.4
963
986.55
1010.15
1033.75
1057.35
1080.95
1104.55
1128.1
1151.7
1175.3
1198.9
1222.5
1246.1
1269.7
1293.25
1316.85
1340.45
1364.05
1387.65
1411.25
1434.8
1458.4
1482
1505.6
1529.2
1552.8
1576.35
1599.95
1623.55
1647.15
1670.75
1694.35
1717.95
1741.5
1765.1
1788.7
1812.3
1835.9
1859.5
1883.05
1906.65
1930.25
1953.85
1977.45
2001.05
2024.6
2048.2
2071.8
2095.4
2119
2142.6
2166.2
2189.75
2213.35
2236.95
2260.55
2284.15
2307.75
2331.3
2354.9
2378.5
2402.1
2425.7
2449.3
2472.85
2496.45
2520.05
2543.65
2567.25
2590.85
2614.4
2638
2661.6
2685.2
2708.8
2732.4
2756
2779.55
2803.15
2826.75
2850.35
2873.95
2897.55
2921.1
2944.7
2968.3
2991.9
3015.5
3039.1
3062.65
3086.25
3109.85
3133.45
3157.05
3180.65
3204.25
3227.8
3251.4
3275
3298.6
3322.2
3345.8
3369.35
3392.95
3416.55
3440.15
3463.75
3487.35
3510.9
3534.5
3558.1
3581.7
3605.3
3628.9
3652.45
3676.05
3699.65
3723.25
3746.85
3770.45
3794.05
3817.6
3841.2
3864.8
3888.4
3912
3935.6
3959.15
3982.75
4006.35
4029.95
4053.55
4077.15
4100.7
4124.3
4147.9
4171.5
4195.1
4218.7
4242.3
4265.85
4289.45
4313.05
4336.65
4360.25
4383.85
4407.4
4431
4454.6
4478.2
4501.8
4525.4
4548.95
4572.55
4596.15
4619.75
4643.35
4666.95
4690.5
4714.1
4737.7
4761.3
4784.9
4808.5
4832.1
4855.65
4879.25
4902.85
4926.45
4950.05
4973.65
-1000
0.05
25.65
49.35
73.05
96.7
120.4
144.1
167.8
191.5
215.15
238.8
262.4
286.1
309.75
333.4
357
380.6
404.2
427.85
451.45
475.05
498.7
522.25
545.85
569.45
593.05
616.65
640.25
663.9
687.45
711
734.6
758.25
781.85
805.45
829
852.55
876.2
899.8
923.4
947
970.55
994.15
1017.75
1041.35
1064.95
1088.55
1112.1
1135.7
1159.3
1182.9
1206.5
1230.1
1253.7
1277.25
1300.85
1324.45
1348.05
1371.65
1395.25
1418.8
1442.4
1466
1489.6
1513.2
1536.8
1560.35
1583.95
1607.55
1631.15
1654.75
1678.35
1701.95
1725.5
1749.1
1772.7
1796.3
1819.9
1843.5
1867.05
1890.65
1914.25
1937.85
1961.45
1985.05
2008.6
2032.2
2055.8
2079.4
2103
2126.6
2150.15
2173.75
2197.35
2220.95
2244.55
2268.15
2291.75
2315.3
2338.9
2362.5
2386.1
2409.7
2433.3
2456.85
2480.45
2504.05
2527.65
2551.25
2574.85
2598.4
2622
2645.6
2669.2
2692.8
2716.4
2740
2763.55
2787.15
2810.75
2834.35
2857.95
2881.55
2905.1
2928.7
2952.3
2975.9
2999.5
3023.1
3046.65
3070.25
3093.85
3117.45
3141.05
3164.65
3188.2
3211.8
3235.4
3259
3282.6
3306.2
3329.8
3353.35
3376.95
3400.55
3424.15
3447.75
3471.35
3494.9
3518.5
3542.1
3565.7
3589.3
3612.9
3636.45
3660.05
3683.65
3707.25
3730.85
3754.45
3778.05
3801.6
3825.2
3848.8
3872.4
3896
3919.6
3943.15
3966.75
3990.35
4013.95
4037.55
4061.15
4084.7
4108.3
4131.9
4155.5
4179.1
4202.7
4226.3
4249.85
4273.45
4297.05
4320.65
4344.25
4367.85
4391.4
4415
4438.6
4462.2
4485.8
4509.4
4532.95
4556.55
4580.15
4603.75
4627.35
4650.95
4674.5
4698.1
4721.7
4745.3
4768.9
4792.5
4816.1
4839.65
4863.25
4886.85
4910.45
4934.05
4957.65
4981.2
