0.05
23.75
52.3
80.85
109.4
137.95
166.5
195.05
223.6
252.15
280.7
309.3
337.85
366.4
394.95
423.5
452.05
480.6
509.15
537.7
566.25
594.8
623.35
651.9
680.45
709
737.55
766.1
794.65
823.2
851.75
880.3
908.85
937.45
966
994.55
1023.1
1051.65
1080.2
1108.75
1137.3
1165.85
1194.4
1222.95
1251.5
1280.05
1308.6
1337.15
1365.7
1394.25
1422.8
1451.35
1479.9
1508.45
1537
1565.55
1594.15
1622.7
1651.25
1679.8
1708.35
1736.9
1765.45
1794
1822.55
1851.1
1879.65
1908.2
1936.75
1965.3
1993.85
2022.4
2050.95
2079.5
2108.05
2136.6
2165.15
2193.7
2222.25
2250.85
2279.4
2307.95
2336.5
2365.05
2393.6
2422.15
2450.7
2479.25
2507.8
2536.35
2564.9
2593.45
2622
2650.55
2679.1
2707.65
2736.2
2764.75
2793.3
2821.85
2850.4
2879
2907.55
2936.1
2964.65
2993.2
3021.75
3050.3
3078.85
3107.4
3135.95
3164.5
3193.05
3221.6
3250.15
3278.7
3307.25
3335.8
3364.35
3392.9
3421.45
3450
3478.55
3507.1
3535.7
3564.25
3592.8
3621.35
3649.9
3678.45
3707
3735.55
3764.1
3792.65
3821.2
3849.75
3878.3
3906.85
3935.4
3963.95
3992.5
4021.05
4049.6
4078.15
4106.7
4135.25
4163.8
4192.4
4220.95
4249.5
4278.05
4306.6
4335.15
4363.7
4392.25
4420.8
4449.35
4477.9
4506.45
4535
4563.55
4592.1
4620.65
4649.2
4677.75
4706.3
4734.85
4763.4
4791.95
4820.55
4849.1
4877.65
4906.2
4934.75
4963.3
4991.85
-1000
0.05
26.4
47.4
66.6
90.55
116.15
140.95
162.25
181.15
204.95
230.55
255.45
277.05
295.7
319.3
344.8
369.75
391.3
409.95
433.55
459.1
484.15
505.95
524.4
547.9
573.4
598.55
620.5
638.85
662.2
687.7
712.9
734.95
753.2
776.5
801.95
827.2
849.35
867.55
890.75
916.2
941.5
963.7
981.75
1004.9
1030.4
1055.6
1077.7
1095.95
1119.15
1144.65
1169.9
1192.1
1210.25
1233.45
1258.9
1284.15
1306.4
1324.55
1347.65
1373.15
1398.4
1420.7
1438.8
1461.9
1487.35
1512.65
1535
1553.05
1576.15
1601.55
1626.8
1649
1667.05
1690.25
1715.7
1741
1763.2
1781.35
1804.5
1829.95
1855.25
1877.5
1895.65
1918.75
1944.2
1969.5
1991.8
2009.9
2032.95
2058.4
2083.7
2106.05
2124.15
2147.2
2172.65
2197.95
2220.3
2238.4
2261.4
2286.8
2312
2334.2
2352.4
2375.55
2401
2426.25
2448.55
2466.65
2489.8
2515.25
2540.5
2562.85
2580.95
2604
2629.45
2654.75
2677.1
2695.2
2718.25
2743.7
2769
2791.35
2809.45
2832.45
2857.9
2883.2
2905.6
2923.55
2946.6
2972.05
2997.3
3019.55
3037.7
3060.8
3086.25
3111.55
3133.85
3151.95
3175.05
3200.5
3225.8
3248.15
3266.2
3289.3
3314.7
3340.05
3362.4
3380.45
3403.5
3428.95
3454.25
3476.65
3494.7
3517.7
3543.15
3568.4
3590.65
3608.65
3631.8
3657.3
3682.55
3704.8
3722.95
3746.05
3771.5
3796.8
3819.1
3837.2
3860.3
3885.75
3911.05
3933.4
3951.45
3974.55
3999.95
