0.05
16.2
36.25
56.35
76.45
96.55
116.6
136.7
156.8
176.85
196.95
217.05
237.15
257.2
277.3
297.4
317.45
337.55
357.65
377.75
397.8
417.9
438
458.05
478.15
498.25
518.35
538.4
558.5
578.6
598.65
618.75
638.85
658.95
679
699.1
719.2
739.25
759.35
779.45
799.55
819.6
839.7
859.8
879.85
899.95
920.05
940.15
960.2
980.3
1000.4
1020.45
1040.55
1060.65
1080.75
1100.8
1120.9
1141
1161.05
1181.15
1201.25
1221.35
1241.4
1261.5
1281.6
1301.65
1321.75
1341.85
1361.95
1382
1402.1
1422.2
1442.25
1462.35
1482.45
1502.55
1522.6
1542.7
1562.8
1582.85
1602.95
1623.05
1643.15
1663.2
1683.3
1703.4
1723.45
1743.55
1763.65
1783.75
1803.8
1823.9
1844
1864.05
1884.15
1904.25
1924.35
1944.4
1964.5
1984.6
2004.65
2024.75
2044.85
2064.95
2085
2105.1
2125.2
2145.25
2165.35
2185.45
2205.55
2225.6
2245.7
2265.8
2285.85
2305.95
2326.05
2346.15
2366.2
2386.3
2406.4
2426.45
2446.55
2466.65
2486.75
2506.8
2526.9
2547
2567.05
2587.15
2607.25
2627.35
2647.4
2667.5
2687.6
2707.65
2727.75
2747.85
2767.95
2788
2808.1
2828.2
2848.25
2868.35
2888.45
2908.55
2928.6
2948.7
2968.8
2988.85
3008.95
3029.05
3049.15
3069.2
3089.3
3109.4
3129.45
3149.55
3169.65
3189.75
3209.8
3229.9
3250
3270.05
3290.15
3310.25
3330.35
3350.4
3370.5
3390.6
3410.65
3430.75
3450.85
3470.9
3491
3511.1
3531.2
3551.25
3571.35
3591.45
3611.5
3631.6
3651.7
3671.8
3691.85
3711.95
3732.05
3752.1
3772.2
3792.3
3812.4
3832.45
3852.55
3872.65
3892.7
3912.8
3932.9
3953
3973.05
3993.15
4013.25
4033.3
4053.4
4073.5
4093.6
4113.65
4133.75
4153.85
4173.9
4194
4214.1
4234.2
4254.25
4274.35
4294.45
4314.5
4334.6
4354.7
4374.8
4394.85
4414.95
4435.05
4455.1
4475.2
4495.3
4515.4
4535.45
4555.55
4575.65
4595.7
4615.8
4635.9
4656
4676.05
4696.15
4716.25
4736.3
4756.4
4776.5
4796.6
4816.65
4836.75
4856.85
4876.9
4897
4917.1
4937.2
4957.25
4977.35
-1000
0.05
26.3
47.2
68.85
91
112.95
134.4
155.35
176
196.4
216.7
236.95
257
277.15
297.3
317.4
337.5
357.6
377.7
397.75
417.8
437.95
458.05
478.1
498.2
518.3
538.35
558.4
578.55
598.65
618.7
638.8
658.9
678.95
699
719.15
739.25
759.3
779.4
799.5
819.55
839.6
859.75
879.85
899.9
920
940.1
960.15
980.2
1000.35
1020.45
1040.5
1060.6
1080.7
1100.75
1120.8
1140.95
1161.05
1181.1
1201.2
1221.3
1241.35
1261.4
1281.55
1301.65
1321.7
1341.8
1361.9
1381.95
1402
1422.15
1442.25
1462.3
1482.4
1502.5
1522.55
1542.6
1562.75
1582.75
1602.85
1623
1643.1
1663.1
1683.2
1703.35
1723.35
1743.45
1763.6
1783.7
1803.7
1823.8
1843.95
1863.95
1884.05
1904.2
1924.3
1944.3
1964.4
1984.55
2004.55
2024.65
2044.8
2064.9
2084.9
2105
2125.15
2145.15
2165.25
2185.4
2205.5
2225.5
2245.6
2265.75
2285.75
2305.85
2326
2346.1
2366.1
2386.2
2406.35
2426.35
2446.45
2466.6
2486.7
2506.7
2526.8
2546.95
2566.95
2587.05
2607.2
2627.3
2647.3
2667.4
2687.55
2707.55
2727.65
2747.8
2767.9
2787.9
2808
2828.15
2848.15
2868.25
2888.4
2908.5
2928.5
2948.6
2968.75
2988.75
3008.85
3029
3049.1
3069.15
3089.25
3109.35
3129.4
3149.45
3169.6
3189.7
3209.75
3229.85
3249.95
3270
3290.05
3310.2
3330.3
3350.35
3370.45
3390.55
3410.6
3430.65
3450.8
3470.9
3490.95
3511.05
3531.15
3551.2
3571.25
3591.4
3611.5
3631.55
3651.65
3671.75
3691.8
3711.85
3732
3752.1
3772.15
3792.25
3812.35
3832.4
3852.45
3872.6
3892.7
3912.75
3932.85
3952.95
3973
3993.05
4013.2
4033.3
4053.35
4073.45
4093.55
4113.6
4133.65
4153.8
4173.9
4193.95
4214.05
4234.15
4254.2
4274.25
4294.4
4314.5
4334.55
4354.65
4374.75
4394.8
4414.85
4435
4455.1
4475.15
4495.25
4515.35
4535.4
4555.45
4575.6
4595.7
4615.75
4635.85
4655.95
4676
4696.05
4716.2
4736.3
4756.35
4776.45
4796.55
4816.6
4836.65
4856.8
4876.9
4896.95
4917.05
4937.15
4957.2
4977.25
4997.4
