0.05
22.9
50.5
78.1
105.65
133.25
160.85
188.45
216.05
243.65
271.25
298.8
326.4
354
381.6
409.2
436.8
464.4
491.95
519.55
547.15
574.75
602.35
629.95
657.55
685.1
712.7
740.3
767.9
795.5
823.1
850.7
878.25
905.85
933.45
961.05
988.65
1016.25
1043.85
1071.4
1099
1126.6
1154.2
1181.8
1209.4
1237
1264.55
1292.15
1319.75
1347.35
1374.95
1402.55
1430.15
1457.7
1485.3
1512.9
1540.5
1568.1
1595.7
1623.3
1650.85
1678.45
1706.05
1733.65
1761.25
1788.85
1816.45
1844
1871.6
1899.2
1926.8
1954.4
1982
2009.6
2037.15
2064.75
2092.35
2119.95
2147.55
2175.15
2202.75
2230.3
2257.9
2285.5
2313.1
2340.7
2368.3
2395.9
2423.45
2451.05
2478.65
2506.25
2533.85
2561.45
2589.05
2616.6
2644.2
2671.8
2699.4
2727
2754.6
2782.2
2809.75
2837.35
2864.95
2892.55
2920.15
2947.75
2975.35
3002.9
3030.5
3058.1
3085.7
3113.3
3140.9
3168.5
3196.05
3223.65
3251.25
3278.85
3306.45
3334.05
3361.65
3389.2
3416.8
3444.4
3472
3499.6
3527.2
3554.8
3582.35
3609.95
3637.55
3665.15
3692.75
3720.35
3747.95
3775.5
3803.1
3830.7
3858.3
3885.9
3913.5
3941.1
3968.65
3996.25
4023.85
4051.45
4079.05
4106.65
4134.25
4161.8
4189.4
4217
4244.6
4272.2
4299.8
4327.4
4354.95
4382.55
4410.15
4437.75
4465.35
4492.95
4520.55
4548.1
4575.7
4603.3
4630.9
4658.5
4686.1
4713.7
4741.25
4768.85
4796.45
4824.05
4851.65
4879.25
4906.85
4934.4
4962
4989.6
-1000
0.05
26.5
48.3
66.4
88.9
113.75
139.05
162.95
183.45
202.7
226.1
251.2
276.35
299.45
318.8
339.25
363.3
388.55
413.5
435.95
454.15
475.9
500.5
525.8
550.2
571.55
590.05
612.9
637.85
663.1
686.75
706.85
726.5
750.1
775.25
800.4
823.3
842.25
863.1
887.3
912.6
937.4
959.5
977.5
999.8
1024.55
1049.85
1073.95
1094.9
1113.7
1136.9
1161.9
1187.15
1210.55
1230.25
1250.2
1274.05
1299.3
1324.3
1346.95
1365.65
1387
1411.4
1436.7
1461.3
1483.1
1501.25
1523.8
1548.65
1573.95
1597.9
1618.5
1637.55
1660.9
1686
1711.2
1734.35
1753.7
1774.15
1798.2
1823.4
1848.3
1870.75
1888.95
1910.75
1935.35
1960.7
1985.15
2006.55
2024.85
2047.7
2072.65
2097.95
2121.6
2141.75
2161.35
2184.95
2210.1
2235.15
2258.05
2277
2297.9
2322.15
2347.45
2372.25
2394.4
2412.3
2434.6
2459.35
2484.65
2508.85
2529.75
2548.6
2571.75
2596.75
2621.9
2645.3
2664.95
2685.05
2708.95
2734.15
2759.15
2781.8
2800.5
2821.8
2846.2
2871.5
2896.2
2918.05
2936.15
2958.65
2983.45
3008.7
3032.65
3053.25
3072.4
3095.8
3120.85
3146.05
3169.25
3188.55
3208.95
3233
3258.25
3283.2
3305.65
3323.95
3345.7
3370.2
3395.5
3419.95
3441.4
3459.8
3482.6
3507.55
3532.85
3556.55
3576.75
3596.25
3619.8
3644.95
3670.1
3693.05
3712.1
3732.9
3757.05
3782.3
3807.15
3829.3
3847.3
3869.5
3894.25
3919.55
3943.8
3964.8
3983.5
4006.6
4031.6
4056.85
4080.35
4100.15
4120.1
