0.05
22.5
49.6
76.75
103.9
131.05
158.2
185.35
212.45
239.6
266.75
293.9
321.05
348.2
375.3
402.45
429.6
456.75
483.9
511.05
538.15
565.3
592.45
619.6
646.75
673.9
701
728.15
755.3
782.45
809.6
836.75
863.85
891
918.15
945.3
972.45
999.55
1026.7
1053.85
1081
1108.15
1135.3
1162.4
1189.55
1216.7
1243.85
1271
1298.15
1325.25
1352.4
1379.55
1406.7
1433.85
1461
1488.1
1515.25
1542.4
1569.55
1596.7
1623.85
1650.95
1678.1
1705.25
1732.4
1759.55
1786.7
1813.8
1840.95
1868.1
1895.25
1922.4
1949.5
1976.65
2003.8
2030.95
2058.1
2085.25
2112.35
2139.5
2166.65
2193.8
2220.95
2248.1
2275.2
2302.35
2329.5
2356.65
2383.8
2410.95
2438.05
2465.2
2492.35
2519.5
2546.65
2573.8
2600.9
2628.05
2655.2
2682.35
2709.5
2736.65
2763.75
2790.9
2818.05
2845.2
2872.35
2899.5
2926.6
2953.75
2980.9
3008.05
3035.2
3062.3
3089.45
3116.6
3143.75
3170.9
3198.05
3225.15
3252.3
3279.45
3306.6
3333.75
3360.9
3388
3415.15
3442.3
3469.45
3496.6
3523.75
3550.85
3578
3605.15
3632.3
3659.45
3686.6
3713.7
3740.85
3768
3795.15
3822.3
3849.45
3876.55
3903.7
3930.85
3958
3985.15
4012.25
4039.4
4066.55
4093.7
4120.85
4148
4175.1
4202.25
4229.4
4256.55
4283.7
4310.85
4337.95
4365.1
4392.25
4419.4
4446.55
4473.7
4500.8
4527.95
4555.1
4582.25
4609.4
4636.55
4663.65
4690.8
4717.95
4745.1
4772.25
4799.4
4826.5
4853.65
4880.8
4907.95
4935.1
4962.2
4989.35
-1000
0.05
26
47.35
71.1
96.1
121.15
144.5
164.45
184
207.3
232.15
257.25
281.1
301.8
320.6
343.5
368.2
393.3
417.55
438.9
457.2
479.65
504.25
529.35
553.8
575.7
593.7
615.75
640.2
665.35
690
712.2
730.5
752
776.2
801.3
826.15
848.8
867.6
888.4
912.3
937.35
962.35
985.45
1005
1024.95
1048.5
1073.4
1098.5
1122.15
1142.6
1161.55
1184.65
1209.45
1234.6
1258.7
1279.85
1298.3
1320.85
1345.45
1370.6
1395
1416.7
1434.75
1457
1481.45
1506.55
1531.15
1553.2
1571.25
1593.05
1617.45
1642.55
1667.25
1689.65
1708.25
1729.4
1753.5
1778.6
1803.5
1826.3
1845.5
1865.85
1889.65
1914.6
1939.65
1963.05
1983.05
2002.55
2025.85
2050.7
2075.8
2099.75
2120.6
2139.25
2162.05
2186.75
2211.9
2236.25
2257.8
2275.85
2298.2
2322.75
2347.9
2372.45
2394.45
2412.45
2434.3
2458.7
2483.8
2508.5
2530.8
2549.2
2570.6
2594.75
2619.8
2644.65
2667.3
2686.2
2706.9
2730.85
2755.85
2780.75
2803.85
2823.45
2843.4
2866.95
2891.9
2916.95
2940.65
2961.1
2980.15
3003.2
3028
3053.15
3077.3
3098.55
3116.9
3139.45
3164.05
3189.2
3213.7
3235.45
3253.5
3275.55
3300.05
3325.15
3349.85
3372.05
3390.25
3411.75
3436.05
3461.15
3485.95
3508.55
3527.4
3548.15
3572.1
3597.15
3622.1
3645.15
3664.6
3684.7
3708.25
3733.15
3758.2
3781.75
3801.95
3821.25
3844.45
3869.25
3894.4
3918.45
3939.5
3958
3980.7
4005.35
4030.5
4054.9
4076.65
4094.7
4116.85
4141.35
4166.5
4191.05
