0.05
14.7
33.05
51.4
69.75
88.1
106.5
124.85
143.2
161.55
179.9
198.3
216.65
235
253.35
271.7
290.1
308.45
326.8
345.15
363.5
381.9
400.25
418.6
436.95
455.3
473.7
492.05
510.4
528.75
547.15
565.5
583.85
602.2
620.55
638.95
657.3
675.65
694
712.35
730.75
749.1
767.45
785.8
804.15
822.55
840.9
859.25
877.6
896
914.35
932.7
951.05
969.4
987.8
1006.15
1024.5
1042.85
1061.2
1079.6
1097.95
1116.3
1134.65
1153
1171.4
1189.75
1208.1
1226.45
1244.8
1263.2
1281.55
1299.9
1318.25
1336.65
1355
1373.35
1391.7
1410.05
1428.45
1446.8
1465.15
1483.5
1501.85
1520.25
1538.6
1556.95
1575.3
1593.65
1612.05
1630.4
1648.75
1667.1
1685.5
1703.85
1722.2
1740.55
1758.9
1777.3
1795.65
1814
1832.35
1850.7
1869.1
1887.45
1905.8
1924.15
1942.5
1960.9
1979.25
1997.6
2015.95
2034.3
2052.7
2071.05
2089.4
2107.75
2126.15
2144.5
2162.85
2181.2
2199.55
2217.95
2236.3
2254.65
2273
2291.35
2309.75
2328.1
2346.45
2364.8
2383.15
2401.55
2419.9
2438.25
2456.6
2475
2493.35
2511.7
2530.05
2548.4
2566.8
2585.15
2603.5
2621.85
2640.2
2658.6
2676.95
2695.3
2713.65
2732
2750.4
2768.75
2787.1
2805.45
2823.8
2842.2
2860.55
2878.9
2897.25
2915.65
2934
2952.35
2970.7
2989.05
3007.45
3025.8
3044.15
3062.5
3080.85
3099.25
3117.6
3135.95
3154.3
3172.65
3191.05
3209.4
3227.75
3246.1
3264.5
3282.85
3301.2
3319.55
3337.9
3356.3
3374.65
3393
3411.35
3429.7
3448.1
3466.45
3484.8
3503.15
3521.5
3539.9
3558.25
3576.6
3594.95
3613.3
3631.7
3650.05
3668.4
3686.75
3705.15
3723.5
3741.85
3760.2
3778.55
3796.95
3815.3
3833.65
3852
3870.35
3888.75
3907.1
3925.45
3943.8
3962.15
3980.55
3998.9
4017.25
4035.6
4054
4072.35
4090.7
4109.05
4127.4
4145.8
4164.15
4182.5
4200.85
4219.2
4237.6
4255.95
4274.3
4292.65
4311
4329.4
4347.75
4366.1
4384.45
4402.8
4421.2
4439.55
4457.9
4476.25
4494.65
4513
4531.35
4549.7
4568.05
4586.45
4604.8
4623.15
4641.5
4659.85
4678.25
4696.6
4714.95
4733.3
4751.65
4770.05
4788.4
4806.75
4825.1
4843.5
4861.85
4880.2
4898.55
4916.9
4935.3
4953.65
4972
-1000
0.05
26
45.25
63.6
82
100.4
118.75
137.15
155.45
173.85
192.2
210.6
228.9
247.3
265.65
284.05
302.4
320.7
339.1
357.5
375.85
394.2
412.5
430.9
449.3
467.65
486
504.3
522.7
541.1
559.45
577.75
596.05
614.45
632.85
651.25
669.55
687.95
706.3
724.7
743.05
761.35
779.75
798.1
816.5
834.85
853.15
871.55
889.95
908.3
926.65
944.95
963.35
981.75
1000.1
1018.4
1036.8
1055.15
1073.55
1091.9
1110.2
1128.6
1147
1165.35
1183.7
1202
1220.4
1238.8
1257.15
1275.5
1293.8
1312.2
1330.6
1348.95
1367.25
1385.55
1403.95
1422.35
1440.75
1459.05
1477.45
1495.8
1514.2
1532.55
1550.85
1569.25
1587.6
1606
1624.35
1642.65
1661.05
1679.45
1697.8
1716.15
1734.45
1752.85
1771.25
1789.6
1807.9
1826.3
1844.65
1863.05
1881.4
1899.7
1918.1
1936.5
1954.85
1973.2
1991.5
2009.9
2028.3
2046.65
2065
2083.3
2101.7
2120.1
2138.45
2156.75
2175.05
2193.45
2211.85
2230.25
2248.55
2266.95
2285.3
2303.7
2322.05
2340.35
2358.75
2377.1
2395.5
2413.85
2432.15
2450.55
2468.95
2487.3
2505.65
2523.95
2542.35
2560.75
2579.1
2597.4
2615.8
2634.15
2652.55
2670.9
2689.2
2707.6
2726
2744.35
2762.7
2781
2799.4
2817.8
2836.15
2854.5
2872.8
2891.2
2909.6
2927.95
2946.25
2964.55
2982.95
3001.35
3019.75
3038.05
3056.45
3074.8
3093.2
3111.55
3129.85
3148.25
3166.6
3185
3203.35
3221.65
3240.05
3258.45
3276.8
3295.15
3313.45
3331.85
3350.25
3368.6
3386.9
3405.3
3423.65
3442.05
3460.4
3478.7
3497.1
3515.5
3533.85
3552.2
3570.5
3588.9
3607.3
3625.65
3644
3662.3
3680.7
3699.1
3717.45
3735.75
3754.05
3772.45
3790.85
3809.25
3827.55
3845.95
3864.3
3882.7
3901.05
3919.35
3937.75
3956.1
3974.5
3992.85
4011.15
4029.55
4047.95
4066.3
4084.65
4102.95
4121.35
4139.75
4158.1
4176.4
4194.8
4213.15
4231.55
4249.9
4268.2
4286.6
4305
4323.35
4341.7
4360
4378.4
4396.8
4415.15
4433.5
4451.8
4470.2
4488.6
4506.95
4525.25
4543.55
4561.95
4580.35
4598.75
4617.05
4635.45
4653.8
4672.2
4690.55
4708.85
4727.25
4745.6
4764
4782.35
4800.65
4819.05
4837.45
4855.8
4874.15
4892.45
4910.85
4929.25
4947.6
4965.9
4984.3
