0.05
18.6
41.45
64.3
87.1
109.95
132.8
155.6
178.45
201.3
224.1
246.95
269.8
292.6
315.45
338.3
361.1
383.95
406.8
429.6
452.45
475.3
498.1
520.95
543.8
566.6
589.45
612.3
635.1
657.95
680.8
703.6
726.45
749.3
772.1
794.95
817.8
840.6
863.45
886.25
909.1
931.95
954.75
977.6
1000.45
1023.25
1046.1
1068.95
1091.75
1114.6
1137.45
1160.25
1183.1
1205.95
1228.75
1251.6
1274.45
1297.25
1320.1
1342.95
1365.75
1388.6
1411.45
1434.25
1457.1
1479.95
1502.75
1525.6
1548.45
1571.25
1594.1
1616.95
1639.75
1662.6
1685.45
1708.25
1731.1
1753.95
1776.75
1799.6
1822.45
1845.25
1868.1
1890.95
1913.75
1936.6
1959.45
1982.25
2005.1
2027.9
2050.75
2073.6
2096.4
2119.25
2142.1
2164.9
2187.75
2210.6
2233.4
2256.25
2279.1
2301.9
2324.75
2347.6
2370.4
2393.25
2416.1
2438.9
2461.75
2484.6
2507.4
2530.25
2553.1
2575.9
2598.75
2621.6
2644.4
2667.25
2690.1
2712.9
2735.75
2758.6
2781.4
2804.25
2827.1
2849.9
2872.75
2895.6
2918.4
2941.25
2964.1
2986.9
3009.75
3032.6
3055.4
3078.25
3101.05
3123.9
3146.75
3169.55
3192.4
3215.25
3238.05
3260.9
3283.75
3306.55
3329.4
3352.25
3375.05
3397.9
3420.75
3443.55
3466.4
3489.25
3512.05
3534.9
3557.75
3580.55
3603.4
3626.25
3649.05
3671.9
3694.75
3717.55
3740.4
3763.25
3786.05
3808.9
3831.75
3854.55
3877.4
3900.25
3923.05
3945.9
3968.75
3991.55
4014.4
4037.25
4060.05
4082.9
4105.75
4128.55
4151.4
4174.25
4197.05
4219.9
4242.7
4265.55
4288.4
4311.2
4334.05
4356.9
4379.7
4402.55
4425.4
4448.2
4471.05
4493.9
4516.7
4539.55
4562.4
4585.2
4608.05
4630.9
4653.7
4676.55
4699.4
4722.2
4745.05
4767.9
4790.7
4813.55
4836.4
4859.2
4882.05
4904.9
4927.7
4950.55
4973.4
-1000
0.05
25.35
48.7
72
95.15
118.25
141.3
164.25
187.2
210.1
232.95
255.85
278.7
301.55
324.35
347.2
370
392.85
415.65
438.5
461.35
484.15
507
529.85
552.65
575.5
598.35
621.15
644
666.85
689.65
712.5
735.35
758.15
781
803.85
826.65
849.5
872.35
895.2
918.05
940.9
963.7
986.55
1009.4
1032.2
1055.05
1077.9
1100.7
1123.55
1146.4
1169.2
1192.05
1214.9
1237.7
1260.55
1283.4
1306.2
1329.05
1351.9
1374.7
1397.55
1420.35
1443.15
1466
1488.8
1511.65
1534.5
1557.3
1580.15
1603
1625.8
1648.65
1671.5
1694.3
1717.15
1740
1762.8
1785.65
1808.5
1831.3
1854.15
1877
1899.8
1922.65
1945.5
1968.35
1991.2
2014.05
2036.85
2059.7
2082.55
2105.35
2128.2
2151.05
2173.85
2196.7
2219.55
2242.35
2265.2
2288.05
2310.85
2333.7
2356.55
2379.35
2402.2
2425.05
2447.85
2470.7
2493.55
2516.35
2539.2
2562
2584.8
2607.65
2630.45
2653.3
2676.15
2698.95
2721.8
2744.65
2767.45
2790.3
2813.15
2835.95
2858.8
2881.65
2904.45
2927.3
2950.15
2972.95
2995.8
3018.65
3041.45
3064.3
3087.15
3110
3132.85
3155.7
3178.5
3201.35
3224.2
3247
3269.85
3292.7
3315.5
3338.35
3361.2
3384
3406.85
3429.7
3452.5
3475.35
3498.2
3521
3543.85
3566.7
3589.5
3612.35
3635.15
3657.95
3680.8
3703.6
3726.45
3749.3
3772.1
3794.95
3817.8
3840.6
3863.45
3886.3
3909.1
3931.95
3954.8
3977.6
4000.45
4023.3
4046.1
4068.95
4091.8
4114.6
4137.45
4160.3
4183.15
4206
4228.85
4251.65
4274.5
4297.35
4320.15
4343
4365.85
4388.65
4411.5
4434.35
4457.15
4480
4502.85
4525.65
4548.5
4571.35
4594.15
4617
4639.85
4662.65
4685.5
4708.35
4731.15
4754
4776.8
4799.6
4822.45
4845.25
4868.1
4890.95
4913.75
4936.6
4959.45
4982.25
