0.05
16.8
37.55
58.3
79.05
99.8
120.55
141.3
162.05
182.8
203.55
224.3
245.05
265.8
286.55
307.35
328.1
348.85
369.6
390.35
411.1
431.85
452.6
473.35
494.1
514.85
535.6
556.35
577.1
597.85
618.65
639.4
660.15
680.9
701.65
722.4
743.15
763.9
784.65
805.4
826.15
846.9
867.65
888.4
909.2
929.95
950.7
971.45
992.2
1012.95
1033.7
1054.45
1075.2
1095.95
1116.7
1137.45
1158.2
1178.95
1199.7
1220.5
1241.25
1262
1282.75
1303.5
1324.25
1345
1365.75
1386.5
1407.25
1428
1448.75
1469.5
1490.25
1511
1531.8
1552.55
1573.3
1594.05
1614.8
1635.55
1656.3
1677.05
1697.8
1718.55
1739.3
1760.05
1780.8
1801.55
1822.35
1843.1
1863.85
1884.6
1905.35
1926.1
1946.85
1967.6
1988.35
2009.1
2029.85
2050.6
2071.35
2092.1
2112.85
2133.65
2154.4
2175.15
2195.9
2216.65
2237.4
2258.15
2278.9
2299.65
2320.4
2341.15
2361.9
2382.65
2403.4
2424.2
2444.95
2465.7
2486.45
2507.2
2527.95
2548.7
2569.45
2590.2
2610.95
2631.7
2652.45
2673.2
2693.95
2714.7
2735.5
2756.25
2777
2797.75
2818.5
2839.25
2860
2880.75
2901.5
2922.25
2943
2963.75
2984.5
3005.25
3026.05
3046.8
3067.55
3088.3
3109.05
3129.8
3150.55
3171.3
3192.05
3212.8
3233.55
3254.3
3275.05
3295.8
3316.55
3337.35
3358.1
3378.85
3399.6
3420.35
3441.1
3461.85
3482.6
3503.35
3524.1
3544.85
3565.6
3586.35
3607.1
3627.85
3648.65
3669.4
3690.15
3710.9
3731.65
3752.4
3773.15
3793.9
3814.65
3835.4
3856.15
3876.9
3897.65
3918.4
3939.2
3959.95
3980.7
4001.45
4022.2
4042.95
4063.7
4084.45
4105.2
4125.95
4146.7
4167.45
4188.2
4208.95
4229.7
4250.5
4271.25
4292
4312.75
4333.5
4354.25
4375
4395.75
4416.5
4437.25
4458
4478.75
4499.5
4520.25
4541.05
4561.8
4582.55
4603.3
4624.05
4644.8
4665.55
4686.3
4707.05
4727.8
4748.55
4769.3
4790.05
4810.8
4831.55
4852.35
4873.1
4893.85
4914.6
4935.35
4956.1
4976.85
-1000
0.05
26
48.65
69.1
89.65
110.4
131.1
151.85
172.6
193.35
214.1
234.85
255.6
276.35
297.1
317.85
338.55
359.25
380
400.8
421.6
442.35
463.15
483.9
504.65
525.4
546.15
566.9
587.65
608.4
629.15
649.85
670.55
691.3
712.1
732.9
753.65
774.45
795.2
815.95
836.7
857.45
878.2
898.95
919.7
940.45
961.15
981.85
1002.65
1023.45
1044.2
1065
1085.75
1106.5
1127.25
1148
1168.75
1189.5
1210.25
1231
1251.7
1272.4
1293.15
1313.95
1334.75
1355.5
1376.3
1397.05
1417.8
1438.55
1459.3
1480.05
1500.8
1521.55
1542.3
1563
1583.7
1604.45
1625.25
1646.05
1666.8
1687.6
1708.35
1729.1
1749.85
1770.6
1791.35
1812.1
1832.85
1853.55
1874.25
1895
1915.8
1936.6
1957.35
1978.15
1998.9
2019.65
2040.4
2061.15
2081.9
2102.65
2123.4
2144.15
2164.85
2185.55
2206.3
2227.1
2247.9
2268.65
2289.45
2310.2
2330.95
2351.7
2372.45
2393.2
2413.95
2434.7
2455.4
2476.1
2496.85
2517.65
2538.45
2559.2
2580
2600.75
2621.5
2642.25
2663
2683.75
2704.5
2725.25
2746
2766.7
2787.4
2808.15
2828.95
2849.75
2870.5
2891.3
2912.05
2932.8
2953.55
2974.3
2995.05
3015.8
3036.55
3057.3
3078
3098.7
3119.5
3140.3
3161.05
3181.85
3202.6
3223.35
3244.1
3264.85
3285.6
3306.35
3327.1
3347.85
3368.55
3389.25
3410
3430.8
3451.6
3472.35
3493.15
3513.9
3534.65
3555.4
3576.15
3596.9
3617.65
3638.4
3659.15
3679.85
3700.55
3721.3
3742.1
3762.9
3783.65
3804.45
3825.2
3845.95
3866.7
3887.45
3908.2
3928.95
3949.7
3970.4
3991.1
4011.85
4032.65
4053.45
4074.2
4095
4115.75
4136.5
4157.25
4178
4198.75
4219.5
4240.25
4261
4281.7
4302.4
4323.15
4343.95
4364.75
4385.5
4406.3
4427.05
4447.8
4468.55
4489.3
4510.05
4530.8
4551.55
4572.25
4592.95
4613.7
4634.5
4655.3
4676.05
4696.85
4717.6
4738.35
4759.1
4779.85
4800.6
4821.35
4842.1
4862.85
4883.55
4904.25
4925
4945.8
4966.6
4987.35
