0.05
31.55
68.65
105.75
142.8
179.9
216.95
254.05
291.15
328.2
365.3
402.35
439.45
476.55
513.6
550.7
587.75
624.85
661.95
699
736.1
773.15
810.25
847.35
884.4
921.5
958.55
995.65
1032.75
1069.8
1106.9
1143.95
1181.05
1218.15
1255.2
1292.3
1329.35
1366.45
1403.55
1440.6
1477.7
1514.75
1551.85
1588.95
1626
1663.1
1700.15
1737.25
1774.35
1811.4
1848.5
1885.55
1922.65
1959.75
1996.8
2033.9
2070.95
2108.05
2145.15
2182.2
2219.3
2256.35
2293.45
2330.55
2367.6
2404.7
2441.75
2478.85
2515.95
2553
2590.1
2627.15
2664.25
2701.35
2738.4
2775.5
2812.55
2849.65
2886.75
2923.8
2960.9
2997.95
3035.05
3072.15
3109.2
3146.3
3183.35
3220.45
3257.55
3294.6
3331.7
3368.75
3405.85
3442.95
3480
3517.1
3554.15
3591.25
3628.35
3665.4
3702.5
3739.55
3776.65
3813.7
3850.8
3887.9
3924.95
3962.05
3999.1
4036.2
4073.3
4110.35
4147.45
4184.5
4221.6
4258.7
4295.75
4332.85
4369.9
4407
4444.1
4481.15
4518.25
4555.3
4592.4
4629.5
4666.55
4703.65
4740.7
4777.8
4814.9
4851.95
4889.05
4926.1
4963.2
-1000
0.05
26
54.5
87.55
122.4
157.9
193.5
228.7
262.05
290.45
317.1
348.5
382.8
418.1
453.75
489.2
523.7
553.65
580.7
609.9
643.35
678.35
713.9
749.5
784.55
817.25
845.4
872.1
904.15
938.7
974.1
1009.7
1045.1
1079.25
1108.3
1135.15
1165.3
1199.15
1234.3
1269.85
1305.4
1340.3
1372.05
1399.75
1427.3
1459.9
1494.6
1530.05
1565.7
1601
1634.75
1663.35
1690.1
1720.95
1755.05
1790.3
1825.85
1861.4
1896.1
1926.95
1954.3
1982.7
2015.7
2050.6
2086.05
2121.7
2156.9
2190.15
2218.55
2245.25
2276.65
2310.95
2346.35
2381.95
2417.4
2451.95
2482.2
2509.3
2538.25
2571.6
2606.6
2642.1
2677.7
2712.9
2745.95
2774.2
2800.75
2832.55
2867
2902.4
2938
2973.45
3007.85
3037.5
3064.45
3094
3127.55
3162.6
3198.15
3233.75
3268.85
3301.4
3329.5
3356.3
3388.45
3423
3458.5
3494.1
3529.5
3563.7
3592.85
3619.65
3649.75
3683.55
3718.65
3754.25
3789.8
3824.7
3856.6
3884.35
3911.75
3944.3
3979
4014.45
4050.05
4085.35
4119.2
4147.8
4174.6
4205.35
4239.4
4274.65
4310.25
4345.75
4380.5
