0.05
16.2
36.25
56.35
76.45
96.55
116.6
136.7
156.8
176.85
196.95
217.05
237.15
257.2
277.3
297.4
317.45
337.55
357.65
377.75
397.8
417.9
438
458.05
478.15
498.25
518.35
538.4
558.5
578.6
598.65
618.75
638.85
658.95
679
699.1
719.2
739.25
759.35
779.45
799.55
819.6
839.7
859.8
879.85
899.95
920.05
940.15
960.2
980.3
1000.4
1020.45
1040.55
1060.65
1080.75
1100.8
1120.9
1141
1161.05
1181.15
1201.25
1221.35
1241.4
1261.5
1281.6
1301.65
1321.75
1341.85
1361.95
1382
1402.1
1422.2
1442.25
1462.35
1482.45
1502.55
1522.6
1542.7
1562.8
1582.85
1602.95
1623.05
1643.15
1663.2
1683.3
1703.4
1723.45
1743.55
1763.65
1783.75
1803.8
1823.9
1844
1864.05
1884.15
1904.25
1924.35
1944.4
1964.5
1984.6
2004.65
2024.75
2044.85
2064.95
2085
2105.1
2125.2
2145.25
2165.35
2185.45
2205.55
2225.6
2245.7
2265.8
2285.85
2305.95
2326.05
2346.15
2366.2
2386.3
2406.4
2426.45
2446.55
2466.65
2486.75
2506.8
2526.9
2547
2567.05
2587.15
2607.25
2627.35
2647.4
2667.5
2687.6
2707.65
2727.75
2747.85
2767.95
2788
2808.1
2828.2
2848.25
2868.35
2888.45
2908.55
2928.6
2948.7
2968.8
2988.85
3008.95
3029.05
3049.15
3069.2
3089.3
3109.4
3129.45
3149.55
3169.65
3189.75
3209.8
3229.9
3250
3270.05
3290.15
3310.25
3330.35
3350.4
3370.5
3390.6
3410.65
3430.75
3450.85
3470.9
3491
3511.1
3531.2
3551.25
3571.35
3591.45
3611.5
3631.6
3651.7
3671.8
3691.85
3711.95
3732.05
3752.1
3772.2
3792.3
3812.4
3832.45
3852.55
3872.65
3892.7
3912.8
3932.9
3953
3973.05
3993.15
4013.25
4033.3
4053.4
4073.5
4093.6
4113.65
4133.75
4153.85
4173.9
4194
4214.1
4234.2
4254.25
4274.35
4294.45
4314.5
4334.6
4354.7
4374.8
4394.85
4414.95
4435.05
4455.1
4475.2
4495.3
4515.4
4535.45
4555.55
4575.65
4595.7
4615.8
4635.9
4656
4676.05
4696.15
4716.25
4736.3
4756.4
4776.5
4796.6
4816.65
4836.75
4856.85
4876.9
4897
4917.1
4937.2
4957.25
4977.35
4997.45
-1000
0.05
26
44.85
62.85
81.25
100.25
119.55
139.25
159.1
179.05
199.05
219.1
239.15
259.15
279.25
299.35
319.45
339.5
359.6
379.7
399.75
419.85
439.95
460.05
480.1
500.2
520.3
540.35
560.4
580.55
600.65
620.7
640.8
660.9
680.95
701
721.15
741.25
761.3
781.4
801.5
821.55
841.6
861.75
881.85
901.9
922
942.1
962.15
982.2
1002.35
1022.45
1042.5
1062.6
1082.7
1102.75
1122.8
1142.95
1163.05
1183.1
1203.2
1223.3
1243.35
1263.4
1283.55
1303.65
1323.7
1343.8
1363.9
1383.95
1404
1424.15
1444.25
1464.3
1484.4
1504.5
1524.55
1544.6
1564.75
1584.75
1604.85
1625
1645.1
1665.1
1685.2
1705.35
1725.35
1745.45
1765.6
1785.7
1805.7
1825.8
1845.95
1865.95
1886.05
1906.2
1926.3
1946.3
1966.4
1986.55
2006.55
2026.65
2046.8
2066.9
2086.9
2107
2127.15
2147.15
2167.25
2187.4
2207.5
2227.5
2247.6
2267.75
2287.75
2307.85
2328
2348.1
2368.1
2388.2
2408.35
2428.35
2448.45
2468.6
2488.7
2508.7
2528.8
2548.95
2568.95
2589.05
2609.2
2629.3
2649.3
2669.4
2689.55
2709.55
2729.65
2749.8
2769.9
2789.9
2810
2830.15
2850.15
2870.25
2890.4
2910.5
2930.5
2950.6
2970.75
2990.75
3010.85
3031
3051.1
3071.15
3091.25
3111.35
3131.4
3151.45
3171.6
3191.7
3211.75
3231.85
3251.95
3272
3292.05
3312.2
3332.3
3352.35
3372.45
3392.55
3412.6
3432.65
3452.8
3472.9
3492.95
3513.05
3533.15
3553.2
3573.25
3593.4
3613.5
3633.55
3653.65
3673.75
3693.8
3713.85
3734
3754.1
3774.15
3794.25
3814.35
3834.4
3854.45
3874.6
3894.7
3914.75
3934.85
3954.95
3975
3995.05
4015.2
4035.3
4055.35
4075.45
4095.55
4115.6
4135.65
4155.8
4175.9
4195.95
4216.05
4236.15
4256.2
4276.25
4296.4
4316.5
4336.55
4356.65
4376.75
4396.8
4416.85
4437
4457.1
4477.15
4497.25
4517.35
4537.4
4557.45
4577.6
4597.7
4617.75
4637.85
4657.95
4678
4698.05
4718.2
4738.3
4758.35
4778.45
4798.55
4818.6
4838.65
4858.8
4878.9
4898.95
4919.05
4939.15
4959.2
4979.25
4999.4
