0.05
19.45
43.2
66.95
90.7
114.45
138.2
161.95
185.7
209.45
233.2
256.95
280.7
304.45
328.2
351.95
375.7
399.45
423.2
446.95
470.7
494.45
518.2
541.95
565.7
589.45
613.2
636.95
660.7
684.45
708.2
731.95
755.7
779.45
803.25
827
850.75
874.5
898.25
922
945.75
969.5
993.25
1017
1040.75
1064.5
1088.25
1112
1135.75
1159.5
1183.25
1207
1230.75
1254.5
1278.25
1302
1325.75
1349.5
1373.25
1397
1420.75
1444.5
1468.25
1492
1515.75
1539.5
1563.25
1587
1610.75
1634.5
1658.25
1682
1705.75
1729.5
1753.25
1777
1800.75
1824.5
1848.3
1872.05
1895.8
1919.55
1943.3
1967.05
1990.8
2014.55
2038.3
2062.05
2085.8
2109.55
2133.3
2157.05
2180.8
2204.55
2228.3
2252.05
2275.8
2299.55
2323.3
2347.05
2370.8
2394.55
2418.3
2442.05
2465.8
2489.55
2513.3
2537.05
2560.8
2584.55
2608.3
2632.05
2655.8
2679.55
2703.3
2727.05
2750.8
2774.55
2798.3
2822.05
2845.8
2869.55
2893.35
2917.1
2940.85
2964.6
2988.35
3012.1
3035.85
3059.6
3083.35
3107.1
3130.85
3154.6
3178.35
3202.1
3225.85
3249.6
3273.35
3297.1
3320.85
3344.6
3368.35
3392.1
3415.85
3439.6
3463.35
3487.1
3510.85
3534.6
3558.35
3582.1
3605.85
3629.6
3653.35
3677.1
3700.85
3724.6
3748.35
3772.1
3795.85
3819.6
3843.35
3867.1
3890.85
3914.6
3938.4
3962.15
3985.9
4009.65
4033.4
4057.15
4080.9
4104.65
4128.4
4152.15
4175.9
4199.65
4223.4
4247.15
4270.9
4294.65
4318.4
4342.15
4365.9
4389.65
4413.4
4437.15
4460.9
4484.65
4508.4
4532.15
4555.9
4579.65
4603.4
4627.15
4650.9
4674.65
4698.4
4722.15
4745.9
4769.65
4793.4
4817.15
4840.9
4864.65
4888.4
4912.15
4935.9
4959.65
4983.45
-1000
0.05
26.45
47.75
66.95
85.65
106.55
128.8
151.65
174.85
198.2
221.65
245.2
268.8
292.45
316.1
339.75
363.45
387.15
410.85
434.55
458.25
482
505.7
529.45
553.15
576.9
600.6
624.35
648.1
671.85
695.55
719.3
743.05
766.8
790.55
814.3
838
861.7
885.45
909.15
932.85
956.55
980.3
1004.05
1027.8
1051.6
1075.35
1099.1
1122.85
1146.6
1170.4
1194.15
1217.9
1241.65
1265.4
1289.15
1312.9
1336.7
1360.45
1384.2
1407.95
1431.7
1455.45
1479.2
1502.95
1526.7
1550.45
1574.2
1597.95
1621.7
1645.5
1669.25
1693
1716.75
1740.5
1764.25
1788
1811.75
1835.5
1859.25
1883
1906.7
1930.4
1954.1
1977.85
2001.55
2025.3
2049.05
2072.8
2096.6
2120.35
2144.1
2167.85
2191.65
2215.4
2239.15
2262.9
2286.65
2310.4
2334.2
2357.95
2381.7
2405.45
2429.2
2452.95
2476.7
2500.5
2524.25
2548
2571.75
2595.5
2619.25
2643
2666.75
2690.5
2714.25
2738
2761.75
2785.5
2809.3
2833.05
2856.8
2880.55
2904.3
2928.05
2951.75
2975.45
2999.15
3022.9
3046.6
3070.35
3094.1
3117.85
3141.65
3165.4
3189.15
3212.9
3236.65
3260.45
3284.2
3307.95
3331.7
3355.45
3379.25
3403
3426.75
3450.5
3474.25
3498
3521.75
3545.55
3569.3
3593.05
3616.8
3640.55
3664.3
3688.05
3711.8
3735.55
3759.3
3783.05
3806.8
3830.55
3854.35
3878.1
3901.85
3925.6
3949.35
3973.1
3996.8
4020.5
4044.2
4067.95
4091.65
4115.4
4139.15
4162.9
4186.65
4210.45
4234.2
4257.95
4281.7
4305.5
4329.25
4353
4376.75
4400.5
4424.3
4448.05
4471.8
4495.55
4519.3
4543.05
4566.8
4590.6
4614.35
4638.1
4661.85
4685.6
4709.35
4733.1
4756.85
4780.6
4804.35
4828.1
4851.85
4875.6
4899.4
4923.15
4946.9
4970.65
