0.05
20.35
45.1
69.85
94.65
119.4
144.15
168.95
193.7
218.45
243.2
268
292.75
317.5
342.3
367.05
391.8
416.55
441.35
466.1
490.85
515.6
540.4
565.15
589.9
614.7
639.45
664.2
688.95
713.75
738.5
763.25
788.05
812.8
837.55
862.3
887.1
911.85
936.6
961.35
986.15
1010.9
1035.65
1060.45
1085.2
1109.95
1134.7
1159.5
1184.25
1209
1233.8
1258.55
1283.3
1308.05
1332.85
1357.6
1382.35
1407.1
1431.9
1456.65
1481.4
1506.2
1530.95
1555.7
1580.45
1605.25
1630
1654.75
1679.55
1704.3
1729.05
1753.8
1778.6
1803.35
1828.1
1852.9
1877.65
1902.4
1927.15
1951.95
1976.7
2001.45
2026.2
2051
2075.75
2100.5
2125.3
2150.05
2174.8
2199.55
2224.35
2249.1
2273.85
2298.65
2323.4
2348.15
2372.9
2397.7
2422.45
2447.2
2471.95
2496.75
2521.5
2546.25
2571.05
2595.8
2620.55
2645.3
2670.1
2694.85
2719.6
2744.4
2769.15
2793.9
2818.65
2843.45
2868.2
2892.95
2917.7
2942.5
2967.25
2992
3016.8
3041.55
3066.3
3091.05
3115.85
3140.6
3165.35
3190.15
3214.9
3239.65
3264.4
3289.2
3313.95
3338.7
3363.45
3388.25
3413
3437.75
3462.55
3487.3
3512.05
3536.8
3561.6
3586.35
3611.1
3635.9
3660.65
3685.4
3710.15
3734.95
3759.7
3784.45
3809.25
3834
3858.75
3883.5
3908.3
3933.05
3957.8
3982.55
4007.35
4032.1
4056.85
4081.65
4106.4
4131.15
4155.9
4180.7
4205.45
4230.2
4255
4279.75
4304.5
4329.25
4354.05
4378.8
4403.55
4428.3
4453.1
4477.85
4502.6
4527.4
4552.15
4576.9
4601.65
4626.45
4651.2
4675.95
4700.75
4725.5
4750.25
4775
4799.8
4824.55
4849.3
4874.05
4898.85
4923.6
4948.35
4973.15
4997.9
-1000
0.05
26.05
49.95
73.3
94.95
114.05
133.35
155.2
178.3
202.1
226.1
250.25
274.45
298.6
322.55
346.05
368
387.55
406.4
427.95
450.9
474.6
498.6
522.75
546.95
571.1
595.1
618.7
641
661.05
679.45
700.7
723.55
747.2
771.15
795.25
819.4
843.6
867.6
891.3
913.8
934.2
952.35
973.35
996.1
1019.7
1043.6
1067.7
1091.9
1116.05
1140.1
1163.85
1186.6
1207.3
1225.3
1245.95
1268.65
1292.15
1316.1
1340.2
1364.35
1388.55
1412.6
1436.45
1459.45
1480.5
1498.7
1518.9
1541.35
1564.75
1588.6
1612.7
1636.9
1661.05
1685.15
1708.95
1732.1
1753.5
1772.25
1792
1814.1
1837.35
1861.15
1885.25
1909.4
1933.6
1957.7
1981.6
2004.95
2026.7
2045.9
2065.1
2086.85
2110
2133.7
2157.7
2181.85
2206.05
2230.2
2254.15
2277.65
2299.75
2319.4
2338.15
2359.6
2382.6
2406.25
2430.2
2454.35
2478.55
2502.7
2526.7
2550.3
2572.75
2592.85
2611.2
2632.35
2655.2
2678.8
2702.75
2726.9
2751.05
2775.2
2799.2
2822.9
2845.6
2866.05
2884.15
2905.05
2927.75
2951.3
2975.25
2999.35
3023.5
3047.65
3071.7
3095.45
3118.3
3139.1
3157.1
3177.7
3200.25
3223.75
3247.7
3271.8
3296
3320.15
3344.2
3368.05
3391.1
3412.2
3430.5
3450.65
3472.95
3496.35
3520.2
3544.3
3568.5
3592.65
3616.75
3640.65
3663.8
3685.2
3704.05
3723.7
3745.75
3769
3792.8
3816.85
3841
3865.2
3889.3
3913.25
3936.65
3958.5
3977.85
3996.85
4018.55
4041.65
4065.35
4089.35
4113.5
4137.65
4161.8
4185.8
4209.3
4231.5
4251.35
4269.85
4291.25
4314.2
4337.85
4361.85
4385.95
4410.15
4434.3
4458.3
4481.9
4504.35
4524.55
4542.75
4563.95
4586.75
