0.05
18.9
42
65.15
88.25
111.4
134.55
157.65
180.8
203.9
227.05
250.2
273.3
296.45
319.55
342.7
365.85
388.95
412.1
435.2
458.35
481.45
504.6
527.75
550.85
574
597.1
620.25
643.4
666.5
689.65
712.75
735.9
759.05
782.15
805.3
828.4
851.55
874.7
897.8
920.95
944.05
967.2
990.3
1013.45
1036.6
1059.7
1082.85
1105.95
1129.1
1152.25
1175.35
1198.5
1221.6
1244.75
1267.9
1291
1314.15
1337.25
1360.4
1383.5
1406.65
1429.8
1452.9
1476.05
1499.15
1522.3
1545.45
1568.55
1591.7
1614.8
1637.95
1661.1
1684.2
1707.35
1730.45
1753.6
1776.7
1799.85
1823
1846.1
1869.25
1892.35
1915.5
1938.65
1961.75
1984.9
2008
2031.15
2054.3
2077.4
2100.55
2123.65
2146.8
2169.9
2193.05
2216.2
2239.3
2262.45
2285.55
2308.7
2331.85
2354.95
2378.1
2401.2
2424.35
2447.5
2470.6
2493.75
2516.85
2540
2563.1
2586.25
2609.4
2632.5
2655.65
2678.75
2701.9
2725.05
2748.15
2771.3
2794.4
2817.55
2840.7
2863.8
2886.95
2910.05
2933.2
2956.35
2979.45
3002.6
3025.7
3048.85
3071.95
3095.1
3118.25
3141.35
3164.5
3187.6
3210.75
3233.9
3257
3280.15
3303.25
3326.4
3349.55
3372.65
3395.8
3418.9
3442.05
3465.15
3488.3
3511.45
3534.55
3557.7
3580.8
3603.95
3627.1
3650.2
3673.35
3696.45
3719.6
3742.75
3765.85
3789
3812.1
3835.25
3858.35
3881.5
3904.65
3927.75
3950.9
3974
3997.15
4020.3
4043.4
4066.55
4089.65
4112.8
4135.95
4159.05
4182.2
4205.3
4228.45
4251.55
4274.7
4297.85
4320.95
4344.1
4367.2
4390.35
4413.5
4436.6
4459.75
4482.85
4506
4529.15
4552.25
4575.4
4598.5
4621.65
4644.8
4667.9
4691.05
4714.15
4737.3
4760.4
4783.55
4806.7
4829.8
4852.95
4876.05
4899.2
4922.35
4945.45
4968.6
4991.7
-1000
0.05
26
48.8
70.65
93
115.7
138.55
161.45
184.4
207.5
230.55
253.65
276.75
299.85
322.95
346.1
369.2
392.3
415.45
438.6
461.7
484.85
507.95
531.1
554.2
577.35
600.5
623.6
646.75
669.85
693
716.15
739.25
762.4
785.5
808.65
831.8
854.9
878.05
901.15
924.3
947.45
970.6
993.7
1016.85
1039.95
1063.05
1086.2
1109.35
1132.45
1155.6
1178.7
1201.85
1225
1248.1
1271.25
1294.35
1317.5
1340.65
1363.75
1386.9
1410
1433.15
1456.25
1479.4
1502.55
1525.65
1548.8
1571.9
1595.05
1618.2
1641.3
1664.45
1687.55
1710.7
1733.85
1756.95
1780.1
1803.2
1826.35
1849.45
1872.6
1895.75
1918.85
1942
1965.1
1988.25
2011.4
2034.5
2057.65
2080.75
2103.9
2127.05
2150.15
2173.3
2196.4
2219.55
2242.65
2265.8
2288.95
2312.05
2335.2
2358.3
2381.45
2404.6
2427.7
2450.85
2473.95
2497.1
2520.25
2543.35
2566.5
2589.6
2612.75
2635.85
2659
2682.15
2705.25
2728.4
2751.5
2774.65
2797.8
2820.9
2844.05
2867.15
2890.3
2913.45
2936.55
2959.7
2982.8
3005.95
3029.1
3052.25
3075.35
3098.5
3121.6
3144.7
3167.85
3191
3214.1
3237.25
3260.35
3283.5
3306.65
3329.75
3352.9
3376
3399.15
3422.3
3445.4
3468.55
3491.65
3514.8
3537.9
3561.05
3584.2
3607.3
3630.45
3653.55
3676.7
3699.85
3722.95
3746.1
3769.2
3792.35
3815.5
3838.6
3861.75
3884.85
3908
3931.1
3954.25
3977.4
4000.5
4023.65
4046.75
4069.9
4093.05
4116.15
4139.3
4162.4
4185.55
4208.7
4231.8
4254.95
4278.05
4301.2
4324.3
4347.45
4370.6
4393.7
4416.85
4439.95
4463.1
4486.25
4509.35
4532.5
4555.6
4578.75
4601.9
4625
4648.15
4671.25
4694.4
4717.55
4740.7
4763.8
4786.95
4810.05
4833.15
4856.3
4879.45
4902.55
4925.7
4948.8
4971.95
4995.1
