0.05
15.2
34.2
53.2
72.2
91.15
110.15
129.15
148.15
167.1
186.1
205.1
224.1
243.05
262.05
281.05
300.05
319
338
357
376
394.95
413.95
432.95
451.95
470.9
489.9
508.9
527.85
546.85
565.85
584.85
603.8
622.8
641.8
660.8
679.75
698.75
717.75
736.75
755.7
774.7
793.7
812.7
831.65
850.65
869.65
888.65
907.6
926.6
945.6
964.6
983.55
1002.55
1021.55
1040.5
1059.5
1078.5
1097.5
1116.45
1135.45
1154.45
1173.45
1192.4
1211.4
1230.4
1249.4
1268.35
1287.35
1306.35
1325.35
1344.3
1363.3
1382.3
1401.3
1420.25
1439.25
1458.25
1477.25
1496.2
1515.2
1534.2
1553.2
1572.15
1591.15
1610.15
1629.1
1648.1
1667.1
1686.1
1705.05
1724.05
1743.05
1762.05
1781
1800
1819
1838
1856.95
1875.95
1894.95
1913.95
1932.9
1951.9
1970.9
1989.9
2008.85
2027.85
2046.85
2065.85
2084.8
2103.8
2122.8
2141.8
2160.75
2179.75
2198.75
2217.7
2236.7
2255.7
2274.7
2293.65
2312.65
2331.65
2350.65
2369.6
2388.6
2407.6
2426.6
2445.55
2464.55
2483.55
2502.55
2521.5
2540.5
2559.5
2578.5
2597.45
2616.45
2635.45
2654.45
2673.4
2692.4
2711.4
2730.4
2749.35
2768.35
2787.35
2806.3
2825.3
2844.3
2863.3
2882.25
2901.25
2920.25
2939.25
2958.2
2977.2
2996.2
3015.2
3034.15
3053.15
3072.15
3091.15
3110.1
3129.1
3148.1
3167.1
3186.05
3205.05
3224.05
3243.05
3262
3281
3300
3318.95
3337.95
3356.95
3375.95
3394.9
3413.9
3432.9
3451.9
3470.85
3489.85
3508.85
3527.85
3546.8
3565.8
3584.8
3603.8
3622.75
3641.75
3660.75
3679.75
3698.7
3717.7
3736.7
3755.7
3774.65
3793.65
3812.65
3831.65
3850.6
3869.6
3888.6
3907.55
3926.55
3945.55
3964.55
3983.5
4002.5
4021.5
4040.5
4059.45
4078.45
4097.45
4116.45
4135.4
4154.4
4173.4
4192.4
4211.35
4230.35
4249.35
4268.35
4287.3
4306.3
4325.3
4344.3
4363.25
4382.25
4401.25
4420.25
4439.2
4458.2
4477.2
4496.15
4515.15
4534.15
4553.15
4572.1
4591.1
4610.1
4629.1
4648.05
4667.05
4686.05
4705.05
4724
4743
4762
4781
4799.95
4818.95
4837.95
4856.95
4875.9
4894.9
4913.9
4932.9
4951.85
4970.85
-1000
0.05
26.45
48
69.55
90.4
110.6
130.35
149.85
169.1
188.25
207.4
226.5
245.45
264.5
283.55
302.55
321.5
340.5
359.5
378.55
397.45
416.45
435.45
454.5
473.45
492.45
511.45
530.35
549.35
568.4
587.4
606.3
625.3
644.35
663.35
682.25
701.25
720.3
739.3
758.2
777.2
796.25
815.25
834.15
853.15
872.2
891.2
910.1
929.1
948.15
967.15
986.05
1005.05
1024.1
1043.1
1062.05
1081.05
1100.05
1118.95
1137.95
1157
1176
1194.9
1213.9
1232.95
1251.95
1270.85
1289.85
1308.9
1327.9
1346.8
1365.8
1384.85
1403.85
1422.75
1441.75
1460.8
1479.8
1498.7
1517.7
1536.75
1555.75
1574.65
1593.65
1612.7
1631.7
1650.65
1669.65
1688.65
1707.55
1726.55
1745.6
1764.6
1783.5
1802.5
1821.55
1840.55
1859.45
1878.45
1897.5
1916.5
1935.4
1954.4
1973.45
1992.45
2011.35
2030.35
2049.4
2068.4
2087.3
2106.3
2125.35
2144.35
2163.25
2182.25
2201.3
2220.3
2239.25
2258.25
2277.25
2296.15
2315.15
2334.2
2353.2
2372.1
2391.1
2410.15
2429.15
2448.05
2467.05
2486.1
2505.1
2524
2543
2562.05
2581.05
2599.95
2618.95
2638
2657
2675.9
2694.9
2713.95
2732.95
2751.9
2770.9
2789.9
2808.8
2827.8
2846.85
2865.85
2884.75
2903.75
2922.8
2941.8
2960.7
2979.7
2998.75
3017.75
3036.65
3055.65
3074.7
3093.7
3112.6
3131.6
3150.65
3169.65
3188.55
3207.55
3226.6
3245.6
3264.5
3283.5
3302.55
3321.55
3340.5
3359.5
3378.5
3397.4
3416.4
3435.45
3454.45
3473.35
3492.35
3511.4
3530.4
3549.3
3568.3
3587.35
3606.35
3625.25
3644.25
3663.3
3682.3
3701.2
3720.2
3739.25
3758.25
3777.15
3796.15
3815.2
3834.2
3853.1
3872.1
3891.15
3910.15
3929.1
3948.1
3967.1
3986
4005
4024.05
4043.05
4061.95
4080.95
4100
4119
4137.9
4156.9
4175.95
4194.95
4213.85
4232.85
4251.9
4270.9
4289.8
4308.8
4327.85
4346.85
4365.75
4384.75
4403.8
4422.8
4441.75
4460.75
4479.75
4498.75
4517.75
4536.7
4555.7
4574.6
4593.6
4612.65
4631.65
4650.55
4669.55
4688.6
4707.6
4726.5
4745.5
4764.55
4783.55
4802.45
4821.45
4840.5
4859.5
4878.4
4897.4
4916.45
4935.45
4954.35
4973.35
4992.4
