0.05
20.35
45.1
69.85
94.65
119.4
144.15
168.95
193.7
218.45
243.2
268
292.75
317.5
342.3
367.05
391.8
416.55
441.35
466.1
490.85
515.6
540.4
565.15
589.9
614.7
639.45
664.2
688.95
713.75
738.5
763.25
788.05
812.8
837.55
862.3
887.1
911.85
936.6
961.35
986.15
1010.9
1035.65
1060.45
1085.2
1109.95
1134.7
1159.5
1184.25
1209
1233.8
1258.55
1283.3
1308.05
1332.85
1357.6
1382.35
1407.1
1431.9
1456.65
1481.4
1506.2
1530.95
1555.7
1580.45
1605.25
1630
1654.75
1679.55
1704.3
1729.05
1753.8
1778.6
1803.35
1828.1
1852.9
1877.65
1902.4
1927.15
1951.95
1976.7
2001.45
2026.2
2051
2075.75
2100.5
2125.3
2150.05
2174.8
2199.55
2224.35
2249.1
2273.85
2298.65
2323.4
2348.15
2372.9
2397.7
2422.45
2447.2
2471.95
2496.75
2521.5
2546.25
2571.05
2595.8
2620.55
2645.3
2670.1
2694.85
2719.6
2744.4
2769.15
2793.9
2818.65
2843.45
2868.2
2892.95
2917.7
2942.5
2967.25
2992
3016.8
3041.55
3066.3
3091.05
3115.85
3140.6
3165.35
3190.15
3214.9
3239.65
3264.4
3289.2
3313.95
3338.7
3363.45
3388.25
3413
3437.75
3462.55
3487.3
3512.05
3536.8
3561.6
3586.35
3611.1
3635.9
3660.65
3685.4
3710.15
3734.95
3759.7
3784.45
3809.25
3834
3858.75
3883.5
3908.3
3933.05
3957.8
3982.55
4007.35
4032.1
4056.85
4081.65
4106.4
4131.15
4155.9
4180.7
4205.45
4230.2
4255
4279.75
4304.5
4329.25
4354.05
4378.8
4403.55
4428.3
4453.1
4477.85
4502.6
4527.4
4552.15
4576.9
4601.65
4626.45
4651.2
4675.95
4700.75
4725.5
4750.25
4775
4799.8
4824.55
4849.3
4874.05
4898.85
4923.6
4948.35
4973.15
4997.9
-1000
0.05
26
50.95
74.3
98.1
122.2
146.35
170.55
194.65
218.5
241.8
263.4
282.4
301.8
323.7
346.9
370.65
394.65
418.8
443
467.15
491.05
514.45
536.25
555.6
574.65
596.35
619.45
643.15
667.15
691.3
715.45
739.65
763.6
787.15
809.35
829.1
847.7
869.1
892.05
915.65
939.65
963.8
987.95
1012.15
1036.15
1059.8
1082.3
1102.5
1120.75
1141.85
1164.65
1188.25
1212.2
1236.3
1260.5
1284.6
1308.65
1332.35
1355.1
1375.7
1393.75
1414.55
1437.2
1460.75
1484.65
1508.75
1532.95
1557.1
1581.15
1604.9
1627.8
1648.7
1666.7
1687.25
1709.75
1733.2
1757.1
1781.2
1805.4
1829.55
1853.65
1877.5
1900.55
1921.8
1940.25
1960.25
1982.45
2005.8
2029.65
2053.7
2077.9
2102.1
2126.2
2150.1
2173.3
2194.85
2213.75
2233.25
2255.25
2278.45
2302.25
2326.25
2350.4
2374.55
2398.7
2422.65
2446
2467.75
2487
2506.1
2527.9
2551
2574.75
2598.75
2622.85
2647.05
2671.2
2695.15
2718.65
2740.75
2760.5
2779.1
2800.6
2823.55
2847.25
2871.2
2895.35
2919.5
2943.65
2967.7
2991.25
3013.65
3033.75
3052
3073.25
3096.15
3119.75
3143.75
3167.85
3192.05
3216.2
3240.2
3263.85
3286.5
3307
3325.1
3346
3368.75
3392.3
3416.25
3440.35
3464.5
3488.7
3512.7
3536.45
3559.3
3580.15
3598.15
3618.75
3641.3
3664.8
3688.65
3712.75
3736.95
3761.15
3785.2
3809
3832.05
3853.2
3871.45
3891.6
3913.95
3937.35
3961.2
3985.25
4009.45
4033.65
4057.7
4081.6
4104.8
4126.2
4145
4164.65
4186.7
4210
4233.8
4257.8
4281.95
4306.15
4330.25
4354.15
4377.55
4399.25
4418.4
4437.6
4459.4
4482.55
4506.3
4530.3
4554.45
4578.6
4602.75
