0.05
19.6
43.5
67.4
91.3
115.25
139.15
163.05
187
210.9
234.8
258.7
282.65
306.55
330.45
354.35
378.3
402.2
426.1
450
473.95
497.85
521.75
545.65
569.6
593.5
617.4
641.3
665.25
689.15
713.05
737
760.9
784.8
808.7
832.65
856.55
880.45
904.35
928.3
952.2
976.1
1000
1023.95
1047.85
1071.75
1095.65
1119.6
1143.5
1167.4
1191.3
1215.25
1239.15
1263.05
1287
1310.9
1334.8
1358.7
1382.65
1406.55
1430.45
1454.35
1478.3
1502.2
1526.1
1550
1573.95
1597.85
1621.75
1645.65
1669.6
1693.5
1717.4
1741.35
1765.25
1789.15
1813.05
1837
1860.9
1884.8
1908.7
1932.65
1956.55
1980.45
2004.35
2028.3
2052.2
2076.1
2100
2123.95
2147.85
2171.75
2195.65
2219.6
2243.5
2267.4
2291.35
2315.25
2339.15
2363.05
2387
2410.9
2434.8
2458.7
2482.65
2506.55
2530.45
2554.35
2578.3
2602.2
2626.1
2650
2673.95
2697.85
2721.75
2745.65
2769.6
2793.5
2817.4
2841.35
2865.25
2889.15
2913.05
2937
2960.9
2984.8
3008.7
3032.65
3056.55
3080.45
3104.35
3128.3
3152.2
3176.1
3200
3223.95
3247.85
3271.75
3295.65
3319.6
3343.5
3367.4
3391.35
3415.25
3439.15
3463.05
3487
3510.9
3534.8
3558.7
3582.65
3606.55
3630.45
3654.35
3678.3
3702.2
3726.1
3750
3773.95
3797.85
3821.75
3845.7
3869.6
3893.5
3917.4
3941.35
3965.25
3989.15
4013.05
4037
4060.9
4084.8
4108.7
4132.65
4156.55
4180.45
4204.35
4228.3
4252.2
4276.1
4300
4323.95
4347.85
4371.75
4395.7
4419.6
4443.5
4467.4
4491.35
4515.25
4539.15
4563.05
4587
4610.9
4634.8
4658.7
4682.65
4706.55
4730.45
4754.35
4778.3
4802.2
4826.1
4850
4873.95
4897.85
4921.75
4945.7
4969.6
4993.5
-1000
0.05
26
46.85
68.55
91.2
114.35
137.75
161.3
184.95
208.65
232.35
256.15
279.95
303.7
327.5
351.35
375.15
399
422.8
446.6
470.45
494.25
518.05
541.85
565.6
589.4
613.15
636.8
660.4
683.85
707
729.35
750.05
768.15
788
809.75
832.45
855.6
879
902.6
926.2
949.9
973.65
997.4
1021.2
1045
1068.8
1092.6
1116.45
1140.3
1164.1
1187.95
1211.75
1235.6
1259.45
1283.25
1307.05
1330.8
1354.55
1378.25
1401.9
1425.4
1448.65
1471.45
1492.8
1511.95
1530.75
1551.85
1574.2
1597.2
1620.55
1644.05
1667.65
1691.35
1715.1
1738.85
1762.6
1786.4
1810.25
1834.05
1857.85
1881.65
1905.5
1929.3
1953.15
1976.95
2000.75
2024.55
2048.35
2072.1
2095.85
2119.6
2143.25
2166.85
2190.25
2213.25
2235.2
2255.35
2273.4
2293.85
2315.85
2338.75
2362
2385.45
2409
2432.65
2456.4
2480.15
2503.9
2527.7
2551.5
2575.3
2599.15
2622.95
2646.75
2670.6
2694.45
2718.25
2742.1
2765.9
2789.7
2813.5
2837.25
2861
2884.65
2908.25
2931.75
2954.9
2977.25
2998
3016.25
3036
3057.6
3080.3
3103.45
3126.85
3150.4
3174.05
3197.75
3221.5
3245.3
3269.1
3292.9
3316.7
3340.5
3364.35
3388.15
3412
3435.8
3459.65
3483.45
3507.25
3531.05
3554.85
3578.6
3602.35
3626.05
3649.65
3673.2
3696.5
3719.2
3740.55
3759.7
3778.5
3799.65
3822
3845.05
3868.35
3891.9
3915.5
3939.15
3962.9
3986.6
4010.4
4034.2
4058
4081.8
4105.65
4129.45
4153.3
4177.1
4200.9
4224.75
4248.55
4272.35
4296.15
4319.95
4343.7
4367.45
4391.1
4414.7
4438
4461
4482.85
4502.8
4520.9
4541.5
4563.65
4586.5
4609.75
4633.25
4656.85
4680.5
4704.2
4727.95
4751.75
4775.5
4799.35
4823.15
4847
