0.05
24
52.8
81.6
110.4
139.2
168
196.8
225.6
254.45
283.25
312.05
340.85
369.65
398.45
427.25
456.05
484.85
513.65
542.45
571.3
600.1
628.9
657.7
686.5
715.3
744.1
772.9
801.7
830.5
859.35
888.15
916.95
945.75
974.55
1003.35
1032.15
1060.95
1089.75
1118.55
1147.4
1176.2
1205
1233.8
1262.6
1291.4
1320.2
1349
1377.8
1406.6
1435.4
1464.25
1493.05
1521.85
1550.65
1579.45
1608.25
1637.05
1665.85
1694.65
1723.45
1752.3
1781.1
1809.9
1838.7
1867.5
1896.3
1925.1
1953.9
1982.7
2011.5
2040.3
2069.15
2097.95
2126.75
2155.55
2184.35
2213.15
2241.95
2270.75
2299.55
2328.35
2357.2
2386
2414.8
2443.6
2472.4
2501.2
2530
2558.8
2587.6
2616.4
2645.25
2674.05
2702.85
2731.65
2760.45
2789.25
2818.05
2846.85
2875.65
2904.45
2933.25
2962.1
2990.9
3019.7
3048.5
3077.3
3106.1
3134.9
3163.7
3192.5
3221.3
3250.15
3278.95
3307.75
3336.55
3365.35
3394.15
3422.95
3451.75
3480.55
3509.35
3538.15
3567
3595.8
3624.6
3653.4
3682.2
3711
3739.8
3768.6
3797.4
3826.2
3855.05
3883.85
3912.65
3941.45
3970.25
3999.05
4027.85
4056.65
4085.45
4114.25
4143.1
4171.9
4200.7
4229.5
4258.3
4287.1
4315.9
4344.7
4373.5
4402.3
4431.1
4459.95
4488.75
4517.55
4546.35
4575.15
4603.95
4632.75
4661.55
4690.35
4719.15
4748
4776.8
4805.6
4834.4
4863.2
4892
4920.8
4949.6
4978.4
-1000
0.05
26
44.95
68.75
94.45
119.25
140.4
159.55
183.65
209.35
233.95
254.65
274.2
298.5
324.25
348.4
368.4
388.75
413.4
439.15
463
482.5
503.4
528.3
554.05
577.5
596.45
618.05
643.15
668.85
691.95
710.5
732.7
758
783.6
806.3
824.35
847.25
872.75
898
920.05
938.45
961.95
987.6
1012.6
1034.15
1052.95
1076.8
1102.5
1127.3
1148.35
1167.6
1191.7
1217.45
1241.85
1262.3
1282.15
1306.6
1332.35
1356.45
1376.45
1396.85
1421.55
1447.3
1471.05
1490.45
1511.5
1536.45
1562.15
1585.55
1604.5
1626.15
1651.3
1676.95
1700.05
1718.5
1740.75
1766.1
1791.6
1814.1
1832.15
1855.25
1880.85
1906.1
1928.05
1946.5
1970.05
1995.7
2020.7
2042.15
2061
2084.9
2110.6
2135.25
2156.1
2175.55
2199.8
2225.55
2249.9
2270.3
2290.25
2314.75
2340.5
2364.55
2384.4
2404.9
2429.65
2455.4
2479.1
2498.45
2519.55
2544.55
2570.25
2593.6
2612.5
2634.2
2659.4
2685.05
2708
2726.25
2748.75
2774.2
2799.65
2822.15
2840.2
2863.4
2888.95
2914.2
2936.1
2954.55
2978.15
3003.8
3028.7
3049.95
3069
3093
3118.75
3143.35
3164.2
3183.7
3207.95
3233.7
3258.05
3278.35
3298.35
3322.9
3348.65
3372.65
3392.5
3413.05
3437.8
3463.55
3487.2
3506.55
3527.7
3552.65
3578.4
3601.65
3620.5
3642.35
3667.55
3693.15
3716.15
3734.4
3756.9
3782.35
3807.8
3830.3
3848.35
3871.5
3897.1
3922.25
3944.05
3962.6
