0.05
16.4
36.7
57
77.3
97.6
117.9
138.2
158.5
178.8
199.1
219.4
239.7
260
280.3
300.6
320.9
341.2
361.5
381.8
402.1
422.45
442.75
463.05
483.35
503.65
523.95
544.25
564.55
584.85
605.15
625.45
645.75
666.05
686.35
706.65
726.95
747.25
767.55
787.85
808.15
828.45
848.8
869.1
889.4
909.7
930
950.3
970.6
990.9
1011.2
1031.5
1051.8
1072.1
1092.4
1112.7
1133
1153.3
1173.6
1193.9
1214.2
1234.5
1254.8
1275.15
1295.45
1315.75
1336.05
1356.35
1376.65
1396.95
1417.25
1437.55
1457.85
1478.15
1498.45
1518.75
1539.05
1559.35
1579.65
1599.95
1620.25
1640.55
1660.85
1681.15
1701.5
1721.8
1742.1
1762.4
1782.7
1803
1823.3
1843.6
1863.9
1884.2
1904.5
1924.8
1945.1
1965.4
1985.7
2006
2026.3
2046.6
2066.9
2087.2
2107.5
2127.85
2148.15
2168.45
2188.75
2209.05
2229.35
2249.65
2269.95
2290.25
2310.55
2330.85
2351.15
2371.45
2391.75
2412.05
2432.35
2452.65
2472.95
2493.25
2513.55
2533.85
2554.2
2574.5
2594.8
2615.1
2635.4
2655.7
2676
2696.3
2716.6
2736.9
2757.2
2777.5
2797.8
2818.1
2838.4
2858.7
2879
2899.3
2919.6
2939.9
2960.2
2980.5
3000.85
3021.15
3041.45
3061.75
3082.05
3102.35
3122.65
3142.95
3163.25
3183.55
3203.85
3224.15
3244.45
3264.75
3285.05
3305.35
3325.65
3345.95
3366.25
3386.55
3406.85
3427.2
3447.5
3467.8
3488.1
3508.4
3528.7
3549
3569.3
3589.6
3609.9
3630.2
3650.5
3670.8
3691.1
3711.4
3731.7
3752
3772.3
3792.6
3812.9
3833.2
3853.55
3873.85
3894.15
3914.45
3934.75
3955.05
3975.35
3995.65
4015.95
4036.25
4056.55
4076.85
4097.15
4117.45
4137.75
4158.05
4178.35
4198.65
4218.95
4239.25
4259.55
4279.9
4300.2
4320.5
4340.8
4361.1
4381.4
4401.7
4422
4442.3
4462.6
4482.9
4503.2
4523.5
4543.8
4564.1
4584.4
4604.7
4625
4645.3
4665.6
4685.9
4706.25
4726.55
4746.85
4767.15
4787.45
4807.75
4828.05
4848.35
4868.65
4888.95
4909.25
4929.55
4949.85
4970.15
-1000
0.05
26.25
46.8
67.6
88.95
111
133.25
155.15
176.55
197.55
218.25
238.85
259.3
279.65
300.05
320.35
340.7
361
381.3
401.6
421.9
442.15
462.4
482.7
503
523.35
543.7
564
584.35
604.65
624.95
645.25
665.55
685.85
706.15
726.45
746.75
767.05
787.35
807.65
827.95
848.25
868.5
888.75
909.05
929.35
949.7
970.05
990.35
1010.7
1031
1051.3
1071.6
1091.9
1112.2
1132.5
1152.8
1173.1
1193.4
1213.7
1234
1254.3
1274.6
1294.85
1315.1
1335.4
1355.7
1376.05
1396.4
1416.7
1437.05
1457.35
1477.65
1497.95
1518.25
1538.55
1558.85
1579.15
1599.45
1619.75
1640.05
1660.35
1680.65
1700.95
1721.2
1741.45
1761.75
1782.05
1802.35
1822.7
1843.05
1863.35
1883.7
1904
1924.3
1944.6
1964.9
1985.2
2005.5
2025.8
2046.1
2066.4
2086.7
2107
2127.3
2147.6
2167.85
2188.1
2208.4
2228.7
2249.05
2269.4
2289.7
2310.05
2330.35
2350.65
2370.95
2391.25
2411.55
2431.85
2452.15
2472.45
2492.75
2513.05
2533.35
2553.65
2573.95
2594.2
2614.45
2634.75
2655.05
2675.4
2695.75
2716.05
2736.4
2756.7
2777
2797.3
2817.6
2837.9
2858.2
2878.5
2898.8
2919.1
2939.4
2959.7
2980
3000.3
3020.55
3040.8
3061.1
3081.4
3101.75
3122.1
3142.4
3162.75
3183.05
3203.35
3223.65
3243.95
3264.25
3284.55
3304.85
3325.15
3345.45
3365.75
3386.05
3406.35
3426.65
3446.9
3467.15
3487.45
3507.75
3528.1
3548.45
3568.75
3589.1
3609.4
3629.7
3650
3670.3
3690.6
3710.9
3731.2
3751.5
3771.8
3792.1
3812.4
3832.7
3853
3873.25
3893.5
3913.8
3934.1
3954.45
3974.8
3995.1
4015.45
4035.75
4056.05
4076.35
4096.65
4116.95
4137.25
4157.55
4177.85
4198.15
4218.45
4238.75
4259.05
4279.35
4299.6
4319.85
4340.15
4360.45
4380.75
4401.1
4421.45
4441.75
4462.1
4482.4
4502.7
4523
4543.3
4563.6
4583.9
4604.2
4624.5
4644.8
4665.1
4685.4
4705.7
4726
4746.25
4766.5
4786.8
4807.1
4827.45
4847.8
4868.1
4888.45
4908.75
4929.05
4949.35
4969.65
4989.95
