0.05
21.35
47.25
73.15
99
124.9
150.8
176.7
202.55
228.45
254.35
280.25
306.1
332
357.9
383.75
409.65
435.55
461.45
487.3
513.2
539.1
565
590.85
616.75
642.65
668.55
694.4
720.3
746.2
772.1
797.95
823.85
849.75
875.65
901.5
927.4
953.3
979.2
1005.05
1030.95
1056.85
1082.75
1108.6
1134.5
1160.4
1186.3
1212.15
1238.05
1263.95
1289.85
1315.7
1341.6
1367.5
1393.4
1419.25
1445.15
1471.05
1496.95
1522.8
1548.7
1574.6
1600.5
1626.35
1652.25
1678.15
1704
1729.9
1755.8
1781.7
1807.55
1833.45
1859.35
1885.25
1911.1
1937
1962.9
1988.8
2014.65
2040.55
2066.45
2092.35
2118.2
2144.1
2170
2195.9
2221.75
2247.65
2273.55
2299.45
2325.3
2351.2
2377.1
2403
2428.85
2454.75
2480.65
2506.55
2532.4
2558.3
2584.2
2610.1
2635.95
2661.85
2687.75
2713.65
2739.5
2765.4
2791.3
2817.2
2843.05
2868.95
2894.85
2920.7
2946.6
2972.5
2998.4
3024.25
3050.15
3076.05
3101.95
3127.8
3153.7
3179.6
3205.5
3231.35
3257.25
3283.15
3309.05
3334.9
3360.8
3386.7
3412.6
3438.45
3464.35
3490.25
3516.15
3542
3567.9
3593.8
3619.7
3645.55
3671.45
3697.35
3723.25
3749.1
3775
3800.9
3826.8
3852.65
3878.55
3904.45
3930.35
3956.2
3982.1
4008
4033.9
4059.75
4085.65
4111.55
4137.4
4163.3
4189.2
4215.1
4240.95
4266.85
4292.75
4318.65
4344.5
4370.4
4396.3
4422.2
4448.05
4473.95
4499.85
4525.75
4551.6
4577.5
4603.4
4629.3
4655.15
4681.05
4706.95
4732.85
4758.7
4784.6
4810.5
4836.4
4862.25
4888.15
4914.05
4939.95
4965.8
4991.7
-1000
0.05
26
50.35
74.2
98.65
123.25
147.6
170.6
190.8
209.4
231.55
255.4
279.9
304.5
328.85
351.85
372.1
390.8
412.85
436.65
461.1
485.75
510.15
533.3
553.85
572.3
594.2
617.95
642.4
667.05
691.5
714.75
735.45
753.75
775.55
799.25
823.65
848.3
872.75
896.15
917
935.2
956.85
980.5
1004.9
1029.5
1053.95
1077.35
1098.15
1116.3
1138
1161.7
1186.1
1210.75
1235.15
1258.5
1279.3
1297.55
1319.2
1342.85
1367.3
1391.95
1416.4
1439.65
1460.45
1478.7
1500.45
1524.1
1548.5
1573.15
1597.6
1620.9
1641.75
1659.95
1681.7
1705.35
1729.75
1754.4
1778.85
1802.3
1823.2
1841.35
1863
1886.6
1911
1935.65
1960.15
1983.6
2004.65
2022.75
2044.25
2067.85
2092.25
2116.9
2141.4
2164.95
2186.05
2204.1
2225.5
2249.05
2273.45
2298.1
2322.6
2346.05
2367.1
2385.2
2406.7
2430.25
2454.65
2479.3
2503.75
2527.25
2548.2
2566.3
2587.85
2611.5
2635.85
2660.45
2684.95
2708.35
2729.3
2747.35
2769
2792.65
2817.05
2841.7
2866.15
2889.65
2910.65
2928.75
2950.3
2973.9
2998.3
3022.95
3047.4
3070.95
3092.05
3110.15
3131.6
3155.15
3179.55
3204.2
3228.7
3252.25
3273.45
3291.45
3312.9
3336.4
3360.8
3385.45
3409.95
3433.55
3454.75
3472.75
3494.1
3517.65
3542
3566.6
3591.1
3614.65
3635.8
3653.75
3675.2
3698.8
3723.2
3747.8
3772.25
3795.75
3816.8
3834.9
3856.35
3879.95
3904.35
3929
3953.45
3976.9
3997.9
4016
4037.55
4061.15
4085.55
4110.2
4134.7
4158.2
4179.3
4197.35
4218.85
4242.45
4266.8
4291.45
4315.95
4339.5
4360.65
4378.7
