0.05
19.75
43.8
67.9
91.95
116.05
140.1
164.2
188.25
212.35
236.45
260.5
284.6
308.65
332.75
356.8
380.9
404.95
429.05
453.15
477.2
501.3
525.35
549.45
573.5
597.6
621.65
645.75
669.85
693.9
718
742.05
766.15
790.2
814.3
838.35
862.45
886.5
910.6
934.7
958.75
982.85
1006.9
1031
1055.05
1079.15
1103.2
1127.3
1151.4
1175.45
1199.55
1223.6
1247.7
1271.75
1295.85
1319.9
1344
1368.1
1392.15
1416.25
1440.3
1464.4
1488.45
1512.55
1536.6
1560.7
1584.75
1608.85
1632.95
1657
1681.1
1705.15
1729.25
1753.3
1777.4
1801.45
1825.55
1849.65
1873.7
1897.8
1921.85
1945.95
1970
1994.1
2018.15
2042.25
2066.35
2090.4
2114.5
2138.55
2162.65
2186.7
2210.8
2234.85
2258.95
2283
2307.1
2331.2
2355.25
2379.35
2403.4
2427.5
2451.55
2475.65
2499.7
2523.8
2547.9
2571.95
2596.05
2620.1
2644.2
2668.25
2692.35
2716.4
2740.5
2764.6
2788.65
2812.75
2836.8
2860.9
2884.95
2909.05
2933.1
2957.2
2981.25
3005.35
3029.45
3053.5
3077.6
3101.65
3125.75
3149.8
3173.9
3197.95
3222.05
3246.15
3270.2
3294.3
3318.35
3342.45
3366.5
3390.6
3414.65
3438.75
3462.85
3486.9
3511
3535.05
3559.15
3583.2
3607.3
3631.35
3655.45
3679.55
3703.6
3727.7
3751.75
3775.85
3799.9
3824
3848.05
3872.15
3896.2
3920.3
3944.4
3968.45
3992.55
4016.6
4040.7
4064.75
4088.85
4112.9
4137
4161.1
4185.15
4209.25
4233.3
4257.4
4281.45
4305.55
4329.6
4353.7
4377.8
4401.85
4425.95
4450
4474.1
4498.15
4522.25
4546.3
4570.4
4594.45
4618.55
4642.65
4666.7
4690.8
4714.85
4738.95
4763
4787.1
4811.15
4835.25
4859.35
4883.4
4907.5
4931.55
4955.65
4979.7
-1000
0.05
25.85
49.65
73.45
97.1
120.6
143.7
165.7
185.7
203.9
224.55
246.75
269.8
293.25
316.85
340.55
364.35
388.2
412.05
435.95
459.85
483.7
507.6
531.45
555.3
579.1
602.8
626.35
649.5
671.7
691.95
710
730.35
752.55
775.55
798.9
822.5
846.2
870
893.85
917.75
941.6
965.45
989.4
1013.25
1037.15
1061
1084.85
1108.55
1132.2
1155.5
1178.1
1199.1
1217.65
1237.15
1258.8
1281.55
1304.8
1328.3
1352
1375.75
1399.55
1423.4
1447.25
1471.15
1495.05
1518.95
1542.85
1566.7
1590.5
1614.3
1637.95
1661.3
1684.15
1705.45
1724.5
1743.5
1764.8
1787.4
1810.55
1834.05
1857.65
1881.4
1905.25
1929.1
1952.95
1976.85
2000.75
2024.65
2048.55
2072.45
2096.25
2120
2143.65
2167.15
2190.15
2211.95
2231.6
2250.05
2270.95
2293.25
2316.35
2339.75
2363.35
2387.1
2410.9
2434.75
2458.65
2482.55
2506.45
2530.35
2554.25
2578.05
2601.9
2625.7
2649.45
2673
2696.2
2718.55
2739.1
2757.1
2777.25
2799.3
2822.15
2845.5
2869.1
2892.85
2916.65
2940.45
2964.35
2988.2
3012.1
3036
3059.85
3083.75
3107.6
3131.45
3155.15
3178.8
3202.15
3224.85
3245.95
3264.65
3284
3305.55
3328.2
3351.45
3374.95
3398.6
3422.35
3446.2
3470.05
3493.9
3517.75
3541.65
3565.55
3589.4
3613.3
3637.1
3660.9
3684.55
3707.95
3730.85
3752.25
3771.5
3790.35
3811.55
3834.05
3857.2
3880.65
3904.3
3928.05
3951.85
3975.7
3999.55
4023.45
4047.35
4071.25
4095.15
4119
4142.9
4166.65
4190.35
4213.85
4236.95
4258.95
4279
4297.15
4317.8
4340.05
4363.05
4386.45
4410.05
4433.75
4457.5
4481.4
4505.25
4529.15
4553.05
4576.95
4600.85
4624.75
4648.6
4672.35
4696.1
4719.65
4742.95
4765.45
