0.05
21.2
46.85
72.55
98.25
123.95
149.65
175.35
201
226.7
252.4
278.1
303.8
329.5
355.15
380.85
406.55
432.25
457.95
483.6
509.3
535
560.7
586.4
612.1
637.75
663.45
689.15
714.85
740.55
766.25
791.9
817.6
843.3
869
894.7
920.4
946.05
971.75
997.45
1023.15
1048.85
1074.55
1100.2
1125.9
1151.6
1177.3
1203
1228.7
1254.35
1280.05
1305.75
1331.45
1357.15
1382.85
1408.5
1434.2
1459.9
1485.6
1511.3
1537
1562.65
1588.35
1614.05
1639.75
1665.45
1691.15
1716.8
1742.5
1768.2
1793.9
1819.6
1845.3
1870.95
1896.65
1922.35
1948.05
1973.75
1999.45
2025.1
2050.8
2076.5
2102.2
2127.9
2153.6
2179.25
2204.95
2230.65
2256.35
2282.05
2307.7
2333.4
2359.1
2384.8
2410.5
2436.2
2461.85
2487.55
2513.25
2538.95
2564.65
2590.35
2616
2641.7
2667.4
2693.1
2718.8
2744.5
2770.15
2795.85
2821.55
2847.25
2872.95
2898.65
2924.3
2950
2975.7
3001.4
3027.1
3052.8
3078.45
3104.15
3129.85
3155.55
3181.25
3206.95
3232.6
3258.3
3284
3309.7
3335.4
3361.1
3386.75
3412.45
3438.15
3463.85
3489.55
3515.25
3540.9
3566.6
3592.3
3618
3643.7
3669.4
3695.05
3720.75
3746.45
3772.15
3797.85
3823.55
3849.2
3874.9
3900.6
3926.3
3952
3977.65
4003.35
4029.05
4054.75
4080.45
4106.15
4131.8
4157.5
4183.2
4208.9
4234.6
4260.3
4285.95
4311.65
4337.35
4363.05
4388.75
4414.45
4440.1
4465.8
4491.5
4517.2
4542.9
4568.6
4594.25
4619.95
4645.65
4671.35
4697.05
4722.75
4748.4
4774.1
4799.8
4825.5
4851.2
4876.9
4902.55
4928.25
4953.95
4979.65
-1000
0.05
26
50.15
73.85
98.25
122.8
147.25
170.9
192.45
210.55
231.35
254.5
278.65
303.15
327.7
351.85
374.45
394.25
413.25
435.45
459.2
483.6
508.15
532.6
556.25
577.75
595.9
616.7
639.9
664
688.55
713.05
737.25
759.85
779.7
798.55
820.75
844.55
868.95
893.5
917.9
941.55
962.9
980.95
1001.9
1025.15
1049.35
1073.85
1098.4
1122.45
1144.9
1164.45
1183.7
1206.05
1229.85
1254.25
1278.75
1303.15
1326.65
1347.85
1365.85
1387.05
1410.35
1434.55
1459.1
1483.6
1507.65
1529.85
1549.05
1568.55
1591.1
1615.05
1639.5
1664.05
1688.4
1711.75
1732.65
1750.75
1772.15
1795.6
1819.9
1844.45
1868.95
1892.85
1914.9
1933.95
1953.75
1976.4
2000.4
2024.8
2049.35
2073.65
2096.85
2117.55
2135.8
2157.4
2180.9
2205.2
2229.75
2254.25
2278.15
2300.15
2319.05
2339
2361.7
2385.7
2410.15
2434.7
2459.05
2482.15
2502.85
2521.1
2542.75
2566.25
2590.55
2615.1
2639.55
2663.4
2685.35
2704.2
2724.25
2747.05
2771
2795.45
2820
2844.3
2867.35
2887.8
2906.25
2927.9
2951.5
2975.85
3000.4
3024.85
3048.7
3070.5
3089.2
3109.4
3132.3
3156.35
3180.8
3205.35
3229.65
3252.6
3273
3291.45
3313.3
3336.9
3361.25
3385.75
3410.2
3434
3455.75
3474.45
3494.75
3517.65
3541.65
3566.1
3590.65
3614.9
3637.8
3658.05
3676.65
3698.5
3722.15
3746.5
3771.05
3795.5
3819.25
3840.95
3859.4
3879.85
3902.9
3927
3951.5
3976.05
4000.25
4023.1
4043.35
4062
4083.9
4107.55
4131.9
4156.45
4180.95
4204.7
4226.5
4245.15
4265.45
4288.3
4312.35
4336.85
4361.4
4385.65
4408.55
