0.05
14.6
32.85
51.15
69.4
87.7
105.95
124.25
142.5
160.8
179.05
197.35
215.6
233.9
252.15
270.45
288.7
307
325.25
343.55
361.8
380.1
398.35
416.65
434.9
453.2
471.45
489.75
508.05
526.3
544.6
562.85
581.15
599.4
617.7
635.95
654.25
672.5
690.8
709.05
727.35
745.6
763.9
782.15
800.45
818.7
837
855.25
873.55
891.8
910.1
928.35
946.65
964.9
983.2
1001.45
1019.75
1038
1056.3
1074.55
1092.85
1111.1
1129.4
1147.65
1165.95
1184.2
1202.5
1220.75
1239.05
1257.3
1275.6
1293.85
1312.15
1330.4
1348.7
1366.95
1385.25
1403.5
1421.8
1440.05
1458.35
1476.6
1494.9
1513.15
1531.45
1549.7
1568
1586.25
1604.55
1622.8
1641.1
1659.35
1677.65
1695.9
1714.2
1732.45
1750.75
1769
1787.3
1805.55
1823.85
1842.1
1860.4
1878.65
1896.95
1915.2
1933.5
1951.75
1970.05
1988.3
2006.6
2024.85
2043.15
2061.4
2079.7
2097.95
2116.25
2134.5
2152.8
2171.05
2189.35
2207.6
2225.9
2244.15
2262.45
2280.7
2299
2317.25
2335.55
2353.8
2372.1
2390.35
2408.65
2426.9
2445.2
2463.45
2481.75
2500
2518.3
2536.55
2554.85
2573.1
2591.4
2609.65
2627.95
2646.2
2664.5
2682.75
2701.05
2719.3
2737.6
2755.85
2774.15
2792.4
2810.7
2828.95
2847.25
2865.5
2883.8
2902.05
2920.35
2938.6
2956.9
2975.15
2993.45
3011.7
3030
3048.25
3066.55
3084.8
3103.1
3121.35
3139.65
3157.9
3176.2
3194.45
3212.75
3231
3249.3
3267.55
3285.85
3304.1
3322.4
3340.65
3358.95
3377.2
3395.5
3413.75
3432.05
3450.3
3468.6
3486.85
3505.15
3523.4
3541.7
3559.95
3578.25
3596.5
3614.8
3633.05
3651.35
3669.6
3687.9
3706.15
3724.45
3742.7
3761
3779.25
3797.55
3815.8
3834.1
3852.35
3870.65
3888.9
3907.2
3925.45
3943.75
3962
3980.3
3998.55
4016.85
4035.1
4053.4
4071.65
4089.95
4108.2
4126.5
4144.75
4163.05
4181.3
4199.6
4217.85
4236.15
4254.4
4272.7
4290.95
4309.25
4327.5
4345.8
4364.05
4382.35
4400.6
4418.9
4437.15
4455.45
4473.7
4492
4510.25
4528.55
4546.8
4565.1
4583.35
4601.65
4619.9
4638.2
4656.45
4674.75
4693
4711.3
4729.55
4747.85
4766.1
4784.4
4802.65
4820.95
4839.2
4857.5
4875.75
4894.05
4912.3
4930.6
4948.85
4967.15
4985.4
-1000
0.05
26
45.25
63.6
81.9
100.25
118.55
136.85
155.15
173.4
191.7
209.95
228.25
246.55
264.8
283.1
301.35
319.65
337.9
356.2
374.45
392.75
411
429.3
447.55
465.85
484.1
502.4
520.65
538.95
557.2
575.5
593.75
612.05
630.3
648.6
666.85
685.15
703.4
721.7
739.95
758.2
776.45
794.7
813
831.2
849.5
867.75
886.05
904.3
922.6
940.85
959.15
977.4
995.7
1013.9
1032.25
1050.45
1068.8
1087
1105.35
1123.55
1141.9
1160.1
1178.45
1196.65
1215
1233.2
1251.55
1269.75
1288.1
1306.3
1324.65
1342.85
1361.2
1379.4
1397.75
1415.95
1434.3
1452.5
1470.85
1489.05
1507.4
1525.6
1543.95
1562.15
1580.5
1598.7
1617.05
1635.25
1653.6
1671.8
1690.15
1708.35
1726.7
1744.9
1763.25
1781.45
1799.8
1818
1836.35
1854.55
1872.9
1891.1
1909.45
1927.65
1946
1964.2
1982.55
2000.75
2019.1
2037.3
2055.65
2073.85
2092.2
2110.4
2128.75
2146.95
2165.3
2183.5
2201.85
2220.05
2238.4
2256.6
2274.95
2293.15
2311.5
2329.7
2348.05
2366.25
2384.6
2402.8
2421.15
2439.35
2457.7
2475.9
2494.25
2512.45
2530.8
2549
2567.35
2585.55
2603.9
2622.1
2640.45
2658.65
2677
2695.2
2713.55
2731.75
2750.1
2768.3
2786.65
2804.85
2823.2
2841.4
2859.75
2877.95
2896.3
2914.5
2932.85
2951.05
2969.4
2987.6
3005.95
3024.15
3042.5
3060.7
3079.05
3097.25
3115.6
3133.8
3152.15
3170.35
3188.7
3206.9
3225.25
3243.45
3261.8
3280
3298.35
3316.55
3334.9
3353.1
3371.45
3389.65
3408
3426.2
3444.55
3462.75
3481.1
3499.3
3517.65
3535.85
3554.2
3572.4
3590.75
3608.95
3627.3
3645.5
3663.85
3682.05
3700.4
3718.6
3736.95
3755.15
3773.5
3791.7
3810.05
3828.25
3846.6
3864.8
3883.15
3901.35
3919.7
3937.9
3956.25
3974.45
3992.8
4011
4029.35
4047.55
4065.9
4084.1
4102.45
4120.65
4139
4157.2
4175.55
4193.75
4212.1
4230.3
4248.65
4266.85
4285.2
4303.4
4321.75
4339.95
4358.3
4376.5
4394.85
4413.05
4431.4
4449.6
4467.95
4486.15
4504.5
4522.7
4541.05
4559.25
4577.6
4595.8
4614.15
4632.35
4650.7
4668.9
4687.25
4705.45
4723.8
4742
4760.35
4778.55
4796.9
4815.1
4833.45
4851.65
4870
4888.2
4906.55
4924.75
4943.1
4961.3
4979.65
4997.85
