0.05
15
33.7
52.4
71.1
89.85
108.55
127.25
145.95
164.7
183.4
202.1
220.8
239.55
258.25
276.95
295.65
314.4
333.1
351.8
370.5
389.25
407.95
426.65
445.35
464.05
482.8
501.5
520.2
538.9
557.65
576.35
595.05
613.75
632.5
651.2
669.9
688.6
707.35
726.05
744.75
763.45
782.2
800.9
819.6
838.3
857.05
875.75
894.45
913.15
931.9
950.6
969.3
988
1006.75
1025.45
1044.15
1062.85
1081.6
1100.3
1119
1137.7
1156.45
1175.15
1193.85
1212.55
1231.3
1250
1268.7
1287.4
1306.1
1324.85
1343.55
1362.25
1380.95
1399.7
1418.4
1437.1
1455.8
1474.55
1493.25
1511.95
1530.65
1549.4
1568.1
1586.8
1605.5
1624.25
1642.95
1661.65
1680.35
1699.1
1717.8
1736.5
1755.2
1773.95
1792.65
1811.35
1830.05
1848.8
1867.5
1886.2
1904.9
1923.65
1942.35
1961.05
1979.75
1998.5
2017.2
2035.9
2054.6
2073.35
2092.05
2110.75
2129.45
2148.15
2166.9
2185.6
2204.3
2223
2241.75
2260.45
2279.15
2297.85
2316.6
2335.3
2354
2372.7
2391.45
2410.15
2428.85
2447.55
2466.3
2485
2503.7
2522.4
2541.15
2559.85
2578.55
2597.25
2616
2634.7
2653.4
2672.1
2690.85
2709.55
2728.25
2746.95
2765.7
2784.4
2803.1
2821.8
2840.55
2859.25
2877.95
2896.65
2915.35
2934.1
2952.8
2971.5
2990.2
3008.95
3027.65
3046.35
3065.05
3083.8
3102.5
3121.2
3139.9
3158.65
3177.35
3196.05
3214.75
3233.5
3252.2
3270.9
3289.6
3308.35
3327.05
3345.75
3364.45
3383.2
3401.9
3420.6
3439.3
3458.05
3476.75
3495.45
3514.15
3532.9
3551.6
3570.3
3589
3607.75
3626.45
3645.15
3663.85
3682.6
3701.3
3720
3738.7
3757.4
3776.15
3794.85
3813.55
3832.25
3851
3869.7
3888.4
3907.1
3925.85
3944.55
3963.25
3981.95
4000.7
4019.4
4038.1
4056.8
4075.55
4094.25
4112.95
4131.65
4150.4
4169.1
4187.8
4206.5
4225.25
4243.95
4262.65
4281.35
4300.1
4318.8
4337.5
4356.2
4374.95
4393.65
4412.35
4431.05
4449.8
4468.5
4487.2
4505.9
4524.6
4543.35
4562.05
4580.75
4599.45
4618.2
4636.9
4655.6
4674.3
4693.05
4711.75
4730.45
4749.15
4767.9
4786.6
4805.3
4824
4842.75
4861.45
4880.15
4898.85
4917.6
4936.3
4955
4973.7
-1000
0.05
23.4
44.1
64.1
83.65
102.8
121.9
140.85
159.7
178.45
197.25
216
234.75
253.4
272.2
290.9
309.65
328.3
347.05
365.8
384.5
403.15
421.9
440.65
459.35
478.1
496.7
515.45
534.2
552.9
571.55
590.3
609.05
627.75
646.4
665.15
683.9
702.6
721.25
740
758.75
777.45
796.1
814.85
833.6
852.3
870.95
889.7
908.45
927.15
945.8
964.55
983.3
1002
1020.65
1039.4
1058.15
1076.85
1095.5
1114.25
1133
1151.7
1170.35
1189.1
1207.85
1226.55
1245.3
1264
1282.7
1301.45
1320.15
1338.8
1357.5
1376.25
1394.95
1413.6
1432.35
1451.1
1469.8
1488.45
1507.2
1525.95
1544.65
1563.3
1582.05
1600.8
1619.5
1638.15
1656.9
1675.65
1694.35
1713
1731.75
1750.5
1769.2
1787.85
1806.6
1825.35
1844.05
1862.7
1881.45
1900.2
1918.9
1937.55
1956.3
1975.05
1993.75
2012.4
2031.15
2049.9
2068.6
2087.35
2106.05
2124.75
2143.5
2162.2
2180.85
2199.55
2218.3
2237
2255.65
2274.4
2293.15
2311.85
2330.5
2349.25
2368
2386.7
2405.35
2424.1
2442.85
2461.55
2480.2
2498.95
2517.7
2536.4
2555.05
2573.8
2592.55
2611.25
2629.9
2648.65
2667.4
2686.1
2704.75
2723.5
2742.25
2760.95
2779.6
2798.35
2817.1
2835.8
2854.45
2873.2
2891.95
2910.65
2929.4
2948
2966.75
2985.5
3004.2
3022.85
3041.6
3060.35
3079.05
3097.7
3116.45
3135.2
3153.9
3172.55
3191.3
3210.05
3228.75
3247.4
3266.15
3284.9
3303.6
3322.25
3341
3359.75
3378.45
3397.1
3415.85
3434.6
3453.3
3471.95
3490.7
3509.45
3528.15
3546.8
3565.55
3584.3
3603
3621.65
3640.4
3659.15
3677.85
3696.6
3715.3
3734
3752.75
3771.45
3790.1
3808.8
3827.55
3846.25
3864.9
3883.65
3902.4
3921.1
3939.75
3958.5
3977.25
3995.95
4014.6
4033.35
4052.1
4070.8
4089.45
4108.2
4126.95
4145.65
4164.3
4183.05
4201.8
4220.5
4239.15
4257.9
4276.65
4295.35
4314
4332.75
4351.5
4370.2
4388.85
4407.6
4426.35
4445.05
4463.7
4482.45
4501.2
4519.9
4538.65
4557.35
4576.05
4594.8
4613.5
4632.15
4650.85
4669.6
4688.3
4706.95
4725.7
4744.45
4763.15
4781.8
4800.55
4819.3
4838
4856.65
4875.4
4894.15
4912.85
4931.5
4950.25
4969
4987.7
