0.05
15.2
34.2
53.2
72.2
91.15
110.15
129.15
148.15
167.1
186.1
205.1
224.1
243.05
262.05
281.05
300.05
319
338
357
376
394.95
413.95
432.95
451.95
470.9
489.9
508.9
527.85
546.85
565.85
584.85
603.8
622.8
641.8
660.8
679.75
698.75
717.75
736.75
755.7
774.7
793.7
812.7
831.65
850.65
869.65
888.65
907.6
926.6
945.6
964.6
983.55
1002.55
1021.55
1040.5
1059.5
1078.5
1097.5
1116.45
1135.45
1154.45
1173.45
1192.4
1211.4
1230.4
1249.4
1268.35
1287.35
1306.35
1325.35
1344.3
1363.3
1382.3
1401.3
1420.25
1439.25
1458.25
1477.25
1496.2
1515.2
1534.2
1553.2
1572.15
1591.15
1610.15
1629.1
1648.1
1667.1
1686.1
1705.05
1724.05
1743.05
1762.05
1781
1800
1819
1838
1856.95
1875.95
1894.95
1913.95
1932.9
1951.9
1970.9
1989.9
2008.85
2027.85
2046.85
2065.85
2084.8
2103.8
2122.8
2141.8
2160.75
2179.75
2198.75
2217.7
2236.7
2255.7
2274.7
2293.65
2312.65
2331.65
2350.65
2369.6
2388.6
2407.6
2426.6
2445.55
2464.55
2483.55
2502.55
2521.5
2540.5
2559.5
2578.5
2597.45
2616.45
2635.45
2654.45
2673.4
2692.4
2711.4
2730.4
2749.35
2768.35
2787.35
2806.3
2825.3
2844.3
2863.3
2882.25
2901.25
2920.25
2939.25
2958.2
2977.2
2996.2
3015.2
3034.15
3053.15
3072.15
3091.15
3110.1
3129.1
3148.1
3167.1
3186.05
3205.05
3224.05
3243.05
3262
3281
3300
3318.95
3337.95
3356.95
3375.95
3394.9
3413.9
3432.9
3451.9
3470.85
3489.85
3508.85
3527.85
3546.8
3565.8
3584.8
3603.8
3622.75
3641.75
3660.75
3679.75
3698.7
3717.7
3736.7
3755.7
3774.65
3793.65
3812.65
3831.65
3850.6
3869.6
3888.6
3907.55
3926.55
3945.55
3964.55
3983.5
4002.5
4021.5
4040.5
4059.45
4078.45
4097.45
4116.45
4135.4
4154.4
4173.4
4192.4
4211.35
4230.35
4249.35
4268.35
4287.3
4306.3
4325.3
4344.3
4363.25
4382.25
4401.25
4420.25
4439.2
4458.2
4477.2
4496.15
4515.15
4534.15
4553.15
4572.1
4591.1
4610.1
4629.1
4648.05
4667.05
4686.05
4705.05
4724
4743
4762
4781
4799.95
4818.95
4837.95
4856.95
4875.9
4894.9
4913.9
4932.9
4951.85
4970.85
-1000
0.05
26.05
45.75
66.15
87.55
109.15
130.15
150.45
170.2
189.7
209.05
228.25
247.3
266.4
285.5
304.5
323.45
342.5
361.5
380.5
399.45
418.45
437.45
456.5
475.45
494.45
513.45
532.35
551.35
570.4
589.4
608.3
627.3
646.35
665.35
684.25
703.25
722.3
741.3
760.2
779.2
798.25
817.25
836.15
855.15
874.2
893.2
912.1
931.1
950.15
969.15
988.05
1007.05
1026.1
1045.1
1064.05
1083.05
1102.05
1120.95
1139.95
1159
1178
1196.9
1215.9
1234.95
1253.95
1272.85
1291.85
1310.9
1329.9
1348.8
1367.8
1386.85
1405.85
1424.75
1443.75
1462.8
1481.8
1500.7
1519.7
1538.75
1557.75
1576.65
1595.65
1614.7
1633.7
1652.65
1671.65
1690.65
1709.55
1728.55
1747.6
1766.6
1785.5
1804.5
1823.55
1842.55
1861.45
1880.45
1899.5
1918.5
1937.4
1956.4
1975.45
1994.45
2013.35
2032.35
2051.4
2070.4
2089.3
2108.3
2127.35
2146.35
2165.25
2184.25
2203.3
2222.3
2241.25
2260.25
2279.25
2298.15
2317.15
2336.2
2355.2
2374.1
2393.1
2412.15
2431.15
2450.05
2469.05
2488.1
2507.1
2526
2545
2564.05
2583.05
2601.95
2620.95
2640
2659
2677.9
2696.9
2715.95
2734.95
2753.9
2772.9
2791.9
2810.8
2829.8
2848.85
2867.85
2886.75
2905.75
2924.8
2943.8
2962.7
2981.7
3000.75
3019.75
3038.65
3057.65
3076.7
3095.7
3114.6
3133.6
3152.65
3171.65
3190.55
3209.55
3228.6
3247.6
3266.5
3285.5
3304.55
3323.55
3342.5
3361.5
3380.5
3399.4
3418.4
3437.45
3456.45
3475.35
3494.35
3513.4
3532.4
3551.3
3570.3
3589.35
3608.35
3627.25
3646.25
3665.3
3684.3
3703.2
3722.2
3741.25
3760.25
3779.15
3798.15
3817.2
3836.2
3855.1
3874.1
3893.15
3912.15
3931.1
3950.1
3969.1
3988
4007
4026.05
4045.05
4063.95
4082.95
4102
4121
4139.9
4158.9
4177.95
4196.95
4215.85
4234.85
4253.9
4272.9
4291.8
4310.8
4329.85
4348.85
4367.75
4386.75
4405.8
4424.8
4443.75
4462.75
4481.75
4500.75
4519.75
4538.7
4557.7
4576.6
4595.6
4614.65
4633.65
4652.55
4671.55
4690.6
4709.6
4728.5
4747.5
4766.55
4785.55
4804.45
4823.45
4842.5
4861.5
4880.4
4899.4
4918.45
4937.45
4956.35
4975.35
4994.4
