0.05
16.2
36.25
56.35
76.45
96.55
116.6
136.7
156.8
176.85
196.95
217.05
237.15
257.2
277.3
297.4
317.45
337.55
357.65
377.75
397.8
417.9
438
458.05
478.15
498.25
518.35
538.4
558.5
578.6
598.65
618.75
638.85
658.95
679
699.1
719.2
739.25
759.35
779.45
799.55
819.6
839.7
859.8
879.85
899.95
920.05
940.15
960.2
980.3
1000.4
1020.45
1040.55
1060.65
1080.75
1100.8
1120.9
1141
1161.05
1181.15
1201.25
1221.35
1241.4
1261.5
1281.6
1301.65
1321.75
1341.85
1361.95
1382
1402.1
1422.2
1442.25
1462.35
1482.45
1502.55
1522.6
1542.7
1562.8
1582.85
1602.95
1623.05
1643.15
1663.2
1683.3
1703.4
1723.45
1743.55
1763.65
1783.75
1803.8
1823.9
1844
1864.05
1884.15
1904.25
1924.35
1944.4
1964.5
1984.6
2004.65
2024.75
2044.85
2064.95
2085
2105.1
2125.2
2145.25
2165.35
2185.45
2205.55
2225.6
2245.7
2265.8
2285.85
2305.95
2326.05
2346.15
2366.2
2386.3
2406.4
2426.45
2446.55
2466.65
2486.75
2506.8
2526.9
2547
2567.05
2587.15
2607.25
2627.35
2647.4
2667.5
2687.6
2707.65
2727.75
2747.85
2767.95
2788
2808.1
2828.2
2848.25
2868.35
2888.45
2908.55
2928.6
2948.7
2968.8
2988.85
3008.95
3029.05
3049.15
3069.2
3089.3
3109.4
3129.45
3149.55
3169.65
3189.75
3209.8
3229.9
3250
3270.05
3290.15
3310.25
3330.35
3350.4
3370.5
3390.6
3410.65
3430.75
3450.85
3470.9
3491
3511.1
3531.2
3551.25
3571.35
3591.45
3611.5
3631.6
3651.7
3671.8
3691.85
3711.95
3732.05
3752.1
3772.2
3792.3
3812.4
3832.45
3852.55
3872.65
3892.7
3912.8
3932.9
3953
3973.05
3993.15
4013.25
4033.3
4053.4
4073.5
4093.6
4113.65
4133.75
4153.85
4173.9
4194
4214.1
4234.2
4254.25
4274.35
4294.45
4314.5
4334.6
4354.7
4374.8
4394.85
4414.95
4435.05
4455.1
4475.2
4495.3
4515.4
4535.45
4555.55
4575.65
4595.7
4615.8
4635.9
4656
4676.05
4696.15
4716.25
4736.3
4756.4
4776.5
4796.6
4816.65
4836.75
4856.85
4876.9
4897
4917.1
4937.2
4957.25
4977.35
-1000
0.05
26
44.2
62.8
81.9
101.4
121.05
140.95
160.95
180.95
201
221.05
241.15
261.15
281.25
301.35
321.45
341.5
361.6
381.7
401.75
421.85
441.95
462.05
482.1
502.2
522.3
542.35
562.4
582.55
602.65
622.7
642.8
662.9
682.95
703
723.15
743.25
763.3
783.4
803.5
823.55
843.6
863.75
883.85
903.9
924
944.1
964.15
984.2
1004.35
1024.45
1044.5
1064.6
1084.7
1104.75
1124.8
1144.95
1165.05
1185.1
1205.2
1225.3
1245.35
1265.4
1285.55
1305.65
1325.7
1345.8
1365.9
1385.95
1406
1426.15
1446.25
1466.3
1486.4
1506.5
1526.55
1546.6
1566.75
1586.75
1606.85
1627
1647.1
1667.1
1687.2
1707.35
1727.35
1747.45
1767.6
1787.7
1807.7
1827.8
1847.95
1867.95
1888.05
1908.2
1928.3
1948.3
1968.4
1988.55
2008.55
2028.65
2048.8
2068.9
2088.9
2109
2129.15
2149.15
2169.25
2189.4
2209.5
2229.5
2249.6
2269.75
2289.75
2309.85
2330
2350.1
2370.1
2390.2
2410.35
2430.35
2450.45
2470.6
2490.7
2510.7
2530.8
2550.95
2570.95
2591.05
2611.2
2631.3
2651.3
2671.4
2691.55
2711.55
2731.65
2751.8
2771.9
2791.9
2812
2832.15
2852.15
2872.25
2892.4
2912.5
2932.5
2952.6
2972.75
2992.75
3012.85
3033
3053.1
3073.15
3093.25
3113.35
3133.4
3153.45
3173.6
3193.7
3213.75
3233.85
3253.95
3274
3294.05
3314.2
3334.3
3354.35
3374.45
3394.55
3414.6
3434.65
3454.8
3474.9
3494.95
3515.05
3535.15
3555.2
3575.25
3595.4
3615.5
3635.55
3655.65
3675.75
3695.8
3715.85
3736
3756.1
3776.15
3796.25
3816.35
3836.4
3856.45
3876.6
3896.7
3916.75
3936.85
3956.95
3977
3997.05
4017.2
4037.3
4057.35
4077.45
4097.55
4117.6
4137.65
4157.8
4177.9
4197.95
4218.05
4238.15
4258.2
4278.25
4298.4
4318.5
4338.55
4358.65
4378.75
4398.8
4418.85
4439
4459.1
4479.15
4499.25
4519.35
4539.4
4559.45
4579.6
4599.7
4619.75
4639.85
4659.95
4680
4700.05
4720.2
4740.3
4760.35
4780.45
4800.55
4820.6
4840.65
4860.8
4880.9
4900.95
4921.05
4941.15
4961.2
4981.25
