0.05
16.5
36.9
57.3
77.7
98.15
118.55
138.95
159.35
179.8
200.2
220.6
241
261.45
281.85
302.25
322.65
343.1
363.5
383.9
404.3
424.75
445.15
465.55
485.95
506.4
526.8
547.2
567.65
588.05
608.45
628.85
649.3
669.7
690.1
710.5
730.95
751.35
771.75
792.15
812.6
833
853.4
873.8
894.25
914.65
935.05
955.45
975.9
996.3
1016.7
1037.1
1057.55
1077.95
1098.35
1118.8
1139.2
1159.6
1180
1200.45
1220.85
1241.25
1261.65
1282.1
1302.5
1322.9
1343.3
1363.75
1384.15
1404.55
1424.95
1445.4
1465.8
1486.2
1506.6
1527.05
1547.45
1567.85
1588.25
1608.7
1629.1
1649.5
1669.9
1690.35
1710.75
1731.15
1751.6
1772
1792.4
1812.8
1833.25
1853.65
1874.05
1894.45
1914.9
1935.3
1955.7
1976.1
1996.55
2016.95
2037.35
2057.75
2078.2
2098.6
2119
2139.4
2159.85
2180.25
2200.65
2221.05
2241.5
2261.9
2282.3
2302.7
2323.15
2343.55
2363.95
2384.4
2404.8
2425.2
2445.6
2466.05
2486.45
2506.85
2527.25
2547.7
2568.1
2588.5
2608.9
2629.35
2649.75
2670.15
2690.55
2711
2731.4
2751.8
2772.2
2792.65
2813.05
2833.45
2853.85
2874.3
2894.7
2915.1
2935.55
2955.95
2976.35
2996.75
3017.2
3037.6
3058
3078.4
3098.85
3119.25
3139.65
3160.05
3180.5
3200.9
3221.3
3241.7
3262.15
3282.55
3302.95
3323.35
3343.8
3364.2
3384.6
3405
3425.45
3445.85
3466.25
3486.65
3507.1
3527.5
3547.9
3568.35
3588.75
3609.15
3629.55
3650
3670.4
3690.8
3711.2
3731.65
3752.05
3772.45
3792.85
3813.3
3833.7
3854.1
3874.5
3894.95
3915.35
3935.75
3956.15
3976.6
3997
4017.4
4037.8
4058.25
4078.65
4099.05
4119.5
4139.9
4160.3
4180.7
4201.15
4221.55
4241.95
4262.35
4282.8
4303.2
4323.6
4344
4364.45
4384.85
4405.25
4425.65
4446.1
4466.5
4486.9
4507.3
4527.75
4548.15
4568.55
4588.95
4609.4
4629.8
4650.2
4670.6
4691.05
4711.45
4731.85
4752.3
4772.7
4793.1
4813.5
4833.95
4854.35
4874.75
4895.15
4915.6
4936
4956.4
4976.8
4997.25
-1000
0.05
26
44.6
62.65
81.45
100.85
120.6
140.7
160.9
181.2
201.5
221.9
242.3
262.7
283.05
303.5
323.9
344.3
364.7
385.1
405.55
425.95
446.4
466.8
487.25
507.65
528.05
548.5
568.9
589.25
609.7
630.1
650.5
670.9
691.3
711.75
732.15
752.55
772.95
793.4
813.8
834.2
854.6
875.05
895.45
915.85
936.25
956.7
977.1
997.5
1017.9
1038.35
1058.75
1079.2
1099.6
1120.05
1140.45
1160.85
1181.3
1201.7
1222.05
1242.5
1262.9
1283.3
1303.7
1324.1
1344.55
1364.95
1385.35
1405.75
1426.2
1446.6
1467
1487.4
1507.85
1528.25
1548.65
1569.05
1589.5
1609.9
1630.3
1650.7
1671.15
1691.55
1712
1732.4
1752.85
1773.2
1793.65
1814.05
1834.45
1854.85
1875.25
1895.7
1916.1
1936.5
1956.9
1977.35
1997.75
2018.15
2038.55
2059
2079.4
2099.8
2120.2
2140.65
2161.05
2181.45
2201.85
2222.3
2242.7
2263.15
2283.55
2304
2324.4
2344.8
2365.25
2385.65
2406
2426.45
2446.85
2467.25
2487.65
2508.05
2528.5
2548.9
2569.3
2589.7
2610.15
2630.55
2650.95
2671.35
2691.8
2712.2
2732.6
2753
2773.45
2793.85
2814.25
2834.65
2855.1
2875.5
2895.95
2916.35
2936.8
2957.2
2977.6
2998.05
3018.45
3038.8
3059.25
3079.65
3100.05
3120.45
3140.85
3161.3
3181.7
3202.1
3222.5
3242.95
3263.35
3283.75
3304.15
3324.6
3345
3365.4
3385.8
3406.25
3426.65
3447.1
3467.5
3487.95
3508.35
3528.75
3549.2
3569.6
3589.95
3610.4
3630.8
3651.2
3671.6
3692
3712.45
3732.85
3753.25
3773.65
3794.1
3814.5
3834.9
3855.3
3875.75
3896.15
3916.55
3936.95
3957.4
3977.8
3998.2
4018.6
4039.05
4059.45
4079.9
4100.3
4120.75
4141.15
4161.55
4182
4202.4
4222.75
4243.2
4263.6
4284
4304.4
4324.8
4345.25
4365.65
4386.05
4406.45
4426.9
4447.3
4467.7
4488.1
4508.55
4528.95
4549.35
4569.75
4590.2
4610.6
4631
4651.4
4671.85
4692.25
4712.7
4733.1
4753.55
4773.9
4794.35
4814.75
4835.15
4855.55
4875.95
4896.4
4916.8
4937.2
4957.6
4978.05
4998.45
