0.05
24.45
53.8
83.1
112.45
141.75
171.1
200.4
229.75
259.05
288.4
317.75
347.05
376.4
405.7
435.05
464.35
493.7
523
552.35
581.65
611
640.3
669.65
698.95
728.3
757.6
786.95
816.3
845.6
874.95
904.25
933.6
962.9
992.25
1021.55
1050.9
1080.2
1109.55
1138.85
1168.2
1197.5
1226.85
1256.15
1285.5
1314.85
1344.15
1373.5
1402.8
1432.15
1461.45
1490.8
1520.1
1549.45
1578.75
1608.1
1637.4
1666.75
1696.05
1725.4
1754.7
1784.05
1813.4
1842.7
1872.05
1901.35
1930.7
1960
1989.35
2018.65
2048
2077.3
2106.65
2135.95
2165.3
2194.6
2223.95
2253.25
2282.6
2311.95
2341.25
2370.6
2399.9
2429.25
2458.55
2487.9
2517.2
2546.55
2575.85
2605.2
2634.5
2663.85
2693.15
2722.5
2751.8
2781.15
2810.5
2839.8
2869.15
2898.45
2927.8
2957.1
2986.45
3015.75
3045.1
3074.4
3103.75
3133.05
3162.4
3191.7
3221.05
3250.35
3279.7
3309.05
3338.35
3367.7
3397
3426.35
3455.65
3485
3514.3
3543.65
3572.95
3602.3
3631.6
3660.95
3690.25
3719.6
3748.9
3778.25
3807.6
3836.9
3866.25
3895.55
3924.9
3954.2
3983.55
4012.85
4042.2
4071.5
4100.85
4130.15
4159.5
4188.8
4218.15
4247.45
4276.8
4306.15
4335.45
4364.8
4394.1
4423.45
4452.75
4482.1
4511.4
4540.75
4570.05
4599.4
4628.7
4658.05
4687.35
4716.7
4746
4775.35
4804.7
4834
4863.35
4892.65
4922
4951.3
4980.65
-1000
0.05
26
52.3
78.25
102.55
122.45
143.2
168.3
194.15
217.25
235.3
258.4
284.2
309.25
330.4
349.8
374.35
400.3
423.95
442.95
464.8
490.3
515.9
538.25
556.55
580.35
606.3
630.75
651
671.4
696.35
722.25
745.5
763.8
786.55
812.3
837.55
859.1
878.15
902.4
928.35
952.2
971.55
993
1018.4
1044.1
1066.7
1084.85
1108.45
1134.3
1159
1179.55
1199.6
1224.4
1250.35
1273.8
1292.5
1314.85
1340.45
1365.9
1387.85
1406.4
1430.5
1456.45
1480.65
1500.4
1521.35
1546.55
1572.35
1595.3
1613.3
1636.6
1662.4
1687.35
1708.3
1727.9
1752.55
1778.5
1802.1
1821.05
1842.95
1868.5
1894.05
1916.15
1934.6
1958.6
1984.5
2008.85
2028.85
2049.5
2074.6
2100.45
2123.55
2141.65
2164.7
2190.5
2215.55
2236.8
2256.15
2280.6
2306.55
2330.35
2349.4
2371.15
2396.55
2422.15
2444.5
2462.85
2486.6
2512.5
2537
2557.3
2577.65
2602.6
2628.5
2651.8
2670.15
2692.85
2718.55
2743.85
2765.45
2784.4
2808.7
2834.65
2858.55
2877.95
2899.25
2924.6
2950.3
2972.9
2991.05
3014.65
3040.55
3065.2
3085.75
3105.8
3130.65
3156.55
3180
3198.7
3221.05
3246.65
3272.1
3294.05
3312.7
3336.75
3362.65
3386.8
3406.45
3427.5
3452.7
3478.5
3501.4
3519.4
3542.75
3568.6
3593.5
3614.35
3634.1
3658.7
3684.7
3708.25
3727.15
3749.2
3774.7
3800.3
3822.5
3840.85
3864.75
3890.7
3914.95
