0.05
44.35
95.05
145.75
196.45
247.15
297.85
348.55
399.25
449.95
500.6
551.3
602
652.7
703.4
754.1
804.8
855.5
906.2
956.9
1007.6
1058.3
1109
1159.65
1210.35
1261.05
1311.75
1362.45
1413.15
1463.85
1514.55
1565.25
1615.95
1666.65
1717.35
1768.05
1818.7
1869.4
1920.1
1970.8
2021.5
2072.2
2122.9
2173.6
2224.3
2275
2325.7
2376.4
2427.1
2477.75
2528.45
2579.15
2629.85
2680.55
2731.25
2781.95
2832.65
2883.35
2934.05
2984.75
3035.45
3086.15
3136.8
3187.5
3238.2
3288.9
3339.6
3390.3
3441
3491.7
3542.4
3593.1
3643.8
3694.5
3745.2
3795.85
3846.55
3897.25
3947.95
3998.65
4049.35
4100.05
4150.75
4201.45
4252.15
4302.85
4353.55
4404.25
4454.9
4505.6
4556.3
4607
4657.7
4708.4
4759.1
4809.8
4860.5
4911.2
4961.9
-1000
0.05
26
66.3
98.9
128.3
168.1
201.85
231.3
270.2
306.55
336.35
373.1
413.05
443.4
476.6
518.25
548.8
579.65
621.3
651.95
682.25
723.65
754.35
784.4
825.55
856.35
886.25
927.2
958.2
987.95
1028.8
1060
1089.65
1130.4
1161.85
1191.4
1231.95
1263.7
1293.2
1333.55
1365.7
1395.1
1435.2
1468.1
1497.5
1537.1
1571.5
1601
1639.4
1677
1707
1742.6
1783.4
1813.85
1846.05
1887.75
1918.35
1948.85
1990.45
2021.1
2051.45
2092.7
2123.45
2153.4
2194.5
2225.4
2255.2
2296.1
2327.2
2356.9
2397.7
2428.95
2458.6
2499.25
2530.75
2560.3
2600.8
2632.65
2662.15
2702.45
2734.75
2764.2
2804.15
2837.4
2866.8
2906.1
2941.4
2971.05
3008.7
3047.6
3077.75
3112.1
3153.5
3184
3215.4
3257.1
3287.75
3318
3359.55
