0.05
14.4
32.4
50.45
68.45
86.5
104.5
122.55
140.55
158.6
176.6
194.6
212.65
230.65
248.7
266.7
284.75
302.75
320.8
338.8
356.85
374.85
392.9
410.9
428.95
446.95
465
483
501.05
519.05
537.1
555.1
573.15
591.15
609.2
627.2
645.25
663.25
681.3
699.3
717.35
735.35
753.4
771.4
789.45
807.45
825.5
843.5
861.55
879.55
897.6
915.6
933.65
951.65
969.7
987.7
1005.75
1023.75
1041.8
1059.8
1077.8
1095.85
1113.85
1131.9
1149.9
1167.95
1185.95
1204
1222
1240.05
1258.05
1276.1
1294.1
1312.15
1330.15
1348.2
1366.2
1384.25
1402.25
1420.3
1438.3
1456.35
1474.35
1492.4
1510.4
1528.45
1546.45
1564.5
1582.5
1600.55
1618.55
1636.6
1654.6
1672.65
1690.65
1708.7
1726.7
1744.75
1762.75
1780.8
1798.8
1816.85
1834.85
1852.9
1870.9
1888.95
1906.95
1924.95
1943
1961
1979.05
1997.05
2015.1
2033.1
2051.15
2069.15
2087.2
2105.2
2123.25
2141.25
2159.3
2177.3
2195.35
2213.35
2231.4
2249.4
2267.45
2285.45
2303.5
2321.5
2339.55
2357.55
2375.6
2393.6
2411.65
2429.65
2447.7
2465.7
2483.75
2501.75
2519.8
2537.8
2555.85
2573.85
2591.9
2609.9
2627.95
2645.95
2664
2682
2700.05
2718.05
2736.1
2754.1
2772.15
2790.15
2808.15
2826.2
2844.2
2862.25
2880.25
2898.3
2916.3
2934.35
2952.35
2970.4
2988.4
3006.45
3024.45
3042.5
3060.5
3078.55
3096.55
3114.6
3132.6
3150.65
3168.65
3186.7
3204.7
3222.75
3240.75
3258.8
3276.8
3294.85
3312.85
3330.9
3348.9
3366.95
3384.95
3403
3421
3439.05
3457.05
3475.1
3493.1
3511.15
3529.15
3547.2
3565.2
3583.25
3601.25
3619.3
3637.3
3655.35
3673.35
3691.35
3709.4
3727.4
3745.45
3763.45
3781.5
3799.5
3817.55
3835.55
3853.6
3871.6
3889.65
3907.65
3925.7
3943.7
3961.75
3979.75
3997.8
4015.8
4033.85
4051.85
4069.9
4087.9
4105.95
4123.95
4142
4160
4178.05
4196.05
4214.1
4232.1
4250.15
4268.15
4286.2
4304.2
4322.25
4340.25
4358.3
4376.3
4394.35
4412.35
4430.4
4448.4
4466.45
4484.45
4502.5
4520.5
4538.5
4556.55
4574.55
4592.6
4610.6
4628.65
4646.65
4664.7
4682.7
4700.75
4718.75
4736.8
4754.8
4772.85
4790.85
4808.9
4826.9
4844.95
4862.95
4881
4899
4917.05
4935.05
4953.1
4971.1
-1000
0.05
26
47.2
66.05
84.55
102.95
121.2
139.45
157.55
175.7
193.85
211.95
230.05
248.1
266.15
284.25
302.25
320.3
338.35
356.4
374.4
392.45
410.5
428.5
446.55
464.6
482.6
500.65
518.65
536.7
554.7
572.75
590.75
608.8
626.8
644.75
662.8
680.75
698.8
716.75
734.8
752.75
770.85
788.8
806.9
824.85
842.9
860.9
878.95
896.95
915
933
951.05
969.05
987.1
1005.1
1023.15
1041.15
1059.2
1077.25
1095.35
1113.35
1131.4
1149.45
1167.5
1185.5
1203.55
1221.6
1239.6
1257.65
1275.7
1293.7
1311.75
1329.75
1347.8
1365.8
1383.85
1401.85
1419.9
1437.9
1455.95
1473.95
1492
1510
1527.95
1546
1563.95
1582
1599.95
1618
1635.95
1654.05
1672
1690.1
1708.05
1726.1
1744.1
1762.15
1780.15
1798.2
1816.2
1834.25
1852.25
1870.3
1888.3
1906.35
1924.35
1942.4
1960.45
1978.55
1996.55
2014.6
2032.65
2050.7
2068.7
2086.75
2104.8
2122.8
2140.85
2158.9
2176.9
2194.95
2212.95
2231
2249
2267.05
2285.05
2303.1
2321.1
2339.15
2357.15
2375.2
2393.2
2411.15
2429.2
2447.15
2465.2
2483.15
2501.2
2519.15
2537.25
2555.2
2573.3
2591.25
2609.3
2627.3
2645.35
2663.35
2681.4
2699.4
2717.45
2735.45
2753.5
2771.5
2789.55
2807.6
2825.7
2843.7
2861.75
2879.8
2897.85
2915.85
2933.9
2951.95
2969.95
2988
3006.05
3024.05
3042.1
3060.1
3078.15
3096.15
3114.2
3132.2
3150.25
3168.25
3186.3
3204.3
3222.35
3240.35
3258.3
3276.35
3294.3
3312.35
3330.3
3348.35
3366.3
3384.4
3402.35
3420.45
3438.4
3456.45
3474.45
3492.5
3510.5
3528.55
3546.55
3564.6
3582.6
3600.65
3618.65
3636.7
3654.7
3672.75
3690.8
3708.9
3726.9
3744.95
3763
3781.05
3799.05
3817.1
3835.15
3853.15
3871.2
3889.25
3907.25
3925.3
3943.3
3961.35
3979.35
3997.4
4015.4
4033.45
4051.45
4069.5
4087.5
4105.55
4123.55
4141.5
4159.55
4177.5
4195.55
4213.5
4231.55
4249.5
4267.6
4285.55
4303.65
4321.6
4339.65
4357.65
4375.7
4393.7
4411.75
4429.75
4447.8
4465.8
4483.85
4501.85
4519.9
4537.9
4555.95
4574
4592.1
4610.1
4628.15
4646.2
4664.25
4682.25
4700.3
4718.35
4736.35
4754.4
4772.45
4790.45
4808.5
4826.5
4844.55
4862.55
4880.6
4898.6
4916.65
4934.65
4952.7
4970.7
4988.75
