0.05
15.9
35.7
55.45
75.2
95
114.75
134.55
154.3
174.1
193.85
213.6
233.4
253.15
272.95
292.7
312.45
332.25
352
371.8
391.55
411.35
431.1
450.85
470.65
490.4
510.2
529.95
549.7
569.5
589.25
609.05
628.8
648.6
668.35
688.1
707.9
727.65
747.45
767.2
787
806.75
826.5
846.3
866.05
885.85
905.6
925.35
945.15
964.9
984.7
1004.45
1024.25
1044
1063.75
1083.55
1103.3
1123.1
1142.85
1162.6
1182.4
1202.15
1221.95
1241.7
1261.5
1281.25
1301
1320.8
1340.55
1360.35
1380.1
1399.85
1419.65
1439.4
1459.2
1478.95
1498.75
1518.5
1538.25
1558.05
1577.8
1597.6
1617.35
1637.1
1656.9
1676.65
1696.45
1716.2
1736
1755.75
1775.5
1795.3
1815.05
1834.85
1854.6
1874.35
1894.15
1913.9
1933.7
1953.45
1973.25
1993
2012.75
2032.55
2052.3
2072.1
2091.85
2111.6
2131.4
2151.15
2170.95
2190.7
2210.5
2230.25
2250
2269.8
2289.55
2309.35
2329.1
2348.85
2368.65
2388.4
2408.2
2427.95
2447.75
2467.5
2487.25
2507.05
2526.8
2546.6
2566.35
2586.15
2605.9
2625.65
2645.45
2665.2
2685
2704.75
2724.5
2744.3
2764.05
2783.85
2803.6
2823.4
2843.15
2862.9
2882.7
2902.45
2922.25
2942
2961.75
2981.55
3001.3
3021.1
3040.85
3060.65
3080.4
3100.15
3119.95
3139.7
3159.5
3179.25
3199
3218.8
3238.55
3258.35
3278.1
3297.9
3317.65
3337.4
3357.2
3376.95
3396.75
3416.5
3436.25
3456.05
3475.8
3495.6
3515.35
3535.15
3554.9
3574.65
3594.45
3614.2
3634
3653.75
3673.5
3693.3
3713.05
3732.85
3752.6
3772.4
3792.15
3811.9
3831.7
3851.45
3871.25
3891
3910.75
3930.55
3950.3
3970.1
3989.85
4009.65
4029.4
4049.15
4068.95
4088.7
4108.5
4128.25
4148
4167.8
4187.55
4207.35
4227.1
4246.9
4266.65
4286.4
4306.2
4325.95
4345.75
4365.5
4385.25
4405.05
4424.8
4444.6
4464.35
4484.15
4503.9
4523.65
4543.45
4563.2
4583
4602.75
4622.55
4642.3
4662.05
4681.85
4701.6
4721.4
4741.15
4760.9
4780.7
4800.45
4820.25
4840
4859.8
4879.55
4899.3
4919.1
4938.85
4958.65
4978.4
-1000
0.05
25.9
47.8
69.15
90
110.4
130.6
150.6
170.55
190.35
210.15
230
249.8
269.6
289.3
309.1
328.9
348.7
368.45
388.25
408
427.7
447.5
467.3
487.1
506.85
526.55
546.35
566.15
585.95
605.7
625.5
645.25
664.95
684.75
704.55
724.35
744.1
763.8
783.6
803.4
823.2
842.95
862.75
882.5
902.2
922
941.8
961.6
981.35
1001.05
1020.85
1040.6
1060.4
1080.2
1099.95
1119.75
1139.45
1159.25
1179.05
1198.85
1218.6
1238.3
1258.1
1277.85
1297.65
1317.45
1337.2
1357
1376.7
1396.5
1416.3
1436.1
1455.85
1475.55
1495.35
1515.1
1534.9
1554.7
1574.45
1594.25
1613.95
1633.75
1653.55
1673.35
1693.1
1712.8
1732.6
1752.35
1772.15
1791.95
1811.7
1831.5
1851.2
1871
1890.8
1910.6
1930.35
1950.05
1969.85
1989.6
2009.4
2029.2
2048.95
2068.75
2088.45
2108.25
2128.05
2147.85
2167.6
2187.4
2207.15
2226.85
2246.65
2266.45
2286.25
2306
2325.7
2345.5
2365.3
2385.1
2404.85
2424.65
2444.4
2464.1
2483.9
2503.7
2523.5
2543.25
2562.95
2582.75
2602.55
2622.35
2642.1
2661.9
2681.65
2701.35
2721.15
2740.95
2760.75
2780.5
2800.2
2820
2839.8
2859.6
2879.35
2899.15
2918.9
2938.6
2958.4
2978.2
2998
3017.75
3037.45
3057.25
3077
3096.8
3116.6
3136.35
3156.15
3175.85
3195.65
3215.45
3235.25
3255
3274.7
3294.5
3314.25
3334.05
3353.85
3373.6
3393.4
3413.1
3432.9
3452.7
3472.5
3492.25
3511.95
3531.75
3551.5
3571.3
3591.1
3610.85
3630.65
3650.35
3670.15
3689.95
3709.75
3729.5
3749.2
3769
3788.75
3808.55
3828.35
3848.1
3867.9
3887.6
3907.4
3927.2
3947
3966.75
3986.55
4006.3
4026
4045.8
4065.6
4085.4
4105.15
4124.85
4144.65
4164.45
4184.25
4204
4223.8
4243.55
4263.25
4283.05
4302.85
4322.65
4342.4
4362.1
4381.9
4401.7
4421.5
4441.25
4461.05
4480.8
4500.5
4520.3
4540.1
4559.9
4579.65
4599.35
4619.15
4638.95
4658.75
4678.5
4698.3
4718.05
4737.75
4757.55
4777.35
4797.15
4816.9
4836.6
4856.4
4876.15
4895.95
4915.75
4935.5
4955.3
4975
4994.8
