0.05
25.45
55.9
86.35
116.8
147.25
177.7
208.1
238.55
269
299.45
329.9
360.35
390.75
421.2
451.65
482.1
512.55
543
573.4
603.85
634.3
664.75
695.2
725.6
756.05
786.5
816.95
847.4
877.85
908.25
938.7
969.15
999.6
1030.05
1060.5
1090.9
1121.35
1151.8
1182.25
1212.7
1243.1
1273.55
1304
1334.45
1364.9
1395.35
1425.75
1456.2
1486.65
1517.1
1547.55
1578
1608.4
1638.85
1669.3
1699.75
1730.2
1760.65
1791.05
1821.5
1851.95
1882.4
1912.85
1943.25
1973.7
2004.15
2034.6
2065.05
2095.5
2125.9
2156.35
2186.8
2217.25
2247.7
2278.15
2308.55
2339
2369.45
2399.9
2430.35
2460.75
2491.2
2521.65
2552.1
2582.55
2613
2643.4
2673.85
2704.3
2734.75
2765.2
2795.65
2826.05
2856.5
2886.95
2917.4
2947.85
2978.3
3008.7
3039.15
3069.6
3100.05
3130.5
3160.9
3191.35
3221.8
3252.25
3282.7
3313.15
3343.55
3374
3404.45
3434.9
3465.35
3495.8
3526.2
3556.65
3587.1
3617.55
3648
3678.4
3708.85
3739.3
3769.75
3800.2
3830.65
3861.05
3891.5
3921.95
3952.4
3982.85
4013.3
4043.7
4074.15
4104.6
4135.05
4165.5
4195.95
4226.35
4256.8
4287.25
4317.7
4348.15
4378.55
4409
4439.45
4469.9
4500.35
4530.8
4561.2
4591.65
4622.1
4652.55
4683
4713.45
4743.85
4774.3
4804.75
4835.2
4865.65
4896.05
4926.5
4956.95
4987.4
-1000
0.05
26
50.4
76.65
101.05
120.45
142.5
168.6
193.65
214
234.85
260.6
286.3
307.85
327.4
352.65
378.75
401.25
419.85
444.55
470.85
494.05
512.15
536.4
562.7
586.25
604.35
628.1
654.45
678.35
697.1
720.1
746.35
770.75
790.15
812.2
838.3
863.35
883.7
904.5
930.25
955.9
977.35
997
1022.3
1048.4
1070.85
1089.45
1114.2
1140.45
1163.55
1181.7
1206
1232.35
1255.9
1273.95
1297.75
1324.1
1348
1366.7
1389.75
1416
1440.3
1459.6
1481.8
1507.9
1532.85
1553.05
1574.1
1599.9
1625.45
1646.75
1666.55
1691.9
1717.95
1740.3
1759.1
1783.85
1810.15
1833.25
1851.4
1875.7
1902.05
1925.6
1943.65
1967.45
1993.8
2017.7
2036.35
2059.45
2085.7
2110.05
2129.25
2151.45
2177.6
2202.5
2222.7
2243.75
2269.6
2295.2
2316.45
2336.25
2361.6
2387.7
2410.05
2428.8
2453.6
2479.9
2503
2521.15
2545.4
2571.75
2595.35
2613.35
2637.15
2663.45
2687.3
2705.85
2729.05
2755.35
2779.6
2798.75
2821
2847.15
2871.95
2891.9
2913.25
2939.15
2964.6
2985.7
3005.75
3031.2
3057.15
3079.35
3098.3
3123.2
3149.45
3172.4
3190.65
3215.05
3241.35
3264.85
3282.85
3306.8
3333.15
3356.9
3375.3
3398.65
3424.95
3449.15
3468.15
3490.65
3516.85
3541.5
3561.3
3582.8
3608.75
3634.15
3655.05
3675.3
3700.8
3726.75
3748.8
3767.85
3792.8
