0.05
25.45
55.9
86.35
116.8
147.25
177.7
208.1
238.55
269
299.45
329.9
360.35
390.75
421.2
451.65
482.1
512.55
543
573.4
603.85
634.3
664.75
695.2
725.6
756.05
786.5
816.95
847.4
877.85
908.25
938.7
969.15
999.6
1030.05
1060.5
1090.9
1121.35
1151.8
1182.25
1212.7
1243.1
1273.55
1304
1334.45
1364.9
1395.35
1425.75
1456.2
1486.65
1517.1
1547.55
1578
1608.4
1638.85
1669.3
1699.75
1730.2
1760.65
1791.05
1821.5
1851.95
1882.4
1912.85
1943.25
1973.7
2004.15
2034.6
2065.05
2095.5
2125.9
2156.35
2186.8
2217.25
2247.7
2278.15
2308.55
2339
2369.45
2399.9
2430.35
2460.75
2491.2
2521.65
2552.1
2582.55
2613
2643.4
2673.85
2704.3
2734.75
2765.2
2795.65
2826.05
2856.5
2886.95
2917.4
2947.85
2978.3
3008.7
3039.15
3069.6
3100.05
3130.5
3160.9
3191.35
3221.8
3252.25
3282.7
3313.15
3343.55
3374
3404.45
3434.9
3465.35
3495.8
3526.2
3556.65
3587.1
3617.55
3648
3678.4
3708.85
3739.3
3769.75
3800.2
3830.65
3861.05
3891.5
3921.95
3952.4
3982.85
4013.3
4043.7
4074.15
4104.6
4135.05
4165.5
4195.95
4226.35
4256.8
4287.25
4317.7
4348.15
4378.55
4409
4439.45
4469.9
4500.35
4530.8
4561.2
4591.65
4622.1
4652.55
4683
4713.45
4743.85
4774.3
4804.75
4835.2
4865.65
4896.05
4926.5
4956.95
4987.4
-1000
0.05
26
45.65
70.8
96.95
119.65
138.15
162.7
189.05
212.35
230.35
254.5
280.85
304.55
322.7
346.3
372.6
396.6
415.45
438.25
464.5
489
508.55
530.4
556.4
581.5
602.05
622.7
648.4
674.2
695.85
715.3
740.45
766.6
789.25
807.75
832.4
858.7
881.95
899.9
924.1
950.45
974.1
992.15
1015.9
1042.25
1066.2
1084.9
1107.85
1134.1
1158.5
1177.9
1199.95
1226.05
1251.1
1271.5
1292.3
1318.05
1343.75
1365.35
1384.9
1410.1
1436.2
1458.7
1477.3
1502
1528.3
1551.5
1569.6
1593.75
1620.1
1643.65
1661.7
1685.5
1711.85
1735.75
1754.4
1777.45
1803.75
1828.1
1847.4
1869.55
1895.65
1920.65
1940.85
1961.85
1987.65
2013.3
2034.7
2054.4
2079.7
2105.8
2128.2
2146.9
2171.65
2197.95
2221.05
2239.2
2263.5
2289.8
2313.3
2331.35
2355.2
2381.55
2405.45
2424.05
2447.15
2473.45
2497.8
2517.05
2539.25
2565.35
2590.3
2610.55
2631.5
2657.3
2682.85
2704.15
2724
2749.35
2775.4
2797.75
2816.45
2841.25
2867.5
2890.55
2908.75
2933.1
2959.45
2982.95
3001
3024.85
3051.2
3075.05
3093.6
3116.8
3143.1
3167.35
3186.55
3208.85
3235
3259.9
3280
3301.15
3326.95
3352.45
3373.65
3393.6
3419
3445
3467.3
3486.15
3510.95
3537.15
3560.15
3578.4
3602.75
3629.1
3652.6
3670.6
3694.5
3720.85
3744.7
3763.15
3786.45
