0.05
21.2
46.85
72.55
98.25
123.95
149.65
175.35
201
226.7
252.4
278.1
303.8
329.5
355.15
380.85
406.55
432.25
457.95
483.6
509.3
535
560.7
586.4
612.1
637.75
663.45
689.15
714.85
740.55
766.25
791.9
817.6
843.3
869
894.7
920.4
946.05
971.75
997.45
1023.15
1048.85
1074.55
1100.2
1125.9
1151.6
1177.3
1203
1228.7
1254.35
1280.05
1305.75
1331.45
1357.15
1382.85
1408.5
1434.2
1459.9
1485.6
1511.3
1537
1562.65
1588.35
1614.05
1639.75
1665.45
1691.15
1716.8
1742.5
1768.2
1793.9
1819.6
1845.3
1870.95
1896.65
1922.35
1948.05
1973.75
1999.45
2025.1
2050.8
2076.5
2102.2
2127.9
2153.6
2179.25
2204.95
2230.65
2256.35
2282.05
2307.7
2333.4
2359.1
2384.8
2410.5
2436.2
2461.85
2487.55
2513.25
2538.95
2564.65
2590.35
2616
2641.7
2667.4
2693.1
2718.8
2744.5
2770.15
2795.85
2821.55
2847.25
2872.95
2898.65
2924.3
2950
2975.7
3001.4
3027.1
3052.8
3078.45
3104.15
3129.85
3155.55
3181.25
3206.95
3232.6
3258.3
3284
3309.7
3335.4
3361.1
3386.75
3412.45
3438.15
3463.85
3489.55
3515.25
3540.9
3566.6
3592.3
3618
3643.7
3669.4
3695.05
3720.75
3746.45
3772.15
3797.85
3823.55
3849.2
3874.9
3900.6
3926.3
3952
3977.65
4003.35
4029.05
4054.75
4080.45
4106.15
4131.8
4157.5
4183.2
4208.9
4234.6
4260.3
4285.95
4311.65
4337.35
4363.05
4388.75
4414.45
4440.1
4465.8
4491.5
4517.2
4542.9
4568.6
4594.25
4619.95
4645.65
4671.35
4697.05
4722.75
4748.4
4774.1
4799.8
4825.5
4851.2
4876.9
4902.55
4928.25
4953.95
4979.65
-1000
0.05
26
47.7
70.75
94.85
119.4
143.95
168.1
190.85
210.8
229.6
251.7
275.45
299.8
324.35
348.8
372.45
394
412.25
432.95
456.1
480.25
504.75
529.25
553.45
576.15
596.15
615
637.1
660.8
685.15
709.75
734.15
757.85
779.45
797.65
818.35
841.45
865.6
890.1
914.65
938.8
961.45
981.35
1000.25
1022.4
1046.15
1070.5
1095.05
1119.45
1143.1
1164.55
1182.6
1203.5
1226.75
1250.85
1275.35
1299.9
1324
1346.45
1366.05
1385.25
1407.5
1431.35
1455.75
1480.3
1504.7
1528.2
1549.4
1567.3
1588.55
1611.9
1636.15
1660.65
1685.2
1709.2
1731.4
1750.7
1770.25
1792.75
1816.65
1841.1
1865.65
1889.95
1913.3
1934.3
1952.4
1973.75
1997.2
2021.4
2045.95
2070.45
2094.4
2116.45
2135.5
2155.3
2177.95
2201.9
2226.35
2250.9
2275.25
2298.5
2319.3
2337.5
2359
2382.5
2406.75
2431.3
2455.8
2479.7
2501.7
2520.65
2540.55
2563.25
2587.25
2611.7
2636.2
2660.5
2683.65
2704.3
2722.6
2744.25
2767.75
2792
2816.6
2841.05
2864.9
2886.8
2905.65
2925.65
2948.45
2972.5
2997
3021.55
3045.8
3068.85
3089.3
3107.7
3129.5
3153.05
3177.4
3201.95
3226.4
3250.2
3272.05
3290.85
3311
3333.85
3357.9
3382.35
3406.85
3431.1
3454.1
3474.5
3493
3514.8
3538.4
3562.7
3587.25
3611.7
3635.5
3657.25
3675.85
3696.1
3719.05
3743.15
3767.65
3792.2
3816.45
3839.3
3859.55
3878.15
3900.05
3923.75
3948.1
3972.65
3997.1
4020.9
4042.65
4061.35
4081.65
4104.55
4128.6
4153.05
4177.65
4201.9
4224.9
4245.35
4263.8
4285.55
4309.1
4333.45
4358
4382.5
4406.3
