0.05
20.35
45.1
69.85
94.65
119.4
144.15
168.95
193.7
218.45
243.2
268
292.75
317.5
342.3
367.05
391.8
416.55
441.35
466.1
490.85
515.6
540.4
565.15
589.9
614.7
639.45
664.2
688.95
713.75
738.5
763.25
788.05
812.8
837.55
862.3
887.1
911.85
936.6
961.35
986.15
1010.9
1035.65
1060.45
1085.2
1109.95
1134.7
1159.5
1184.25
1209
1233.8
1258.55
1283.3
1308.05
1332.85
1357.6
1382.35
1407.1
1431.9
1456.65
1481.4
1506.2
1530.95
1555.7
1580.45
1605.25
1630
1654.75
1679.55
1704.3
1729.05
1753.8
1778.6
1803.35
1828.1
1852.9
1877.65
1902.4
1927.15
1951.95
1976.7
2001.45
2026.2
2051
2075.75
2100.5
2125.3
2150.05
2174.8
2199.55
2224.35
2249.1
2273.85
2298.65
2323.4
2348.15
2372.9
2397.7
2422.45
2447.2
2471.95
2496.75
2521.5
2546.25
2571.05
2595.8
2620.55
2645.3
2670.1
2694.85
2719.6
2744.4
2769.15
2793.9
2818.65
2843.45
2868.2
2892.95
2917.7
2942.5
2967.25
2992
3016.8
3041.55
3066.3
3091.05
3115.85
3140.6
3165.35
3190.15
3214.9
3239.65
3264.4
3289.2
3313.95
3338.7
3363.45
3388.25
3413
3437.75
3462.55
3487.3
3512.05
3536.8
3561.6
3586.35
3611.1
3635.9
3660.65
3685.4
3710.15
3734.95
3759.7
3784.45
3809.25
3834
3858.75
3883.5
3908.3
3933.05
3957.8
3982.55
4007.35
4032.1
4056.85
4081.65
4106.4
4131.15
4155.9
4180.7
4205.45
4230.2
4255
4279.75
4304.5
4329.25
4354.05
4378.8
4403.55
4428.3
4453.1
4477.85
4502.6
4527.4
4552.15
4576.9
4601.65
4626.45
4651.2
4675.95
4700.75
4725.5
4750.25
4775
4799.8
4824.55
4849.3
4874.05
4898.85
4923.6
4948.35
4973.15
4997.9
-1000
0.05
26
44.8
64.5
86.6
109.9
133.7
157.75
181.9
206.05
230.2
254.1
277.45
299.1
318.25
337.5
359.3
382.45
406.2
430.25
454.4
478.55
502.65
526.6
550.05
572
591.45
610.35
631.9
655
678.7
702.7
726.85
751.05
775.2
799.2
822.75
845
864.95
883.4
904.65
927.6
951.25
975.2
999.35
1023.55
1047.7
1071.75
1095.35
1117.9
1138.25
1156.45
1177.45
1200.2
1223.8
1247.7
1271.8
1296
1320.15
1344.2
1367.95
1390.7
1411.4
1429.4
1450.15
1472.8
1496.3
1520.2
1544.3
1568.45
1592.6
1616.7
1640.45
1663.4
1684.4
1702.35
1722.85
1745.35
1768.8
1792.7
1816.8
1840.95
1865.15
1889.25
1913.1
1936.25
1957.6
1976.3
1996.05
2018.2
2041.45
2065.3
2089.35
2113.5
2137.7
2161.75
2185.7
2209
2230.7
2249.85
2269.1
2290.9
2314.05
2337.8
2361.8
2385.95
2410.15
2434.25
2458.2
2481.65
2503.55
2523.05
2541.95
2563.55
2586.6
2610.3
2634.3
2658.45
2682.65
2706.8
2730.75
2754.35
2776.6
2796.55
2815
2836.3
2859.2
2882.8
2906.8
2930.9
2955.1
2979.3
3003.3
3027
3049.5
3069.9
3088.05
3109.05
3131.8
3155.4
3179.3
3203.4
3227.6
3251.75
3275.8
3299.55
3322.3
3343
3361
3381.7
3404.4
3427.9
3451.8
3475.9
3500.05
3524.2
3548.25
3572.05
3594.95
3615.95
3633.95
3654.35
3676.9
3700.35
3724.25
3748.35
3772.55
3796.7
3820.8
3844.65
3867.8
3889.1
3907.8
3927.5
3949.7
3973
3996.85
4020.9
4045.05
4069.25
4093.35
4117.25
4140.55
4162.2
4181.25
4200.55
4222.45
4245.65
4269.35
4293.4
4317.55
4341.7
4365.85
4389.75
4413.15
4435.05
4454.45
4473.45
4495.1
4518.15
4541.85
4565.85
4590
