0.05
28.5
62.25
95.95
129.7
163.45
197.2
230.9
264.65
298.4
332.15
365.85
399.6
433.35
467.1
500.8
534.55
568.3
602.05
635.75
669.5
703.25
737
770.7
804.45
838.2
871.95
905.65
939.4
973.15
1006.9
1040.6
1074.35
1108.1
1141.85
1175.55
1209.3
1243.05
1276.75
1310.5
1344.25
1378
1411.7
1445.45
1479.2
1512.95
1546.65
1580.4
1614.15
1647.9
1681.6
1715.35
1749.1
1782.85
1816.55
1850.3
1884.05
1917.8
1951.5
1985.25
2019
2052.75
2086.45
2120.2
2153.95
2187.7
2221.4
2255.15
2288.9
2322.65
2356.35
2390.1
2423.85
2457.6
2491.3
2525.05
2558.8
2592.55
2626.25
2660
2693.75
2727.5
2761.2
2794.95
2828.7
2862.45
2896.15
2929.9
2963.65
2997.4
3031.1
3064.85
3098.6
3132.35
3166.05
3199.8
3233.55
3267.3
3301
3334.75
3368.5
3402.25
3435.95
3469.7
3503.45
3537.2
3570.9
3604.65
3638.4
3672.15
3705.85
3739.6
3773.35
3807.1
3840.8
3874.55
3908.3
3942.05
3975.75
4009.5
4043.25
4077
4110.7
4144.45
4178.2
4211.95
4245.65
4279.4
4313.15
4346.9
4380.6
4414.35
4448.1
4481.85
4515.55
4549.3
4583.05
4616.8
4650.5
4684.25
4718
4751.75
4785.45
4819.2
4852.95
4886.7
4920.4
4954.15
4987.9
-1000
0.05
26
52.95
83.35
115.5
148.45
181.8
215.35
248.95
282.6
316.3
350.05
383.75
417.5
451.2
485
518.7
552.4
586.15
619.95
653.65
687.35
721.1
754.9
788.6
822.3
856.05
889.85
923.55
957.25
991
1024.8
1058.5
1092.2
1125.95
1159.7
1193.4
1227.15
1260.9
1294.65
1328.35
1362.1
1395.85
1429.6
1463.3
1497.05
1530.8
1564.55
1598.25
1632
1665.75
1699.5
1733.2
1766.95
1800.7
1834.45
1868.15
1901.9
1935.65
1969.4
2003.1
2036.85
2070.6
2104.35
2138.05
2171.8
2205.55
2239.3
2273
2306.75
2340.5
2374.25
2407.95
2441.7
2475.45
2509.2
2542.9
2576.65
2610.4
2644.15
2677.85
2711.6
2745.35
2779.1
2812.8
2846.55
2880.3
2914.05
2947.75
2981.5
3015.25
3049
3082.7
3116.45
3150.2
3183.95
3217.65
3251.4
3285.15
3318.9
3352.6
3386.35
3420.1
3453.85
3487.55
3521.3
3555.05
3588.8
3622.5
3656.25
3690
3723.75
3757.45
3791.2
3825
3858.7
3892.4
3926.15
3959.95
3993.65
4027.35
4061.1
4094.9
4128.6
4162.3
4196.05
4229.85
4263.55
4297.25
4331
4364.8
4398.5
4432.2
4465.95
4499.75
4533.45
4567.15
4600.9
4634.7
4668.4
4702.1
4735.85
4769.65
4803.35
4837.05
4870.8
4904.6
4938.3
4972
