0.05
18.25
40.65
63.05
85.45
107.85
130.25
152.65
175.1
197.5
219.9
242.3
264.7
287.1
309.5
331.9
354.3
376.7
399.15
421.55
443.95
466.35
488.75
511.15
533.55
555.95
578.35
600.75
623.2
645.6
668
690.4
712.8
735.2
757.6
780
802.4
824.8
847.25
869.65
892.05
914.45
936.85
959.25
981.65
1004.05
1026.45
1048.85
1071.3
1093.7
1116.1
1138.5
1160.9
1183.3
1205.7
1228.1
1250.5
1272.9
1295.35
1317.75
1340.15
1362.55
1384.95
1407.35
1429.75
1452.15
1474.55
1496.95
1519.4
1541.8
1564.2
1586.6
1609
1631.4
1653.8
1676.2
1698.6
1721
1743.45
1765.85
1788.25
1810.65
1833.05
1855.45
1877.85
1900.25
1922.65
1945.05
1967.5
1989.9
2012.3
2034.7
2057.1
2079.5
2101.9
2124.3
2146.7
2169.1
2191.55
2213.95
2236.35
2258.75
2281.15
2303.55
2325.95
2348.35
2370.75
2393.2
2415.6
2438
2460.4
2482.8
2505.2
2527.6
2550
2572.4
2594.8
2617.25
2639.65
2662.05
2684.45
2706.85
2729.25
2751.65
2774.05
2796.45
2818.85
2841.3
2863.7
2886.1
2908.5
2930.9
2953.3
2975.7
2998.1
3020.5
3042.9
3065.35
3087.75
3110.15
3132.55
3154.95
3177.35
3199.75
3222.15
3244.55
3266.95
3289.4
3311.8
3334.2
3356.6
3379
3401.4
3423.8
3446.2
3468.6
3491
3513.45
3535.85
3558.25
3580.65
3603.05
3625.45
3647.85
3670.25
3692.65
3715.05
3737.5
3759.9
3782.3
3804.7
3827.1
3849.5
3871.9
3894.3
3916.7
3939.1
3961.55
3983.95
4006.35
4028.75
4051.15
4073.55
4095.95
4118.35
4140.75
4163.15
4185.6
4208
4230.4
4252.8
4275.2
4297.6
4320
4342.4
4364.8
4387.2
4409.65
4432.05
4454.45
4476.85
4499.25
4521.65
4544.05
4566.45
4588.85
4611.25
4633.7
4656.1
4678.5
4700.9
4723.3
4745.7
4768.1
4790.5
4812.9
4835.3
4857.75
4880.15
4902.55
4924.95
4947.35
4969.75
-1000
0.05
26.45
49.2
72.1
95.15
118.35
141.5
164.55
187.45
210.15
232.85
255.45
277.95
300.45
322.9
345.3
367.75
390.15
412.55
434.9
457.35
479.8
502.2
524.6
547
569.4
591.85
614.25
636.6
658.95
681.4
703.85
726.25
748.65
771.05
793.45
815.9
838.3
860.65
883
905.45
927.9
950.3
972.7
995.1
1017.5
1039.95
1062.35
1084.7
1107.05
1129.5
1151.95
1174.35
1196.75
1219.15
1241.55
1264
1286.4
1308.75
1331.1
1353.55
1376
1398.4
1420.8
1443.2
1465.6
1488.05
1510.45
1532.8
1555.15
1577.6
1600.05
1622.45
1644.85
1667.25
1689.65
1712.1
1734.5
1756.85
1779.2
1801.65
1824.1
1846.5
1868.9
1891.3
1913.7
1936.15
1958.55
1980.9
2003.3
2025.75
2048.15
2070.55
2092.95
2115.4
2137.8
2160.2
2182.6
2204.95
2227.35
2249.8
2272.2
2294.6
2317
2339.45
2361.85
2384.25
2406.65
2429
2451.4
2473.85
2496.25
2518.65
2541.05
2563.5
2585.9
2608.3
2630.7
2653.05
2675.45
2697.9
2720.3
2742.7
2765.1
2787.55
2809.95
2832.35
2854.7
2877.05
2899.5
2921.95
2944.35
2966.75
2989.15
3011.55
3034
3056.4
3078.75
3101.1
3123.55
3146
3168.4
3190.8
3213.2
3235.6
3258.05
3280.45
3302.8
3325.15
3347.6
3370.05
3392.45
3414.85
3437.25
3459.65
3482.1
3504.5
3526.85
3549.2
3571.65
3594.1
3616.5
3638.9
3661.3
3683.7
3706.15
3728.55
3750.9
3773.25
3795.7
3818.15
3840.55
3862.95
3885.35
3907.75
3930.2
3952.6
3974.95
3997.3
4019.75
4042.2
4064.6
4087
4109.4
4131.8
4154.25
4176.65
4199
4221.35
4243.8
4266.25
4288.65
4311.05
4333.45
4355.85
4378.3
4400.7
4423.05
4445.4
4467.85
4490.3
4512.7
4535.1
4557.5
4579.9
4602.35
4624.75
4647.1
4669.45
4691.9
4714.35
4736.75
4759.15
4781.55
4803.95
4826.4
4848.8
4871.15
4893.55
4916
4938.4
4960.8
4983.2
