0.05
18
40.15
62.25
84.4
106.5
128.65
150.8
172.9
195.05
217.15
239.3
261.45
283.55
305.7
327.8
349.95
372.1
394.2
416.35
438.45
460.6
482.75
504.85
527
549.15
571.25
593.4
615.5
637.65
659.8
681.9
704.05
726.15
748.3
770.45
792.55
814.7
836.8
858.95
881.1
903.2
925.35
947.45
969.6
991.75
1013.85
1036
1058.1
1080.25
1102.4
1124.5
1146.65
1168.8
1190.9
1213.05
1235.15
1257.3
1279.45
1301.55
1323.7
1345.8
1367.95
1390.1
1412.2
1434.35
1456.45
1478.6
1500.75
1522.85
1545
1567.1
1589.25
1611.4
1633.5
1655.65
1677.75
1699.9
1722.05
1744.15
1766.3
1788.45
1810.55
1832.7
1854.8
1876.95
1899.1
1921.2
1943.35
1965.45
1987.6
2009.75
2031.85
2054
2076.1
2098.25
2120.4
2142.5
2164.65
2186.75
2208.9
2231.05
2253.15
2275.3
2297.4
2319.55
2341.7
2363.8
2385.95
2408.1
2430.2
2452.35
2474.45
2496.6
-1000
0.05
39.75
84.7
129.15
173.75
217.95
262.2
306.45
350.7
395.15
439.3
483.5
527.75
572.2
616.4
660.6
704.8
749.05
793.5
837.65
881.9
926.1
970.35
1014.8
1058.95
1103.15
1147.4
1191.85
1236.05
1280.25
1324.45
1368.7
1413.15
1457.3
1501.55
1545.75
1590
1634.45
1678.6
1722.8
1767.05
1811.5
1855.7
1899.9
1944.1
1988.35
2032.8
2076.95
2121.2
2165.4
2209.65
2254.1
2298.25
2342.45
2386.7
2431.15
2475.35
2519.55
2563.75
2608
2652.45
2696.6
2740.85
2785.05
2829.3
2873.75
2917.9
2962.1
3006.35
3050.8
3095
3139.2
3183.4
3227.65
3272.1
3316.25
3360.5
3404.7
3448.95
3493.4
3537.55
3581.75
3626
3670.45
3714.65
3758.85
3803.05
3847.3
3891.75
3935.9
3980.15
4024.35
4068.6
4113.05
4157.2
4201.4
4245.65
4290.1
4334.3
4378.5
4422.7
4466.95
4511.4
4555.55
4599.8
4644
4688.25
4732.7
4776.85
4821.05
4865.3
4909.75
4953.95
4998.15
