0.05
19.3
42.9
66.5
90.05
113.65
137.25
160.85
184.45
208.05
231.65
255.2
278.8
302.4
326
349.6
373.2
396.75
420.35
443.95
467.55
491.15
514.75
538.3
561.9
585.5
609.1
632.7
656.3
679.9
703.45
727.05
750.65
774.25
797.85
821.45
845
868.6
892.2
915.8
939.4
963
986.55
1010.15
1033.75
1057.35
1080.95
1104.55
1128.1
1151.7
1175.3
1198.9
1222.5
1246.1
1269.7
1293.25
1316.85
1340.45
1364.05
1387.65
1411.25
1434.8
1458.4
1482
1505.6
1529.2
1552.8
1576.35
1599.95
1623.55
1647.15
1670.75
1694.35
1717.95
1741.5
1765.1
1788.7
1812.3
1835.9
1859.5
1883.05
1906.65
1930.25
1953.85
1977.45
2001.05
2024.6
2048.2
2071.8
2095.4
2119
2142.6
2166.2
2189.75
2213.35
2236.95
2260.55
2284.15
2307.75
2331.3
2354.9
2378.5
2402.1
2425.7
2449.3
2472.85
2496.45
2520.05
2543.65
2567.25
2590.85
2614.4
2638
2661.6
2685.2
2708.8
2732.4
2756
2779.55
2803.15
2826.75
2850.35
2873.95
2897.55
2921.1
2944.7
2968.3
2991.9
3015.5
3039.1
3062.65
3086.25
3109.85
3133.45
3157.05
3180.65
3204.25
3227.8
3251.4
3275
3298.6
3322.2
3345.8
3369.35
3392.95
3416.55
3440.15
3463.75
3487.35
3510.9
3534.5
3558.1
3581.7
3605.3
3628.9
3652.45
3676.05
3699.65
3723.25
3746.85
3770.45
3794.05
3817.6
3841.2
3864.8
3888.4
3912
3935.6
3959.15
3982.75
4006.35
4029.95
4053.55
4077.15
4100.7
4124.3
4147.9
4171.5
4195.1
4218.7
4242.3
4265.85
4289.45
4313.05
4336.65
4360.25
4383.85
4407.4
4431
4454.6
4478.2
4501.8
4525.4
4548.95
4572.55
4596.15
4619.75
4643.35
4666.95
4690.5
4714.1
4737.7
4761.3
4784.9
4808.5
4832.1
4855.65
4879.25
4902.85
4926.45
4950.05
4973.65
4997.2
-1000
0.05
26.45
47.95
67.6
85.8
106.35
128.3
150.95
173.95
197.15
220.5
243.85
267.3
290.8
314.3
337.85
361.4
384.95
408.45
432.05
455.65
479.2
502.8
526.35
549.9
573.5
597.1
620.7
644.3
667.9
691.45
715.05
738.65
762.25
785.85
809.45
833
856.6
880.2
903.8
927.4
951
974.55
998.15
1021.75
1045.35
1068.95
1092.55
1116.1
1139.7
1163.3
1186.9
1210.5
1234.1
1257.7
1281.25
1304.85
1328.45
1352.05
1375.65
1399.25
1422.8
1446.4
1470
1493.6
1517.2
1540.8
1564.35
1587.95
1611.55
1635.15
1658.75
1682.35
1705.95
1729.5
1753.1
1776.7
1800.3
1823.9
1847.5
1871.05
1894.65
1918.25
1941.85
1965.45
1989.05
2012.6
2036.2
2059.8
2083.4
2107
2130.6
2154.15
2177.75
2201.35
2224.95
2248.55
2272.15
2295.75
2319.3
2342.9
2366.5
2390.1
2413.7
2437.3
2460.85
2484.45
2508.05
2531.65
2555.25
2578.85
2602.4
2626
2649.6
2673.2
2696.8
2720.4
2744
2767.55
2791.15
2814.75
2838.35
2861.95
2885.55
2909.1
2932.7
2956.3
2979.9
3003.5
3027.1
3050.65
3074.25
3097.85
3121.45
3145.05
3168.65
3192.2
3215.8
3239.4
3263
3286.6
3310.2
3333.8
3357.35
3380.95
3404.55
3428.15
3451.75
3475.35
3498.9
3522.5
3546.1
3569.7
3593.3
3616.9
3640.45
3664.05
3687.65
3711.25
3734.85
3758.45
3782.05
3805.6
3829.2
3852.8
3876.4
3900
3923.6
3947.15
3970.75
3994.35
4017.95
4041.55
4065.15
4088.7
4112.3
4135.9
4159.5
4183.1
4206.7
4230.3
4253.85
4277.45
4301.05
4324.65
4348.25
4371.85
4395.4
4419
4442.6
4466.2
4489.8
4513.4
4536.95
4560.55
4584.15
4607.75
4631.35
4654.95
4678.5
4702.1
4725.7
4749.3
4772.9
4796.5
4820.1
4843.65
4867.25
4890.85
4914.45
4938.05
4961.65
4985.2
