0.05
23.1
50.95
78.75
106.6
134.4
162.25
190.05
217.9
245.7
273.55
301.35
329.2
357
384.85
412.65
440.5
468.3
496.15
523.95
551.8
579.6
607.45
635.25
663.1
690.9
718.75
746.55
774.4
802.2
830.05
857.85
885.7
913.5
941.35
969.15
997
1024.8
1052.65
1080.45
1108.3
1136.1
1163.95
1191.75
1219.6
1247.4
1275.25
1303.05
1330.9
1358.7
1386.55
1414.35
1442.2
1470
1497.85
1525.65
1553.5
1581.3
1609.15
1636.95
1664.8
1692.6
1720.45
1748.25
1776.1
1803.95
1831.75
1859.6
1887.4
1915.25
1943.05
1970.9
1998.7
2026.55
2054.35
2082.2
2110
2137.85
2165.65
2193.5
2221.3
2249.15
2276.95
2304.8
2332.6
2360.45
2388.25
2416.1
2443.9
2471.75
2499.55
2527.4
2555.2
2583.05
2610.85
2638.7
2666.5
2694.35
2722.15
2750
2777.8
2805.65
2833.45
2861.3
2889.1
2916.95
2944.75
2972.6
3000.4
3028.25
3056.05
3083.9
3111.7
3139.55
3167.35
3195.2
3223
3250.85
3278.65
3306.5
3334.3
3362.15
3389.95
3417.8
3445.6
3473.45
3501.25
3529.1
3556.95
3584.75
3612.6
3640.4
3668.25
3696.05
3723.9
3751.7
3779.55
3807.35
3835.2
3863
3890.85
3918.65
3946.5
3974.3
4002.15
4029.95
4057.8
4085.6
4113.45
4141.25
4169.1
4196.9
4224.75
4252.55
4280.4
4308.2
4336.05
4363.85
4391.7
4419.5
4447.35
4475.15
4503
4530.8
4558.65
4586.45
4614.3
4642.1
4669.95
4697.75
4725.6
4753.4
4781.25
4809.05
4836.9
4864.7
4892.55
4920.35
4948.2
4976
-1000
0.05
26
50.15
75.05
100.4
124.05
144
163.9
187.75
213.05
238.05
260.25
278.25
300.55
325.45
350.85
374.45
394.45
414.25
438.15
463.45
488.4
510.65
528.65
551.05
575.95
601.3
625.1
645.2
664.95
688.75
714.05
739.1
761.55
779.7
801.8
826.55
851.95
876
896.5
915.85
939.4
964.65
989.8
1012.55
1031.15
1052.7
1077.3
1102.7
1127.05
1148.15
1166.95
1190.2
1215.35
1240.6
1263.6
1282.6
1303.6
1328
1353.4
1378
1399.6
1417.95
1440.9
1466
1491.3
1514.6
1533.95
1554.5
1578.7
1604.05
1628.9
1650.8
1668.9
1691.6
1716.6
1741.95
1765.45
1785.25
1805.35
1829.35
1854.7
1879.65
1901.8
1919.8
1942.2
1967.1
1992.5
2016.05
2035.95
2055.85
2079.8
2105.1
2130
2152.2
2170.1
2192.6
2217.55
2242.85
2266.45
2286.25
2306.3
2330.3
2355.6
2380.6
2402.85
2420.85
2443.2
2468.1
2493.5
2517.3
2537.5
2557.15
2580.9
2606.2
2631.25
2653.8
2672
2693.95
2718.75
2744.15
2768.2
2788.8
2808.05
2831.6
2856.8
2882
2904.75
2923.5
2944.9
2969.45
2994.9
3019.3
3040.5
3059.2
3082.4
3107.55
3132.8
3155.85
3174.9
3195.8
3220.2
3245.55
3270.25
3291.9
3310.2
3333.1
3358.15
3383.45
3406.8
3426.25
3446.7
3470.85
3496.25
3521.1
3543.1
3561.15
3583.8
3608.75
3634.1
3657.6
3677.35
3697.4
3721.45
3746.75
3771.6
3793.7
3811.65
3834.25
3859.2
3884.5
3908
3927.7
3947.85
3971.85
3997.15
4022.05
4044.1
4062.15
4084.7
