0.05
19
42.3
65.6
88.85
112.15
135.45
158.7
182
205.25
228.55
251.85
275.1
298.4
321.7
344.95
368.25
391.5
414.8
438.1
461.35
484.65
507.95
531.2
554.5
577.75
601.05
624.35
647.6
670.9
694.2
717.45
740.75
764
787.3
810.6
833.85
857.15
880.4
903.7
927
950.25
973.55
996.85
1020.1
1043.4
1066.65
1089.95
1113.25
1136.5
1159.8
1183.1
1206.35
1229.65
1252.9
1276.2
1299.5
1322.75
1346.05
1369.35
1392.6
1415.9
1439.15
1462.45
1485.75
1509
1532.3
1555.6
1578.85
1602.15
1625.4
1648.7
1672
1695.25
1718.55
1741.85
1765.1
1788.4
1811.65
1834.95
1858.25
1881.5
1904.8
1928.1
1951.35
1974.65
1997.9
2021.2
2044.5
2067.75
2091.05
2114.35
2137.6
2160.9
2184.15
2207.45
2230.75
2254
2277.3
2300.6
2323.85
2347.15
2370.4
2393.7
2417
2440.25
2463.55
2486.85
2510.1
2533.4
2556.65
2579.95
2603.25
2626.5
2649.8
2673.1
2696.35
2719.65
2742.9
2766.2
2789.5
2812.75
2836.05
2859.35
2882.6
2905.9
2929.15
2952.45
2975.75
2999
3022.3
3045.6
3068.85
3092.15
3115.4
3138.7
3162
3185.25
3208.55
3231.85
3255.1
3278.4
3301.65
3324.95
3348.25
3371.5
3394.8
3418.1
3441.35
3464.65
3487.9
3511.2
3534.5
3557.75
3581.05
3604.35
3627.6
3650.9
3674.15
3697.45
3720.75
3744
3767.3
3790.55
3813.85
3837.15
3860.4
3883.7
3907
3930.25
3953.55
3976.8
4000.1
4023.4
4046.65
4069.95
4093.25
4116.5
4139.8
4163.05
4186.35
4209.65
4232.9
4256.2
4279.5
4302.75
4326.05
4349.3
4372.6
4395.9
4419.15
4442.45
4465.75
4489
4512.3
4535.55
4558.85
4582.15
4605.4
4628.7
4652
4675.25
4698.55
4721.8
4745.1
4768.4
4791.65
4814.95
4838.25
4861.5
4884.8
4908.05
4931.35
4954.65
4977.9
-1000
0.05
26
44.5
64.8
86.4
108.8
131.55
154.45
177.45
200.6
223.8
247
270.2
293.45
316.7
339.95
363.2
386.5
409.8
433.05
456.3
479.6
502.9
526.15
549.45
572.75
596.05
619.3
642.55
665.85
689.15
712.4
735.7
759
782.3
805.55
828.8
852.1
875.4
898.65
921.95
945.25
968.55
991.8
1015.05
1038.35
1061.65
1084.9
1108.2
1131.5
1154.8
1178.05
1201.3
1224.6
1247.9
1271.15
1294.45
1317.75
1341.05
1364.3
1387.55
1410.85
1434.15
1457.4
1480.7
1504
1527.3
1550.55
1573.8
1597.1
1620.4
1643.65
1666.95
1690.25
1713.55
1736.8
1760.05
1783.35
1806.65
1829.9
1853.2
1876.5
1899.8
1923.05
1946.3
1969.6
1992.9
2016.15
2039.45
2062.75
2086.05
2109.3
2132.55
2155.85
2179.15
2202.4
2225.7
2249
2272.3
2295.55
2318.8
2342.1
2365.4
2388.65
2411.95
2435.25
2458.55
2481.8
2505.05
2528.35
2551.65
2574.9
2598.2
2621.45
2644.75
2668.05
2691.3
2714.55
2737.9
2761.15
2784.45
2807.7
2831
2854.3
2877.55
2900.8
2924.1
2947.4
2970.7
2993.95
3017.25
3040.55
3063.8
3087.05
3110.35
3133.65
3156.95
3180.2
3203.5
3226.8
3250.05
3273.3
3296.6
3319.9
3343.2
3366.45
3389.75
3413.05
3436.3
3459.6
3482.9
3506.15
3529.45
3552.7
3576
3599.3
3622.55
3645.85
3669.15
3692.45
3715.7
3738.95
3762.25
3785.55
3808.8
3832.1
3855.4
3878.7
3901.95
3925.2
3948.5
3971.8
3995.05
4018.35
4041.65
4064.95
4088.2
4111.45
4134.75
4158.05
4181.3
4204.6
4227.9
4251.2
4274.45
4297.7
4321
4344.3
4367.55
4390.85
4414.15
4437.45
4460.7
4483.95
4507.25
4530.55
4553.8
4577.1
4600.4
4623.7
4646.95
4670.2
4693.5
4716.8
4740.05
4763.35
4786.65
4809.95
4833.2
4856.45
4879.75
4903.05
4926.3
4949.6
4972.9
