0.05
25.2
55.35
85.5
115.65
145.8
176
206.15
236.3
266.45
296.6
326.75
356.9
387.05
417.2
447.35
477.5
507.65
537.8
567.95
598.1
628.25
658.4
688.6
718.75
748.9
779.05
809.2
839.35
869.5
899.65
929.8
959.95
990.1
1020.25
1050.4
1080.55
1110.7
1140.85
1171
1201.2
1231.35
1261.5
1291.65
1321.8
1351.95
1382.1
1412.25
1442.4
1472.55
1502.7
1532.85
1563
1593.15
1623.3
1653.45
1683.65
1713.8
1743.95
1774.1
1804.25
1834.4
1864.55
1894.7
1924.85
1955
1985.15
2015.3
2045.45
2075.6
2105.75
2135.9
2166.05
2196.25
2226.4
2256.55
2286.7
2316.85
2347
2377.15
2407.3
2437.45
2467.6
2497.75
2527.9
2558.05
2588.2
2618.35
2648.5
2678.7
2708.85
2739
2769.15
2799.3
2829.45
2859.6
2889.75
2919.9
2950.05
2980.2
3010.35
3040.5
3070.65
3100.8
3130.95
3161.1
3191.3
3221.45
3251.6
3281.75
3311.9
3342.05
3372.2
3402.35
3432.5
3462.65
3492.8
3522.95
3553.1
3583.25
3613.4
3643.55
3673.75
3703.9
3734.05
3764.2
3794.35
3824.5
3854.65
3884.8
3914.95
3945.1
3975.25
4005.4
4035.55
4065.7
4095.85
4126
4156.15
4186.35
4216.5
4246.65
4276.8
4306.95
4337.1
4367.25
4397.4
4427.55
4457.7
4487.85
4518
4548.15
4578.3
4608.45
4638.6
4668.8
4698.95
4729.1
4759.25
4789.4
4819.55
4849.7
4879.85
4910
4940.15
4970.3
-1000
0.05
26
49
74.9
100.2
121.25
141.2
166.45
192.5
215.1
233.45
257.85
284.1
307.65
325.8
349.25
375.45
399.7
419.05
440.95
466.9
492.2
513.2
533.2
558.45
584.5
607.1
625.5
649.9
676.15
699.7
717.9
741.2
767.4
791.6
810.85
832.9
858.85
884.1
905
925.1
950.4
976.4
998.95
1017.4
1041.85
1068.1
1091.65
1109.8
1133.2
1159.45
1183.7
1203.05
1224.9
1250.85
1276.1
1297
1317.1
1342.4
1368.4
1390.95
1409.4
1433.85
1460.1
1483.65
1501.85
1525.25
1551.45
1575.7
1595.1
1616.95
1642.85
1668.2
1689.25
1709.1
1734.35
1760.3
1782.8
1801.35
1825.8
1852.05
1875.55
1893.7
1917.15
1943.35
1967.6
1986.9
2008.85
2034.8
2060.05
2081.05
2101.05
2126.35
2152.35
2174.95
2193.4
2217.8
2244
2267.4
2285.5
2309.05
2335.3
2359.45
2378.6
2400.75
2426.7
2451.9
2472.7
2492.9
2518.25
2544.25
2566.7
2585.25
2609.75
2635.95
2659.45
2677.6
2701.05
2727.25
2751.3
2770.35
2792.65
2818.65
2843.75
2864.4
2884.75
2910.15
2936.1
2958.45
2977.1
3001.65
3027.9
3051.35
3069.4
3093
3119.2
3143.35
3162.5
3184.65
3210.65
3235.7
3256.3
3276.7
3302.15
3328.05
3350.35
3369.05
3393.65
3419.85
3443.3
3461.3
3484.95
3511.2
3535.3
3554.4
3576.6
3602.6
3627.75
3648.45
3668.75
3694.15
3720.05
3742.25
3761
3785.6
3811.8
