0.05
19.3
42.9
66.5
90.05
113.65
137.25
160.85
184.45
208.05
231.65
255.2
278.8
302.4
326
349.6
373.2
396.75
420.35
443.95
467.55
491.15
514.75
538.3
561.9
585.5
609.1
632.7
656.3
679.9
703.45
727.05
750.65
774.25
797.85
821.45
845
868.6
892.2
915.8
939.4
963
986.55
1010.15
1033.75
1057.35
1080.95
1104.55
1128.1
1151.7
1175.3
1198.9
1222.5
1246.1
1269.7
1293.25
1316.85
1340.45
1364.05
1387.65
1411.25
1434.8
1458.4
1482
1505.6
1529.2
1552.8
1576.35
1599.95
1623.55
1647.15
1670.75
1694.35
1717.95
1741.5
1765.1
1788.7
1812.3
1835.9
1859.5
1883.05
1906.65
1930.25
1953.85
1977.45
2001.05
2024.6
2048.2
2071.8
2095.4
2119
2142.6
2166.2
2189.75
2213.35
2236.95
2260.55
2284.15
2307.75
2331.3
2354.9
2378.5
2402.1
2425.7
2449.3
2472.85
2496.45
2520.05
2543.65
2567.25
2590.85
2614.4
2638
2661.6
2685.2
2708.8
2732.4
2756
2779.55
2803.15
2826.75
2850.35
2873.95
2897.55
2921.1
2944.7
2968.3
2991.9
3015.5
3039.1
3062.65
3086.25
3109.85
3133.45
3157.05
3180.65
3204.25
3227.8
3251.4
3275
3298.6
3322.2
3345.8
3369.35
3392.95
3416.55
3440.15
3463.75
3487.35
3510.9
3534.5
3558.1
3581.7
3605.3
3628.9
3652.45
3676.05
3699.65
3723.25
3746.85
3770.45
3794.05
3817.6
3841.2
3864.8
3888.4
3912
3935.6
3959.15
3982.75
4006.35
4029.95
4053.55
4077.15
4100.7
4124.3
4147.9
4171.5
4195.1
4218.7
4242.3
4265.85
4289.45
4313.05
4336.65
4360.25
4383.85
4407.4
4431
4454.6
4478.2
4501.8
4525.4
4548.95
4572.55
4596.15
4619.75
4643.35
4666.95
4690.5
4714.1
4737.7
4761.3
4784.9
4808.5
4832.1
4855.65
4879.25
4902.85
4926.45
4950.05
4973.65
4997.2
-1000
0.05
26
46.65
68.1
90.45
113.35
136.5
159.8
183.15
206.6
230.1
253.55
277.05
300.6
324.15
347.75
371.3
394.85
418.4
442
465.6
489.2
512.8
536.35
559.9
583.5
607.1
630.7
654.3
677.9
701.45
725.05
748.65
772.25
795.85
819.45
843
866.6
890.2
913.8
937.4
961
984.55
1008.15
1031.75
1055.35
1078.95
1102.55
1126.1
1149.7
1173.3
1196.9
1220.5
1244.1
1267.7
1291.25
1314.85
1338.45
1362.05
1385.65
1409.25
1432.8
1456.4
1480
1503.6
1527.2
1550.8
1574.35
1597.95
1621.55
1645.15
1668.75
1692.35
1715.95
1739.5
1763.1
1786.7
1810.3
1833.9
1857.5
1881.05
1904.65
1928.25
1951.85
1975.45
1999.05
2022.6
2046.2
2069.8
2093.4
2117
2140.6
2164.15
2187.75
2211.35
2234.95
2258.55
2282.15
2305.75
2329.3
2352.9
2376.5
2400.1
2423.7
2447.3
2470.85
2494.45
2518.05
2541.65
2565.25
2588.85
2612.4
2636
2659.6
2683.2
2706.8
2730.4
2754
2777.55
2801.15
2824.75
2848.35
2871.95
2895.55
2919.1
2942.7
2966.3
2989.9
3013.5
3037.1
3060.65
3084.25
3107.85
3131.45
3155.05
3178.65
3202.2
3225.8
3249.4
3273
3296.6
3320.2
3343.8
3367.35
3390.95
3414.55
3438.15
3461.75
3485.35
3508.9
3532.5
3556.1
3579.7
3603.3
3626.9
3650.45
3674.05
3697.65
3721.25
3744.85
3768.45
3792.05
3815.6
3839.2
3862.8
3886.4
3910
3933.6
3957.15
3980.75
4004.35
4027.95
4051.55
4075.15
4098.7
4122.3
4145.9
4169.5
4193.1
4216.7
4240.3
4263.85
4287.45
4311.05
4334.65
4358.25
4381.85
4405.4
4429
4452.6
4476.2
4499.8
4523.4
4546.95
4570.55
4594.15
4617.75
4641.35
4664.95
4688.5
4712.1
4735.7
4759.3
4782.9
4806.5
4830.1
4853.65
4877.25
4900.85
4924.45
4948.05
4971.65
4995.2
