0.05
26.3
57.65
89
120.35
151.7
183.05
214.4
245.75
277.1
308.45
339.75
371.1
402.45
433.8
465.15
496.5
527.85
559.2
590.55
621.9
653.25
684.6
715.95
747.3
778.65
810
841.3
872.65
904
935.35
966.7
998.05
1029.4
1060.75
1092.1
1123.45
1154.8
1186.15
1217.5
1248.85
1280.2
1311.55
1342.9
1374.2
1405.55
1436.9
1468.25
1499.6
1530.95
1562.3
1593.65
1625
1656.35
1687.7
1719.05
1750.4
1781.75
1813.1
1844.45
1875.75
1907.1
1938.45
1969.8
2001.15
2032.5
2063.85
2095.2
2126.55
2157.9
2189.25
2220.6
2251.95
2283.3
2314.65
2346
2377.35
2408.65
2440
2471.35
2502.7
2534.05
2565.4
2596.75
2628.1
2659.45
2690.8
2722.15
2753.5
2784.85
2816.2
2847.55
2878.9
2910.2
2941.55
2972.9
3004.25
3035.6
3066.95
3098.3
3129.65
3161
3192.35
3223.7
3255.05
3286.4
3317.75
3349.1
3380.45
3411.8
3443.1
3474.45
3505.8
3537.15
3568.5
3599.85
3631.2
3662.55
3693.9
3725.25
3756.6
3787.95
3819.3
3850.65
3882
3913.35
3944.65
3976
4007.35
4038.7
4070.05
4101.4
4132.75
4164.1
4195.45
4226.8
4258.15
4289.5
4320.85
4352.2
4383.55
4414.9
4446.25
4477.55
4508.9
4540.25
4571.6
4602.95
4634.3
4665.65
4697
-1000
0.05
26
58
89.65
121.2
152.75
184.3
215.85
247.45
279.25
311.45
345.5
387.85
428.3
462.85
495.45
527.45
559.45
591.1
622.7
654.25
685.8
717.35
748.9
780.55
812.5
845.35
883.3
926.9
963.4
996.55
1028.7
1060.7
1092.5
1124.1
1155.7
1187.25
1218.75
1250.35
1281.95
1313.75
1346.05
1380.7
1424
1463.35
1497.55
1530
1562
1593.95
1625.6
1657.2
1688.75
1720.25
1751.8
1783.4
1815.1
1847.1
1880.3
1919.95
1962.6
1998.25
2031.2
2063.25
2095.25
2127
2158.6
2190.15
2221.7
2253.25
2284.8
2316.4
2348.25
2380.65
2415.85
2459.55
2498.2
2532.15
2564.5
2596.5
2628.45
2660.05
2691.65
2723.2
2754.75
2786.3
2817.9
2849.6
2881.65
2915.05
2955.75
2997.7
3032.95
3065.75
3097.8
3129.8
3161.45
3193.05
3224.65
3256.2
3287.7
3319.3
3350.9
3382.8
3415.3
3451.3
3495.25
3533.1
3566.75
3599.05
3631
3662.9
3694.55
3726.1
3757.65
3789.2
3820.75
3852.35
3884.05
3916.2
3949.8
3991.15
4032.55
4067.55
4100.25
4132.3
4164.3
4195.95
4227.55
4259.1
4290.65
4322.2
4353.75
4385.4
4417.3
4449.9
4486.6
4530.55
4567.85
4601.3
4633.55
4665.5
4697.4
4729
4760.55
4792.1
4823.65
4855.2
4886.8
4918.55
4950.7
4984.45
