0.05
22.1
48.8
75.5
102.2
128.9
155.65
182.35
209.05
235.75
262.45
289.15
315.85
342.6
369.3
396
422.7
449.4
476.1
502.8
529.55
556.25
582.95
609.65
636.35
663.05
689.75
716.5
743.2
769.9
796.6
823.3
850
876.75
903.45
930.15
956.85
983.55
1010.25
1036.95
1063.7
1090.4
1117.1
1143.8
1170.5
1197.2
1223.9
1250.65
1277.35
1304.05
1330.75
1357.45
1384.15
1410.85
1437.6
1464.3
1491
1517.7
1544.4
1571.1
1597.8
1624.55
1651.25
1677.95
1704.65
1731.35
1758.05
1784.8
1811.5
1838.2
1864.9
1891.6
1918.3
1945
1971.75
1998.45
2025.15
2051.85
2078.55
2105.25
2131.95
2158.7
2185.4
2212.1
2238.8
2265.5
2292.2
2318.9
2345.65
2372.35
2399.05
2425.75
2452.45
2479.15
2505.85
2532.6
2559.3
2586
2612.7
2639.4
2666.1
2692.8
2719.55
2746.25
2772.95
2799.65
2826.35
2853.05
2879.8
2906.5
2933.2
2959.9
2986.6
3013.3
3040
3066.75
3093.45
3120.15
3146.85
3173.55
3200.25
3226.95
3253.7
3280.4
3307.1
3333.8
3360.5
3387.2
3413.9
3440.65
3467.35
3494.05
3520.75
3547.45
3574.15
3600.85
3627.6
3654.3
3681
3707.7
3734.4
3761.1
3787.85
3814.55
3841.25
3867.95
3894.65
3921.35
3948.05
3974.8
4001.5
4028.2
4054.9
4081.6
4108.3
4135
4161.75
4188.45
4215.15
4241.85
4268.55
4295.25
4321.95
4348.7
4375.4
4402.1
4428.8
4455.5
4482.2
4508.9
4535.65
4562.35
4589.05
4615.75
4642.45
4669.15
4695.9
4722.6
4749.3
4776
4802.7
4829.4
4856.1
4882.85
4909.55
4936.25
4962.95
4989.65
-1000
0.05
26
50.8
75.2
100.15
124.85
147.6
166.95
186.85
210.2
234.9
259.85
284.15
306.1
324.2
345.65
369.6
394.45
419.35
442.9
463.5
482.25
504.8
529.2
554.15
578.8
601.4
620.6
640.75
664.15
688.85
713.8
738.1
759.9
777.9
799.55
823.6
848.45
873.35
896.9
917.4
936.2
958.8
983.25
1008.2
1032.85
1055.55
1074.85
1094.8
1118.2
1142.9
1167.85
1192.15
1214.05
1232.1
1253.65
1277.6
1302.5
1327.35
1350.85
1371.4
1390.2
1412.8
1437.25
1462.2
1486.8
1509.35
1528.45
1548.7
1572.15
1596.85
1621.8
1646.1
1667.85
1685.85
1707.55
1731.6
1756.5
1781.35
1804.85
1825.4
1844.2
1866.85
1891.25
1916.25
1940.9
1963.55
1982.85
2002.85
2026.25
2050.95
2075.9
2100.2
2122.05
2140.1
2161.65
2185.65
2210.5
2235.35
2258.9
2279.35
2298.2
2320.85
2345.25
2370.2
2394.8
2417.4
2436.45
2456.75
2480.2
2504.9
2529.85
2554.15
2575.85
2593.85
2615.55
2639.65
2664.55
2689.4
2712.9
2733.4
2752.2
2774.9
2799.3
2824.25
2848.9
2871.6
2890.85
2910.85
2934.3
2959
2983.95
3008.2
3030.05
3048.1
3069.7
3093.7
3118.55
3143.4
3166.9
3187.35
3206.2
3228.85
3253.3
3278.25
3302.85
3325.4
3344.45
3364.75
3388.25
3412.95
3437.9
3462.15
3483.85
3501.85
3523.6
3547.7
3572.55
3597.4
3620.9
3641.35
3660.15
3682.85
3707.3
3732.25
3756.9
3779.5
3798.65
3818.8
3842.25
3867
3891.95
3916.2
3937.95
3955.95
3977.65
4001.7
4026.55
4051.4
4074.8
4095.15
4114.1
4136.85
4161.3
4186.25
4210.85
4233.3
4252.25
