0.05
18
40.15
62.25
84.4
106.5
128.65
150.8
172.9
195.05
217.15
239.3
261.45
283.55
305.7
327.8
349.95
372.1
394.2
416.35
438.45
460.6
482.75
504.85
527
549.15
571.25
593.4
615.5
637.65
659.8
681.9
704.05
726.15
748.3
770.45
792.55
814.7
836.8
858.95
881.1
903.2
925.35
947.45
969.6
991.75
1013.85
1036
1058.1
1080.25
1102.4
1124.5
1146.65
1168.8
1190.9
1213.05
1235.15
1257.3
1279.45
1301.55
1323.7
1345.8
1367.95
1390.1
1412.2
1434.35
1456.45
1478.6
1500.75
1522.85
1545
1567.1
1589.25
1611.4
1633.5
1655.65
1677.75
1699.9
1722.05
1744.15
1766.3
1788.45
1810.55
1832.7
1854.8
1876.95
1899.1
1921.2
1943.35
1965.45
1987.6
2009.75
2031.85
2054
2076.1
2098.25
2120.4
2142.5
2164.65
2186.75
2208.9
2231.05
2253.15
2275.3
2297.4
2319.55
2341.7
2363.8
2385.95
2408.1
2430.2
2452.35
2474.45
2496.6
2518.75
2540.85
2563
2585.1
2607.25
2629.4
2651.5
2673.65
2695.75
2717.9
2740.05
2762.15
2784.3
2806.4
2828.55
2850.7
2872.8
2894.95
2917.05
2939.2
2961.35
2983.45
3005.6
3027.75
3049.85
3072
3094.1
3116.25
3138.4
3160.5
3182.65
3204.75
3226.9
3249.05
3271.15
3293.3
3315.4
3337.55
3359.7
3381.8
3403.95
3426.05
3448.2
3470.35
3492.45
3514.6
3536.7
3558.85
3581
3603.1
3625.25
3647.4
3669.5
3691.65
3713.75
3735.9
3758.05
3780.15
3802.3
3824.4
3846.55
3868.7
3890.8
3912.95
3935.05
3957.2
3979.35
4001.45
4023.6
4045.7
4067.85
4090
4112.1
4134.25
4156.35
4178.5
4200.65
4222.75
4244.9
4267.05
4289.15
4311.3
4333.4
4355.55
4377.7
4399.8
4421.95
4444.05
4466.2
4488.35
4510.45
4532.6
4554.7
4576.85
4599
4621.1
4643.25
4665.35
4687.5
4709.65
4731.75
4753.9
4776
4798.15
4820.3
4842.4
4864.55
4886.7
4908.8
4930.95
4953.05
4975.2
-1000
0.05
26.45
49.25
72.2
95.25
118.25
141.05
163.65
186.05
208.45
230.7
252.95
275.1
297.25
319.4
341.55
363.7
385.8
407.95
430.1
452.25
474.4
496.5
518.65
540.8
562.85
585
607.15
629.3
651.45
673.5
695.65
717.8
739.95
762.1
784.15
806.3
828.45
850.6
872.75
894.8
916.95
939.1
961.25
983.4
1005.45
1027.6
1049.75
1071.9
1094.05
1116.15
1138.3
1160.45
1182.5
1204.65
1226.8
1248.95
1271.1
1293.15
1315.3
1337.45
1359.6
1381.75
1403.8
1425.95
1448.1
1470.25
1492.4
1514.45
1536.6
1558.75
1580.9
1603.05
1625.1
1647.25
1669.4
1691.55
1713.7
1735.8
1757.95
1780.1
1802.15
1824.3
1846.45
1868.6
1890.75
1912.8
1934.95
1957.1
1979.25
2001.4
2023.45
2045.6
2067.75
2089.9
2112.05
2134.1
2156.25
2178.4
2200.55
2222.7
2244.75
2266.9
2289.05
2311.2
2333.35
2355.45
2377.6
2399.75
2421.8
2443.95
2466.1
2488.25
2510.4
2532.45
2554.6
2576.75
2598.9
2621.05
2643.1
2665.25
2687.4
2709.55
2731.7
2753.75
2775.9
2798.05
2820.2
2842.35
2864.4
2886.55
2908.7
2930.85
2953
2975.1
2997.25
3019.4
3041.45
3063.6
3085.75
3107.9
3130.05
3152.1
3174.25
3196.4
3218.55
3240.7
3262.75
3284.9
3307.05
3329.2
3351.35
3373.4
3395.55
3417.7
3439.85
3462
3484.05
3506.2
3528.35
3550.5
3572.65
3594.75
3616.9
3639.05
3661.1
3683.25
3705.4
3727.55
3749.7
3771.75
3793.9
3816.05
3838.2
3860.35
3882.4
3904.55
3926.7
3948.85
3971
3993.05
4015.2
4037.35
4059.5
4081.65
4103.7
4125.85
4148
4170.15
4192.3
4214.4
4236.55
4258.7
4280.75
4302.9
4325.05
4347.2
4369.35
4391.4
4413.55
4435.7
4457.85
4480
4502.05
4524.2
4546.35
4568.5
4590.65
4612.7
4634.85
4657
4679.15
4701.3
4723.35
4745.5
4767.65
4789.8
4811.95
4834.05
4856.2
4878.35
4900.4
4922.55
4944.7
4966.85
4989
