0.05
25.75
56.5
87.2
117.95
148.7
179.4
210.15
240.9
271.65
302.35
333.1
363.85
394.6
425.3
456.05
486.8
517.5
548.25
579
609.75
640.45
671.2
701.95
732.65
763.4
794.15
824.9
855.6
886.35
917.1
947.85
978.55
1009.3
1040.05
1070.75
1101.5
1132.25
1163
1193.7
1224.45
1255.2
1285.9
1316.65
1347.4
1378.15
1408.85
1439.6
1470.35
1501.1
1531.8
1562.55
1593.3
1624
1654.75
1685.5
1716.25
1746.95
1777.7
1808.45
1839.15
1869.9
1900.65
1931.4
1962.1
1992.85
2023.6
2054.35
2085.05
2115.8
2146.55
2177.25
2208
2238.75
2269.5
2300.2
2330.95
2361.7
2392.4
2423.15
2453.9
2484.65
2515.35
2546.1
2576.85
2607.6
2638.3
2669.05
2699.8
2730.5
2761.25
2792
2822.75
2853.45
2884.2
2914.95
2945.65
2976.4
3007.15
3037.9
3068.6
3099.35
3130.1
3160.85
3191.55
3222.3
3253.05
3283.75
3314.5
3345.25
3376
3406.7
3437.45
3468.2
3498.9
3529.65
3560.4
3591.15
3621.85
3652.6
3683.35
3714.1
3744.8
3775.55
3806.3
3837
3867.75
3898.5
3929.25
3959.95
3990.7
4021.45
4052.15
4082.9
4113.65
4144.4
4175.1
4205.85
4236.6
4267.35
4298.05
-1000
0.05
26
58.1
91.15
131.3
173.35
208.25
240.6
272.75
305.3
342
385.85
422.55
455.4
487.45
519.6
553.6
596.3
636.1
669.9
702
734
766.65
804.45
847.9
883.9
916.55
948.65
980.95
1015.75
1059.35
1097.75
1131.2
1163.2
1195.2
1228.05
1267.1
1309.9
1345.25
1377.75
1409.9
1442.3
1478.1
1522.25
1559.45
1592.5
1624.5
1656.55
1689.85
1731.35
1772.4
1806.8
1839.05
1871.1
1903.6
1940.35
1984.2
2020.8
2053.65
2085.75
2117.85
2151.8
2194.4
2234.2
2268.15
2300.25
2332.25
2364.75
2402.2
2445.85
2482.05
2514.8
2546.9
2579.05
2613.75
2657.2
2695.9
2729.45
2761.45
2793.4
2826.3
2865.3
2908.15
2943.55
2976
3008.15
3040.5
3076.15
3120.1
3157.6
3190.75
3222.75
3254.75
3288.1
3329.15
3370.5
3405.05
3437.3
3469.4
3502
3539.25
3582.95
3619.25
3652
3684.05
3716.3
3750.65
3793.8
3832.9
3866.55
3898.6
3930.6
3963.35
4001.8
4044.95
4080.6
4113.2
4145.3
4177.65
4212.95
4256.8
4294.6
4327.85
4359.85
4391.9
4424.95
4464.95
4507.2
4542.1
4574.4
4606.6
4639.1
4675.85
4719.7
4756.3
4789.15
4821.2
4853.3
4887.15
4929.5
4969.55
