0.05
15.8
35.5
55.15
74.85
94.5
114.15
133.85
153.5
173.15
192.85
212.5
232.2
251.85
271.5
291.2
310.85
330.5
350.2
369.85
389.5
409.2
428.85
448.55
468.2
487.85
507.55
527.2
546.85
566.55
586.2
605.9
625.55
645.2
664.9
684.55
704.2
723.9
743.55
763.25
782.9
802.55
822.25
841.9
861.55
881.25
900.9
920.6
940.25
959.9
979.6
999.25
1018.9
1038.6
1058.25
1077.95
1097.6
1117.25
1136.95
1156.6
1176.25
1195.95
1215.6
1235.25
1254.95
1274.6
1294.3
1313.95
1333.6
1353.3
1372.95
1392.6
1412.3
1431.95
1451.65
1471.3
1490.95
1510.65
1530.3
1549.95
1569.65
1589.3
1609
1628.65
1648.3
1668
1687.65
1707.3
1727
1746.65
1766.35
1786
1805.65
1825.35
1845
1864.65
1884.35
1904
1923.65
1943.35
1963
1982.7
2002.35
2022
2041.7
2061.35
2081
2100.7
2120.35
2140.05
2159.7
2179.35
2199.05
2218.7
2238.35
2258.05
2277.7
2297.4
2317.05
2336.7
2356.4
2376.05
2395.7
2415.4
2435.05
2454.75
2474.4
2494.05
2513.75
2533.4
2553.05
2572.75
2592.4
2612.1
2631.75
2651.4
2671.1
2690.75
2710.4
2730.1
2749.75
2769.4
2789.1
2808.75
2828.45
2848.1
2867.75
2887.45
2907.1
2926.75
2946.45
2966.1
2985.8
3005.45
3025.1
3044.8
3064.45
3084.1
3103.8
3123.45
3143.15
3162.8
3182.45
3202.15
3221.8
3241.45
3261.15
3280.8
3300.5
3320.15
3339.8
3359.5
3379.15
3398.8
3418.5
3438.15
3457.8
3477.5
3497.15
3516.85
3536.5
3556.15
3575.85
3595.5
3615.15
3634.85
3654.5
3674.2
3693.85
3713.5
3733.2
3752.85
3772.5
3792.2
3811.85
3831.55
3851.2
3870.85
3890.55
3910.2
3929.85
3949.55
3969.2
3988.9
4008.55
4028.2
4047.9
4067.55
4087.2
4106.9
4126.55
4146.25
4165.9
4185.55
4205.25
4224.9
4244.55
4264.25
4283.9
4303.55
4323.25
4342.9
4362.6
4382.25
4401.9
4421.6
4441.25
4460.9
4480.6
4500.25
4519.95
4539.6
4559.25
4578.95
4598.6
4618.25
4637.95
4657.6
4677.3
4696.95
4716.6
4736.3
4755.95
4775.6
4795.3
4814.95
4834.65
4854.3
4873.95
4893.65
4913.3
4932.95
4952.65
4972.3
4991.95
-1000
0.05
26
44.85
63.6
82.7
101.95
121.4
140.95
160.45
180.1
199.75
219.45
239.1
258.75
278.45
298.1
317.7
337.4
357.05
376.75
396.45
416.1
435.8
455.45
475.05
494.75
514.4
534.05
553.75
573.4
593.1
612.8
632.4
652.1
671.75
691.4
711.1
730.75
750.45
770.15
789.75
809.45
829.1
848.75
868.45
888.1
907.8
927.5
947.1
966.8
986.45
1006.1
1025.8
1045.45
1065.15
1084.85
1104.5
1124.2
1143.85
1163.45
1183.15
1202.8
1222.5
1242.2
1261.85
1281.55
1301.2
1320.8
1340.5
1360.15
1379.8
1399.5
1419.15
1438.85
1458.55
1478.15
1497.85
1517.5
1537.15
1556.85
1576.5
1596.2
1615.9
1635.5
1655.2
1674.85
1694.5
1714.2
1733.85
1753.55
1773.25
1792.85
1812.55
1832.25
1851.85
1871.55
1891.2
1910.9
1930.6
1950.25
1969.95
1989.6
2009.2
2028.9
2048.55
2068.2
2087.9
2107.55
2127.25
2146.95
2166.55
2186.25
2205.9
2225.55
2245.25
2264.9
2284.6
2304.3
2323.9
2343.6
2363.25
2382.9
2402.6
2422.25
2441.95
2461.65
2481.25
2500.95
2520.6
2540.25
2559.95
2579.6
2599.3
2619
2638.65
2658.35
2678
2697.6
2717.3
2736.95
2756.65
2776.35
2796
2815.7
2835.35
2854.95
2874.65
2894.3
2913.95
2933.65
2953.3
2973
2992.7
3012.3
3032
3051.65
3071.3
3091
3110.65
3130.35
3150.05
3169.65
3189.35
3209
3228.65
3248.35
3268
3287.7
3307.4
3327
3346.7
3366.35
3386
3405.7
3425.35
3445.05
3464.75
3484.4
3504.1
3523.75
3543.35
3563.05
3582.7
3602.35
3622.05
3641.7
3661.4
3681.1
3700.7
3720.4
3740.05
3759.7
3779.4
3799.05
3818.75
3838.45
3858.05
3877.75
3897.4
3917.05
3936.75
3956.4
3976.1
3995.8
4015.4
4035.1
4054.75
4074.4
4094.1
4113.75
4133.45
4153.15
4172.8
4192.5
4212.15
4231.75
4251.45
4271.1
4290.8
4310.5
4330.15
4349.85
4369.5
4389.1
4408.8
4428.45
4448.1
4467.8
4487.45
4507.15
4526.85
4546.45
4566.15
4585.8
4605.45
4625.15
4644.8
4664.5
4684.2
4703.8
4723.5
4743.15
4762.8
4782.5
4802.15
4821.85
4841.55
4861.15
4880.85
4900.5
4920.15
4939.85
4959.5
4979.2
4998.9
