0.05
16.6
37.1
57.65
78.15
98.7
119.2
139.75
160.25
180.8
201.3
221.85
242.35
262.9
283.4
303.95
324.45
344.95
365.5
386
406.55
427.05
447.6
468.1
488.65
509.15
529.7
550.2
570.75
591.25
611.8
632.3
652.85
673.35
693.9
714.4
734.95
755.45
776
796.5
817.05
837.55
858.1
878.6
899.15
919.65
940.2
960.7
981.25
1001.75
1022.3
1042.8
1063.35
1083.85
1104.4
1124.9
1145.45
1165.95
1186.5
1207
1227.55
1248.05
1268.6
1289.1
1309.65
1330.15
1350.7
1371.2
1391.75
1412.25
1432.8
1453.3
1473.85
1494.35
1514.9
1535.4
1555.95
1576.45
1597
1617.5
1638.05
1658.55
1679.1
1699.6
1720.15
1740.65
1761.2
1781.7
1802.25
1822.75
1843.3
1863.8
1884.35
1904.85
1925.4
1945.9
1966.45
1986.95
2007.5
2028
2048.55
2069.05
2089.6
2110.1
2130.65
2151.15
2171.7
2192.2
2212.75
2233.25
2253.8
2274.3
2294.85
2315.35
2335.9
2356.4
2376.95
2397.45
2418
2438.5
2459.05
2479.55
2500.1
2520.6
2541.15
2561.65
2582.2
2602.7
2623.25
2643.75
2664.3
2684.8
2705.35
2725.85
2746.4
2766.9
2787.45
2807.95
2828.5
2849
2869.55
2890.05
2910.6
2931.1
2951.65
2972.15
2992.7
3013.2
3033.75
3054.25
3074.8
3095.3
3115.85
3136.35
3156.9
3177.4
3197.95
3218.45
3239
3259.5
3280.05
3300.55
3321.1
3341.6
3362.15
3382.65
3403.2
3423.7
3444.25
3464.75
3485.3
3505.8
3526.35
3546.85
3567.4
3587.9
3608.45
3628.95
3649.5
3670
3690.55
3711.05
3731.6
3752.1
3772.65
3793.15
3813.7
3834.2
3854.75
3875.25
3895.8
3916.3
3936.85
3957.35
3977.9
3998.4
4018.95
4039.45
4060
4080.5
4101.05
4121.55
4142.1
4162.6
4183.15
4203.65
4224.2
4244.7
4265.25
4285.75
4306.3
4326.8
4347.35
4367.85
4388.4
4408.9
4429.45
4449.95
4470.5
4491
4511.55
4532.05
4552.6
4573.1
4593.65
4614.15
4634.7
4655.2
4675.75
4696.25
4716.8
4737.3
4757.85
4778.35
4798.9
4819.4
4839.95
4860.45
4881
4901.5
4922.05
4942.55
4963.1
4983.6
-1000
0.05
26
45.15
64.45
84.15
104.3
124.55
144.95
165.4
185.85
206.35
226.85
247.4
267.9
288.4
308.95
329.45
350
370.5
391.05
411.55
432.1
452.6
473.15
493.65
514.2
534.7
555.25
575.75
596.3
616.8
637.35
657.85
678.4
698.9
719.45
739.95
760.5
781
801.55
822.05
842.6
863.1
883.65
904.15
924.7
945.2
965.75
986.25
1006.8
1027.3
1047.85
1068.35
1088.9
1109.4
1129.95
1150.45
1171
1191.5
1212.05
1232.55
1253.1
1273.6
1294.15
1314.65
1335.2
1355.7
1376.25
1396.75
1417.3
1437.8
1458.35
1478.85
1499.4
1519.9
1540.45
1560.95
1581.5
1602
1622.55
1643.05
1663.6
1684.1
1704.65
1725.15
1745.7
1766.2
1786.75
1807.25
1827.8
1848.3
1868.85
1889.35
1909.9
1930.4
1950.95
1971.45
1992
2012.5
2033.05
2053.55
2074.1
2094.6
2115.15
2135.65
2156.2
2176.7
2197.25
2217.75
2238.3
2258.8
2279.35
2299.85
2320.4
2340.9
2361.45
2381.95
2402.5
2423
2443.55
2464.05
2484.6
2505.1
2525.65
2546.15
2566.7
2587.2
2607.75
2628.25
2648.8
2669.3
2689.85
2710.35
2730.9
2751.4
2771.95
2792.45
2813
2833.5
2854.05
2874.55
2895.1
2915.6
2936.15
2956.65
2977.2
2997.7
3018.25
3038.75
3059.3
3079.8
3100.35
3120.85
3141.4
3161.9
3182.45
3202.95
3223.5
3244
3264.55
3285.05
3305.6
3326.1
3346.65
3367.15
3387.7
3408.2
3428.75
3449.25
3469.8
3490.3
3510.85
3531.35
3551.9
3572.4
3592.95
3613.45
3634
3654.5
3675.05
3695.55
3716.1
3736.6
3757.15
3777.65
3798.2
3818.7
3839.25
3859.75
3880.3
3900.8
3921.35
3941.85
3962.4
3982.9
4003.45
4023.95
4044.5
4065
4085.55
4106.05
4126.6
4147.1
4167.65
4188.15
4208.7
4229.2
4249.75
4270.25
4290.8
4311.3
4331.85
4352.35
4372.9
4393.4
4413.95
4434.45
4455
4475.5
4496.05
4516.55
4537
4557.55
4578.05
4598.6
4619.1
4639.65
4660.15
4680.7
4701.2
4721.75
4742.25
4762.8
4783.3
4803.85
4824.35
4844.9
4865.4
4885.95
4906.45
4927
4947.5
4968.05
4988.55
