0.05
15.65
35.1
54.6
74.05
93.5
113
132.45
151.9
171.4
190.85
210.3
229.8
249.25
268.75
288.2
307.65
327.15
346.6
366.05
385.55
405
424.45
443.95
463.4
482.85
502.35
521.8
541.3
560.75
580.2
599.7
619.15
638.6
658.1
677.55
697
716.5
735.95
755.4
774.9
794.35
813.85
833.3
852.75
872.25
891.7
911.15
930.65
950.1
969.55
989.05
1008.5
1027.95
1047.45
1066.9
1086.4
1105.85
1125.3
1144.8
1164.25
1183.7
1203.2
1222.65
1242.1
1261.6
1281.05
1300.5
1320
1339.45
1358.95
1378.4
1397.85
1417.35
1436.8
1456.25
1475.75
1495.2
1514.65
1534.15
1553.6
1573.05
1592.55
1612
1631.5
1650.95
1670.4
1689.9
1709.35
1728.8
1748.3
1767.75
1787.2
1806.7
1826.15
1845.6
1865.1
1884.55
1904
1923.5
1942.95
1962.45
1981.9
2001.35
2020.85
2040.3
2059.75
2079.25
2098.7
2118.15
2137.65
2157.1
2176.55
2196.05
2215.5
2235
2254.45
2273.9
2293.4
2312.85
2332.3
2351.8
2371.25
2390.7
2410.2
2429.65
2449.1
2468.6
2488.05
2507.55
2527
2546.45
2565.95
2585.4
2604.85
2624.35
2643.8
2663.25
2682.75
2702.2
2721.65
2741.15
2760.6
2780.1
2799.55
2819
2838.5
2857.95
2877.4
2896.9
2916.35
2935.8
2955.3
2974.75
2994.2
3013.7
3033.15
3052.65
3072.1
3091.55
3111.05
3130.5
3149.95
3169.45
3188.9
3208.35
3227.85
3247.3
3266.75
3286.25
3305.7
3325.2
3344.65
3364.1
3383.6
3403.05
3422.5
3442
3461.45
3480.9
3500.4
3519.85
3539.3
3558.8
3578.25
3597.75
3617.2
3636.65
3656.15
3675.6
3695.05
3714.55
3734
3753.45
3772.95
3792.4
3811.85
3831.35
3850.8
3870.3
3889.75
3909.2
3928.7
3948.15
3967.6
3987.1
4006.55
4026
4045.5
4064.95
4084.4
4103.9
4123.35
4142.85
4162.3
4181.75
4201.25
4220.7
4240.15
4259.65
4279.1
4298.55
4318.05
4337.5
4356.95
4376.45
4395.9
4415.4
4434.85
4454.3
4473.8
4493.25
4512.7
4532.2
4551.65
4571.1
4590.6
4610.05
4629.5
4649
4668.45
4687.9
4707.4
4726.85
4746.35
4765.8
4785.25
4804.75
4824.2
4843.65
4863.15
4882.6
4902.05
4921.55
4941
4960.45
4979.95
-1000
0.05
26
44.8
63.4
82.25
101.4
120.7
139.95
159.4
178.8
198.3
217.75
237.2
256.65
276.1
295.5
315
334.5
353.9
373.4
392.9
412.3
431.8
451.3
470.75
490.25
509.7
529.2
548.65
568.05
587.55
607.05
626.45
645.95
665.45
684.85
704.35
723.85
743.3
762.8
782.25
801.75
821.2
840.6
860.1
879.6
899
918.5
938
957.4
976.9
996.4
1015.85
1035.35
1054.8
1074.3
1093.75
1113.15
1132.65
1152.15
1171.55
1191.05
1210.55
1229.95
1249.45
1268.95
1288.35
1307.85
1327.35
1346.8
1366.3
1385.75
1405.25
1424.7
1444.1
1463.6
1483.1
1502.5
1522
1541.5
1560.9
1580.4
1599.9
1619.35
1638.85
1658.3
1677.8
1697.25
1716.65
1736.15
1755.65
1775.05
1794.55
1814.05
1833.45
1852.95
1872.45
1891.9
1911.4
1930.85
1950.35
1969.8
1989.2
2008.7
2028.2
2047.6
2067.1
2086.6
2106
2125.5
2145
2164.45
2183.95
2203.4
2222.9
2242.35
2261.75
2281.25
2300.75
2320.15
2339.65
2359.15
2378.55
2398.05
2417.55
2437
2456.5
2475.95
2495.45
2514.9
2534.3
2553.8
2573.3
2592.7
2612.2
2631.7
2651.1
2670.6
2690.1
2709.55
2729.05
2748.5
2768
2787.45
2806.85
2826.35
2845.85
2865.25
2884.75
2904.25
2923.65
2943.15
2962.65
2982.1
3001.6
3021.05
3040.55
3060
3079.4
3098.9
3118.4
3137.8
3157.3
3176.8
3196.2
3215.7
3235.2
3254.65
3274.15
3293.6
3313.1
3332.55
3351.95
3371.45
3390.95
3410.35
3429.85
3449.35
3468.75
3488.25
3507.75
3527.2
3546.7
3566.15
3585.65
3605.1
3624.5
3644
3663.5
3682.9
3702.4
3721.9
3741.3
3760.8
3780.3
3799.75
3819.25
3838.7
3858.2
3877.65
3897.05
3916.55
3936.05
3955.45
3974.95
3994.45
4013.85
4033.35
4052.85
4072.3
4091.8
4111.25
4130.75
4150.2
4169.65
4189.15
4208.6
4228
4247.5
4267
4286.4
4305.9
4325.4
4344.8
4364.3
4383.8
4403.25
4422.75
4442.2
4461.7
4481.15
4500.55
4520.05
4539.55
4558.95
4578.45
4597.95
4617.35
4636.85
4656.35
4675.8
4695.3
4714.75
4734.25
4753.7
4773.1
4792.6
4812.1
4831.5
4851
4870.5
4889.9
4909.4
4928.9
4948.35
4967.85
4987.3
