0.05
16.5
36.9
57.3
77.7
98.15
118.55
138.95
159.35
179.8
200.2
220.6
241
261.45
281.85
302.25
322.65
343.1
363.5
383.9
404.3
424.75
445.15
465.55
485.95
506.4
526.8
547.2
567.65
588.05
608.45
628.85
649.3
669.7
690.1
710.5
730.95
751.35
771.75
792.15
812.6
833
853.4
873.8
894.25
914.65
935.05
955.45
975.9
996.3
1016.7
1037.1
1057.55
1077.95
1098.35
1118.8
1139.2
1159.6
1180
1200.45
1220.85
1241.25
1261.65
1282.1
1302.5
1322.9
1343.3
1363.75
1384.15
1404.55
1424.95
1445.4
1465.8
1486.2
1506.6
1527.05
1547.45
1567.85
1588.25
1608.7
1629.1
1649.5
1669.9
1690.35
1710.75
1731.15
1751.6
1772
1792.4
1812.8
1833.25
1853.65
1874.05
1894.45
1914.9
1935.3
1955.7
1976.1
1996.55
2016.95
2037.35
2057.75
2078.2
2098.6
2119
2139.4
2159.85
2180.25
2200.65
2221.05
2241.5
2261.9
2282.3
2302.7
2323.15
2343.55
2363.95
2384.4
2404.8
2425.2
2445.6
2466.05
2486.45
2506.85
2527.25
2547.7
2568.1
2588.5
2608.9
2629.35
2649.75
2670.15
2690.55
2711
2731.4
2751.8
2772.2
2792.65
2813.05
2833.45
2853.85
2874.3
2894.7
2915.1
2935.55
2955.95
2976.35
2996.75
3017.2
3037.6
3058
3078.4
3098.85
3119.25
3139.65
3160.05
3180.5
3200.9
3221.3
3241.7
3262.15
3282.55
3302.95
3323.35
3343.8
3364.2
3384.6
3405
3425.45
3445.85
3466.25
3486.65
3507.1
3527.5
3547.9
3568.35
3588.75
3609.15
3629.55
3650
3670.4
3690.8
3711.2
3731.65
3752.05
3772.45
3792.85
3813.3
3833.7
3854.1
3874.5
3894.95
3915.35
3935.75
3956.15
3976.6
3997
4017.4
4037.8
4058.25
4078.65
4099.05
4119.5
4139.9
4160.3
4180.7
4201.15
4221.55
4241.95
4262.35
4282.8
4303.2
4323.6
4344
4364.45
4384.85
4405.25
4425.65
4446.1
4466.5
4486.9
4507.3
4527.75
4548.15
4568.55
4588.95
4609.4
4629.8
4650.2
4670.6
4691.05
4711.45
4731.85
4752.3
4772.7
4793.1
4813.5
4833.95
4854.35
4874.75
4895.15
4915.6
4936
4956.4
4976.8
4997.25
-1000
0.05
26.25
46.6
66.95
87.2
107.25
126.9
145.95
164.05
182.4
201.4
221.05
240.95
261.1
281.3
301.6
322
342.35
362.7
383.15
403.55
424
444.4
464.8
485.25
505.65
526.05
546.5
566.9
587.25
607.7
628.1
648.5
668.9
689.3
709.75
730.15
750.55
770.95
791.4
811.8
832.2
852.6
873.05
893.45
913.85
934.25
954.7
975.1
995.5
1015.9
1036.35
1056.75
1077.2
1097.6
1118.05
1138.45
1158.85
1179.3
1199.7
1220.05
1240.5
1260.9
1281.3
1301.7
1322.1
1342.55
1362.95
1383.35
1403.75
1424.2
1444.6
1465
1485.4
1505.85
1526.25
1546.65
1567.05
1587.5
1607.9
1628.3
1648.7
1669.15
1689.55
1710
1730.4
1750.85
1771.2
1791.65
1812.05
1832.45
1852.85
1873.25
1893.7
1914.1
1934.5
1954.9
1975.35
1995.75
2016.15
2036.55
2057
2077.4
2097.8
2118.2
2138.65
2159.05
2179.45
2199.85
2220.3
2240.7
2261.15
2281.55
2302
2322.4
2342.8
2363.25
2383.65
2404
2424.45
2444.85
2465.25
2485.65
2506.05
2526.5
2546.9
2567.3
2587.7
2608.15
2628.55
2648.95
2669.35
2689.8
2710.2
2730.6
2751
2771.45
2791.85
2812.25
2832.65
2853.1
2873.5
2893.95
2914.35
2934.8
2955.2
2975.6
2996.05
3016.45
3036.8
3057.25
3077.65
3098.05
3118.45
3138.85
3159.3
3179.7
3200.1
3220.5
3240.95
3261.35
3281.75
3302.15
3322.6
3343
3363.4
3383.8
3404.25
3424.65
3445.1
3465.5
3485.95
3506.35
3526.75
3547.2
3567.6
3587.95
3608.4
3628.8
3649.2
3669.6
3690
3710.45
3730.85
3751.25
3771.65
3792.1
3812.5
3832.9
3853.3
3873.75
3894.15
3914.55
3934.95
3955.4
3975.8
3996.2
4016.6
4037.05
4057.45
4077.9
4098.3
4118.75
4139.15
4159.55
4180
4200.4
4220.75
4241.2
4261.6
4282
4302.4
4322.8
4343.25
4363.65
4384.05
4404.45
4424.9
4445.3
4465.7
4486.1
4506.55
4526.95
4547.35
4567.75
4588.2
4608.6
4629
4649.4
4669.85
4690.25
4710.7
4731.1
4751.55
4771.9
4792.35
4812.75
4833.15
4853.55
4873.95
4894.4
4914.8
4935.2
4955.6
4976.05
4996.45
