0.05
24.95
54.85
84.7
114.55
144.45
174.3
204.2
234.05
263.95
293.8
323.65
353.55
383.4
413.3
443.15
473.05
502.9
532.75
562.65
592.5
622.4
652.25
682.15
712
741.85
771.75
801.6
831.5
861.35
891.25
921.1
950.95
980.85
1010.7
1040.6
1070.45
1100.35
1130.2
1160.05
1189.95
1219.8
1249.7
1279.55
1309.4
1339.3
1369.15
1399.05
1428.9
1458.8
1488.65
1518.5
1548.4
1578.25
1608.15
1638
1667.9
1697.75
1727.6
1757.5
1787.35
1817.25
1847.1
1877
1906.85
1936.7
1966.6
1996.45
2026.35
2056.2
2086.1
2115.95
2145.8
2175.7
2205.55
2235.45
2265.3
2295.2
2325.05
2354.9
2384.8
2414.65
2444.55
2474.4
2504.3
2534.15
2564
2593.9
2623.75
2653.65
2683.5
2713.4
2743.25
2773.1
2803
2832.85
2862.75
2892.6
2922.5
2952.35
2982.2
3012.1
3041.95
3071.85
3101.7
3131.6
3161.45
3191.3
3221.2
3251.05
3280.95
3310.8
3340.7
3370.55
3400.4
3430.3
3460.15
3490.05
3519.9
3549.8
3579.65
3609.5
3639.4
3669.25
3699.15
3729
3758.9
3788.75
3818.6
3848.5
3878.35
3908.25
3938.1
3968
3997.85
-1000
0.05
26.35
63.1
106.85
142.8
175.15
209.95
253.65
291.35
324
357.9
400.65
439.85
473
506.5
548.3
588.55
622.1
655.7
697.5
737.85
771.45
805
846.3
887
920.7
954.15
995.1
1036.1
1070
1103.35
1143.9
1185.25
1219.3
1252.3
1292.1
1334.1
1368.45
1401.1
1439.4
1482.45
1517.45
1549.75
1586.05
1629.9
1666.1
1698.5
1733.3
1776.95
1814.7
1847.4
1881.2
1923.75
1963.15
1996.4
2029.85
2071.35
2111.95
2145.55
2179
2220.25
2261
2294.8
2328.2
2369.2
2410.2
2444.1
2477.35
2518.2
2559.4
2593.4
2626.5
2666.45
2708.3
2742.6
2775.45
2814.35
2856.95
2891.7
2924.15
2961.3
3004.9
3040.55
3072.8
3108.1
3152.15
3189.15
3221.65
3255.9
3299.05
3337.65
3370.65
3404.3
3446.45
3486.3
3519.75
3553.4
3595.15
3635.4
3669
3702.45
3743.7
3784.55
3818.3
3851.7
3892.65
3933.65
3967.55
4000.85
4041.55
4082.85
4116.8
4149.9
4190.2
4231.9
4266.05
4298.9
4337.85
4380.45
4415.15
4447.65
4484.85
4528.4
4564
4596.25
4631.65
4675.5
4712.6
4745.1
4779.3
4822.75
4861.2
4894.1
4927.75
4969.85
