0.05
14.7
33.05
51.4
69.75
88.1
106.5
124.85
143.2
161.55
179.9
198.3
216.65
235
253.35
271.7
290.1
308.45
326.8
345.15
363.5
381.9
400.25
418.6
436.95
455.3
473.7
492.05
510.4
528.75
547.15
565.5
583.85
602.2
620.55
638.95
657.3
675.65
694
712.35
730.75
749.1
767.45
785.8
804.15
822.55
840.9
859.25
877.6
896
914.35
932.7
951.05
969.4
987.8
1006.15
1024.5
1042.85
1061.2
1079.6
1097.95
1116.3
1134.65
1153
1171.4
1189.75
1208.1
1226.45
1244.8
1263.2
1281.55
1299.9
1318.25
1336.65
1355
1373.35
1391.7
1410.05
1428.45
1446.8
1465.15
1483.5
1501.85
1520.25
1538.6
1556.95
1575.3
1593.65
1612.05
1630.4
1648.75
1667.1
1685.5
1703.85
1722.2
1740.55
1758.9
1777.3
1795.65
1814
1832.35
1850.7
1869.1
1887.45
1905.8
1924.15
1942.5
1960.9
1979.25
1997.6
2015.95
2034.3
2052.7
2071.05
2089.4
2107.75
2126.15
2144.5
2162.85
2181.2
2199.55
2217.95
2236.3
2254.65
2273
2291.35
2309.75
2328.1
2346.45
2364.8
2383.15
2401.55
2419.9
2438.25
2456.6
2475
2493.35
2511.7
2530.05
2548.4
2566.8
2585.15
2603.5
2621.85
2640.2
2658.6
2676.95
2695.3
2713.65
2732
2750.4
2768.75
2787.1
2805.45
2823.8
2842.2
2860.55
2878.9
2897.25
2915.65
2934
2952.35
2970.7
2989.05
3007.45
3025.8
3044.15
3062.5
3080.85
3099.25
3117.6
3135.95
3154.3
3172.65
3191.05
3209.4
3227.75
3246.1
3264.5
3282.85
3301.2
3319.55
3337.9
3356.3
3374.65
3393
3411.35
3429.7
3448.1
3466.45
3484.8
3503.15
3521.5
3539.9
3558.25
3576.6
3594.95
3613.3
3631.7
3650.05
3668.4
3686.75
3705.15
3723.5
3741.85
3760.2
3778.55
3796.95
3815.3
3833.65
3852
3870.35
3888.75
3907.1
3925.45
3943.8
3962.15
3980.55
3998.9
4017.25
4035.6
4054
4072.35
4090.7
4109.05
4127.4
4145.8
4164.15
4182.5
4200.85
4219.2
4237.6
4255.95
4274.3
4292.65
4311
4329.4
4347.75
4366.1
4384.45
4402.8
4421.2
4439.55
4457.9
4476.25
4494.65
4513
4531.35
4549.7
4568.05
4586.45
4604.8
4623.15
4641.5
4659.85
4678.25
4696.6
4714.95
4733.3
4751.65
4770.05
4788.4
4806.75
4825.1
4843.5
4861.85
4880.2
4898.55
4916.9
4935.3
4953.65
4972
-1000
0.05
26
47.45
66.35
85.15
103.8
122.4
140.85
159.25
177.7
196.15
214.55
232.85
251.25
269.65
288.05
306.4
324.7
343.1
361.45
379.85
398.2
416.5
434.9
453.3
471.65
490
508.3
526.7
545.1
563.45
581.75
600.05
618.45
636.85
655.25
673.55
691.95
710.3
728.7
747.05
765.35
783.75
802.1
820.5
838.85
857.15
875.55
893.95
912.3
930.65
948.95
967.35
985.75
1004.1
1022.4
1040.8
1059.15
1077.55
1095.9
1114.2
1132.6
1151
1169.35
1187.7
1206
1224.4
1242.8
1261.15
1279.5
1297.8
1316.2
1334.6
1352.95
1371.25
1389.55
1407.95
1426.35
1444.75
1463.05
1481.45
1499.8
1518.2
1536.55
1554.85
1573.25
1591.6
1610
1628.35
1646.65
1665.05
1683.45
1701.8
1720.15
1738.45
1756.85
1775.25
1793.6
1811.9
1830.3
1848.65
1867.05
1885.4
1903.7
1922.1
1940.5
1958.85
1977.2
1995.5
2013.9
2032.3
2050.65
2069
2087.3
2105.7
2124.1
2142.45
2160.75
2179.05
2197.45
2215.85
2234.25
2252.55
2270.95
2289.3
2307.7
2326.05
2344.35
2362.75
2381.1
2399.5
2417.85
2436.15
2454.55
2472.95
2491.3
2509.65
2527.95
2546.35
2564.75
2583.1
2601.4
2619.8
2638.15
2656.55
2674.9
2693.2
2711.6
2730
2748.35
2766.7
2785
2803.4
2821.8
2840.15
2858.5
2876.8
2895.2
2913.6
2931.95
2950.25
2968.55
2986.95
3005.35
3023.75
3042.05
3060.45
3078.8
3097.2
3115.55
3133.85
3152.25
3170.6
3189
3207.35
3225.65
3244.05
3262.45
3280.8
3299.15
3317.45
3335.85
3354.25
3372.6
3390.9
3409.3
3427.65
3446.05
3464.4
3482.7
3501.1
3519.5
3537.85
3556.2
3574.5
3592.9
3611.3
3629.65
3648
3666.3
3684.7
3703.1
3721.45
3739.75
3758.05
3776.45
3794.85
3813.25
3831.55
3849.95
3868.3
3886.7
3905.05
3923.35
3941.75
3960.1
3978.5
3996.85
4015.15
4033.55
4051.95
4070.3
4088.65
4106.95
4125.35
4143.75
4162.1
4180.4
4198.8
4217.15
4235.55
4253.9
4272.2
4290.6
4309
4327.35
4345.7
4364
4382.4
4400.8
4419.15
4437.5
4455.8
4474.2
4492.6
4510.95
4529.25
4547.55
4565.95
4584.35
4602.75
4621.05
4639.45
4657.8
4676.2
4694.55
4712.85
4731.25
4749.6
4768
4786.35
4804.65
4823.05
4841.45
4859.8
4878.15
4896.45
4914.85
4933.25
4951.6
4969.9
4988.3
