0.05
19.9
44.15
68.35
92.6
116.85
141.1
165.35
189.6
213.85
238.1
262.35
286.55
310.8
335.05
359.3
383.55
407.8
432.05
456.3
480.55
504.8
529
553.25
577.5
601.75
626
650.25
674.5
698.75
723
747.25
771.45
795.7
819.95
844.2
868.45
892.7
916.95
941.2
965.45
989.7
1013.9
1038.15
1062.4
1086.65
1110.9
1135.15
1159.4
1183.65
1207.9
1232.1
1256.35
1280.6
1304.85
1329.1
1353.35
1377.6
1401.85
1426.1
1450.35
1474.55
1498.8
1523.05
1547.3
1571.55
1595.8
1620.05
1644.3
1668.55
1692.8
1717
1741.25
1765.5
1789.75
1814
1838.25
1862.5
1886.75
1911
1935.25
1959.45
1983.7
2007.95
2032.2
2056.45
2080.7
2104.95
2129.2
2153.45
2177.7
2201.9
2226.15
2250.4
2274.65
2298.9
2323.15
2347.4
2371.65
2395.9
2420.1
2444.35
2468.6
2492.85
2517.1
2541.35
2565.6
2589.85
2614.1
2638.35
2662.55
2686.8
2711.05
2735.3
2759.55
2783.8
2808.05
2832.3
2856.55
2880.8
2905
2929.25
2953.5
2977.75
3002
3026.25
3050.5
3074.75
3099
3123.25
3147.45
3171.7
3195.95
3220.2
3244.45
3268.7
3292.95
3317.2
3341.45
3365.65
3389.9
3414.15
3438.4
3462.65
3486.9
3511.15
3535.4
3559.65
3583.9
3608.1
3632.35
3656.6
3680.85
3705.1
3729.35
3753.6
3777.85
3802.1
3826.35
3850.55
3874.8
3899.05
3923.3
3947.55
3971.8
3996.05
4020.3
4044.55
4068.8
4093
4117.25
4141.5
4165.75
4190
4214.25
4238.5
4262.75
4287
4311.2
4335.45
4359.7
4383.95
4408.2
4432.45
4456.7
4480.95
4505.2
4529.45
4553.65
4577.9
4602.15
4626.4
4650.65
4674.9
4699.15
4723.4
4747.65
4771.9
4796.1
4820.35
4844.6
4868.85
4893.1
4917.35
4941.6
4965.85
4990.1
-1000
0.05
25.9
49.7
73.5
97
119.9
141.25
160.15
179.35
200.9
223.65
247
270.6
294.35
318.25
342.2
366.15
390.1
414.1
438
461.9
485.65
509.15
531.95
553.2
572.05
591.35
612.95
635.75
659.1
682.75
706.55
730.4
754.3
778.25
802.2
826.15
850.1
873.95
897.65
921.05
943.65
964.5
982.55
1002.55
1024.6
1047.6
1071.05
1094.75
1118.6
1142.5
1166.45
1190.4
1214.35
1238.3
1262.2
1286.05
1309.75
1333.05
1355.5
1376.05
1394.05
1414.4
1436.6
1459.65
1483.1
1506.85
1530.7
1554.6
1578.55
1602.55
1626.5
1650.45
1674.35
1698.15
1721.75
1744.95
1767.05
1787.1
1805.3
1826.1
1848.5
1871.7
1895.25
1918.95
1942.75
1966.65
1990.6
2014.6
2038.55
2062.5
2086.4
2110.15
2133.75
2156.8
2178.4
2197.85
2216.55
2237.8
2260.4
2283.65
2307.25
2331.05
2354.9
2378.85
2402.8
2426.7
2450.7
2474.65
2498.5
2522.3
2545.85
2568.85
2590.35
2609.6
2628.4
2649.7
2672.4
2695.75
2719.35
2743.15
2767.05
2790.95
2814.95
2838.9
2862.85
2886.75
2910.55
2934.3
2957.8
2980.55
3001.7
3020.45
3039.9
3061.6
3084.45
3107.8
3131.4
3155.2
3179.1
3203.05
3227
3251
3274.95
3298.9
3322.75
3346.5
3369.9
3392.65
3413.7
3432.4
3451.95
3473.7
3496.55
3519.95
3543.6
3567.4
3591.3
3615.2
3639.15
3663.15
3687.1
3711
3734.9
3758.6
3782.05
3804.75
3825.7
3844.05
3863.85
3885.7
3908.6
3932.05
3955.7
3979.55
4003.45
4027.4
4051.35
4075.25
4099.15
4123.1
4146.9
4170.6
4193.95
4216.3
4236.75
4254.75
4275.25
4297.4
4320.5
4344
4367.75
4391.6
4415.5
4439.45
4463.4
4487.4
4511.35
4535.25
4559.05
4582.7
4605.95
4628.15
4648.35
4666.5
4687.15
4709.5
