0.05
17.9
39.85
61.85
83.85
105.85
127.85
149.85
171.85
193.85
215.85
237.85
259.85
281.85
303.85
325.8
347.8
369.8
391.8
413.8
435.8
457.8
479.8
501.8
523.8
545.8
567.8
589.8
611.75
633.75
655.75
677.75
699.75
721.75
743.75
765.75
787.75
809.75
831.75
853.75
875.7
897.7
919.7
941.7
963.7
985.7
1007.7
1029.7
1051.7
1073.7
1095.7
1117.7
1139.7
1161.65
1183.65
1205.65
1227.65
1249.65
1271.65
1293.65
1315.65
1337.65
1359.65
1381.65
1403.65
1425.65
1447.6
1469.6
1491.6
1513.6
1535.6
1557.6
1579.6
1601.6
1623.6
1645.6
1667.6
1689.6
1711.55
1733.55
1755.55
1777.55
1799.55
1821.55
1843.55
1865.55
1887.55
1909.55
1931.55
1953.55
1975.55
1997.5
2019.5
2041.5
2063.5
2085.5
2107.5
2129.5
2151.5
2173.5
2195.5
2217.5
2239.5
2261.5
2283.45
2305.45
2327.45
2349.45
2371.45
2393.45
2415.45
2437.45
2459.45
2481.45
-1000
0.05
39.9
84.5
128.85
173.05
217.15
261.25
305.6
349.55
393.5
437.45
481.4
525.35
569.7
613.6
657.5
701.45
745.4
789.35
833.4
877.7
921.6
965.5
1009.4
1053.35
1097.3
1141.65
1185.55
1229.45
1273.35
1317.3
1361.25
1405.6
1449.5
1493.4
1537.3
1581.25
1625.2
1669.25
1713.55
1757.45
1801.35
1845.25
1889.2
1933.15
1977.5
2021.4
2065.3
2109.2
2153.15
2197.1
2241.45
2285.7
2329.55
2373.45
2417.35
2461.25
2505.25
2549.5
2593.4
2637.3
2681.2
2725.1
2769.05
2813.4
2857.25
2901.15
2945.1
2989.05
3033
3077.3
3121.55
3165.45
3209.3
3253.2
3297.1
3341.1
3385.35
3429.25
3473.15
3517.05
3560.95
3604.9
3649.25
3693.1
3737
3780.95
3824.9
3868.85
3913.15
3957.4
4001.3
4045.15
4089.05
4132.95
4176.95
4221.2
4265.1
4309
4352.9
4396.8
4440.75
4485.1
4528.95
4572.85
4616.8
4660.75
4704.7
4748.7
4793
4836.9
4880.8
4924.7
4968.65
