0.05
15
33.7
52.4
71.1
89.85
108.55
127.25
145.95
164.7
183.4
202.1
220.8
239.55
258.25
276.95
295.65
314.4
333.1
351.8
370.5
389.25
407.95
426.65
445.35
464.05
482.8
501.5
520.2
538.9
557.65
576.35
595.05
613.75
632.5
651.2
669.9
688.6
707.35
726.05
744.75
763.45
782.2
800.9
819.6
838.3
857.05
875.75
894.45
913.15
931.9
950.6
969.3
988
1006.75
1025.45
1044.15
1062.85
1081.6
1100.3
1119
1137.7
1156.45
1175.15
1193.85
1212.55
1231.3
1250
1268.7
1287.4
1306.1
1324.85
1343.55
1362.25
1380.95
1399.7
1418.4
1437.1
1455.8
1474.55
1493.25
1511.95
1530.65
1549.4
1568.1
1586.8
1605.5
1624.25
1642.95
1661.65
1680.35
1699.1
1717.8
1736.5
1755.2
1773.95
1792.65
1811.35
1830.05
1848.8
1867.5
1886.2
1904.9
1923.65
1942.35
1961.05
1979.75
1998.5
2017.2
2035.9
2054.6
2073.35
2092.05
2110.75
2129.45
2148.15
2166.9
2185.6
2204.3
2223
2241.75
2260.45
2279.15
2297.85
2316.6
2335.3
2354
2372.7
2391.45
2410.15
2428.85
2447.55
2466.3
2485
2503.7
2522.4
2541.15
2559.85
2578.55
2597.25
2616
2634.7
2653.4
2672.1
2690.85
2709.55
2728.25
2746.95
2765.7
2784.4
2803.1
2821.8
2840.55
2859.25
2877.95
2896.65
2915.35
2934.1
2952.8
2971.5
2990.2
3008.95
3027.65
3046.35
3065.05
3083.8
3102.5
3121.2
3139.9
3158.65
3177.35
3196.05
3214.75
3233.5
3252.2
3270.9
3289.6
3308.35
3327.05
3345.75
3364.45
3383.2
3401.9
3420.6
3439.3
3458.05
3476.75
3495.45
3514.15
3532.9
3551.6
3570.3
3589
3607.75
3626.45
3645.15
3663.85
3682.6
3701.3
3720
3738.7
3757.4
3776.15
3794.85
3813.55
3832.25
3851
3869.7
3888.4
3907.1
3925.85
3944.55
3963.25
3981.95
4000.7
4019.4
4038.1
4056.8
4075.55
4094.25
4112.95
4131.65
4150.4
4169.1
4187.8
4206.5
4225.25
4243.95
4262.65
4281.35
4300.1
4318.8
4337.5
4356.2
4374.95
4393.65
4412.35
4431.05
4449.8
4468.5
4487.2
4505.9
4524.6
4543.35
4562.05
4580.75
4599.45
4618.2
4636.9
4655.6
4674.3
4693.05
4711.75
4730.45
4749.15
4767.9
4786.6
4805.3
4824
4842.75
4861.45
4880.15
4898.85
4917.6
4936.3
4955
4973.7
-1000
0.05
26
46.4
65.3
84.15
102.95
121.65
140.45
159.2
177.95
196.6
215.35
234.1
252.8
271.45
290.2
308.95
327.65
346.3
365.05
383.8
402.5
421.15
439.9
458.65
477.35
496.1
514.7
533.45
552.2
570.9
589.55
608.3
627.05
645.75
664.4
683.15
701.9
720.6
739.25
758
776.75
795.45
814.1
832.85
851.6
870.3
888.95
907.7
926.45
945.15
963.8
982.55
1001.3
1020
1038.65
1057.4
1076.15
1094.85
1113.5
1132.25
1151
1169.7
1188.35
1207.1
1225.85
1244.55
1263.3
1282
1300.7
1319.45
1338.15
1356.8
1375.5
1394.25
1412.95
1431.6
1450.35
1469.1
1487.8
1506.45
1525.2
1543.95
1562.65
1581.3
1600.05
1618.8
1637.5
1656.15
1674.9
1693.65
1712.35
1731
1749.75
1768.5
1787.2
1805.85
1824.6
1843.35
1862.05
1880.7
1899.45
1918.2
1936.9
1955.55
1974.3
1993.05
2011.75
2030.4
2049.15
2067.9
2086.6
2105.35
2124.05
2142.75
2161.5
2180.2
2198.85
2217.55
2236.3
2255
2273.65
2292.4
2311.15
2329.85
2348.5
2367.25
2386
2404.7
2423.35
2442.1
2460.85
2479.55
2498.2
2516.95
2535.7
2554.4
2573.05
2591.8
2610.55
2629.25
2647.9
2666.65
2685.4
2704.1
2722.75
2741.5
2760.25
2778.95
2797.6
2816.35
2835.1
2853.8
2872.45
2891.2
2909.95
2928.65
2947.4
2966
2984.75
3003.5
3022.2
3040.85
3059.6
3078.35
3097.05
3115.7
3134.45
3153.2
3171.9
3190.55
3209.3
3228.05
3246.75
3265.4
3284.15
3302.9
3321.6
3340.25
3359
3377.75
3396.45
3415.1
3433.85
3452.6
3471.3
3489.95
3508.7
3527.45
3546.15
3564.8
3583.55
3602.3
3621
3639.65
3658.4
3677.15
3695.85
3714.6
3733.3
3752
3770.75
3789.45
3808.1
3826.8
3845.55
3864.25
3882.9
3901.65
3920.4
3939.1
3957.75
3976.5
3995.25
4013.95
4032.6
4051.35
4070.1
4088.8
4107.45
4126.2
4144.95
4163.65
4182.3
4201.05
4219.8
4238.5
4257.15
4275.9
4294.65
4313.35
4332
4350.75
4369.5
4388.2
4406.85
4425.6
4444.35
4463.05
4481.7
4500.45
4519.2
4537.9
4556.65
4575.35
4594.05
4612.8
4631.5
4650.15
4668.85
4687.6
4706.3
4724.95
4743.7
4762.45
4781.15
4799.8
4818.55
4837.3
4856
4874.65
4893.4
4912.15
4930.85
4949.5
4968.25
4987
