0.05
19.6
43.5
67.4
91.3
115.25
139.15
163.05
187
210.9
234.8
258.7
282.65
306.55
330.45
354.35
378.3
402.2
426.1
450
473.95
497.85
521.75
545.65
569.6
593.5
617.4
641.3
665.25
689.15
713.05
737
760.9
784.8
808.7
832.65
856.55
880.45
904.35
928.3
952.2
976.1
1000
1023.95
1047.85
1071.75
1095.65
1119.6
1143.5
1167.4
1191.3
1215.25
1239.15
1263.05
1287
1310.9
1334.8
1358.7
1382.65
1406.55
1430.45
1454.35
1478.3
1502.2
1526.1
1550
1573.95
1597.85
1621.75
1645.65
1669.6
1693.5
1717.4
1741.35
1765.25
1789.15
1813.05
1837
1860.9
1884.8
1908.7
1932.65
1956.55
1980.45
2004.35
2028.3
2052.2
2076.1
2100
2123.95
2147.85
2171.75
2195.65
2219.6
2243.5
2267.4
2291.35
2315.25
2339.15
2363.05
2387
2410.9
2434.8
2458.7
2482.65
2506.55
2530.45
2554.35
2578.3
2602.2
2626.1
2650
2673.95
2697.85
2721.75
2745.65
2769.6
2793.5
2817.4
2841.35
2865.25
2889.15
2913.05
2937
2960.9
2984.8
3008.7
3032.65
3056.55
3080.45
3104.35
3128.3
3152.2
3176.1
3200
3223.95
3247.85
3271.75
3295.65
3319.6
3343.5
3367.4
3391.35
3415.25
3439.15
3463.05
3487
3510.9
3534.8
3558.7
3582.65
3606.55
3630.45
3654.35
3678.3
3702.2
3726.1
3750
3773.95
3797.85
3821.75
3845.7
3869.6
3893.5
3917.4
3941.35
3965.25
3989.15
4013.05
4037
4060.9
4084.8
4108.7
4132.65
4156.55
4180.45
4204.35
4228.3
4252.2
4276.1
4300
4323.95
4347.85
4371.75
4395.7
4419.6
4443.5
4467.4
4491.35
4515.25
4539.15
4563.05
4587
4610.9
4634.8
4658.7
4682.65
4706.55
4730.45
4754.35
4778.3
4802.2
4826.1
4850
4873.95
4897.85
4921.75
4945.7
4969.6
4993.5
-1000
0.05
26.4
47.55
66.45
85.5
106.8
129.3
152.35
175.7
199.2
222.8
246.5
270.25
294
317.75
341.55
365.35
389.2
413
436.8
460.65
484.45
508.25
532.1
555.9
579.7
603.5
627.3
651.05
674.75
698.4
721.9
745.2
767.95
789.25
808.45
827.25
848.25
870.7
893.7
917.05
940.55
964.15
987.8
1011.55
1035.3
1059.05
1082.85
1106.7
1130.5
1154.35
1178.15
1202
1225.85
1249.65
1273.5
1297.3
1321.1
1344.9
1368.7
1392.45
1416.15
1439.8
1463.4
1486.85
1509.85
1531.9
1552.15
1570.15
1590.5
1612.5
1635.35
1658.55
1682
1705.6
1729.25
1752.95
1776.7
1800.5
1824.3
1848.05
1871.85
1895.7
1919.5
1943.35
1967.15
1990.95
2014.8
2038.6
2062.4
2086.2
2110
2133.75
2157.5
2181.15
2204.75
2228.25
2251.4
2273.8
2294.55
2312.75
2332.5
2354.2
2376.85
2399.95
2423.4
2446.95
2470.6
2494.3
2518
2541.8
2565.55
2589.35
2613.15
2636.95
2660.8
2684.65
2708.5
2732.3
2756.15
2779.95
2803.8
2827.6
2851.4
2875.15
2898.9
2922.6
2946.25
2969.75
2993.05
3015.85
3037.3
3056.6
3075.3
3096.25
3118.6
3141.55
3164.9
3188.4
3212
3235.7
3259.4
3283.2
3306.95
3330.75
3354.55
3378.4
3402.2
3426
3449.85
3473.65
3497.5
3521.3
3545.1
3568.9
3592.7
3616.45
3640.2
3663.95
3687.6
3711.15
3734.55
3757.55
3779.45
3799.5
3817.6
3838.15
3860.2
3883.1
3906.35
3929.8
3953.35
3977.05
4000.75
4024.5
4048.25
4072.05
4095.85
4119.65
4143.5
4167.3
4191.1
4214.95
4238.8
4262.6
4286.45
4310.25
4334.05
4357.85
4381.6
4405.35
4429
4452.6
4476.1
4499.3
4521.65
4542.45
4560.8
4580.45
4602
4624.7
4647.85
4671.25
4694.75
4718.4
4742.1
4765.85
4789.65
4813.45
4837.25
