0.05
14.75
33.2
51.65
70.1
88.55
107
125.45
143.9
162.35
180.75
199.2
217.65
236.1
254.55
273
291.45
309.9
328.35
346.8
365.25
383.7
402.15
420.6
439.05
457.5
475.9
494.35
512.8
531.25
549.7
568.15
586.6
605.05
623.5
641.95
660.4
678.85
697.3
715.75
734.2
752.65
771.05
789.5
807.95
826.4
844.85
863.3
881.75
900.2
918.65
937.1
955.55
974
992.45
1010.9
1029.35
1047.8
1066.25
1084.65
1103.1
1121.55
1140
1158.45
1176.9
1195.35
1213.8
1232.25
1250.7
1269.15
1287.6
1306.05
1324.5
1342.95
1361.4
1379.8
1398.25
1416.7
1435.15
1453.6
1472.05
1490.5
1508.95
1527.4
1545.85
1564.3
1582.75
1601.2
1619.65
1638.1
1656.55
1674.95
1693.4
1711.85
1730.3
1748.75
1767.2
1785.65
1804.1
1822.55
1841
1859.45
1877.9
1896.35
1914.8
1933.25
1951.7
1970.1
1988.55
2007
2025.45
2043.9
2062.35
2080.8
2099.25
2117.7
2136.15
2154.6
2173.05
2191.5
2209.95
2228.4
2246.85
2265.3
2283.7
2302.15
2320.6
2339.05
2357.5
2375.95
2394.4
2412.85
2431.3
2449.75
2468.2
2486.65
2505.1
2523.55
2542
2560.45
2578.85
2597.3
2615.75
2634.2
2652.65
2671.1
2689.55
2708
2726.45
2744.9
2763.35
2781.8
2800.25
2818.7
2837.15
2855.6
2874
2892.45
2910.9
2929.35
2947.8
2966.25
2984.7
3003.15
3021.6
3040.05
3058.5
3076.95
3095.4
3113.85
3132.3
3150.75
3169.15
3187.6
3206.05
3224.5
3242.95
3261.4
3279.85
3298.3
3316.75
3335.2
3353.65
3372.1
3390.55
3409
3427.45
3445.9
3464.35
3482.75
3501.2
3519.65
3538.1
3556.55
3575
3593.45
3611.9
3630.35
3648.8
3667.25
3685.7
3704.15
3722.6
3741.05
3759.5
3777.9
3796.35
3814.8
3833.25
3851.7
3870.15
3888.6
3907.05
3925.5
3943.95
3962.4
3980.85
3999.3
4017.75
4036.2
4054.65
4073.05
4091.5
4109.95
4128.4
4146.85
4165.3
4183.75
4202.2
4220.65
4239.1
4257.55
4276
4294.45
4312.9
4331.35
4349.8
4368.25
4386.65
4405.1
4423.55
4442
4460.45
4478.9
4497.35
4515.8
4534.25
4552.7
4571.15
4589.6
4608.05
4626.5
4644.95
4663.4
4681.8
4700.25
4718.7
4737.15
4755.6
4774.05
4792.5
4810.95
4829.4
4847.85
4866.3
4884.75
4903.2
4921.65
4940.1
4958.55
4976.95
-1000
0.05
25.45
46.5
66.75
86.4
105.6
124.45
143.15
161.8
180.35
198.95
217.5
236.05
254.55
273
291.5
309.95
328.4
346.85
365.35
383.8
402.25
420.6
439
457.4
475.8
494.3
512.8
531.25
549.75
568.2
586.65
605.1
623.6
642.05
660.5
678.95
697.4
715.75
734.15
752.55
770.95
789.45
807.95
826.4
844.9
863.35
881.8
900.25
918.75
937.2
955.65
974.1
992.55
1011
1029.35
1047.75
1066.15
1084.65
1103.1
1121.6
1140.05
1158.5
1176.95
1195.45
1213.9
1232.35
1250.8
1269.25
1287.7
1306.15
1324.5
1342.9
1361.3
1379.7
1398.2
1416.7
1435.15
1453.65
1472.1
1490.55
1509
1527.5
1545.95
1564.4
1582.85
1601.3
1619.65
1638.05
1656.45
1674.85
1693.35
1711.85
1730.3
1748.8
1767.25
1785.7
1804.15
1822.65
1841.1
1859.55
1878
1896.45
1914.8
1933.2
1951.6
1970
1988.5
2007
2025.45
2043.95
2062.4
2080.85
2099.3
2117.8
2136.25
2154.7
2173.15
2191.6
2210.05
2228.4
2246.8
2265.2
2283.65
2302.15
2320.65
2339.1
2357.55
2376
2394.45
2412.95
2431.4
2449.85
2468.3
2486.75
2505.2
2523.55
2541.95
2560.35
2578.75
2597.25
2615.75
2634.2
2652.7
2671.15
2689.6
2708.05
2726.55
2745
2763.45
2781.9
2800.35
2818.7
2837.1
2855.5
2873.9
2892.4
2910.9
2929.35
2947.85
2966.3
2984.75
3003.2
3021.7
3040.15
3058.6
3077.05
3095.5
3113.95
3132.3
3150.7
3169.1
3187.6
3206.05
3224.55
3243
3261.45
3279.9
3298.4
3316.85
3335.3
3353.75
3372.2
3390.65
3409.1
3427.45
3445.85
3464.25
3482.65
3501.15
3519.65
3538.15
3556.6
3575.05
3593.5
3611.95
3630.45
3648.9
3667.35
3685.8
3704.25
3722.6
3741
3759.4
3777.8
3796.3
3814.8
3833.25
3851.75
3870.2
3888.65
3907.1
3925.6
3944.05
3962.5
3980.95
3999.4
4017.75
4036.15
4054.55
4072.95
4091.45
4109.95
4128.4
4146.9
4165.35
4183.8
4202.25
4220.75
4239.2
4257.65
4276.1
4294.55
4313
4331.35
4349.75
4368.15
4386.65
4405.1
4423.6
4442.05
4460.5
4478.95
4497.45
4515.9
4534.35
4552.8
4571.25
4589.7
4608.15
4626.5
4644.9
4663.3
4681.7
4700.2
4718.7
4737.15
4755.65
4774.1
4792.55
4811
4829.5
4847.95
4866.4
4884.85
4903.3
4921.65
4940.05
4958.45
4976.85
4995.35
