0.05
17.9
39.85
61.85
83.85
105.85
127.85
149.85
171.85
193.85
215.85
237.85
259.85
281.85
303.85
325.8
347.8
369.8
391.8
413.8
435.8
457.8
479.8
501.8
523.8
545.8
567.8
589.8
611.75
633.75
655.75
677.75
699.75
721.75
743.75
765.75
787.75
809.75
831.75
853.75
875.7
897.7
919.7
941.7
963.7
985.7
1007.7
1029.7
1051.7
1073.7
1095.7
1117.7
1139.7
1161.65
1183.65
1205.65
1227.65
1249.65
1271.65
1293.65
1315.65
1337.65
1359.65
1381.65
1403.65
1425.65
1447.6
1469.6
1491.6
1513.6
1535.6
1557.6
1579.6
1601.6
1623.6
1645.6
1667.6
1689.6
1711.55
1733.55
1755.55
1777.55
1799.55
1821.55
1843.55
1865.55
1887.55
1909.55
1931.55
1953.55
1975.55
1997.5
2019.5
2041.5
2063.5
2085.5
2107.5
2129.5
2151.5
2173.5
2195.5
2217.5
2239.5
2261.5
2283.45
2305.45
2327.45
2349.45
2371.45
2393.45
2415.45
2437.45
2459.45
2481.45
2503.45
2525.45
2547.4
2569.4
2591.4
2613.4
2635.4
2657.4
2679.4
2701.4
2723.4
2745.4
2767.4
2789.4
2811.4
2833.35
2855.35
2877.35
2899.35
2921.35
2943.35
2965.35
2987.35
3009.35
3031.35
3053.35
3075.35
3097.35
3119.3
3141.3
3163.3
3185.3
3207.3
3229.3
3251.3
3273.3
3295.3
3317.3
3339.3
3361.3
3383.25
3405.25
3427.25
3449.25
3471.25
3493.25
3515.25
3537.25
3559.25
3581.25
3603.25
3625.25
3647.25
3669.2
3691.2
3713.2
3735.2
3757.2
3779.2
3801.2
3823.2
3845.2
3867.2
3889.2
3911.2
3933.2
3955.15
3977.15
3999.15
4021.15
4043.15
4065.15
4087.15
4109.15
4131.15
4153.15
4175.15
4197.15
4219.15
4241.1
4263.1
4285.1
4307.1
4329.1
4351.1
4373.1
4395.1
4417.1
4439.1
4461.1
4483.1
4505.05
4527.05
4549.05
4571.05
4593.05
4615.05
4637.05
4659.05
4681.05
4703.05
4725.05
4747.05
4769.05
4791
4813
4835
4857
4879
4901
4923
4945
4967
4989
-1000
0.05
26
46.9
67.6
88.85
110.45
132.2
154
175.95
197.9
219.85
241.8
263.8
285.75
307.7
329.65
351.65
373.7
395.7
417.7
439.75
461.75
483.75
505.75
527.75
549.75
571.7
593.65
615.65
637.65
659.65
681.65
703.7
725.7
747.7
769.7
791.7
813.7
835.7
857.65
879.6
901.6
923.6
945.6
967.6
989.65
1011.65
1033.65
1055.65
1077.65
1099.65
1121.65
1143.6
1165.55
1187.55
1209.55
1231.55
1253.55
1275.6
1297.6
1319.6
1341.6
1363.6
1385.6
1407.55
1429.5
1451.5
1473.5
1495.5
1517.5
1539.55
1561.55
1583.55
1605.55
1627.55
1649.55
1671.55
1693.5
1715.45
1737.45
1759.45
1781.45
1803.45
1825.5
1847.5
1869.5
1891.5
1913.5
1935.5
1957.5
1979.45
2001.4
2023.4
2045.4
2067.4
2089.4
2111.45
2133.45
2155.45
2177.45
2199.45
2221.45
2243.4
2265.35
2287.3
2309.3
2331.35
2353.35
2375.35
2397.4
2419.4
2441.4
2463.4
2485.4
2507.4
2529.35
2551.3
2573.3
2595.3
2617.3
2639.3
2661.35
2683.35
2705.35
2727.35
2749.35
2771.35
2793.35
2815.3
2837.25
2859.25
2881.25
2903.25
2925.25
2947.3
2969.3
2991.3
3013.3
3035.3
3057.3
3079.25
3101.2
3123.15
3145.15
3167.2
3189.2
3211.2
3233.25
3255.25
3277.25
3299.25
3321.25
3343.25
3365.2
3387.15
3409.15
3431.15
3453.15
3475.15
3497.2
3519.2
3541.2
3563.2
3585.2
3607.2
3629.2
3651.15
3673.1
3695.1
3717.1
3739.1
3761.1
3783.15
3805.15
3827.15
3849.15
3871.15
3893.15
3915.1
3937.05
3959
3981
4003.05
4025.05
4047.05
4069.1
4091.1
4113.1
4135.1
4157.1
4179.1
4201.05
4223
4245
4267
4289
4311
4333.05
4355.05
4377.05
4399.05
4421.05
4443.05
4465.05
4487
4508.95
4530.95
4552.95
4574.95
4596.95
4619
4641
4663
4685
4707
4729
4751
4772.95
4794.9
4816.9
4838.9
4860.9
4882.9
4904.95
4926.95
4948.95
4970.95
4992.95
