0.05
15.9
35.7
55.45
75.2
95
114.75
134.55
154.3
174.1
193.85
213.6
233.4
253.15
272.95
292.7
312.45
332.25
352
371.8
391.55
411.35
431.1
450.85
470.65
490.4
510.2
529.95
549.7
569.5
589.25
609.05
628.8
648.6
668.35
688.1
707.9
727.65
747.45
767.2
787
806.75
826.5
846.3
866.05
885.85
905.6
925.35
945.15
964.9
984.7
1004.45
1024.25
1044
1063.75
1083.55
1103.3
1123.1
1142.85
1162.6
1182.4
1202.15
1221.95
1241.7
1261.5
1281.25
1301
1320.8
1340.55
1360.35
1380.1
1399.85
1419.65
1439.4
1459.2
1478.95
1498.75
1518.5
1538.25
1558.05
1577.8
1597.6
1617.35
1637.1
1656.9
1676.65
1696.45
1716.2
1736
1755.75
1775.5
1795.3
1815.05
1834.85
1854.6
1874.35
1894.15
1913.9
1933.7
1953.45
1973.25
1993
2012.75
2032.55
2052.3
2072.1
2091.85
2111.6
2131.4
2151.15
2170.95
2190.7
2210.5
2230.25
2250
2269.8
2289.55
2309.35
2329.1
2348.85
2368.65
2388.4
2408.2
2427.95
2447.75
2467.5
2487.25
2507.05
2526.8
2546.6
2566.35
2586.15
2605.9
2625.65
2645.45
2665.2
2685
2704.75
2724.5
2744.3
2764.05
2783.85
2803.6
2823.4
2843.15
2862.9
2882.7
2902.45
2922.25
2942
2961.75
2981.55
3001.3
3021.1
3040.85
3060.65
3080.4
3100.15
3119.95
3139.7
3159.5
3179.25
3199
3218.8
3238.55
3258.35
3278.1
3297.9
3317.65
3337.4
3357.2
3376.95
3396.75
3416.5
3436.25
3456.05
3475.8
3495.6
3515.35
3535.15
3554.9
3574.65
3594.45
3614.2
3634
3653.75
3673.5
3693.3
3713.05
3732.85
3752.6
3772.4
3792.15
3811.9
3831.7
3851.45
3871.25
3891
3910.75
3930.55
3950.3
3970.1
3989.85
4009.65
4029.4
4049.15
4068.95
4088.7
4108.5
4128.25
4148
4167.8
4187.55
4207.35
4227.1
4246.9
4266.65
4286.4
4306.2
4325.95
4345.75
4365.5
4385.25
4405.05
4424.8
4444.6
4464.35
4484.15
4503.9
4523.65
4543.45
4563.2
4583
4602.75
4622.55
4642.3
4662.05
4681.85
4701.6
4721.4
4741.15
4760.9
4780.7
4800.45
4820.25
4840
4859.8
4879.55
4899.3
4919.1
4938.85
4958.65
4978.4
-1000
0.05
26
44.1
62.45
81.35
100.55
120
139.55
159.2
178.9
198.55
218.3
238.05
257.85
277.6
297.3
317.1
336.9
356.7
376.45
396.25
416
435.7
455.5
475.3
495.1
514.85
534.55
554.35
574.15
593.95
613.7
633.5
653.25
672.95
692.75
712.55
732.35
752.1
771.8
791.6
811.4
831.2
850.95
870.75
890.5
910.2
930
949.8
969.6
989.35
1009.05
1028.85
1048.6
1068.4
1088.2
1107.95
1127.75
1147.45
1167.25
1187.05
1206.85
1226.6
1246.3
1266.1
1285.85
1305.65
1325.45
1345.2
1365
1384.7
1404.5
1424.3
1444.1
1463.85
1483.55
1503.35
1523.1
1542.9
1562.7
1582.45
1602.25
1621.95
1641.75
1661.55
1681.35
1701.1
1720.8
1740.6
1760.35
1780.15
1799.95
1819.7
1839.5
1859.2
1879
1898.8
1918.6
1938.35
1958.05
1977.85
1997.6
2017.4
2037.2
2056.95
2076.75
2096.45
2116.25
2136.05
2155.85
2175.6
2195.4
2215.15
2234.85
2254.65
2274.45
2294.25
2314
2333.7
2353.5
2373.3
2393.1
2412.85
2432.65
2452.4
2472.1
2491.9
2511.7
2531.5
2551.25
2570.95
2590.75
2610.55
2630.35
2650.1
2669.9
2689.65
2709.35
2729.15
2748.95
2768.75
2788.5
2808.2
2828
2847.8
2867.6
2887.35
2907.15
2926.9
2946.6
2966.4
2986.2
3006
3025.75
3045.45
3065.25
3085
3104.8
3124.6
3144.35
3164.15
3183.85
3203.65
3223.45
3243.25
3263
3282.7
3302.5
3322.25
3342.05
3361.85
3381.6
3401.4
3421.1
3440.9
3460.7
3480.5
3500.25
3519.95
3539.75
3559.5
3579.3
3599.1
3618.85
3638.65
3658.35
3678.15
3697.95
3717.75
3737.5
3757.2
3777
3796.75
3816.55
3836.35
3856.1
3875.9
3895.6
3915.4
3935.2
3955
3974.75
3994.55
4014.3
4034
4053.8
4073.6
4093.4
4113.15
4132.85
4152.65
4172.45
4192.25
4212
4231.8
4251.55
4271.25
4291.05
4310.85
4330.65
4350.4
4370.1
4389.9
4409.7
4429.5
4449.25
4469.05
4488.8
4508.5
4528.3
4548.1
4567.9
4587.65
4607.35
4627.15
4646.95
4666.75
4686.5
4706.3
4726.05
4745.75
4765.55
4785.35
4805.15
4824.9
4844.6
4864.4
4884.15
4903.95
4923.75
4943.5
4963.3
4983
