0.05
16.9
37.75
58.6
79.5
100.35
121.25
142.1
162.95
183.85
204.7
225.6
246.45
267.3
288.2
309.05
329.95
350.8
371.65
392.55
413.4
434.3
455.15
476
496.9
517.75
538.65
559.5
580.35
601.25
622.1
643
663.85
684.7
705.6
726.45
747.35
768.2
789.05
809.95
830.8
851.7
872.55
893.4
914.3
935.15
956.05
976.9
997.75
1018.65
1039.5
1060.4
1081.25
1102.1
1123
1143.85
1164.75
1185.6
1206.45
1227.35
1248.2
1269.1
1289.95
1310.85
1331.7
1352.55
1373.45
1394.3
1415.2
1436.05
1456.9
1477.8
1498.65
1519.55
1540.4
1561.25
1582.15
1603
1623.9
1644.75
1665.6
1686.5
1707.35
1728.25
1749.1
1769.95
1790.85
1811.7
1832.6
1853.45
1874.3
1895.2
1916.05
1936.95
1957.8
1978.65
1999.55
2020.4
2041.3
2062.15
2083
2103.9
2124.75
2145.65
2166.5
2187.35
2208.25
2229.1
2250
2270.85
2291.7
2312.6
2333.45
2354.35
2375.2
2396.05
2416.95
2437.8
2458.7
2479.55
2500.4
2521.3
2542.15
2563.05
2583.9
2604.75
2625.65
2646.5
2667.4
2688.25
2709.1
2730
2750.85
2771.75
2792.6
2813.45
2834.35
2855.2
2876.1
2896.95
2917.8
2938.7
2959.55
2980.45
3001.3
3022.15
3043.05
3063.9
3084.8
3105.65
3126.5
3147.4
3168.25
3189.15
3210
3230.85
3251.75
3272.6
3293.5
3314.35
3335.2
3356.1
3376.95
3397.85
3418.7
3439.55
3460.45
3481.3
3502.2
3523.05
3543.9
3564.8
3585.65
3606.55
3627.4
3648.25
3669.15
3690
3710.9
3731.75
3752.6
3773.5
3794.35
3815.25
3836.1
3856.95
3877.85
3898.7
3919.6
3940.45
3961.3
3982.2
4003.05
4023.95
4044.8
4065.65
4086.55
4107.4
4128.3
4149.15
4170
4190.9
4211.75
4232.65
4253.5
4274.35
4295.25
4316.1
4337
4357.85
4378.7
4399.6
4420.45
4441.35
4462.2
4483.1
4503.95
4524.8
4545.7
4566.55
4587.45
4608.3
4629.15
4650.05
4670.9
4691.8
4712.65
4733.5
4754.4
4775.25
4796.15
4817
4837.85
4858.75
4879.6
4900.5
4921.35
4942.2
4963.1
4983.95
-1000
0.05
26
46.35
66.25
86.55
107.15
127.8
148.5
169.3
190.15
211.05
231.9
252.7
273.55
294.45
315.35
336.2
357.05
377.9
398.8
419.7
440.55
461.4
482.25
503.15
524.05
544.9
565.75
586.6
607.5
628.4
649.25
670.1
690.95
711.85
732.75
753.6
774.45
795.3
816.2
837.1
857.95
878.8
899.65
920.55
941.45
962.3
983.15
1004
1024.9
1045.8
1066.65
1087.5
1108.35
1129.25
1150.15
1171
1191.85
1212.7
1233.6
1254.5
1275.35
1296.2
1317.05
1337.95
1358.85
1379.7
1400.55
1421.4
1442.3
1463.2
1484.05
1504.95
1525.8
1546.65
1567.55
1588.4
1609.3
1630.15
1651
1671.85
1692.75
1713.65
1734.5
1755.35
1776.2
1797.1
1818
1838.85
1859.7
1880.55
1901.45
1922.35
1943.2
1964.05
1984.9
2005.8
2026.7
2047.55
2068.4
2089.25
2110.15
2131.05
2151.9
2172.75
2193.6
2214.5
2235.4
2256.25
2277.1
2297.95
2318.85
2339.75
2360.6
2381.45
2402.3
2423.2
2444.1
2464.95
2485.8
2506.65
2527.55
2548.45
2569.3
2590.15
2611
2631.9
2652.8
2673.65
2694.5
2715.35
2736.25
2757.15
2778
2798.85
2819.7
2840.6
2861.5
2882.35
2903.2
2924.05
2944.95
2965.85
2986.7
3007.55
3028.4
3049.3
3070.2
3091.05
3111.9
3132.75
3153.65
3174.55
3195.4
3216.25
3237.1
3258
3278.9
3299.75
3320.6
3341.45
3362.35
3383.25
3404.1
3424.95
3445.8
3466.7
3487.6
3508.45
3529.3
3550.15
3571.05
3591.95
3612.8
3633.65
3654.5
3675.4
3696.3
3717.15
3738
3758.85
3779.75
3800.65
3821.5
3842.35
3863.2
3884.1
3905
3925.85
3946.7
3967.55
3988.45
4009.35
4030.2
4051.05
4071.9
4092.8
4113.7
4134.55
4155.4
4176.25
4197.15
4218.05
4238.9
4259.75
4280.6
4301.5
4322.4
4343.25
4364.1
4384.95
4405.85
4426.75
4447.6
4468.45
4489.3
4510.2
4531.1
4551.95
4572.85
4593.7
4614.55
4635.45
4656.3
4677.2
4698.05
4718.9
4739.75
4760.65
4781.55
4802.4
4823.25
4844.1
4865
4885.9
4906.75
4927.6
4948.45
4969.35
4990.25
