0.05
38
82
125.95
169.95
213.9
257.9
301.85
345.85
389.8
433.8
477.75
521.75
565.7
609.7
653.65
697.65
741.6
785.6
829.55
873.55
917.5
961.5
1005.45
1049.45
1093.4
1137.4
1181.35
1225.35
1269.3
1313.3
1357.25
1401.25
1445.2
1489.2
1533.15
1577.15
1621.1
1665.1
1709.05
1753.05
1797
1841
1885
1928.95
1972.95
2016.9
2060.9
2104.85
2148.85
2192.8
2236.8
2280.75
2324.75
2368.7
2412.7
2456.65
2500.65
2544.6
2588.6
2632.55
2676.55
2720.5
2764.5
2808.45
2852.45
2896.4
2940.4
2984.35
3028.35
3072.3
3116.3
3160.25
3204.25
3248.2
3292.2
3336.15
3380.15
3424.1
3468.1
3512.05
3556.05
3600
3644
3687.95
3731.95
3775.9
3819.9
3863.85
3907.85
3951.8
3995.8
4039.75
4083.75
4127.7
4171.7
4215.65
4259.65
4303.6
4347.6
4391.55
4435.55
4479.5
4523.5
4567.45
4611.45
4655.45
4699.4
4743.4
4787.35
4831.35
4875.3
4919.3
4963.25
-1000
0.05
26
64.95
107.05
150.15
193.7
237.45
281.3
325.2
369.15
413.05
457.05
501
544.95
588.95
632.9
676.9
720.85
764.85
808.8
852.8
896.75
940.75
984.7
1028.7
1072.65
1116.65
1160.6
1204.6
1248.55
1292.55
1336.5
1380.5
1424.45
1468.45
1512.4
1556.4
1600.35
1644.35
1688.3
1732.3
1776.25
1820.25
1864.2
1908.2
1952.15
1996.3
2040.2
2084.3
2128.2
2172.25
2216.15
2260.1
2304
2348
2391.95
2435.9
2479.9
2523.85
2567.85
2611.8
2655.8
2699.75
2743.75
2787.7
2831.7
2875.65
2919.65
2963.6
3007.6
3051.55
3095.55
3139.5
3183.5
3227.45
3271.45
3315.4
3359.4
3403.35
3447.35
3491.3
3535.3
3579.25
3623.25
3667.2
3711.2
3755.15
3799.15
3843.1
3887.1
3931.05
3975.05
4019
4063
4106.95
4150.95
4194.9
4238.9
4282.85
4326.85
4370.8
4414.8
4458.75
4502.75
4546.7
4590.7
4634.65
4678.65
4722.6
4766.75
4810.65
4854.75
4898.65
4942.7
