0.05
25.2
55.35
85.5
115.65
145.8
176
206.15
236.3
266.45
296.6
326.75
356.9
387.05
417.2
447.35
477.5
507.65
537.8
567.95
598.1
628.25
658.4
688.6
718.75
748.9
779.05
809.2
839.35
869.5
899.65
929.8
959.95
990.1
1020.25
1050.4
1080.55
1110.7
1140.85
1171
1201.2
1231.35
1261.5
1291.65
1321.8
1351.95
1382.1
1412.25
1442.4
1472.55
1502.7
1532.85
1563
1593.15
1623.3
1653.45
1683.65
1713.8
1743.95
1774.1
1804.25
1834.4
1864.55
1894.7
1924.85
1955
1985.15
2015.3
2045.45
2075.6
2105.75
2135.9
2166.05
2196.25
2226.4
2256.55
2286.7
2316.85
2347
2377.15
2407.3
2437.45
2467.6
2497.75
2527.9
2558.05
2588.2
2618.35
2648.5
2678.7
2708.85
2739
2769.15
2799.3
2829.45
2859.6
2889.75
2919.9
2950.05
2980.2
3010.35
3040.5
3070.65
3100.8
3130.95
3161.1
3191.3
3221.45
3251.6
3281.75
3311.9
3342.05
3372.2
3402.35
3432.5
3462.65
3492.8
3522.95
3553.1
3583.25
3613.4
3643.55
3673.75
3703.9
3734.05
3764.2
3794.35
3824.5
3854.65
3884.8
3914.95
3945.1
3975.25
4005.4
4035.55
4065.7
4095.85
4126
4156.15
4186.35
4216.5
4246.65
4276.8
4306.95
4337.1
4367.25
4397.4
4427.55
4457.7
4487.85
4518
4548.15
4578.3
4608.45
4638.6
4668.8
4698.95
4729.1
4759.25
4789.4
4819.55
4849.7
4879.85
4910
4940.15
4970.3
-1000
0.05
26
52.75
79
102.55
120.7
144.15
170.35
194.6
213.9
235.8
261.75
286.95
307.8
327.95
353.3
379.3
401.8
420.3
444.75
471
494.55
512.65
536.15
562.35
586.55
605.9
627.85
653.75
679.05
700.05
720
745.25
771.2
793.6
812.2
836.7
862.95
886.45
904.5
928.05
954.25
978.45
997.65
1019.75
1045.7
1070.9
1091.8
1111.9
1137.25
1163.25
1185.75
1204.25
1228.7
1254.9
1278.35
1296.4
1320
1346.25
1370.35
1389.5
1411.65
1437.65
1462.8
1483.6
1503.85
1529.2
1555.15
1577.6
1596.2
1620.65
1646.9
1670.4
1688.5
1712
1738.15
1762.2
1781.25
1803.55
1829.55
1854.65
1875.3
1895.7
1921.1
1947.05
1969.35
1988.05
2012.6
2038.8
2062.25
2080.3
2103.95
2130.15
2154.25
2173.4
2195.6
2221.55
2246.6
2267.2
2287.6
2313.05
2339
2361.25
2380
2404.55
2430.8
2454.2
2472.25
2495.9
2522.15
2546.2
2565.3
2587.55
2613.55
2638.65
2659.35
2679.7
2705.05
2730.95
2753.15
2771.9
2796.55
2822.75
2846.15
2864.15
2887.85
2914.1
2938.15
2957.2
2979.5
3005.5
3030.6
3051.2
3071.6
3097.05
3122.95
3145.3
3163.95
3188.55
3214.75
3238.1
3256.05
3279.8
3306.05
3330.05
3349
3371.4
3397.45
3422.45
3443
3463.5
3489
3514.9
3537.1
3555.85
3580.5
3606.7
3630.1
3648.1
3671.8
3698.05
3722.05
3740.9
3763.35
3789.4
3814.4
