0.05
16.9
37.75
58.6
79.5
100.35
121.25
142.1
162.95
183.85
204.7
225.6
246.45
267.3
288.2
309.05
329.95
350.8
371.65
392.55
413.4
434.3
455.15
476
496.9
517.75
538.65
559.5
580.35
601.25
622.1
643
663.85
684.7
705.6
726.45
747.35
768.2
789.05
809.95
830.8
851.7
872.55
893.4
914.3
935.15
956.05
976.9
997.75
1018.65
1039.5
1060.4
1081.25
1102.1
1123
1143.85
1164.75
1185.6
1206.45
1227.35
1248.2
1269.1
1289.95
1310.85
1331.7
1352.55
1373.45
1394.3
1415.2
1436.05
1456.9
1477.8
1498.65
1519.55
1540.4
1561.25
1582.15
1603
1623.9
1644.75
1665.6
1686.5
1707.35
1728.25
1749.1
1769.95
1790.85
1811.7
1832.6
1853.45
1874.3
1895.2
1916.05
1936.95
1957.8
1978.65
1999.55
2020.4
2041.3
2062.15
2083
2103.9
2124.75
2145.65
2166.5
2187.35
2208.25
2229.1
2250
2270.85
2291.7
2312.6
2333.45
2354.35
2375.2
2396.05
2416.95
2437.8
2458.7
2479.55
2500.4
2521.3
2542.15
2563.05
2583.9
2604.75
2625.65
2646.5
2667.4
2688.25
2709.1
2730
2750.85
2771.75
2792.6
2813.45
2834.35
2855.2
2876.1
2896.95
2917.8
2938.7
2959.55
2980.45
3001.3
3022.15
3043.05
3063.9
3084.8
3105.65
3126.5
3147.4
3168.25
3189.15
3210
3230.85
3251.75
3272.6
3293.5
3314.35
3335.2
3356.1
3376.95
3397.85
3418.7
3439.55
3460.45
3481.3
3502.2
3523.05
3543.9
3564.8
3585.65
3606.55
3627.4
3648.25
3669.15
3690
3710.9
3731.75
3752.6
3773.5
3794.35
3815.25
3836.1
3856.95
3877.85
3898.7
3919.6
3940.45
3961.3
3982.2
4003.05
4023.95
4044.8
4065.65
4086.55
4107.4
4128.3
4149.15
4170
4190.9
4211.75
4232.65
4253.5
4274.35
4295.25
4316.1
4337
4357.85
4378.7
4399.6
4420.45
4441.35
4462.2
4483.1
4503.95
4524.8
4545.7
4566.55
4587.45
4608.3
4629.15
4650.05
4670.9
4691.8
4712.65
4733.5
4754.4
4775.25
4796.15
4817
4837.85
4858.75
4879.6
4900.5
4921.35
4942.2
4963.1
4983.95
-1000
0.05
24.5
46.6
68.35
89.8
111
132.05
153.05
174
194.95
215.8
236.65
257.55
278.45
299.35
320.2
341.05
361.9
382.8
403.7
424.55
445.4
466.25
487.15
508.05
528.9
549.75
570.6
591.5
612.4
633.25
654.1
674.95
695.85
716.75
737.6
758.45
779.3
800.2
821.1
841.95
862.8
883.65
904.55
925.45
946.3
967.15
988
1008.9
1029.8
1050.65
1071.5
1092.35
1113.25
1134.15
1155
1175.85
1196.7
1217.6
1238.5
1259.35
1280.2
1301.05
1321.95
1342.85
1363.7
1384.55
1405.4
1426.3
1447.2
1468.05
1488.95
1509.8
1530.65
1551.55
1572.4
1593.3
1614.15
1635
1655.85
1676.75
1697.65
1718.5
1739.35
1760.2
1781.1
1802
1822.85
1843.7
1864.55
1885.45
1906.35
1927.2
1948.05
1968.9
1989.8
2010.7
2031.55
2052.4
2073.25
2094.15
2115.05
2135.9
2156.75
2177.6
2198.5
2219.4
2240.25
2261.1
2281.95
2302.85
2323.75
2344.6
2365.45
2386.3
2407.2
2428.1
2448.95
2469.8
2490.65
2511.55
2532.45
2553.3
2574.15
2595
2615.9
2636.8
2657.65
2678.5
2699.35
2720.25
2741.15
2762
2782.85
2803.7
2824.6
2845.5
2866.35
2887.2
2908.05
2928.95
2949.85
2970.7
2991.55
3012.4
3033.3
3054.2
3075.05
3095.9
3116.75
3137.65
3158.55
3179.4
3200.25
3221.1
3242
3262.9
3283.75
3304.6
3325.45
3346.35
3367.25
3388.1
3408.95
3429.8
3450.7
3471.6
3492.45
3513.3
3534.15
3555.05
3575.95
3596.8
3617.65
3638.5
3659.4
3680.3
3701.15
3722
3742.85
3763.75
3784.65
3805.5
3826.35
3847.2
3868.1
3889
3909.85
3930.7
3951.55
3972.45
3993.35
4014.2
4035.05
4055.9
4076.8
4097.7
4118.55
4139.4
4160.25
4181.15
4202.05
4222.9
4243.75
4264.6
4285.5
4306.4
4327.25
4348.1
4368.95
4389.85
4410.75
4431.6
4452.45
4473.3
4494.2
4515.1
4535.95
4556.85
4577.7
4598.55
4619.45
4640.3
4661.2
4682.05
4702.9
4723.75
4744.65
4765.55
4786.4
4807.25
4828.1
4849
4869.9
4890.75
4911.6
4932.45
4953.35
4974.25
4995.1
