0.05
17.1
38.2
59.3
80.4
101.5
122.65
143.75
164.85
185.95
207.05
228.15
249.3
270.4
291.5
312.6
333.7
354.8
375.95
397.05
418.15
439.25
460.35
481.45
502.6
523.7
544.8
565.9
587
608.1
629.25
650.35
671.45
692.55
713.65
734.75
755.9
777
798.1
819.2
840.3
861.4
882.5
903.65
924.75
945.85
966.95
988.05
1009.15
1030.3
1051.4
1072.5
1093.6
1114.7
1135.8
1156.95
1178.05
1199.15
1220.25
1241.35
1262.45
1283.6
1304.7
1325.8
1346.9
1368
1389.1
1410.25
1431.35
1452.45
1473.55
1494.65
1515.75
1536.9
1558
1579.1
1600.2
1621.3
1642.4
1663.5
1684.65
1705.75
1726.85
1747.95
1769.05
1790.15
1811.3
1832.4
1853.5
1874.6
1895.7
1916.8
1937.95
1959.05
1980.15
2001.25
2022.35
2043.45
2064.6
2085.7
2106.8
2127.9
2149
2170.1
2191.25
2212.35
2233.45
2254.55
2275.65
2296.75
2317.9
2339
2360.1
2381.2
2402.3
2423.4
2444.5
2465.65
2486.75
2507.85
2528.95
2550.05
2571.15
2592.3
2613.4
2634.5
2655.6
2676.7
2697.8
2718.95
2740.05
2761.15
2782.25
2803.35
2824.45
2845.6
2866.7
2887.8
2908.9
2930
2951.1
2972.25
2993.35
3014.45
3035.55
3056.65
3077.75
3098.9
3120
3141.1
3162.2
3183.3
3204.4
3225.5
3246.65
3267.75
3288.85
3309.95
3331.05
3352.15
3373.3
3394.4
3415.5
3436.6
3457.7
3478.8
3499.95
3521.05
3542.15
3563.25
3584.35
3605.45
3626.6
3647.7
3668.8
3689.9
3711
3732.1
3753.25
3774.35
3795.45
3816.55
3837.65
3858.75
3879.9
3901
3922.1
3943.2
3964.3
3985.4
4006.5
4027.65
4048.75
4069.85
4090.95
4112.05
4133.15
4154.3
4175.4
4196.5
4217.6
4238.7
4259.8
4280.95
4302.05
4323.15
4344.25
4365.35
4386.45
4407.6
4428.7
4449.8
4470.9
4492
4513.1
4534.25
4555.35
4576.45
4597.55
4618.65
4639.75
4660.9
4682
4703.1
4724.2
4745.3
4766.4
4787.5
4808.65
4829.75
4850.85
4871.95
4893.05
4914.15
4935.3
4956.4
4977.5
-1000
0.05
25.6
48.1
70.3
92.15
113.7
135.05
156.35
177.55
198.75
219.9
241
262.1
283.25
304.35
325.5
346.6
367.7
388.75
409.9
431.05
452.15
473.25
494.35
515.4
536.55
557.7
578.8
599.9
621
642.05
663.15
684.3
705.4
726.55
747.65
768.75
789.8
810.95
832.1
853.2
874.3
895.4
916.45
937.6
958.75
979.85
1000.95
1022.05
1043.1
1064.25
1085.4
1106.5
1127.6
1148.7
1169.75
1190.9
1212.05
1233.15
1254.25
1275.35
1296.4
1317.55
1338.7
1359.8
1380.9
1402
1423.05
1444.15
1465.3
1486.4
1507.55
1528.65
1549.75
1570.8
1591.95
1613.1
1634.2
1655.3
1676.4
1697.45
1718.6
1739.75
1760.85
1781.95
1803.05
1824.1
1845.25
1866.4
1887.5
1908.6
1929.7
1950.75
1971.9
1993.05
2014.15
2035.25
2056.35
2077.4
2098.55
2119.7
2140.8
2161.9
2183
2204.05
2225.15
2246.3
2267.4
2288.55
2309.65
2330.75
2351.8
2372.95
2394.1
2415.2
2436.3
2457.4
2478.45
2499.6
2520.75
2541.85
2562.95
2584.05
2605.1
2626.25
2647.4
2668.5
2689.6
2710.7
2731.75
2752.9
2774.05
2795.15
2816.25
2837.35
2858.4
2879.55
2900.7
2921.8
2942.9
2964
2985.05
3006.15
3027.3
3048.4
3069.55
3090.65
3111.75
3132.8
3153.95
3175.1
3196.2
3217.3
3238.4
3259.45
3280.6
3301.75
3322.85
3343.95
3365.05
3386.1
3407.25
3428.4
3449.5
3470.6
3491.7
3512.75
3533.9
3555.05
3576.15
3597.25
3618.35
3639.4
3660.55
3681.7
3702.8
3723.9
3745
3766.05
3787.15
3808.3
3829.4
3850.55
3871.65
3892.75
3913.8
3934.95
3956.1
3977.2
3998.3
4019.4
4040.45
4061.6
4082.75
4103.85
4124.95
4146.05
4167.1
4188.25
4209.4
4230.5
4251.6
4272.7
4293.75
4314.9
4336.05
4357.15
4378.25
4399.35
4420.4
4441.55
4462.7
4483.8
4504.9
4526
4547.05
4568.15
4589.3
4610.4
4631.55
4652.65
4673.75
4694.8
4715.95
4737.1
4758.2
4779.3
4800.4
4821.45
4842.6
4863.75
4884.85
4905.95
4927.05
4948.1
4969.25
4990.4
