0.05
16.5
36.9
57.3
77.7
98.15
118.55
138.95
159.35
179.8
200.2
220.6
241
261.45
281.85
302.25
322.65
343.1
363.5
383.9
404.3
424.75
445.15
465.55
485.95
506.4
526.8
547.2
567.65
588.05
608.45
628.85
649.3
669.7
690.1
710.5
730.95
751.35
771.75
792.15
812.6
833
853.4
873.8
894.25
914.65
935.05
955.45
975.9
996.3
1016.7
1037.1
1057.55
1077.95
1098.35
1118.8
1139.2
1159.6
1180
1200.45
1220.85
1241.25
1261.65
1282.1
1302.5
1322.9
1343.3
1363.75
1384.15
1404.55
1424.95
1445.4
1465.8
1486.2
1506.6
1527.05
1547.45
1567.85
1588.25
1608.7
1629.1
1649.5
1669.9
1690.35
1710.75
1731.15
1751.6
1772
1792.4
1812.8
1833.25
1853.65
1874.05
1894.45
1914.9
1935.3
1955.7
1976.1
1996.55
2016.95
2037.35
2057.75
2078.2
2098.6
2119
2139.4
2159.85
2180.25
2200.65
2221.05
2241.5
2261.9
2282.3
2302.7
2323.15
2343.55
2363.95
2384.4
2404.8
2425.2
2445.6
2466.05
2486.45
2506.85
2527.25
2547.7
2568.1
2588.5
2608.9
2629.35
2649.75
2670.15
2690.55
2711
2731.4
2751.8
2772.2
2792.65
2813.05
2833.45
2853.85
2874.3
2894.7
2915.1
2935.55
2955.95
2976.35
2996.75
3017.2
3037.6
3058
3078.4
3098.85
3119.25
3139.65
3160.05
3180.5
3200.9
3221.3
3241.7
3262.15
3282.55
3302.95
3323.35
3343.8
3364.2
3384.6
3405
3425.45
3445.85
3466.25
3486.65
3507.1
3527.5
3547.9
3568.35
3588.75
3609.15
3629.55
3650
3670.4
3690.8
3711.2
3731.65
3752.05
3772.45
3792.85
3813.3
3833.7
3854.1
3874.5
3894.95
3915.35
3935.75
3956.15
3976.6
3997
4017.4
4037.8
4058.25
4078.65
4099.05
4119.5
4139.9
4160.3
4180.7
4201.15
4221.55
4241.95
4262.35
4282.8
4303.2
4323.6
4344
4364.45
4384.85
4405.25
4425.65
4446.1
4466.5
4486.9
4507.3
4527.75
4548.15
4568.55
4588.95
4609.4
4629.8
4650.2
4670.6
4691.05
4711.45
4731.85
4752.3
4772.7
4793.1
4813.5
4833.95
4854.35
4874.75
4895.15
4915.6
4936
4956.4
4976.8
-1000
0.05
26
47.25
67.25
87.35
107.6
127.9
148.25
168.65
189.05
209.4
229.85
250.25
270.65
291.05
311.45
331.9
352.3
372.7
393.1
413.55
433.95
454.4
474.8
495.25
515.65
536.05
556.5
576.9
597.25
617.7
638.1
658.5
678.9
699.3
719.75
740.15
760.55
780.95
801.4
821.8
842.2
862.6
883.05
903.45
923.85
944.25
964.7
985.1
1005.5
1025.9
1046.35
1066.75
1087.2
1107.6
1128.05
1148.45
1168.85
1189.3
1209.7
1230.05
1250.5
1270.9
1291.3
1311.7
1332.1
1352.55
1372.95
1393.35
1413.75
1434.2
1454.6
1475
1495.4
1515.85
1536.25
1556.65
1577.05
1597.5
1617.9
1638.3
1658.7
1679.15
1699.55
1720
1740.4
1760.85
1781.2
1801.65
1822.05
1842.45
1862.85
1883.25
1903.7
1924.1
1944.5
1964.9
1985.35
2005.75
2026.15
2046.55
2067
2087.4
2107.8
2128.2
2148.65
2169.05
2189.45
2209.85
2230.3
2250.7
2271.15
2291.55
2312
2332.4
2352.8
2373.25
2393.65
2414
2434.45
2454.85
2475.25
2495.65
2516.05
2536.5
2556.9
2577.3
2597.7
2618.15
2638.55
2658.95
2679.35
2699.8
2720.2
2740.6
2761
2781.45
2801.85
2822.25
2842.65
2863.1
2883.5
2903.95
2924.35
2944.8
2965.2
2985.6
3006.05
3026.45
3046.8
3067.25
3087.65
3108.05
3128.45
3148.85
3169.3
3189.7
3210.1
3230.5
3250.95
3271.35
3291.75
3312.15
3332.6
3353
3373.4
3393.8
3414.25
3434.65
3455.1
3475.5
3495.95
3516.35
3536.75
3557.2
3577.6
3597.95
3618.4
3638.8
3659.2
3679.6
3700
3720.45
3740.85
3761.25
3781.65
3802.1
3822.5
3842.9
3863.3
3883.75
3904.15
3924.55
3944.95
3965.4
3985.8
4006.2
4026.6
4047.05
4067.45
4087.9
4108.3
4128.75
4149.15
4169.55
4190
4210.4
4230.75
4251.2
4271.6
4292
4312.4
4332.8
4353.25
4373.65
4394.05
4414.45
4434.9
4455.3
4475.7
4496.1
4516.55
4536.95
4557.35
4577.75
4598.2
4618.6
4639
4659.4
4679.85
4700.25
4720.7
4741.1
4761.55
4781.9
4802.35
4822.75
4843.15
4863.55
4883.95
4904.4
4924.8
4945.2
4965.6
4986.05
