0.05
21.55
47.6
73.7
99.8
125.9
151.95
178.05
204.15
230.2
256.3
282.4
308.5
334.55
360.65
386.75
412.85
438.9
465
491.1
517.2
543.25
569.35
595.45
621.5
647.6
673.7
699.8
725.85
751.95
778.05
804.15
830.2
856.3
882.4
908.5
934.55
960.65
986.75
1012.8
1038.9
1065
1091.1
1117.15
1143.25
1169.35
1195.45
1221.5
1247.6
1273.7
1299.75
1325.85
1351.95
1378.05
1404.1
1430.2
1456.3
1482.4
1508.45
1534.55
1560.65
1586.75
1612.8
1638.9
1665
1691.05
1717.15
1743.25
1769.35
1795.4
1821.5
1847.6
1873.7
1899.75
1925.85
1951.95
1978
2004.1
2030.2
2056.3
2082.35
2108.45
2134.55
2160.65
2186.7
2212.8
2238.9
2265
2291.05
2317.15
2343.25
2369.3
2395.4
2421.5
2447.6
2473.65
2499.75
2525.85
2551.95
2578
2604.1
2630.2
2656.3
2682.35
2708.45
2734.55
2760.6
2786.7
2812.8
2838.9
2864.95
2891.05
2917.15
2943.25
2969.3
2995.4
3021.5
3047.55
3073.65
3099.75
3125.85
3151.9
3178
3204.1
3230.2
3256.25
3282.35
3308.45
3334.55
3360.6
3386.7
3412.8
3438.85
3464.95
3491.05
3517.15
3543.2
3569.3
3595.4
3621.5
3647.55
3673.65
3699.75
3725.8
3751.9
3778
3804.1
3830.15
3856.25
3882.35
3908.45
3934.5
3960.6
3986.7
4012.8
4038.85
4064.95
4091.05
4117.1
4143.2
4169.3
4195.4
4221.45
4247.55
4273.65
4299.75
4325.8
4351.9
4378
4404.05
4430.15
4456.25
4482.35
4508.4
4534.5
4560.6
4586.7
4612.75
4638.85
4664.95
4691.05
4717.1
4743.2
4769.3
4795.35
4821.45
4847.55
4873.65
4899.7
4925.8
4951.9
4978
-1000
0.05
26
50.45
74.4
99.05
123.75
147.95
170.1
189.05
209.15
232.2
256.45
281.15
305.8
329.55
350.9
368.9
390.35
414.05
438.5
463.2
487.6
510.4
530.25
549.35
571.85
595.95
620.6
645.3
669.35
691.35
710.05
730.55
753.7
778.05
802.8
827.35
850.9
871.9
890.05
911.8
935.6
960.15
984.85
1009.2
1031.9
1051.55
1070.9
1093.5
1117.6
1142.25
1166.9
1190.9
1212.65
1230.9
1251.8
1275.2
1299.65
1324.35
1348.9
1372.2
1392.85
1411.3
1433.3
1457.15
1481.75
1506.45
1530.7
1553.05
1572.3
1592.1
1614.9
1639.15
1663.85
1688.45
1712.3
1733.8
1751.8
1773.1
1796.65
1821.15
1845.85
1870.3
1893.25
1913.25
1932.2
1954.6
1978.65
2003.25
2027.95
2052.15
2074.2
2093.05
2113.3
2136.45
2160.75
2185.45
2210
2233.6
2254.75
2272.85
2294.45
2318.2
2342.75
2367.45
2391.8
2414.5
2434.2
2453.5
2476.15
2500.25
2524.9
2549.6
2573.65
2595.45
2614.05
2634.65
2657.95
2682.3
2707.05
2731.6
2755.1
2776
2794.2
2816.05
2839.85
2864.4
2889.1
2913.4
2935.9
2955.3
2974.8
2997.6
3021.8
3046.5
3071.15
3095.1
3116.75
3134.85
3155.95
3179.4
3203.85
3228.6
3253.1
3276.25
3296.65
3315.3
3337.45
3361.4
3386
3410.7
3434.95
3457.2
3476.3
3496.25
3519.2
3543.4
3568.1
3592.7
3616.45
3637.8
3655.75
3677.2
3700.9
3725.45
3750.15
3774.55
3797.45
3817.45
3836.45
3858.9
3882.95
3907.6
3932.25
3956.35
3978.35
3997.15
4017.55
4040.65
4064.95
4089.7
4114.25
4137.8
4158.9
4177.05
4198.75
4222.5
4247
4271.75
4296.05
4318.65
4338.15
