0.05
21.2
46.85
72.55
98.25
123.95
149.65
175.35
201
226.7
252.4
278.1
303.8
329.5
355.15
380.85
406.55
432.25
457.95
483.6
509.3
535
560.7
586.4
612.1
637.75
663.45
689.15
714.85
740.55
766.25
791.9
817.6
843.3
869
894.7
920.4
946.05
971.75
997.45
1023.15
1048.85
1074.55
1100.2
1125.9
1151.6
1177.3
1203
1228.7
1254.35
1280.05
1305.75
1331.45
1357.15
1382.85
1408.5
1434.2
1459.9
1485.6
1511.3
1537
1562.65
1588.35
1614.05
1639.75
1665.45
1691.15
1716.8
1742.5
1768.2
1793.9
1819.6
1845.3
1870.95
1896.65
1922.35
1948.05
1973.75
1999.45
2025.1
2050.8
2076.5
2102.2
2127.9
2153.6
2179.25
2204.95
2230.65
2256.35
2282.05
2307.7
2333.4
2359.1
2384.8
2410.5
2436.2
2461.85
2487.55
2513.25
2538.95
2564.65
2590.35
2616
2641.7
2667.4
2693.1
2718.8
2744.5
2770.15
2795.85
2821.55
2847.25
2872.95
2898.65
2924.3
2950
2975.7
3001.4
3027.1
3052.8
3078.45
3104.15
3129.85
3155.55
3181.25
3206.95
3232.6
3258.3
3284
3309.7
3335.4
3361.1
3386.75
3412.45
3438.15
3463.85
3489.55
3515.25
3540.9
3566.6
3592.3
3618
3643.7
3669.4
3695.05
3720.75
3746.45
3772.15
3797.85
3823.55
3849.2
3874.9
3900.6
3926.3
3952
3977.65
4003.35
4029.05
4054.75
4080.45
4106.15
4131.8
4157.5
4183.2
4208.9
4234.6
4260.3
4285.95
4311.65
4337.35
4363.05
4388.75
4414.45
4440.1
4465.8
4491.5
4517.2
4542.9
4568.6
4594.25
4619.95
4645.65
4671.35
4697.05
4722.75
4748.4
4774.1
4799.8
4825.5
4851.2
4876.9
4902.55
4928.25
4953.95
4979.65
-1000
0.05
26.3
49.7
70.9
88.9
110.15
133.5
157.75
182.25
206.7
230.75
252.95
272.15
291.75
314.3
338.2
362.6
387.15
411.5
434.85
455.8
473.9
495.3
518.75
543
567.55
592.05
616.05
638.15
657.25
676.95
699.6
723.5
747.95
772.5
796.8
820.1
840.9
859.1
880.6
904.1
928.3
952.85
977.3
1001.25
1023.2
1042.15
1062.1
1084.75
1108.75
1133.2
1157.8
1182.05
1205.2
1225.75
1244
1265.7
1289.3
1313.6
1338.15
1362.65
1386.5
1408.35
1427.15
1447.25
1470.1
1494.1
1518.6
1543.15
1567.35
1590.4
1610.9
1629.3
1651.1
1674.7
1698.95
1723.5
1747.95
1771.75
1793.55
1812.3
1832.55
1855.35
1879.4
1903.9
1928.45
1952.7
1975.65
1995.95
2014.4
2036.3
2059.95
2084.3
2108.85
2133.3
2157.1
2178.85
2197.55
2217.85
2240.75
2264.8
2289.3
2313.85
2338.1
2361.1
2381.55
2400
2421.8
2445.35
2469.65
2494.2
2518.7
2542.5
2564.25
2582.95
2603.15
2626.05
2650.15
2674.6
2699.2
2723.4
2746.35
2766.6
2785.15
2807.05
2830.7
2855.05
2879.6
2904.05
2927.8
2949.5
2968.1
2988.5
3011.45
3035.5
3060
3084.5
3108.7
3131.55
3151.75
3170.4
3192.4
3216
3240.35
3264.9
3289.35
3313.05
3334.65
3353
3373.55
3396.6
3420.75
3445.25
3469.8
3494
3516.7
3536.55
3555.45
3577.55
3601.3
3625.7
3650.25
3674.65
3698.3
3719.8
3737.95
3758.75
3781.95
3806.1
3830.6
3855.1
3879.25
3901.8
3921.6
3940.65
3962.85
3986.6
4011
4035.55
4060
4083.6
4105.05
4123.1
4144
4167.25
4191.4
4215.95
4240.45
4264.6
4287.05
4306.7
4325.85
4348.15
4371.95
4396.35
