0.05
17.75
39.6
61.5
83.35
105.2
127.1
148.95
170.8
192.65
214.55
236.4
258.25
280.1
302
323.85
345.7
367.6
389.45
411.3
433.15
455.05
476.9
498.75
520.6
542.5
564.35
586.2
608.1
629.95
651.8
673.65
695.55
717.4
739.25
761.1
783
804.85
826.7
848.6
870.45
892.3
914.15
936.05
957.9
979.75
1001.6
1023.5
1045.35
1067.2
1089.1
1110.95
1132.8
1154.65
1176.55
1198.4
1220.25
1242.1
1264
1285.85
1307.7
1329.6
1351.45
1373.3
1395.15
1417.05
1438.9
1460.75
1482.6
1504.5
1526.35
1548.2
1570.1
1591.95
1613.8
1635.65
1657.55
1679.4
1701.25
1723.1
1745
1766.85
1788.7
1810.6
1832.45
1854.3
1876.15
1898.05
1919.9
1941.75
1963.6
1985.5
2007.35
2029.2
2051.1
2072.95
2094.8
2116.65
2138.55
2160.4
2182.25
2204.15
2226
2247.85
2269.7
2291.6
2313.45
2335.3
2357.15
2379.05
2400.9
2422.75
2444.65
2466.5
2488.35
2510.2
2532.1
2553.95
2575.8
2597.65
2619.55
2641.4
2663.25
2685.15
2707
2728.85
2750.7
2772.6
2794.45
2816.3
2838.15
2860.05
2881.9
2903.75
2925.65
2947.5
2969.35
2991.2
3013.1
3034.95
3056.8
3078.65
3100.55
3122.4
3144.25
3166.15
3188
3209.85
3231.7
3253.6
3275.45
3297.3
3319.15
3341.05
3362.9
3384.75
3406.65
3428.5
3450.35
3472.2
3494.1
3515.95
3537.8
3559.65
3581.55
3603.4
3625.25
3647.15
3669
3690.85
3712.7
3734.6
3756.45
3778.3
3800.15
3822.05
3843.9
3865.75
3887.65
3909.5
3931.35
3953.2
3975.1
3996.95
4018.8
4040.65
4062.55
4084.4
4106.25
4128.15
4150
4171.85
4193.7
4215.6
4237.45
4259.3
4281.15
4303.05
4324.9
4346.75
4368.65
4390.5
4412.35
4434.2
4456.1
4477.95
4499.8
4521.65
4543.55
4565.4
4587.25
4609.15
4631
4652.85
4674.7
4696.6
4718.45
4740.3
4762.15
4784.05
4805.9
4827.75
4849.65
4871.5
4893.35
4915.2
4937.1
4958.95
4980.8
-1000
0.05
25.85
48.8
71.6
94.15
116.45
138.6
160.65
182.65
204.6
226.5
248.4
270.3
292.15
314.05
335.9
357.8
379.6
401.5
423.35
445.25
467.05
488.95
510.8
532.7
554.55
576.45
598.3
620.1
642
663.85
685.75
707.55
729.45
751.3
773.2
795.05
816.95
838.8
860.6
882.5
904.35
926.25
948.05
969.95
991.8
1013.7
1035.55
1057.45
1079.3
1101.1
1123
1144.85
1166.75
1188.55
1210.45
1232.3
1254.2
1276.05
1297.95
1319.8
1341.6
1363.5
1385.35
1407.25
1429.05
1450.95
1472.8
1494.7
1516.55
1538.45
1560.3
1582.1
1604
1625.85
1647.75
1669.55
1691.45
1713.3
1735.2
1757.05
1778.95
1800.8
1822.6
1844.5
1866.35
1888.25
1910.05
1931.95
1953.8
1975.7
1997.55
2019.45
2041.3
2063.1
2085
2106.85
2128.75
2150.55
2172.45
2194.3
2216.2
2238.05
2259.95
2281.8
2303.6
2325.5
2347.35
2369.25
2391.05
2412.95
2434.8
2456.7
2478.55
2500.45
2522.3
2544.1
2566
2587.85
2609.75
2631.55
2653.45
2675.3
2697.2
2719.05
2740.95
2762.8
2784.6
2806.5
2828.35
2850.25
2872.1
2894
2915.85
2937.7
2959.6
2981.45
3003.3
3025.1
3047
3068.85
3090.75
3112.6
3134.5
3156.35
3178.15
3200.05
3221.9
3243.8
3265.6
3287.5
3309.35
3331.25
3353.1
3375
3396.85
3418.65
3440.55
3462.4
3484.3
3506.1
3528
3549.85
3571.75
3593.6
3615.5
3637.35
3659.15
3681.05
3702.9
3724.8
3746.6
3768.5
3790.35
3812.25
3834.1
3856
3877.85
3899.65
3921.55
3943.4
3965.3
3987.1
4009
4030.85
4052.75
4074.6
4096.5
4118.35
4140.15
4162.05
4183.9
4205.8
4227.6
4249.5
4271.35
4293.25
4315.1
4337
4358.85
4380.65
4402.55
4424.4
4446.3
4468.1
4490
4511.85
4533.75
4555.6
4577.5
4599.35
4621.15
4643.05
4664.9
4686.8
4708.6
4730.5
4752.35
4774.25
4796.1
4818
4839.85
4861.65
4883.55
4905.4
4927.3
4949.1
4971
4992.85
