0.05
14.85
33.35
51.9
70.45
88.95
107.5
126.05
144.55
163.1
181.65
200.15
218.7
237.25
255.75
274.3
292.85
311.35
329.9
348.45
367
385.5
404.05
422.6
441.1
459.65
478.2
496.7
515.25
533.8
552.3
570.85
589.4
607.9
626.45
645
663.55
682.05
700.6
719.15
737.65
756.2
774.75
793.25
811.8
830.35
848.85
867.4
885.95
904.45
923
941.55
960.1
978.6
997.15
1015.7
1034.2
1052.75
1071.3
1089.8
1108.35
1126.9
1145.4
1163.95
1182.5
1201
1219.55
1238.1
1256.6
1275.15
1293.7
1312.25
1330.75
1349.3
1367.85
1386.35
1404.9
1423.45
1441.95
1460.5
1479.05
1497.55
1516.1
1534.65
1553.15
1571.7
1590.25
1608.8
1627.3
1645.85
1664.4
1682.9
1701.45
1720
1738.5
1757.05
1775.6
1794.1
1812.65
1831.2
1849.7
1868.25
1886.8
1905.35
1923.85
1942.4
1960.95
1979.45
1998
2016.55
2035.05
2053.6
2072.15
2090.65
2109.2
2127.75
2146.25
2164.8
2183.35
2201.85
2220.4
2238.95
2257.5
2276
2294.55
2313.1
2331.6
2350.15
2368.7
2387.2
2405.75
2424.3
2442.8
2461.35
2479.9
2498.4
2516.95
2535.5
2554.05
2572.55
2591.1
2609.65
2628.15
2646.7
2665.25
2683.75
2702.3
2720.85
2739.35
2757.9
2776.45
2794.95
2813.5
2832.05
2850.6
2869.1
2887.65
2906.2
2924.7
2943.25
2961.8
2980.3
2998.85
3017.4
3035.9
3054.45
3073
3091.5
3110.05
3128.6
3147.1
3165.65
3184.2
3202.75
3221.25
3239.8
3258.35
3276.85
3295.4
3313.95
3332.45
3351
3369.55
3388.05
3406.6
3425.15
3443.65
3462.2
3480.75
3499.3
3517.8
3536.35
3554.9
3573.4
3591.95
3610.5
3629
3647.55
3666.1
3684.6
3703.15
3721.7
3740.2
3758.75
3777.3
3795.8
3814.35
3832.9
3851.45
3869.95
3888.5
3907.05
3925.55
3944.1
3962.65
3981.15
3999.7
4018.25
4036.75
4055.3
4073.85
4092.35
4110.9
4129.45
4148
4166.5
4185.05
4203.6
4222.1
4240.65
4259.2
4277.7
4296.25
4314.8
4333.3
4351.85
4370.4
4388.9
4407.45
4426
4444.55
4463.05
4481.6
4500.15
4518.65
4537.2
4555.75
4574.25
4592.8
4611.35
4629.85
4648.4
4666.95
4685.45
4704
4722.55
4741.05
4759.6
4778.15
4796.7
4815.2
4833.75
4852.3
4870.8
4889.35
4907.9
4926.4
4944.95
4963.5
-1000
0.05
26.2
47.55
68.25
88.1
107.55
126.7
145.55
164.35
183.05
201.65
220.3
238.9
257.5
276.05
294.6
313.15
331.7
350.25
368.8
387.25
405.8
424.35
442.85
461.4
479.95
498.45
517
535.55
554
572.6
591.15
609.7
628.25
646.8
665.35
683.8
702.35
720.9
739.4
757.95
776.5
795
813.55
832.1
850.55
869.15
887.7
906.25
924.8
943.35
961.9
980.4
998.95
1017.5
1035.95
1054.5
1073.05
1091.55
1110.1
1128.65
1147.15
1165.7
1184.25
1202.7
1221.3
1239.85
1258.4
1276.95
1295.5
1314.05
1332.5
1351.05
1369.6
1388.1
1406.65
1425.2
1443.7
1462.25
1480.8
1499.25
1517.85
1536.4
1554.95
1573.5
1592.05
1610.6
1629.05
1647.6
1666.15
1684.65
1703.2
1721.75
1740.25
1758.8
1777.35
1795.8
1814.4
1832.95
1851.5
1870.05
1888.6
1907.15
1925.65
1944.2
1962.75
1981.2
1999.75
2018.3
2036.8
2055.35
2073.9
2092.4
2110.95
2129.5
2147.95
2166.55
2185.1
2203.65
2222.2
2240.75
2259.3
2277.75
2296.3
2314.85
2333.35
2351.9
2370.45
2388.95
2407.5
2426.05
2444.5
2463.1
2481.65
2500.2
2518.75
2537.3
2555.85
2574.3
2592.85
2611.4
2629.9
2648.45
2667
2685.5
2704.05
2722.6
2741.05
2759.65
2778.2
2796.75
2815.3
2833.85
2852.4
2870.9
2889.45
2908
2926.45
2945
2963.55
2982.05
3000.6
3019.15
3037.65
3056.2
3074.75
3093.2
3111.8
3130.35
3148.9
3167.45
3186
3204.55
3223
3241.55
3260.1
3278.6
3297.15
3315.7
3334.2
3352.75
3371.3
3389.75
3408.35
3426.9
3445.45
3464
3482.55
3501.1
3519.55
3538.1
3556.65
3575.15
3593.7
3612.25
3630.75
3649.3
3667.85
3686.3
3704.9
3723.45
3742
3760.55
3779.1
3797.65
3816.15
3834.7
3853.25
3871.7
3890.25
3908.8
3927.3
3945.85
3964.4
3982.9
4001.45
4020
4038.45
4057.05
4075.6
4094.15
4112.7
4131.25
4149.8
4168.25
4186.8
4205.35
4223.85
4242.4
4260.95
4279.45
4298
4316.55
4335
4353.6
4372.15
4390.7
4409.25
4427.8
4446.35
4464.8
4483.35
4501.9
4520.4
4538.95
4557.5
4576
4594.55
4613.1
4631.55
4650.15
4668.7
4687.25
4705.8
4724.35
4742.9
4761.4
4779.95
4798.5
4816.95
4835.5
4854.05
4872.55
4891.1
4909.65
4928.15
4946.7
4965.25
4983.7
