0.05
25.2
55.35
85.5
115.65
145.8
176
206.15
236.3
266.45
296.6
326.75
356.9
387.05
417.2
447.35
477.5
507.65
537.8
567.95
598.1
628.25
658.4
688.6
718.75
748.9
779.05
809.2
839.35
869.5
899.65
929.8
959.95
990.1
1020.25
1050.4
1080.55
1110.7
1140.85
1171
1201.2
1231.35
1261.5
1291.65
1321.8
1351.95
1382.1
1412.25
1442.4
1472.55
1502.7
1532.85
1563
1593.15
1623.3
1653.45
1683.65
1713.8
1743.95
1774.1
1804.25
1834.4
1864.55
1894.7
1924.85
1955
1985.15
2015.3
2045.45
2075.6
2105.75
2135.9
2166.05
2196.25
2226.4
2256.55
2286.7
2316.85
2347
2377.15
2407.3
2437.45
2467.6
2497.75
2527.9
2558.05
2588.2
2618.35
2648.5
2678.7
2708.85
2739
2769.15
2799.3
2829.45
2859.6
2889.75
2919.9
2950.05
2980.2
3010.35
3040.5
3070.65
3100.8
3130.95
3161.1
3191.3
3221.45
3251.6
3281.75
3311.9
3342.05
3372.2
3402.35
3432.5
3462.65
3492.8
3522.95
3553.1
3583.25
3613.4
3643.55
3673.75
3703.9
3734.05
3764.2
3794.35
3824.5
3854.65
3884.8
3914.95
3945.1
3975.25
4005.4
4035.55
4065.7
4095.85
4126
4156.15
4186.35
4216.5
4246.65
4276.8
4306.95
4337.1
4367.25
4397.4
4427.55
4457.7
4487.85
4518
4548.15
4578.3
4608.45
4638.6
4668.8
4698.95
4729.1
4759.25
4789.4
4819.55
4849.7
4879.85
4910
4940.15
4970.3
-1000
0.05
26
54
80.1
102.85
121.15
145.4
171.65
195.35
213.8
236.85
263
287.45
307.05
328.65
354.5
379.95
401.3
420.95
446.05
472.15
494.95
513.2
537.45
563.7
587.4
605.95
628.95
655.1
679.7
699.5
720.8
746.5
772
793.35
812.95
838.05
864.15
887
905.25
929.45
955.7
979.45
998
1021
1047.15
1071.75
1091.6
1112.9
1138.6
1164.25
1185.9
1205.2
1230.15
1256.25
1279.2
1297.35
1321.5
1347.75
1371.55
1390.2
1413.1
1439.2
1463.9
1483.9
1505
1530.7
1556.4
1578.15
1597.35
1622.25
1648.4
1671.5
1689.6
1713.55
1739.75
1763.5
1782.2
1805.1
1831.2
1855.9
1875.85
1897
1922.7
1948.35
1970.15
1989.35
2014.25
2040.4
2063.5
2081.6
2105.6
2131.85
2155.7
2174.55
2197.2
2223.3
2248
2268.1
2289.1
2314.75
2340.5
2362.3
2381.45
2406.3
2432.45
2455.6
2473.7
2497.65
2523.9
2547.8
2566.65
2589.25
2615.3
2640.2
2660.5
2681.25
2706.85
2732.55
2754.45
2773.5
2798.3
2824.5
2847.7
2865.75
2889.65
2915.9
2939.85
2958.7
2981.25
3007.35
3032.25
3052.55
3073.3
3098.85
3124.7
3146.75
3165.65
3190.4
3216.6
3239.8
3257.7
3281.65
3307.9
3331.8
3350.65
3373.25
3399.35
3424.2
3444.5
3465.3
3490.85
3516.65
3538.7
3557.65
3582.35
3608.6
3631.85
3649.85
3673.7
3699.95
3723.85
3742.6
3765.25
3791.3
3816.2
