0.05
16.3
36.5
56.65
76.85
97.05
117.25
137.45
157.65
177.85
198
218.2
238.4
258.6
278.8
299
319.2
339.4
359.55
379.75
399.95
420.15
440.35
460.55
480.75
500.9
521.1
541.3
561.5
581.7
601.9
622.1
642.3
662.45
682.65
702.85
723.05
743.25
763.45
783.65
803.8
824
844.2
864.4
884.6
904.8
925
945.2
965.35
985.55
1005.75
1025.95
1046.15
1066.35
1086.55
1106.7
1126.9
1147.1
1167.3
1187.5
1207.7
1227.9
1248.1
1268.25
1288.45
1308.65
1328.85
1349.05
1369.25
1389.45
1409.6
1429.8
1450
1470.2
1490.4
1510.6
1530.8
1551
1571.15
1591.35
1611.55
1631.75
1651.95
1672.15
1692.35
1712.5
1732.7
1752.9
1773.1
1793.3
1813.5
1833.7
1853.9
1874.05
1894.25
1914.45
1934.65
1954.85
1975.05
1995.25
2015.45
2035.6
2055.8
2076
2096.2
2116.4
2136.6
2156.8
2176.95
2197.15
2217.35
2237.55
2257.75
2277.95
2298.15
2318.35
2338.5
2358.7
2378.9
2399.1
2419.3
2439.5
2459.7
2479.85
2500.05
2520.25
2540.45
2560.65
2580.85
2601.05
2621.25
2641.4
2661.6
2681.8
2702
2722.2
2742.4
2762.6
2782.75
2802.95
2823.15
2843.35
2863.55
2883.75
2903.95
2924.15
2944.3
2964.5
2984.7
3004.9
3025.1
3045.3
3065.5
3085.65
3105.85
3126.05
3146.25
3166.45
3186.65
3206.85
3227.05
3247.2
3267.4
3287.6
3307.8
3328
3348.2
3368.4
3388.55
3408.75
3428.95
3449.15
3469.35
3489.55
3509.75
3529.95
3550.1
3570.3
3590.5
3610.7
3630.9
3651.1
3671.3
3691.45
3711.65
3731.85
3752.05
3772.25
3792.45
3812.65
3832.85
3853
3873.2
3893.4
3913.6
3933.8
3954
3974.2
3994.35
4014.55
4034.75
4054.95
4075.15
4095.35
4115.55
4135.75
4155.9
4176.1
4196.3
4216.5
4236.7
4256.9
4277.1
4297.25
4317.45
4337.65
4357.85
4378.05
4398.25
4418.45
4438.65
4458.8
4479
4499.2
4519.4
4539.6
4559.8
4580
4600.15
4620.35
4640.55
4660.75
4680.95
4701.15
4721.35
4741.55
4761.7
4781.9
4802.1
4822.3
4842.5
4862.7
4882.9
4903.05
4923.25
4943.45
4963.65
4983.85
-1000
0.05
26.05
48.15
69.9
91.1
112
132.6
153
173.35
193.6
213.8
234.05
254.3
274.5
294.7
314.9
335.05
355.2
375.4
395.65
415.85
436.05
456.25
476.5
496.6
516.8
537
557.2
577.4
597.65
617.85
637.95
658.1
678.3
698.55
718.75
738.95
759.15
779.4
799.5
819.7
839.9
860.1
880.3
900.55
920.75
940.85
961
981.2
1001.45
1021.65
1041.85
1062.05
1082.3
1102.4
1122.6
1142.8
1163
1183.2
1203.45
1223.65
1243.75
1263.9
1284.1
1304.35
1324.55
1344.75
1364.95
1385.2
1405.3
1425.5
1445.7
1465.9
1486.1
1506.35
1526.55
1546.65
1566.8
1587
1607.25
1627.45
1647.65
1667.85
1688.1
1708.2
1728.4
1748.6
1768.8
1789
1809.25
1829.45
1849.55
1869.7
1889.9
1910.15
1930.35
1950.55
1970.75
1991
2011.1
2031.3
2051.5
2071.7
2091.9
2112.15
2132.35
2152.45
2172.6
2192.8
2213.05
2233.25
2253.45
2273.65
2293.9
2314
2334.2
2354.4
2374.6
2394.8
2415.05
2435.25
2455.35
2475.5
2495.7
2515.95
2536.15
2556.35
2576.55
2596.8
2616.9
2637.1
2657.3
2677.5
2697.7
2717.95
2738.15
2758.25
2778.4
2798.6
2818.85
2839.05
2859.25
2879.45
2899.7
2919.8
2939.95
2960.15
2980.4
3000.6
3020.8
3041
3061.25
3081.35
3101.55
3121.75
3141.95
3162.15
3182.4
3202.6
3222.7
3242.85
3263.05
3283.3
3303.5
3323.7
3343.9
3364.15
3384.25
3404.45
3424.65
3444.85
3465.05
3485.3
3505.5
3525.6
3545.75
3565.95
3586.2
3606.4
3626.6
3646.8
3667.05
3687.15
3707.35
3727.55
3747.75
3767.95
3788.2
3808.4
3828.5
3848.65
3868.85
3889.1
3909.3
3929.5
3949.7
3969.95
3990.05
4010.25
4030.45
4050.65
4070.85
4091.1
4111.3
4131.4
4151.55
4171.75
4192
4212.2
4232.4
4252.6
4272.85
4292.95
4313.15
4333.35
4353.55
4373.75
4394
4414.2
4434.3
4454.45
4474.65
4494.9
4515.1
4535.3
4555.5
4575.75
4595.85
4616.05
4636.25
4656.45
4676.65
4696.9
4717.1
4737.2
4757.35
4777.55
4797.8
4818
4838.2
4858.4
4878.65
4898.75
4918.95
4939.15
4959.35
4979.55
4999.8
