0.05
15.45
34.75
54
73.3
92.55
111.85
131.1
150.4
169.65
188.9
208.2
227.45
246.75
266
285.3
304.55
323.8
343.1
362.35
381.65
400.9
420.2
439.45
458.75
478
497.25
516.55
535.8
555.1
574.35
593.65
612.9
632.2
651.45
670.7
690
709.25
728.55
747.8
767.1
786.35
805.6
824.9
844.15
863.45
882.7
902
921.25
940.55
959.8
979.05
998.35
1017.6
1036.9
1056.15
1075.45
1094.7
1114
1133.25
1152.5
1171.8
1191.05
1210.35
1229.6
1248.9
1268.15
1287.4
1306.7
1325.95
1345.25
1364.5
1383.8
1403.05
1422.35
1441.6
1460.85
1480.15
1499.4
1518.7
1537.95
1557.25
1576.5
1595.8
1615.05
1634.3
1653.6
1672.85
1692.15
1711.4
1730.7
1749.95
1769.2
1788.5
1807.75
1827.05
1846.3
1865.6
1884.85
1904.15
1923.4
1942.65
1961.95
1981.2
2000.5
2019.75
2039.05
2058.3
2077.6
2096.85
2116.1
2135.4
2154.65
2173.95
2193.2
2212.5
2231.75
2251
2270.3
2289.55
2308.85
2328.1
2347.4
2366.65
2385.95
2405.2
2424.45
2443.75
2463
2482.3
2501.55
2520.85
2540.1
2559.4
2578.65
2597.9
2617.2
2636.45
2655.75
2675
2694.3
2713.55
2732.8
2752.1
2771.35
2790.65
2809.9
2829.2
2848.45
2867.75
2887
2906.25
2925.55
2944.8
2964.1
2983.35
3002.65
3021.9
3041.2
3060.45
3079.7
3099
3118.25
3137.55
3156.8
3176.1
3195.35
3214.6
3233.9
3253.15
3272.45
3291.7
3311
3330.25
3349.55
3368.8
3388.05
3407.35
3426.6
3445.9
3465.15
3484.45
3503.7
3523
3542.25
3561.5
3580.8
3600.05
3619.35
3638.6
3657.9
3677.15
3696.4
3715.7
3734.95
3754.25
3773.5
3792.8
3812.05
3831.35
3850.6
3869.85
3889.15
3908.4
3927.7
3946.95
3966.25
3985.5
4004.8
4024.05
4043.3
4062.6
4081.85
4101.15
4120.4
4139.7
4158.95
4178.2
4197.5
4216.75
4236.05
4255.3
4274.6
4293.85
4313.15
4332.4
4351.65
4370.95
4390.2
4409.5
4428.75
4448.05
4467.3
4486.6
4505.85
4525.1
4544.4
4563.65
4582.95
4602.2
4621.5
4640.75
4660
4679.3
4698.55
4717.85
4737.1
4756.4
4775.65
4794.95
4814.2
4833.45
4852.75
4872
4891.3
4910.55
4929.85
4949.1
4968.4
4987.65
-1000
0.05
26
46.75
66
85.2
104.45
123.7
142.9
162.2
181.4
200.7
220
239.3
258.6
277.85
297.15
316.35
335.65
354.9
374.2
393.5
412.75
432.05
451.25
470.55
489.75
509.05
528.35
547.65
566.95
586.2
605.5
624.7
644
663.2
682.5
701.8
721.1
740.4
759.65
778.95
798.15
817.45
836.7
856
875.3
894.55
913.85
933.05
952.35
971.55
990.85
1010.15
1029.45
1048.75
1068
1087.3
1106.5
1125.8
1145
1164.3
1183.6
1202.9
1222.2
1241.45
1260.75
1279.95
1299.25
1318.5
1337.8
1357.1
1376.35
1395.65
1414.85
1434.15
1453.35
1472.65
1491.95
1511.25
1530.55
1549.8
1569.1
1588.3
1607.6
1626.8
1646.1
1665.4
1684.7
1704
1723.25
1742.55
1761.75
1781.05
1800.3
1819.6
1838.9
1858.15
1877.45
1896.65
1915.95
1935.15
1954.45
1973.75
1993.05
2012.35
2031.6
2050.9
2070.1
2089.4
2108.6
2127.9
2147.2
2166.5
2185.8
2205.05
2224.35
2243.55
2262.85
2282.1
2301.4
2320.7
2339.95
2359.25
2378.45
2397.75
2416.95
2436.25
2455.55
2474.85
2494.15
2513.4
2532.7
2551.9
2571.2
2590.4
2609.7
2629
2648.3
2667.6
2686.85
2706.15
2725.35
2744.65
2763.9
2783.2
2802.5
2821.75
2841.05
2860.25
2879.55
2898.75
2918.05
2937.35
2956.65
2975.95
2995.2
3014.5
3033.7
3053
3072.2
3091.5
3110.8
3130.1
3149.4
3168.65
3187.95
3207.15
3226.45
3245.7
3265
3284.3
3303.55
3322.85
3342.05
3361.35
3380.55
3399.85
3419.15
3438.45
3457.75
3477
3496.3
3515.5
3534.8
3554
3573.3
3592.6
3611.9
3631.2
3650.45
3669.75
3688.95
3708.25
3727.5
3746.8
3766.1
3785.35
3804.65
3823.85
3843.15
3862.35
3881.65
3900.95
3920.25
3939.55
3958.8
3978.1
3997.3
4016.6
4035.8
4055.1
4074.4
4093.7
4113
4132.25
4151.55
4170.75
4190.05
4209.3
4228.6
4247.9
4267.15
4286.45
4305.65
4324.95
4344.15
4363.45
4382.75
4402.05
4421.35
4440.6
4459.9
4479.1
4498.4
4517.6
4536.9
4556.2
4575.5
4594.8
4614.05
4633.35
4652.55
4671.85
4691.1
4710.4
4729.7
4748.95
4768.25
4787.45
4806.75
4825.95
4845.25
4864.55
4883.85
4903.15
4922.4
4941.7
4960.9
4980.2
4999.4
