0.05
17.2
38.45
59.65
80.9
102.1
123.35
144.6
165.8
187.05
208.25
229.5
250.75
271.95
293.2
314.4
335.65
356.85
378.1
399.35
420.55
441.8
463
484.25
505.5
526.7
547.95
569.15
590.4
611.65
632.85
654.1
675.3
696.55
717.8
739
760.25
781.45
802.7
823.95
845.15
866.4
887.6
908.85
930.05
951.3
972.55
993.75
1015
1036.2
1057.45
1078.7
1099.9
1121.15
1142.35
1163.6
1184.85
1206.05
1227.3
1248.5
1269.75
1291
1312.2
1333.45
1354.65
1375.9
1397.15
1418.35
1439.6
1460.8
1482.05
1503.25
1524.5
1545.75
1566.95
1588.2
1609.4
1630.65
1651.9
1673.1
1694.35
1715.55
1736.8
1758.05
1779.25
1800.5
1821.7
1842.95
1864.2
1885.4
1906.65
1927.85
1949.1
1970.35
1991.55
2012.8
2034
2055.25
2076.45
2097.7
2118.95
2140.15
2161.4
2182.6
2203.85
2225.1
2246.3
2267.55
2288.75
2310
2331.25
2352.45
2373.7
2394.9
2416.15
2437.4
2458.6
2479.85
2501.05
2522.3
2543.55
2564.75
2586
2607.2
2628.45
2649.65
2670.9
2692.15
2713.35
2734.6
2755.8
2777.05
2798.3
2819.5
2840.75
2861.95
2883.2
2904.45
2925.65
2946.9
2968.1
2989.35
3010.6
3031.8
3053.05
3074.25
3095.5
3116.75
3137.95
3159.2
3180.4
3201.65
3222.9
3244.1
3265.35
3286.55
3307.8
3329
3350.25
3371.5
3392.7
3413.95
3435.15
3456.4
3477.65
3498.85
3520.1
3541.3
3562.55
3583.8
3605
3626.25
3647.45
3668.7
3689.95
3711.15
3732.4
3753.6
3774.85
3796.1
3817.3
3838.55
3859.75
3881
3902.2
3923.45
3944.7
3965.9
3987.15
4008.35
4029.6
4050.85
4072.05
4093.3
4114.5
4135.75
4157
4178.2
4199.45
4220.65
4241.9
4263.15
4284.35
4305.6
4326.8
4348.05
4369.3
4390.5
4411.75
4432.95
4454.2
4475.4
4496.65
4517.9
4539.1
4560.35
4581.55
4602.8
4624.05
4645.25
4666.5
4687.7
4708.95
4730.2
4751.4
4772.65
4793.85
4815.1
4836.35
4857.55
4878.8
4900
4921.25
4942.5
4963.7
4984.95
-1000
0.05
26
44.1
62.75
82.5
102.85
123.6
144.55
165.55
186.7
207.9
229.05
250.3
271.5
292.75
313.9
335.15
356.4
377.6
398.85
420.05
441.3
462.55
483.75
505
526.2
547.45
568.7
589.9
611.15
632.35
653.6
674.85
696.05
717.3
738.5
759.75
781
802.2
823.45
844.7
865.9
887.1
908.35
929.6
950.8
972.05
993.25
1014.5
1035.75
1056.95
1078.2
1099.4
1120.65
1141.9
1163.1
1184.35
1205.55
1226.8
1248.05
1269.25
1290.5
1311.7
1332.95
1354.2
1375.4
1396.65
1417.85
1439.1
1460.35
1481.55
1502.8
1524.05
1545.25
1566.45
1587.7
1608.95
1630.15
1651.4
1672.6
1693.85
1715.1
1736.3
1757.55
1778.75
1800
1821.25
1842.45
1863.7
1884.9
1906.15
1927.4
1948.6
1969.85
1991.05
2012.3
2033.55
2054.75
2076
2097.25
2118.45
2139.65
2160.9
2182.15
2203.35
2224.6
2245.8
2267.05
2288.3
2309.5
2330.75
2351.95
2373.2
2394.45
2415.65
2436.9
2458.1
2479.35
2500.6
2521.8
2543.05
2564.25
2585.5
2606.75
2627.95
2649.2
2670.45
2691.65
2712.85
2734.1
2755.35
2776.55
2797.8
2819
2840.25
2861.5
2882.7
2903.95
2925.15
2946.4
2967.65
2988.85
3010.1
3031.3
3052.55
3073.8
3095
3116.25
3137.45
3158.7
3179.95
3201.15
3222.4
3243.65
3264.85
3286.05
3307.3
3328.55
3349.75
3371
3392.2
3413.45
3434.7
3455.9
3477.15
3498.35
3519.6
3540.85
3562.05
3583.3
3604.5
3625.75
3647
3668.2
3689.45
3710.65
3731.9
3753.15
3774.35
3795.6
3816.85
3838.05
3859.25
3880.5
3901.75
3922.95
3944.2
3965.4
3986.65
4007.9
4029.1
4050.35
4071.55
4092.8
4114.05
4135.25
4156.5
4177.7
4198.95
4220.2
4241.4
4262.65
4283.85
4305.1
4326.35
4347.55
4368.8
4390
4411.25
4432.5
4453.7
4474.95
4496.2
4517.4
4538.6
4559.85
4581.1
4602.3
4623.55
4644.75
4666
4687.25
4708.45
4729.7
4750.9
4772.15
4793.4
4814.6
4835.85
4857.05
4878.3
4899.55
4920.75
4942
4963.2
4984.45
