0.05
15.65
35.1
54.6
74.05
93.5
113
132.45
151.9
171.4
190.85
210.3
229.8
249.25
268.75
288.2
307.65
327.15
346.6
366.05
385.55
405
424.45
443.95
463.4
482.85
502.35
521.8
541.3
560.75
580.2
599.7
619.15
638.6
658.1
677.55
697
716.5
735.95
755.4
774.9
794.35
813.85
833.3
852.75
872.25
891.7
911.15
930.65
950.1
969.55
989.05
1008.5
1027.95
1047.45
1066.9
1086.4
1105.85
1125.3
1144.8
1164.25
1183.7
1203.2
1222.65
1242.1
1261.6
1281.05
1300.5
1320
1339.45
1358.95
1378.4
1397.85
1417.35
1436.8
1456.25
1475.75
1495.2
1514.65
1534.15
1553.6
1573.05
1592.55
1612
1631.5
1650.95
1670.4
1689.9
1709.35
1728.8
1748.3
1767.75
1787.2
1806.7
1826.15
1845.6
1865.1
1884.55
1904
1923.5
1942.95
1962.45
1981.9
2001.35
2020.85
2040.3
2059.75
2079.25
2098.7
2118.15
2137.65
2157.1
2176.55
2196.05
2215.5
2235
2254.45
2273.9
2293.4
2312.85
2332.3
2351.8
2371.25
2390.7
2410.2
2429.65
2449.1
2468.6
2488.05
2507.55
2527
2546.45
2565.95
2585.4
2604.85
2624.35
2643.8
2663.25
2682.75
2702.2
2721.65
2741.15
2760.6
2780.1
2799.55
2819
2838.5
2857.95
2877.4
2896.9
2916.35
2935.8
2955.3
2974.75
2994.2
3013.7
3033.15
3052.65
3072.1
3091.55
3111.05
3130.5
3149.95
3169.45
3188.9
3208.35
3227.85
3247.3
3266.75
3286.25
3305.7
3325.2
3344.65
3364.1
3383.6
3403.05
3422.5
3442
3461.45
3480.9
3500.4
3519.85
3539.3
3558.8
3578.25
3597.75
3617.2
3636.65
3656.15
3675.6
3695.05
3714.55
3734
3753.45
3772.95
3792.4
3811.85
3831.35
3850.8
3870.3
3889.75
3909.2
3928.7
3948.15
3967.6
3987.1
4006.55
4026
4045.5
4064.95
4084.4
4103.9
4123.35
4142.85
4162.3
4181.75
4201.25
4220.7
4240.15
4259.65
4279.1
4298.55
4318.05
4337.5
4356.95
4376.45
4395.9
4415.4
4434.85
4454.3
4473.8
4493.25
4512.7
4532.2
4551.65
4571.1
4590.6
4610.05
4629.5
4649
4668.45
4687.9
4707.4
4726.85
4746.35
4765.8
4785.25
4804.75
4824.2
4843.65
4863.15
4882.6
4902.05
4921.55
4941
4960.45
-1000
0.05
26.4
47.85
69.7
91.2
112.05
132.35
152.4
172.2
191.9
211.5
231.05
250.55
270.05
289.5
309
328.45
347.9
367.4
386.9
406.3
425.8
445.3
464.75
484.25
503.7
523.2
542.65
562.05
581.55
601.05
620.45
639.95
659.45
678.85
698.35
717.85
737.3
756.8
776.25
795.75
815.2
834.6
854.1
873.6
893
912.5
932
951.4
970.9
990.4
1009.85
1029.35
1048.8
1068.3
1087.75
1107.15
1126.65
1146.15
1165.55
1185.05
1204.55
1223.95
1243.45
1262.95
1282.35
1301.85
1321.35
1340.8
1360.3
1379.75
1399.25
1418.7
1438.1
1457.6
1477.1
1496.5
1516
1535.5
1554.9
1574.4
1593.9
1613.35
1632.85
1652.3
1671.8
1691.25
1710.65
1730.15
1749.65
1769.05
1788.55
1808.05
1827.45
1846.95
1866.45
1885.9
1905.4
1924.85
1944.35
1963.8
1983.2
2002.7
2022.2
2041.6
2061.1
2080.6
2100
2119.5
2139
2158.45
2177.95
2197.4
2216.9
2236.35
2255.75
2275.25
2294.75
2314.15
2333.65
2353.15
2372.55
2392.05
2411.55
2431
2450.5
2469.95
2489.45
2508.9
2528.3
2547.8
2567.3
2586.7
2606.2
2625.7
2645.1
2664.6
2684.1
2703.55
2723.05
2742.5
2762
2781.45
2800.85
2820.35
2839.85
2859.25
2878.75
2898.25
2917.65
2937.15
2956.65
2976.1
2995.6
3015.05
3034.55
3054
3073.4
3092.9
3112.4
3131.8
3151.3
3170.8
3190.2
3209.7
3229.2
3248.65
3268.15
3287.6
3307.1
3326.55
3345.95
3365.45
3384.95
3404.35
3423.85
3443.35
3462.75
3482.25
3501.75
3521.2
3540.7
3560.15
3579.65
3599.1
3618.5
3638
3657.5
3676.9
3696.4
3715.9
3735.3
3754.8
3774.3
3793.75
3813.25
3832.7
3852.2
3871.65
3891.05
3910.55
3930.05
3949.45
3968.95
3988.45
4007.85
4027.35
4046.85
4066.3
4085.8
4105.25
4124.75
4144.2
4163.65
4183.15
4202.6
4222
4241.5
4261
4280.4
4299.9
4319.4
4338.8
4358.3
4377.8
4397.25
4416.75
4436.2
4455.7
4475.15
4494.55
4514.05
4533.55
4552.95
4572.45
4591.95
4611.35
4630.85
4650.35
4669.8
4689.3
4708.75
4728.25
4747.7
4767.1
4786.6
4806.1
4825.5
4845
4864.5
4883.9
4903.4
4922.9
4942.35
4961.85
4981.3
