0.05
20.65
45.8
70.9
96.05
121.15
146.3
171.4
196.55
221.65
246.8
271.9
297.05
322.15
347.3
372.4
397.55
422.65
447.8
472.9
498.05
523.15
548.3
573.4
598.55
623.65
648.8
673.9
699.05
724.15
749.3
774.4
799.55
824.65
849.8
874.9
900.05
925.2
950.3
975.45
1000.55
1025.7
1050.8
1075.95
1101.05
1126.2
1151.3
1176.45
1201.55
1226.7
1251.8
1276.95
1302.05
1327.2
1352.3
1377.45
1402.55
1427.7
1452.8
1477.95
1503.05
1528.2
1553.3
1578.45
1603.55
1628.7
1653.8
1678.95
1704.05
1729.2
1754.3
1779.45
1804.55
1829.7
1854.8
1879.95
1905.05
1930.2
1955.3
1980.45
2005.55
2030.7
2055.8
2080.95
2106.05
2131.2
2156.3
2181.45
2206.55
2231.7
2256.8
2281.95
2307.05
2332.2
2357.3
2382.45
2407.55
2432.7
2457.8
2482.95
2508.05
2533.2
2558.3
2583.45
2608.55
2633.7
2658.8
2683.95
2709.05
2734.2
2759.3
2784.45
2809.55
2834.7
2859.8
2884.95
2910.05
2935.2
2960.3
2985.45
3010.55
3035.7
3060.8
3085.95
3111.05
3136.2
3161.3
3186.45
3211.55
3236.7
3261.8
3286.95
3312.05
3337.2
3362.3
3387.45
3412.55
3437.7
3462.8
3487.95
3513.05
3538.2
3563.3
3588.45
3613.55
3638.7
3663.8
3688.95
3714.05
3739.2
3764.3
3789.45
3814.55
3839.7
3864.8
3889.95
3915.05
3940.2
3965.3
3990.45
4015.55
4040.7
4065.8
4090.95
4116.05
4141.2
4166.3
4191.45
4216.55
4241.7
4266.8
4291.95
4317.05
4342.2
4367.3
4392.45
4417.55
4442.7
4467.8
4492.95
4518.05
4543.2
4568.3
4593.45
4618.55
4643.7
4668.8
4693.95
4719.1
4744.2
4769.35
4794.45
4819.6
4844.7
4869.85
4894.95
4920.1
4945.2
4970.35
4995.45
-1000
0.05
26.2
46.25
64.8
86.35
109.55
133.5
157.75
182.05
206.35
230.35
253.45
274.45
292.45
313.3
336.15
359.9
384.1
408.4
432.7
456.85
480.35
502
520.85
540.6
562.9
586.45
610.5
634.8
659.15
683.35
707.15
729.55
749.5
768.15
789.8
813.05
836.95
861.2
885.55
909.8
933.8
956.9
977.8
995.8
1016.7
1039.55
1063.35
1087.55
1111.8
1136.1
1160.15
1183.45
1204.7
1222.9
1243.25
1265.95
1289.65
1313.75
1338.05
1362.35
1386.45
1409.85
1431.45
1450.15
1470.05
1492.4
1516
1540.05
1564.3
1588.65
1612.8
1636.45
1658.3
1677.55
1696.75
1718.9
1742.3
1766.35
1790.6
1814.9
1839.1
1862.85
1885.15
1904.85
1923.65
1945.35
1968.65
1992.6
2016.85
2041.15
2065.4
2089.25
2111.9
2132.15
2150.55
2171.9
2195.05
2218.95
2243.2
2267.5
2291.8
2315.85
2339.05
2360.2
2378.3
2398.9
2421.65
2445.4
2469.55
2493.85
2518.2
2542.35
2565.9
2587.7
2606.7
2626.25
2648.45
2671.9
2696
2720.25
2744.6
2768.8
2792.65
2815.2
2835.35
2853.85
2875.3
2898.5
2922.4
2946.65
2970.95
2995.25
3019.3
3042.45
3063.55
3081.55
3102.25
3125.1
3148.85
3173
3197.35
3221.65
3245.8
3269.3
3291.05
3309.95
3329.6
3351.85
3375.35
3399.45
3423.7
3448.05
3472.3
3496.1
3518.55
3538.6
3557.15
3578.75
3601.95
3625.9
3650.1
3674.45
3698.75
3722.75
3745.85
3766.85
3784.8
3805.65
3828.5
3852.3
3876.45
3900.8
3925.1
3949.25
3972.7
3994.35
4013.2
4032.95
4055.3
4078.85
4102.9
4127.2
4151.55
4175.75
4199.55
4221.95
4241.85
4260.55
4282.15
4305.4
4329.35
4353.6
4377.9
4402.2
4426.2
4449.25
4470.2
4488.2
4509.1
