0.05
19.75
43.8
67.9
91.95
116.05
140.1
164.2
188.25
212.35
236.45
260.5
284.6
308.65
332.75
356.8
380.9
404.95
429.05
453.15
477.2
501.3
525.35
549.45
573.5
597.6
621.65
645.75
669.85
693.9
718
742.05
766.15
790.2
814.3
838.35
862.45
886.5
910.6
934.7
958.75
982.85
1006.9
1031
1055.05
1079.15
1103.2
1127.3
1151.4
1175.45
1199.55
1223.6
1247.7
1271.75
1295.85
1319.9
1344
1368.1
1392.15
1416.25
1440.3
1464.4
1488.45
1512.55
1536.6
1560.7
1584.75
1608.85
1632.95
1657
1681.1
1705.15
1729.25
1753.3
1777.4
1801.45
1825.55
1849.65
1873.7
1897.8
1921.85
1945.95
1970
1994.1
2018.15
2042.25
2066.35
2090.4
2114.5
2138.55
2162.65
2186.7
2210.8
2234.85
2258.95
2283
2307.1
2331.2
2355.25
2379.35
2403.4
2427.5
2451.55
2475.65
2499.7
2523.8
2547.9
2571.95
2596.05
2620.1
2644.2
2668.25
2692.35
2716.4
2740.5
2764.6
2788.65
2812.75
2836.8
2860.9
2884.95
2909.05
2933.1
2957.2
2981.25
3005.35
3029.45
3053.5
3077.6
3101.65
3125.75
3149.8
3173.9
3197.95
3222.05
3246.15
3270.2
3294.3
3318.35
3342.45
3366.5
3390.6
3414.65
3438.75
3462.85
3486.9
3511
3535.05
3559.15
3583.2
3607.3
3631.35
3655.45
3679.55
3703.6
3727.7
3751.75
3775.85
3799.9
3824
3848.05
3872.15
3896.2
3920.3
3944.4
3968.45
3992.55
4016.6
4040.7
4064.75
4088.85
4112.9
4137
4161.1
4185.15
4209.25
4233.3
4257.4
4281.45
4305.55
4329.6
4353.7
4377.8
4401.85
4425.95
4450
4474.1
4498.15
4522.25
4546.3
4570.4
4594.45
4618.55
4642.65
4666.7
4690.8
4714.85
4738.95
4763
4787.1
4811.15
4835.25
4859.35
4883.4
4907.5
4931.55
4955.65
4979.7
-1000
0.05
26
48
70.25
93.25
116.65
140.25
163.95
187.75
211.6
235.45
259.35
283.2
307.15
331
354.9
378.75
402.55
426.3
449.9
473.25
495.75
516.65
535.05
554.7
576.45
599.2
622.5
646.05
669.7
693.45
717.25
741.1
765
788.9
812.8
836.7
860.55
884.45
908.25
932
955.65
979
1001.75
1023
1041.9
1061.05
1082.45
1105.05
1128.25
1151.75
1175.4
1199.15
1222.95
1246.75
1270.65
1294.55
1318.45
1342.35
1366.25
1390.1
1413.9
1437.65
1461.25
1484.65
1507.45
1528.7
1547.7
1566.75
1588.15
1610.7
1633.9
1657.35
1681
1704.8
1728.6
1752.45
1776.35
1800.25
1824.15
1848.05
1871.95
1895.75
1919.6
1943.4
1967.05
1990.55
2013.65
2035.55
2055.45
2073.75
2094.4
2116.7
2139.75
2163.15
2186.8
2210.5
2234.3
2258.15
2282.05
2305.9
2329.85
2353.7
2377.6
2401.45
2425.3
2449.1
2472.8
2496.4
2519.65
2542.05
2562.7
2580.65
2600.8
2622.75
2645.65
2669
2692.55
2716.25
2740.05
2763.9
2787.7
2811.6
2835.45
2859.35
2883.25
2907.1
2930.95
2954.75
2978.5
3002.1
3025.4
3048
3068.85
3087.25
3106.95
3128.7
3151.45
3174.7
3198.25
3221.95
3245.7
3269.5
3293.35
3317.25
3341.15
3365.05
3388.95
3412.85
3436.7
3460.55
3484.3
3507.95
3531.4
3554.25
3575.7
3594.95
3613.75
3634.95
3657.45
3680.6
3704.05
3727.7
3751.4
3775.2
3799.05
3822.95
3846.85
3870.75
3894.65
3918.55
3942.4
3966.25
3990
4013.7
4037.25
4060.35
4082.45
4102.65
4120.75
4141.25
4163.45
4186.4
4209.8
4233.4
4257.1
4280.9
4304.75
4328.65
4352.5
4376.4
4400.3
4424.2
4448.1
4471.9
4495.7
4519.45
4543
4566.25
4588.7
4609.4
4627.5
4647.5
4669.4
4692.25
4715.6
4739.15
4762.85
