0.05
19
42.3
65.6
88.85
112.15
135.45
158.7
182
205.25
228.55
251.85
275.1
298.4
321.7
344.95
368.25
391.5
414.8
438.1
461.35
484.65
507.95
531.2
554.5
577.75
601.05
624.35
647.6
670.9
694.2
717.45
740.75
764
787.3
810.6
833.85
857.15
880.4
903.7
927
950.25
973.55
996.85
1020.1
1043.4
1066.65
1089.95
1113.25
1136.5
1159.8
1183.1
1206.35
1229.65
1252.9
1276.2
1299.5
1322.75
1346.05
1369.35
1392.6
1415.9
1439.15
1462.45
1485.75
1509
1532.3
1555.6
1578.85
1602.15
1625.4
1648.7
1672
1695.25
1718.55
1741.85
1765.1
1788.4
1811.65
1834.95
1858.25
1881.5
1904.8
1928.1
1951.35
1974.65
1997.9
2021.2
2044.5
2067.75
2091.05
2114.35
2137.6
2160.9
2184.15
2207.45
2230.75
2254
2277.3
2300.6
2323.85
2347.15
2370.4
2393.7
2417
2440.25
2463.55
2486.85
-1000
0.05
39.75
86
132.15
178.55
225
271.7
318.15
364.65
411.15
457.95
504.35
550.85
597.4
644.15
690.6
737.1
783.65
830.4
876.85
923.35
969.9
1016.65
1063.1
1109.6
1156.15
1202.9
1249.35
1295.85
1342.4
1389.15
1435.6
1482.1
1528.65
1575.4
1621.85
1668.35
1714.9
1761.65
1808.1
1854.6
1901.15
1947.9
1994.35
2040.85
2087.4
2134.15
2180.6
2227.1
2273.65
2320.4
2366.85
2413.35
2459.9
2506.65
2553.1
2599.6
2646.15
2692.9
2739.35
2785.85
2832.4
2879.15
2925.6
2972.1
3018.65
3065.4
3111.85
3158.35
3204.9
3251.65
3298.1
3344.6
3391.15
3437.7
3484.25
3530.75
3577.35
3623.95
3670.45
3717
3763.6
3810.2
3856.7
3903.25
3949.85
3996.45
4042.95
4089.5
4136.1
4182.7
4229.2
4275.75
4322.35
4368.95
4415.45
4462
4508.6
4555.2
4601.7
4648.25
4694.85
4741.45
4787.95
4834.5
4881.1
4927.7
4974.2
