0.05
18.1
40.4
62.65
84.9
107.2
129.45
151.7
174
196.25
218.5
240.8
263.05
285.3
307.6
329.85
352.1
374.4
396.65
418.9
441.2
463.45
485.7
508
530.25
552.5
574.8
597.05
619.3
641.6
663.85
686.1
708.4
730.65
752.9
775.2
797.45
819.7
842
864.25
886.5
908.8
931.05
953.3
975.6
997.85
1020.1
1042.4
1064.65
1086.9
1109.2
1131.45
1153.7
1176
1198.25
1220.5
1242.8
1265.05
1287.3
1309.6
1331.85
1354.1
1376.4
1398.65
1420.9
1443.2
1465.45
1487.7
1510
1532.25
1554.5
1576.8
1599.05
1621.3
1643.6
1665.85
1688.1
1710.4
1732.65
1754.9
1777.2
1799.45
1821.7
1844
1866.25
1888.5
1910.8
1933.05
1955.3
1977.6
1999.85
2022.1
2044.4
2066.65
2088.9
2111.2
2133.45
2155.7
2178
2200.25
2222.5
2244.8
2267.05
2289.3
2311.6
2333.85
2356.1
2378.4
2400.65
2422.9
2445.2
2467.45
2489.7
2512
2534.25
2556.5
2578.8
2601.05
2623.3
2645.6
2667.85
2690.1
2712.4
2734.65
2756.9
2779.2
2801.45
-1000
0.05
36.85
77.75
118.15
155.7
194.8
235.3
276.25
315.4
352.8
393.15
434
474.5
512.05
551.1
591.6
632.55
671.85
709.15
749.45
790.3
830.8
868.45
907.45
947.95
988.85
1028.2
1065.5
1105.8
1146.65
1187.1
1224.75
1263.75
1304.25
1345.2
1384.5
1421.8
1462.05
1502.95
1543.5
1581.1
1620.05
1660.55
1701.5
1740.95
1778.2
1818.4
1859.2
1899.75
1937.5
1976.4
2016.9
2057.8
2097.3
2134.55
2174.7
2215.6
2256.05
2293.85
2332.7
2373.2
2414.2
2453.6
2490.85
2531
2571.85
2612.45
2650.2
2689
2729.55
2770.5
2810.1
2847.25
2887.35
2928.15
2968.75
3006.65
3045.4
3085.95
3126.85
3166.5
3203.65
3243.75
3284.55
3325.1
3363.05
3401.75
3442.3
3483.3
3522.95
3560.1
3600.1
3640.9
3681.55
3719.5
3758.1
3798.7
3839.7
3879.55
3916.65
3956.55
3997.25
4038
4076.15
4114.6
4155.3
4196.2
4236.25
4273.4
4313.1
4353.8
4394.5
4432.9
4471.15
4511.85
4552.85
4592.95
4630.2
4669.7
4710.35
4751.2
4789.8
4827.75
4868.25
4909.2
4949.5
4986.75
