0.05
16.7
37.3
57.95
78.6
99.25
119.85
140.5
161.15
181.8
202.4
223.05
243.7
264.35
285
305.6
326.25
346.9
367.55
388.15
408.8
429.45
450.1
470.7
491.35
512
532.65
553.3
573.9
594.55
615.2
635.85
656.45
677.1
697.75
718.4
739
759.65
780.3
800.95
821.6
842.2
862.85
883.5
904.15
924.75
945.4
966.05
986.7
1007.3
1027.95
1048.6
1069.25
1089.85
1110.5
1131.15
1151.8
1172.45
1193.05
1213.7
1234.35
1255
1275.6
1296.25
1316.9
1337.55
1358.15
1378.8
1399.45
1420.1
1440.75
1461.35
1482
1502.65
1523.3
1543.9
1564.55
1585.2
1605.85
1626.45
1647.1
1667.75
1688.4
1709.05
1729.65
1750.3
1770.95
1791.6
1812.2
1832.85
1853.5
1874.15
1894.75
1915.4
1936.05
1956.7
1977.35
1997.95
2018.6
2039.25
2059.9
2080.5
2101.15
2121.8
2142.45
2163.05
2183.7
2204.35
2225
2245.65
2266.25
2286.9
2307.55
2328.2
2348.8
2369.45
2390.1
2410.75
2431.35
2452
2472.65
2493.3
2513.95
2534.55
2555.2
2575.85
2596.5
2617.1
2637.75
2658.4
2679.05
2699.65
2720.3
2740.95
2761.6
2782.25
2802.85
2823.5
2844.15
2864.8
2885.4
2906.05
2926.7
2947.35
2967.95
2988.6
3009.25
3029.9
3050.55
3071.15
3091.8
3112.45
3133.1
3153.7
3174.35
3195
3215.65
3236.25
3256.9
3277.55
3298.2
3318.85
3339.45
3360.1
3380.75
3401.4
3422
3442.65
3463.3
3483.95
3504.55
3525.2
3545.85
3566.5
3587.15
3607.75
3628.4
3649.05
3669.7
3690.3
3710.95
3731.6
3752.25
3772.85
3793.5
3814.15
3834.8
3855.45
3876.05
3896.7
3917.35
3938
3958.6
3979.25
3999.9
4020.55
4041.15
4061.8
4082.45
4103.1
4123.75
4144.35
4165
4185.65
4206.3
4226.9
4247.55
4268.2
4288.85
4309.45
4330.1
4350.75
4371.4
4392
4412.65
4433.3
4453.95
4474.6
4495.2
4515.85
4536.5
4557.15
4577.75
4598.4
4619.05
4639.7
4660.3
4680.95
4701.6
4722.25
4742.9
4763.5
4784.15
4804.8
4825.45
4846.05
4866.7
4887.35
4908
4928.6
4949.25
4969.9
-1000
0.05
26.15
48.55
70.65
92.35
113.6
134.65
155.55
176.35
197
217.7
238.4
259.05
279.75
300.35
321
341.65
362.3
382.9
403.55
424.2
444.85
465.45
486.1
506.75
527.4
548.05
568.7
589.3
609.95
630.6
651.2
671.85
692.5
713.15
733.75
754.4
775.05
795.7
816.35
837
857.6
878.25
898.9
919.5
940.15
960.8
981.45
1002.05
1022.7
1043.35
1064
1084.65
1105.3
1125.9
1146.55
1167.2
1187.8
1208.45
1229.1
1249.75
1270.35
1291
1311.65
1332.3
1352.95
1373.6
1394.2
1414.85
1435.5
1456.1
1476.75
1497.4
1518.05
1538.65
1559.3
1579.95
1600.6
1621.25
1641.9
1662.5
1683.15
1703.8
1724.4
1745.05
1765.7
1786.35
1806.95
1827.6
1848.25
1868.9
1889.5
1910.15
1930.8
1951.45
1972.1
1992.7
2013.35
2034
2054.65
2075.25
2095.9
2116.55
2137.2
2157.8
2178.45
2199.1
2219.75
2240.4
2261
2281.65
2302.3
2322.95
2343.55
2364.2
2384.85
2405.5
2426.1
2446.75
2467.4
2488.05
2508.7
2529.3
2549.95
2570.6
2591.25
2611.85
2632.5
2653.15
2673.8
2694.4
2715.05
2735.7
2756.35
2777
2797.6
2818.25
2838.9
2859.55
2880.15
2900.8
2921.45
2942.1
2962.7
2983.35
3004
3024.65
3045.3
3065.9
3086.55
3107.2
3127.85
3148.45
3169.1
3189.75
3210.4
3231
3251.65
3272.3
3292.95
3313.6
3334.2
3354.85
3375.5
3396.15
3416.75
3437.4
3458.05
3478.7
3499.3
3519.95
3540.6
3561.25
3581.9
3602.5
3623.15
3643.8
3664.45
3685.05
3705.7
3726.35
3747
3767.6
3788.25
3808.9
3829.55
3850.2
3870.85
3891.45
3912.1
3932.75
3953.35
3974
3994.65
4015.3
4035.9
4056.55
4077.2
4097.85
4118.5
4139.15
4159.75
4180.4
4201.05
4221.65
4242.3
4262.95
4283.6
4304.2
4324.85
4345.5
4366.15
4386.8
4407.45
4428.05
4448.7
4469.35
4489.95
4510.6
4531.25
4551.9
4572.5
4593.15
4613.8
4634.45
4655.1
4675.75
4696.35
4717
4737.65
4758.25
4778.9
4799.55
4820.2
4840.8
4861.45
4882.1
4902.75
4923.4
4944.05
4964.65
4985.3
