0.05
22.7
50.05
77.4
104.8
132.15
159.5
186.85
214.25
241.6
268.95
296.35
323.7
351.05
378.45
405.8
433.15
460.5
487.9
515.25
542.6
570
597.35
624.7
652.1
679.45
706.8
734.15
761.55
788.9
816.25
843.65
871
898.35
925.75
953.1
980.45
1007.8
1035.2
1062.55
1089.9
1117.3
1144.65
1172
1199.35
1226.75
1254.1
1281.45
1308.85
1336.2
1363.55
1390.95
1418.3
1445.65
1473
1500.4
1527.75
1555.1
1582.5
1609.85
1637.2
1664.6
1691.95
1719.3
1746.65
1774.05
1801.4
1828.75
1856.15
1883.5
1910.85
1938.25
1965.6
1992.95
2020.3
2047.7
2075.05
2102.4
2129.8
2157.15
2184.5
2211.9
2239.25
2266.6
2293.95
2321.35
2348.7
2376.05
2403.45
2430.8
2458.15
2485.5
2512.9
2540.25
2567.6
2595
2622.35
2649.7
2677.1
2704.45
2731.8
2759.15
2786.55
2813.9
2841.25
2868.65
2896
2923.35
2950.75
2978.1
3005.45
3032.8
3060.2
3087.55
3114.9
3142.3
3169.65
3197
3224.4
3251.75
3279.1
3306.45
3333.85
3361.2
3388.55
3415.95
3443.3
3470.65
3498.05
3525.4
3552.75
3580.1
3607.5
3634.85
3662.2
3689.6
3716.95
3744.3
3771.65
3799.05
3826.4
3853.75
3881.15
3908.5
3935.85
3963.25
3990.6
4017.95
4045.3
4072.7
4100.05
4127.4
4154.8
4182.15
4209.5
4236.9
4264.25
4291.6
4318.95
4346.35
4373.7
4401.05
4428.45
4455.8
4483.15
4510.55
4537.9
4565.25
4592.6
4620
4647.35
4674.7
4702.1
4729.45
4756.8
4784.15
4811.55
4838.9
4866.25
4893.65
4921
4948.35
4975.75
-1000
0.05
26
49.9
74.5
99.75
124.25
145.85
164
186.45
211.15
236.35
260.7
282.05
300.4
323.1
347.85
373.05
397.25
418.35
436.9
459.75
484.55
509.75
533.8
554.75
573.45
596.45
621.3
646.5
670.45
691.15
710.05
733.15
758
783.2
807.05
827.6
846.65
869.8
894.75
919.9
943.6
963.8
983.15
1006.5
1031.45
1056.65
1080.2
1100.3
1119.8
1143.2
1168.2
1193.3
1216.7
1236.55
1256.35
1279.9
1304.95
1330.05
1353.35
1373.05
1392.95
1416.6
1441.65
1466.7
1489.8
1509.25
1529.5
1553.3
1578.4
1603.45
1626.4
1645.65
1666.1
1689.95
1715.05
1740.05
1762.85
1781.8
1802.6
1826.65
1851.8
1876.75
1899.4
1918.25
1939.2
1963.3
1988.45
2013.35
2035.85
2054.5
2075.75
2100
2125.2
2150.05
2172.35
2190.65
2212.25
2236.65
2261.85
2286.55
2308.7
2326.75
2348.75
2373.25
2398.5
2423.05
2444.85
2462.9
2485.25
2509.85
2535.1
2559.5
2581
2599.25
2621.85
2646.55
2671.8
2696.05
2717.25
2735.7
2758.45
2783.25
2808.45
2832.6
2853.6
2872.25
2895.15
2920
2945.2
2969.2
2990
3008.8
3031.85
3056.7
3081.9
3105.8
3126.45
3145.4
3168.5
3193.4
3218.6
3242.35
3262.65
3281.9
3305.2
3330.15
3355.35
3378.95
3399.1
3418.55
3441.9
3466.85
3492
3515.45
3535.4
3555.1
3578.6
3603.6
3628.75
3652.1
3671.85
3691.7
3715.3
3740.35
3765.4
3788.55
3808.1
3828.25
3852
3877.05
3902.15
3925.15
3944.5
3964.85
3988.65
4013.75
4038.75
4061.6
4080.7
4101.35
4125.35
4150.5
