0.05
23.1
50.95
78.75
106.6
134.4
162.25
190.05
217.9
245.7
273.55
301.35
329.2
357
384.85
412.65
440.5
468.3
496.15
523.95
551.8
579.6
607.45
635.25
663.1
690.9
718.75
746.55
774.4
802.2
830.05
857.85
885.7
913.5
941.35
969.15
997
1024.8
1052.65
1080.45
1108.3
1136.1
1163.95
1191.75
1219.6
1247.4
1275.25
1303.05
1330.9
1358.7
1386.55
1414.35
1442.2
1470
1497.85
1525.65
1553.5
1581.3
1609.15
1636.95
1664.8
1692.6
1720.45
1748.25
1776.1
1803.95
1831.75
1859.6
1887.4
1915.25
1943.05
1970.9
1998.7
2026.55
2054.35
2082.2
2110
2137.85
2165.65
2193.5
2221.3
2249.15
2276.95
2304.8
2332.6
2360.45
2388.25
2416.1
2443.9
2471.75
2499.55
2527.4
2555.2
2583.05
2610.85
2638.7
2666.5
2694.35
2722.15
2750
2777.8
2805.65
2833.45
2861.3
2889.1
2916.95
2944.75
2972.6
3000.4
3028.25
3056.05
3083.9
3111.7
3139.55
3167.35
3195.2
3223
3250.85
3278.65
3306.5
3334.3
3362.15
3389.95
3417.8
3445.6
3473.45
3501.25
3529.1
3556.95
3584.75
3612.6
3640.4
3668.25
3696.05
3723.9
3751.7
3779.55
3807.35
3835.2
3863
3890.85
3918.65
3946.5
3974.3
4002.15
4029.95
4057.8
4085.6
4113.45
4141.25
4169.1
4196.9
4224.75
4252.55
4280.4
4308.2
4336.05
4363.85
4391.7
4419.5
4447.35
4475.15
4503
4530.8
4558.65
4586.45
4614.3
4642.1
4669.95
4697.75
4725.6
4753.4
4781.25
4809.05
4836.9
4864.7
4892.55
4920.35
4948.2
4976
-1000
0.05
26
44.1
66.2
91
116.4
140.2
160.5
180
203.75
229
254.05
276.45
294.5
316.65
341.45
366.8
390.65
410.9
430.45
454.15
479.45
504.5
526.95
545.1
567.15
591.95
617.35
641.4
661.9
681.25
704.8
730.05
755.2
777.95
796.55
818.1
842.7
868.1
892.45
913.55
932.3
955.6
980.75
1006
1029
1047.95
1069
1093.4
1118.8
1143.4
1165
1183.35
1206.3
1231.4
1256.7
1279.95
1299.35
1319.9
1344.1
1369.45
1394.3
1416.2
1434.3
1457
1482
1507.35
1530.85
1550.65
1570.75
1594.75
1620.1
1645.05
1667.25
1685.3
1707.7
1732.6
1757.95
1781.7
1801.85
1821.55
1845.4
1870.65
1895.65
1918.05
1936
1958.25
1983.1
2008.45
2032.25
2052.35
2072.05
2095.8
2121.1
2146.1
2168.45
2186.5
2208.65
2233.5
2258.9
2282.75
2303
2322.6
2346.35
2371.65
2396.7
2419.25
2437.5
2459.4
2484.2
2509.55
2533.7
2554.35
2573.5
2597.05
2622.25
2647.45
2670.2
2689
2710.4
2734.9
2760.3
2784.8
2806.05
2824.7
2847.8
2872.95
2898.2
2921.35
2940.45
2961.3
2985.65
3011
3035.7
3057.4
3075.65
3098.55
3123.55
3148.9
3172.25
3191.8
3212.15
3236.3
3261.65
3286.55
3308.6
3326.65
3349.2
3374.2
3399.55
3423.15
3443.05
3463
3486.95
3512.25
3537.25
3559.55
3577.6
3599.9
3624.75
3650.1
3673.85
3693.9
3713.65
3737.45
3762.75
3787.75
3810.05
3828.1
3850.3
3875.15
3900.55
3924.25
3944.35
3964
3987.9
4013.2
4038.15
4060.45
4078.5
