0.05
21.2
46.85
72.55
98.25
123.95
149.65
175.35
201
226.7
252.4
278.1
303.8
329.5
355.15
380.85
406.55
432.25
457.95
483.6
509.3
535
560.7
586.4
612.1
637.75
663.45
689.15
714.85
740.55
766.25
791.9
817.6
843.3
869
894.7
920.4
946.05
971.75
997.45
1023.15
1048.85
1074.55
1100.2
1125.9
1151.6
1177.3
1203
1228.7
1254.35
1280.05
1305.75
1331.45
1357.15
1382.85
1408.5
1434.2
1459.9
1485.6
1511.3
1537
1562.65
1588.35
1614.05
1639.75
1665.45
1691.15
1716.8
1742.5
1768.2
1793.9
1819.6
1845.3
1870.95
1896.65
1922.35
1948.05
1973.75
1999.45
2025.1
2050.8
2076.5
2102.2
2127.9
2153.6
2179.25
2204.95
2230.65
2256.35
2282.05
2307.7
2333.4
2359.1
2384.8
2410.5
2436.2
2461.85
2487.55
2513.25
2538.95
2564.65
2590.35
2616
2641.7
2667.4
2693.1
2718.8
2744.5
2770.15
2795.85
2821.55
2847.25
2872.95
2898.65
2924.3
2950
2975.7
3001.4
3027.1
3052.8
3078.45
3104.15
3129.85
3155.55
3181.25
3206.95
3232.6
3258.3
3284
3309.7
3335.4
3361.1
3386.75
3412.45
3438.15
3463.85
3489.55
3515.25
3540.9
3566.6
3592.3
3618
3643.7
3669.4
3695.05
3720.75
3746.45
3772.15
3797.85
3823.55
3849.2
3874.9
3900.6
3926.3
3952
3977.65
4003.35
4029.05
4054.75
4080.45
4106.15
4131.8
4157.5
4183.2
4208.9
4234.6
4260.3
4285.95
4311.65
4337.35
4363.05
4388.75
4414.45
4440.1
4465.8
4491.5
4517.2
4542.9
4568.6
4594.25
4619.95
4645.65
4671.35
4697.05
4722.75
4748.4
4774.1
4799.8
4825.5
4851.2
4876.9
4902.55
4928.25
4953.95
4979.65
-1000
0.05
26
51.45
75.4
99.9
124.45
148.75
171.85
192.45
210.7
232.4
255.95
280.25
304.85
329.3
353.2
375.05
393.9
413.95
436.75
460.8
485.25
509.8
534.1
557.25
577.9
596.2
617.85
641.4
665.65
690.2
714.7
738.65
760.6
779.45
799.35
822.15
846.15
870.6
895.2
919.45
942.6
963.15
981.45
1003.15
1026.7
1051.05
1075.6
1100.05
1123.9
1145.75
1164.6
1184.7
1207.5
1231.55
1255.95
1280.5
1304.75
1327.8
1348.25
1366.7
1388.45
1412
1436.3
1460.9
1485.35
1509.15
1530.95
1549.65
1569.8
1592.7
1616.8
1641.3
1665.85
1690.1
1713.05
1733.3
1751.85
1773.75
1797.35
1821.7
1846.25
1870.7
1894.45
1916.2
1934.85
1955.2
1978.1
2002.2
2026.65
2051.15
2075.4
2098.25
2118.5
2137.15
2159.05
2182.7
2207.05
2231.6
2256.05
2279.85
2301.55
2320.2
2340.5
2363.45
2387.55
2412
2436.6
2460.8
2483.7
2503.95
2522.55
2544.45
2568.1
2592.45
2617
2641.4
2665.15
2686.85
2705.4
2725.8
2748.8
2772.85
2797.3
2821.85
2846.05
2868.85
2888.95
2907.7
2929.65
2953.35
2977.7
3002.3
3026.7
3050.4
3071.95
3090.15
3110.85
3134
3158.15
3182.65
3207.2
3231.35
3253.95
3273.85
3292.8
3314.95
3338.7
3363.05
3387.6
3412
3435.6
3457.05
3475.15
3496.05
3519.25
3543.4
3567.9
3592.45
3616.55
3638.95
3658.55
3677.8
3700.05
3723.9
3748.3
3772.85
3797.25
3820.75
3841.9
3859.85
3881.1
3904.45
3928.7
3953.2
3977.75
4001.75
4024.1
4043.45
4062.9
4085.35
4109.25
4133.65
4158.2
4182.6
4206.05
4227.25
4245.25
4266.5
4289.8
4314
4338.55
4363.05
4387.05
4409.25
