0.05
14.6
32.85
51.15
69.4
87.7
105.95
124.25
142.5
160.8
179.05
197.35
215.6
233.9
252.15
270.45
288.7
307
325.25
343.55
361.8
380.1
398.35
416.65
434.9
453.2
471.45
489.75
508.05
526.3
544.6
562.85
581.15
599.4
617.7
635.95
654.25
672.5
690.8
709.05
727.35
745.6
763.9
782.15
800.45
818.7
837
855.25
873.55
891.8
910.1
928.35
946.65
964.9
983.2
1001.45
1019.75
1038
1056.3
1074.55
1092.85
1111.1
1129.4
1147.65
1165.95
1184.2
1202.5
1220.75
1239.05
1257.3
1275.6
1293.85
1312.15
1330.4
1348.7
1366.95
1385.25
1403.5
1421.8
1440.05
1458.35
1476.6
1494.9
1513.15
1531.45
1549.7
1568
1586.25
1604.55
1622.8
1641.1
1659.35
1677.65
1695.9
1714.2
1732.45
1750.75
1769
1787.3
1805.55
1823.85
1842.1
1860.4
1878.65
1896.95
1915.2
1933.5
1951.75
1970.05
1988.3
2006.6
2024.85
2043.15
2061.4
2079.7
2097.95
2116.25
2134.5
2152.8
2171.05
2189.35
2207.6
2225.9
2244.15
2262.45
2280.7
2299
2317.25
2335.55
2353.8
2372.1
2390.35
2408.65
2426.9
2445.2
2463.45
2481.75
2500
2518.3
2536.55
2554.85
2573.1
2591.4
2609.65
2627.95
2646.2
2664.5
2682.75
2701.05
2719.3
2737.6
2755.85
2774.15
2792.4
2810.7
2828.95
2847.25
2865.5
2883.8
2902.05
2920.35
2938.6
2956.9
2975.15
2993.45
3011.7
3030
3048.25
3066.55
3084.8
3103.1
3121.35
3139.65
3157.9
3176.2
3194.45
3212.75
3231
3249.3
3267.55
3285.85
3304.1
3322.4
3340.65
3358.95
3377.2
3395.5
3413.75
3432.05
3450.3
3468.6
3486.85
3505.15
3523.4
3541.7
3559.95
3578.25
3596.5
3614.8
3633.05
3651.35
3669.6
3687.9
3706.15
3724.45
3742.7
3761
3779.25
3797.55
3815.8
3834.1
3852.35
3870.65
3888.9
3907.2
3925.45
3943.75
3962
3980.3
3998.55
4016.85
4035.1
4053.4
4071.65
4089.95
4108.2
4126.5
4144.75
4163.05
4181.3
4199.6
4217.85
4236.15
4254.4
4272.7
4290.95
4309.25
4327.5
4345.8
4364.05
4382.35
4400.6
4418.9
4437.15
4455.45
4473.7
4492
4510.25
4528.55
4546.8
4565.1
4583.35
4601.65
4619.9
4638.2
4656.45
4674.75
4693
4711.3
4729.55
4747.85
4766.1
4784.4
4802.65
4820.95
4839.2
4857.5
4875.75
4894.05
4912.3
4930.6
4948.85
4967.15
-1000
0.05
26.5
47.85
68.75
88.8
108.25
127.25
146.05
164.65
183.15
201.6
220
238.35
256.7
275
293.3
311.6
329.9
348.15
366.45
384.7
403
421.3
439.55
457.85
476.1
494.4
512.65
530.95
549.2
567.5
585.75
604.05
622.3
640.6
658.85
677.15
695.4
713.7
731.95
750.2
768.45
786.7
805
823.2
841.5
859.75
878.05
896.3
914.6
932.85
951.15
969.4
987.7
1005.9
1024.25
1042.45
1060.8
1079
1097.35
1115.55
1133.9
1152.1
1170.45
1188.65
1207
1225.2
1243.55
1261.75
1280.1
1298.3
1316.65
1334.85
1353.2
1371.4
1389.75
1407.95
1426.3
1444.5
1462.85
1481.05
1499.4
1517.6
1535.95
1554.15
1572.5
1590.7
1609.05
1627.25
1645.6
1663.8
1682.15
1700.35
1718.7
1736.9
1755.25
1773.45
1791.8
1810
1828.35
1846.55
1864.9
1883.1
1901.45
1919.65
1938
1956.2
1974.55
1992.75
2011.1
2029.3
2047.65
2065.85
2084.2
2102.4
2120.75
2138.95
2157.3
2175.5
2193.85
2212.05
2230.4
2248.6
2266.95
2285.15
2303.5
2321.7
2340.05
2358.25
2376.6
2394.8
2413.15
2431.35
2449.7
2467.9
2486.25
2504.45
2522.8
2541
2559.35
2577.55
2595.9
2614.1
2632.45
2650.65
2669
2687.2
2705.55
2723.75
2742.1
2760.3
2778.65
2796.85
2815.2
2833.4
2851.75
2869.95
2888.3
2906.5
2924.85
2943.05
2961.4
2979.6
2997.95
3016.15
3034.5
3052.7
3071.05
3089.25
3107.6
3125.8
3144.15
3162.35
3180.7
3198.9
3217.25
3235.45
3253.8
3272
3290.35
3308.55
3326.9
3345.1
3363.45
3381.65
3400
3418.2
3436.55
3454.75
3473.1
3491.3
3509.65
3527.85
3546.2
3564.4
3582.75
3600.95
3619.3
3637.5
3655.85
3674.05
3692.4
3710.6
3728.95
3747.15
3765.5
3783.7
3802.05
3820.25
3838.6
3856.8
3875.15
3893.35
3911.7
3929.9
3948.25
3966.45
3984.8
4003
4021.35
4039.55
4057.9
4076.1
4094.45
4112.65
4131
4149.2
4167.55
4185.75
4204.1
4222.3
4240.65
4258.85
4277.2
4295.4
4313.75
4331.95
4350.3
4368.5
4386.85
4405.05
4423.4
4441.6
4459.95
4478.15
4496.5
4514.7
4533.05
4551.25
4569.6
4587.8
4606.15
4624.35
4642.7
4660.9
4679.25
4697.45
4715.8
4734
4752.35
4770.55
4788.9
4807.1
4825.45
4843.65
4862
4880.2
4898.55
4916.75
4935.1
4953.3
4971.65
4989.85
