0.05
20.65
45.8
70.9
96.05
121.15
146.3
171.4
196.55
221.65
246.8
271.9
297.05
322.15
347.3
372.4
397.55
422.65
447.8
472.9
498.05
523.15
548.3
573.4
598.55
623.65
648.8
673.9
699.05
724.15
749.3
774.4
799.55
824.65
849.8
874.9
900.05
925.2
950.3
975.45
1000.55
1025.7
1050.8
1075.95
1101.05
1126.2
1151.3
1176.45
1201.55
1226.7
1251.8
1276.95
1302.05
1327.2
1352.3
1377.45
1402.55
1427.7
1452.8
1477.95
1503.05
1528.2
1553.3
1578.45
1603.55
1628.7
1653.8
1678.95
1704.05
1729.2
1754.3
1779.45
1804.55
1829.7
1854.8
1879.95
1905.05
1930.2
1955.3
1980.45
2005.55
2030.7
2055.8
2080.95
2106.05
2131.2
2156.3
2181.45
2206.55
2231.7
2256.8
2281.95
2307.05
2332.2
2357.3
2382.45
2407.55
2432.7
2457.8
2482.95
2508.05
2533.2
2558.3
2583.45
2608.55
2633.7
2658.8
2683.95
2709.05
2734.2
2759.3
2784.45
2809.55
2834.7
2859.8
2884.95
2910.05
2935.2
2960.3
2985.45
3010.55
3035.7
3060.8
3085.95
3111.05
3136.2
3161.3
3186.45
3211.55
3236.7
3261.8
3286.95
3312.05
3337.2
3362.3
3387.45
3412.55
3437.7
3462.8
3487.95
3513.05
3538.2
3563.3
3588.45
3613.55
3638.7
3663.8
3688.95
3714.05
3739.2
3764.3
3789.45
3814.55
3839.7
3864.8
3889.95
3915.05
3940.2
3965.3
3990.45
4015.55
4040.7
4065.8
4090.95
4116.05
4141.2
4166.3
4191.45
4216.55
4241.7
4266.8
4291.95
4317.05
4342.2
4367.3
4392.45
4417.55
4442.7
4467.8
4492.95
4518.05
4543.2
4568.3
4593.45
4618.55
4643.7
4668.8
4693.95
4719.1
4744.2
4769.35
4794.45
4819.6
4844.7
4869.85
4894.95
4920.1
4945.2
4970.35
4995.45
-1000
0.05
26
44.35
65.6
88.65
112.5
136.7
161.05
185.35
209.4
232.7
254.05
272.4
292.7
315.3
339
363.1
387.4
411.75
435.9
459.6
481.55
500.9
520.1
542.1
565.55
589.55
613.8
638.15
662.4
686.3
709.05
729.5
747.75
769.05
792.1
816
840.2
864.5
888.8
912.9
936.15
957.45
975.65
996.05
1018.75
1042.4
1066.55
1090.85
1115.15
1139.25
1162.75
1184.4
1203.15
1222.95
1245.2
1268.75
1292.85
1317.1
1341.4
1365.55
1389.25
1411.2
1430.55
1449.65
1471.7
1495.1
1519.1
1543.35
1567.65
1591.9
1615.65
1638.05
1657.85
1676.55
1698.2
1721.45
1745.4
1769.6
1793.95
1818.15
1842.05
1864.75
1885.15
1903.3
1924.7
1947.75
1971.65
1995.85
2020.15
2044.45
2068.4
2091.35
2112.1
2130.15
2151.2
2174.15
2198
2222.15
2246.5
2270.8
2294.9
2318.3
2339.8
2358.5
2378.45
2400.9
2424.5
2448.6
2472.9
2497.25
2521.45
2545.2
2567.45
2587.1
2606
2627.75
2651.1
2675.05
2699.3
2723.6
2747.9
2771.85
2794.8
2815.55
2833.6
2854.65
2877.65
2901.5
2925.65
2950
2974.3
2998.4
3021.8
3043.25
3061.95
3081.95
3104.4
3128
3152.1
3176.4
3200.7
3224.9
3248.65
3270.9
3290.55
3309.45
3331.25
3354.55
3378.55
3402.8
3427.1
3451.4
3475.35
3498.3
3519
3537.1
3558.15
3581.15
3604.95
3629.15
3653.5
3677.8
3701.9
3725.25
3746.75
3765.4
3785.4
3807.9
3831.5
3855.6
3879.9
3904.2
3928.4
3952.15
3974.35
3994
4012.9
4034.7
4058.05
4082
4106.3
4130.6
4154.9
4178.85
4201.75
4222.45
4240.55
4261.65
4284.6
4308.45
4332.65
4357
4381.3
4405.35
4428.75
4450.2
4468.8
4488.85
4511.35
