0.05
21.35
47.25
73.15
99
124.9
150.8
176.7
202.55
228.45
254.35
280.25
306.1
332
357.9
383.75
409.65
435.55
461.45
487.3
513.2
539.1
565
590.85
616.75
642.65
668.55
694.4
720.3
746.2
772.1
797.95
823.85
849.75
875.65
901.5
927.4
953.3
979.2
1005.05
1030.95
1056.85
1082.75
1108.6
1134.5
1160.4
1186.3
1212.15
1238.05
1263.95
1289.85
1315.7
1341.6
1367.5
1393.4
1419.25
1445.15
1471.05
1496.95
1522.8
1548.7
1574.6
1600.5
1626.35
1652.25
1678.15
1704
1729.9
1755.8
1781.7
1807.55
1833.45
1859.35
1885.25
1911.1
1937
1962.9
1988.8
2014.65
2040.55
2066.45
2092.35
2118.2
2144.1
2170
2195.9
2221.75
2247.65
2273.55
2299.45
2325.3
2351.2
2377.1
2403
2428.85
2454.75
2480.65
2506.55
2532.4
2558.3
2584.2
2610.1
2635.95
2661.85
2687.75
2713.65
2739.5
2765.4
2791.3
2817.2
2843.05
2868.95
2894.85
2920.7
2946.6
2972.5
2998.4
3024.25
3050.15
3076.05
3101.95
3127.8
3153.7
3179.6
3205.5
3231.35
3257.25
3283.15
3309.05
3334.9
3360.8
3386.7
3412.6
3438.45
3464.35
3490.25
3516.15
3542
3567.9
3593.8
3619.7
3645.55
3671.45
3697.35
3723.25
3749.1
3775
3800.9
3826.8
3852.65
3878.55
3904.45
3930.35
3956.2
3982.1
4008
4033.9
4059.75
4085.65
4111.55
4137.4
4163.3
4189.2
4215.1
4240.95
4266.85
4292.75
4318.65
4344.5
4370.4
4396.3
4422.2
4448.05
4473.95
4499.85
4525.75
4551.6
4577.5
4603.4
4629.3
4655.15
4681.05
4706.95
4732.85
4758.7
4784.6
4810.5
4836.4
4862.25
4888.15
4914.05
4939.95
4965.8
4991.7
-1000
0.05
26
46.7
69.5
93.6
118.15
142.75
166.85
189.1
208.15
227.95
250.75
274.85
299.4
323.95
348.1
370.4
389.6
409.3
432
456.1
480.65
505.25
529.5
551.95
571.4
590.85
613.4
637.4
661.95
686.6
710.85
733.45
753.2
772.4
794.8
818.75
843.25
867.9
892.2
915
935
953.9
976.15
1000
1024.5
1049.15
1073.45
1096.35
1116.35
1135.2
1157.4
1181.3
1205.75
1230.35
1254.7
1277.65
1297.8
1316.45
1338.65
1362.5
1387
1411.65
1435.95
1458.9
1479.1
1497.85
1519.9
1543.7
1568.2
1592.85
1617.2
1640.25
1660.6
1679.2
1701.25
1725
1749.5
1774.15
1798.55
1821.7
1842.3
1860.7
1882.6
1906.35
1930.8
1955.45
1979.85
2003.15
2023.9
2042.15
2063.95
2087.6
2112.05
2136.7
2161.15
2184.55
2205.45
2223.5
2245.2
2268.85
2293.3
2317.9
2342.3
2365.7
2386.55
2404.75
2426.35
2450.05
2474.45
2499.1
2523.55
2546.85
2567.7
2585.9
2607.65
2631.25
2655.65
2680.3
2704.75
2728.1
2748.85
2767.1
2788.8
2812.5
2836.9
2861.55
2886
2909.4
2930.35
2948.5
2970.1
2993.75
3018.15
3042.8
3067.3
3090.75
3111.8
3129.9
3151.4
3175
3199.4
3224.05
3248.55
3272.05
3293.2
3311.25
3332.75
3356.25
3380.65
3405.3
3429.8
3453.3
3474.45
3492.5
3513.95
3537.45
3561.8
3586.45
3610.95
3634.45
3655.5
3673.55
3695.1
3718.65
3743.05
3767.65
3792.1
3815.6
3836.6
3854.6
3876.2
3899.8
3924.25
3948.85
3973.3
3996.7
4017.65
4035.8
4057.4
4081
4105.45
4130.1
4154.55
4178.05
4199.1
4217.2
4238.7
4262.3
4286.7
4311.35
4335.8
4359.35
4380.5
