0.05
20.85
46.15
71.45
96.75
122.1
147.4
172.7
198
223.3
248.65
273.95
299.25
324.55
349.85
375.2
400.5
425.8
451.1
476.45
501.75
527.05
552.35
577.65
603
628.3
653.6
678.9
704.2
729.55
754.85
780.15
805.45
830.75
856.1
881.4
906.7
932
957.35
982.65
1007.95
1033.25
1058.55
1083.9
1109.2
1134.5
1159.8
1185.1
1210.45
1235.75
1261.05
1286.35
1311.7
1337
1362.3
1387.6
1412.9
1438.25
1463.55
1488.85
1514.15
1539.45
1564.8
1590.1
1615.4
1640.7
1666
1691.35
1716.65
1741.95
1767.25
1792.6
1817.9
1843.2
1868.5
1893.8
1919.15
1944.45
1969.75
1995.05
2020.35
2045.7
2071
2096.3
2121.6
2146.9
2172.25
2197.55
2222.85
2248.15
2273.5
2298.8
2324.1
2349.4
2374.7
2400.05
2425.35
2450.65
2475.95
2501.25
2526.6
2551.9
2577.2
2602.5
2627.85
2653.15
2678.45
2703.75
2729.05
2754.4
2779.7
2805
2830.3
2855.6
2880.95
2906.25
2931.55
2956.85
2982.15
3007.5
3032.8
3058.1
3083.4
3108.75
3134.05
3159.35
3184.65
3209.95
3235.3
3260.6
3285.9
3311.2
3336.5
3361.85
3387.15
3412.45
3437.75
3463.05
3488.4
3513.7
3539
3564.3
3589.65
3614.95
3640.25
3665.55
3690.85
3716.2
3741.5
3766.8
3792.1
3817.4
3842.75
3868.05
3893.35
3918.65
3944
3969.3
3994.6
4019.9
4045.2
4070.55
4095.85
4121.15
4146.45
4171.75
4197.1
4222.4
4247.7
4273
4298.3
4323.65
4348.95
4374.25
4399.55
4424.9
4450.2
4475.5
4500.8
4526.1
4551.45
4576.75
4602.05
4627.35
4652.65
4678
4703.3
4728.6
4753.9
4779.25
4804.55
4829.85
4855.15
4880.45
4905.8
4931.1
4956.4
4981.7
-1000
0.05
26
45.35
67.25
90.7
114.8
139.15
163.55
187.75
211.2
232.65
251.05
271.3
294.1
317.9
342.15
366.55
390.9
414.9
437.7
458
476.4
497.85
521.2
545.25
569.55
594
618.25
641.85
663.6
682.5
702.3
724.7
748.4
772.6
796.95
821.35
845.45
868.5
889.25
907.35
928.55
951.7
975.65
999.95
1024.35
1048.65
1072.4
1094.5
1113.7
1133.05
1155.3
1178.85
1203
1227.4
1251.8
1275.95
1299.3
1320.55
1338.6
1359.35
1382.25
1406.15
1430.4
1454.8
1479.1
1503
1525.45
1545.3
1564.1
1585.9
1609.35
1633.45
1657.8
1682.2
1706.45
1729.95
1751.5
1770.1
1790.25
1812.85
1836.6
1860.85
1885.25
1909.6
1933.65
1956.45
1976.9
1995.2
2016.65
2039.9
2063.9
2088.2
2112.6
2136.9
2160.55
2182.45
2201.4
2221.05
2243.45
2267.1
2291.25
2315.65
2340
2364.1
2387.2
2408.1
2426.05
2447.2
2470.35
2494.3
2518.65
2543.05
2567.35
2591.15
2613.35
2632.85
2651.95
2674.05
2697.6
2721.75
2746.1
2770.5
2794.65
2818
2839.3
2857.4
2878.05
2900.9
2924.75
2949.05
2973.45
2997.8
3021.7
3044.25
3064.15
3082.9
3104.65
3128
3152.1
3176.45
3200.85
3225.1
3248.65
3270.2
3288.9
3308.95
3331.55
3355.3
3379.5
3403.9
3428.25
3452.25
3475.15
3495.65
3513.95
3535.35
3558.55
3582.6
3606.9
3631.3
3655.55
3679.25
3701.1
3720.15
3739.7
3762.05
3785.75
3809.9
3834.3
3858.7
3882.8
3906
3927
3945
3965.95
3989.05
4013
4037.3
4061.7
4086
4109.8
4131.95
4151.4
4170.6
4192.65
4216.2
4240.3
4264.7
4289.1
4313.25
4336.6
4357.9
4375.95
4396.65
4419.55
4443.4
4467.65
