0.05
20.05
44.45
68.85
93.3
117.7
142.1
166.5
190.95
215.35
239.75
264.2
288.6
313
337.45
361.85
386.25
410.65
435.1
459.5
483.9
508.35
532.75
557.15
581.6
606
630.4
654.8
679.25
703.65
728.05
752.5
776.9
801.3
825.75
850.15
874.55
898.95
923.4
947.8
972.2
996.65
1021.05
1045.45
1069.9
1094.3
1118.7
1143.1
1167.55
1191.95
1216.35
1240.8
1265.2
1289.6
1314.05
1338.45
1362.85
1387.25
1411.7
1436.1
1460.5
1484.95
1509.35
1533.75
1558.15
1582.6
1607
1631.4
1655.85
1680.25
1704.65
1729.1
1753.5
1777.9
1802.3
1826.75
1851.15
1875.55
1900
1924.4
1948.8
1973.25
1997.65
2022.05
2046.45
2070.9
2095.3
2119.7
2144.15
2168.55
2192.95
2217.4
2241.8
2266.2
2290.6
2315.05
2339.45
2363.85
2388.3
2412.7
2437.1
2461.55
2485.95
2510.35
2534.75
2559.2
2583.6
2608
2632.45
2656.85
2681.25
2705.7
2730.1
2754.5
2778.9
2803.35
2827.75
2852.15
2876.6
2901
2925.4
2949.85
2974.25
2998.65
3023.05
3047.5
3071.9
3096.3
3120.75
3145.15
3169.55
3194
3218.4
3242.8
3267.2
3291.65
3316.05
3340.45
3364.9
3389.3
3413.7
3438.15
3462.55
3486.95
3511.35
3535.8
3560.2
3584.6
3609.05
3633.45
3657.85
3682.25
3706.7
3731.1
3755.5
3779.95
3804.35
3828.75
3853.2
3877.6
3902
3926.4
3950.85
3975.25
3999.65
4024.1
4048.5
4072.9
4097.35
4121.75
4146.15
4170.55
4195
4219.4
4243.8
4268.25
4292.65
4317.05
4341.5
4365.9
4390.3
4414.7
4439.15
4463.55
4487.95
4512.4
4536.8
4561.2
4585.65
4610.05
4634.45
4658.85
4683.3
4707.7
4732.1
4756.55
4780.95
4805.35
4829.8
4854.2
4878.6
4903
4927.45
4951.85
4976.25
-1000
0.05
26
49.5
72.3
95.7
119.4
143.3
167.3
191.35
215.4
239.4
263.35
287.1
310.45
332.65
352.8
370.9
391.85
414.4
437.7
461.4
485.25
509.25
533.25
557.25
581.3
605.25
629
652.45
674.95
695.5
713.5
734.05
756.4
779.6
803.25
827.1
851.05
875.05
899.1
923.1
947.1
970.95
994.45
1017.2
1038.05
1056.2
1076.35
1098.45
1121.6
1145.2
1169.05
1193
1217
1241.05
1265.05
1289.05
1312.9
1336.55
1359.6
1380.95
1399.9
1419.15
1440.85
1463.75
1487.25
1511
1534.9
1558.9
1582.9
1607
1631
1654.9
1678.65
1701.95
1723.95
1743.75
1762.1
1783.25
1805.9
1829.25
1853
1876.85
1900.85
1924.9
1948.95
1972.95
1996.9
2020.7
2044.15
2066.7
2087.3
2105.3
2125.8
2148.1
2171.35
2194.95
2218.8
2242.75
2266.75
2290.8
2314.8
2338.8
2362.65
2386.25
2409.1
2430.2
2448.8
2468.5
2490.35
2513.4
2536.95
2560.75
2584.7
2608.7
2632.75
2656.75
2680.75
2704.6
2728.3
2751.35
2772.9
2792
2811.1
2832.65
2855.5
2878.95
2902.7
2926.6
2950.55
2974.6
2998.6
3022.6
3046.5
3070.25
3093.5
3115.4
3135.05
3153.55
3174.8
3197.5
3220.85
3244.55
3268.45
3292.45
3316.5
3340.55
3364.55
3388.5
3412.25
3435.65
3458
3478.3
3496.45
3517.15
3539.6
3562.9
3586.55
3610.4
3634.35
3658.35
3682.4
3706.4
3730.4
3754.25
3777.75
3800.5
3821.4
3839.55
3859.65
3881.75
3904.9
3928.5
3952.3
3976.3
4000.3
4024.35
4048.4
4072.35
4096.25
4119.9
4142.95
4164.4
4183.4
4202.6
4224.25
4247.1
4270.55
4294.35
4318.25
4342.25
4366.25
4390.3
4414.3
4438.2
4461.95
4485.25
4507.3
4527.15
4545.5
4566.6
4589.2
4612.55
4636.25
4660.15
