0.05
16.4
36.7
57
77.3
97.6
117.9
138.2
158.5
178.8
199.1
219.4
239.7
260
280.3
300.6
320.9
341.2
361.5
381.8
402.1
422.45
442.75
463.05
483.35
503.65
523.95
544.25
564.55
584.85
605.15
625.45
645.75
666.05
686.35
706.65
726.95
747.25
767.55
787.85
808.15
828.45
848.8
869.1
889.4
909.7
930
950.3
970.6
990.9
1011.2
1031.5
1051.8
1072.1
1092.4
1112.7
1133
1153.3
1173.6
1193.9
1214.2
1234.5
1254.8
1275.15
1295.45
1315.75
1336.05
1356.35
1376.65
1396.95
1417.25
1437.55
1457.85
1478.15
1498.45
1518.75
1539.05
1559.35
1579.65
1599.95
1620.25
1640.55
1660.85
1681.15
1701.5
1721.8
1742.1
1762.4
1782.7
1803
1823.3
1843.6
1863.9
1884.2
1904.5
1924.8
1945.1
1965.4
1985.7
2006
2026.3
2046.6
2066.9
2087.2
2107.5
2127.85
2148.15
2168.45
2188.75
2209.05
2229.35
2249.65
2269.95
2290.25
2310.55
2330.85
2351.15
2371.45
2391.75
2412.05
2432.35
2452.65
2472.95
2493.25
2513.55
2533.85
2554.2
2574.5
2594.8
2615.1
2635.4
2655.7
2676
2696.3
2716.6
2736.9
2757.2
2777.5
2797.8
2818.1
2838.4
2858.7
2879
2899.3
2919.6
2939.9
2960.2
2980.5
3000.85
3021.15
3041.45
3061.75
3082.05
3102.35
3122.65
3142.95
3163.25
3183.55
3203.85
3224.15
3244.45
3264.75
3285.05
3305.35
3325.65
3345.95
3366.25
3386.55
3406.85
3427.2
3447.5
3467.8
3488.1
3508.4
3528.7
3549
3569.3
3589.6
3609.9
3630.2
3650.5
3670.8
3691.1
3711.4
3731.7
3752
3772.3
3792.6
3812.9
3833.2
3853.55
3873.85
3894.15
3914.45
3934.75
3955.05
3975.35
3995.65
4015.95
4036.25
4056.55
4076.85
4097.15
4117.45
4137.75
4158.05
4178.35
4198.65
4218.95
4239.25
4259.55
4279.9
4300.2
4320.5
4340.8
4361.1
4381.4
4401.7
4422
4442.3
4462.6
4482.9
4503.2
4523.5
4543.8
4564.1
4584.4
4604.7
4625
4645.3
4665.6
4685.9
4706.25
4726.55
4746.85
4767.15
4787.45
4807.75
4828.05
4848.35
4868.65
4888.95
4909.25
4929.55
4949.85
4970.15
4990.45
-1000
0.05
26
46.05
65.55
85.35
105.4
125.6
145.8
166.1
186.35
206.65
226.95
247.2
267.5
287.8
308.1
328.4
348.7
369
389.3
409.6
429.9
450.15
470.4
490.7
511
531.35
551.7
572
592.35
612.65
632.95
653.25
673.55
693.85
714.15
734.45
754.75
775.05
795.35
815.65
835.95
856.25
876.5
896.75
917.05
937.35
957.7
978.05
998.35
1018.7
1039
1059.3
1079.6
1099.9
1120.2
1140.5
1160.8
1181.1
1201.4
1221.7
1242
1262.3
1282.6
1302.85
1323.1
1343.4
1363.7
1384.05
1404.4
1424.7
1445.05
1465.35
1485.65
1505.95
1526.25
1546.55
1566.85
1587.15
1607.45
1627.75
1648.05
1668.35
1688.65
1708.95
1729.2
1749.45
1769.75
1790.05
1810.35
1830.7
1851.05
1871.35
1891.7
1912
1932.3
1952.6
1972.9
1993.2
2013.5
2033.8
2054.1
2074.4
2094.7
2115
2135.3
2155.6
2175.85
2196.1
2216.4
2236.7
2257.05
2277.4
2297.7
2318.05
2338.35
2358.65
2378.95
2399.25
2419.55
2439.85
2460.15
2480.45
2500.75
2521.05
2541.35
2561.65
2581.95
2602.2
2622.45
2642.75
2663.05
2683.4
2703.75
2724.05
2744.4
2764.7
2785
2805.3
2825.6
2845.9
2866.2
2886.5
2906.8
2927.1
2947.4
2967.7
2988
3008.3
3028.55
3048.8
3069.1
3089.4
3109.75
3130.1
3150.4
3170.75
3191.05
3211.35
3231.65
3251.95
3272.25
3292.55
3312.85
3333.15
3353.45
3373.75
3394.05
3414.35
3434.65
3454.9
3475.15
3495.45
3515.75
3536.1
3556.45
3576.75
3597.1
3617.4
3637.7
3658
3678.3
3698.6
3718.9
3739.2
3759.5
3779.8
3800.1
3820.4
3840.7
3861
3881.25
3901.5
3921.8
3942.1
3962.45
3982.8
4003.1
4023.45
4043.75
4064.05
4084.35
4104.65
4124.95
4145.25
4165.55
4185.85
4206.15
4226.45
4246.75
4267.05
4287.35
4307.6
4327.85
4348.15
4368.45
4388.75
4409.1
4429.45
4449.75
4470.1
4490.4
4510.7
4531
4551.3
4571.6
4591.9
4612.2
4632.5
4652.8
4673.1
4693.4
4713.7
4734
4754.25
4774.5
4794.8
4815.1
4835.45
4855.8
4876.1
4896.45
4916.75
4937.05
4957.35
4977.65
4997.95
