0.05
22.3
49.2
76.15
103.05
129.95
156.9
183.8
210.75
237.65
264.6
291.5
318.45
345.35
372.25
399.2
426.1
453.05
479.95
506.9
533.8
560.75
587.65
614.6
641.5
668.4
695.35
722.25
749.2
776.1
803.05
829.95
856.9
883.8
910.7
937.65
964.55
991.5
1018.4
1045.35
1072.25
1099.2
1126.1
1153
1179.95
1206.85
1233.8
1260.7
1287.65
1314.55
1341.5
1368.4
1395.3
1422.25
1449.15
1476.1
1503
1529.95
1556.85
1583.8
1610.7
1637.6
1664.55
1691.45
1718.4
1745.3
1772.25
1799.15
1826.1
1853
1879.9
1906.85
1933.75
1960.7
1987.6
2014.55
2041.45
2068.4
2095.3
2122.2
2149.15
2176.05
2203
2229.9
2256.85
2283.75
2310.7
2337.6
2364.5
2391.45
2418.35
2445.3
2472.2
2499.15
2526.05
2553
2579.9
2606.8
2633.75
2660.65
2687.6
2714.5
2741.45
2768.35
2795.3
2822.2
2849.15
2876.05
2902.95
2929.9
2956.8
2983.75
3010.65
3037.6
3064.5
3091.45
3118.35
3145.25
3172.2
3199.1
3226.05
3252.95
3279.9
3306.8
3333.75
3360.65
3387.55
3414.5
3441.4
3468.35
3495.25
3522.2
3549.1
3576.05
3602.95
3629.85
3656.8
3683.7
3710.65
3737.55
3764.5
3791.4
3818.35
3845.25
3872.15
3899.1
3926
3952.95
3979.85
4006.8
4033.7
4060.65
4087.55
4114.45
4141.4
4168.3
4195.25
4222.15
4249.1
4276
4302.95
4329.85
4356.75
4383.7
4410.6
4437.55
4464.45
4491.4
4518.3
4545.25
4572.15
4599.05
4626
4652.9
4679.85
4706.75
4733.7
4760.6
4787.55
4814.45
4841.35
4868.3
4895.2
4922.15
4949.05
4976
-1000
0.05
26
49.65
73.95
98.95
123.7
146.4
165.55
185.9
209.45
234.3
259.3
283.25
304.2
322.7
345.15
369.65
394.7
419.3
441.6
460.15
481.25
505.2
530.15
555.05
578.5
598.65
617.85
640.85
665.55
690.6
715
736.8
754.85
776.65
800.9
825.9
850.65
873.45
892.65
912.85
936.4
961.25
986.25
1010.2
1031.25
1049.7
1072.2
1096.65
1121.7
1146.25
1168.6
1187.25
1208.25
1232.15
1257.1
1282.05
1305.55
1325.85
1344.95
1367.8
1392.45
1417.5
1441.9
1463.75
1481.75
1503.6
1527.8
1552.85
1577.65
1600.55
1619.85
1639.9
1663.4
1688.2
1713.25
1737.25
1758.45
1776.8
1799.2
1823.6
1848.65
1873.25
1895.65
1914.45
1935.3
1959.1
1984.05
2009
2032.6
2053.1
2072
2094.8
2119.4
2144.45
2168.9
2190.85
2208.9
2230.6
2254.8
2279.8
2304.65
2327.6
2347.1
2367
2390.4
2415.2
2440.2
2464.3
2485.65
2503.85
2526.15
2550.6
2575.6
2600.25
2622.7
2641.55
2662.3
2686.05
2711
2735.95
2759.6
2780.2
2799.05
2821.75
2846.35
2871.4
2895.9
2917.9
2936
2957.6
2981.75
3006.75
3031.6
3054.65
3074.25
3094.05
3117.35
3142.1
3167.1
3191.25
3212.55
3230.8
3253.1
3277.5
3302.5
3327.15
3349.6
3368.35
3389.15
3412.95
3437.85
3462.85
3486.45
3507
3525.85
3548.7
3573.3
3598.35
3622.75
3644.75
3662.85
3684.5
3708.65
3733.65
3758.5
3781.5
3801.15
3820.9
3844.2
3869
3894
3918.1
3939.45
3957.65
3979.95
4004.4
4029.45
4054.1
4076.65
4095.4
4116.1
4139.9
4164.8
4189.75
4213.45
