0.05
16.4
36.7
57
77.3
97.6
117.9
138.2
158.5
178.8
199.1
219.4
239.7
260
280.3
300.6
320.9
341.2
361.5
381.8
402.1
422.45
442.75
463.05
483.35
503.65
523.95
544.25
564.55
584.85
605.15
625.45
645.75
666.05
686.35
706.65
726.95
747.25
767.55
787.85
808.15
828.45
848.8
869.1
889.4
909.7
930
950.3
970.6
990.9
1011.2
1031.5
1051.8
1072.1
1092.4
1112.7
1133
1153.3
1173.6
1193.9
1214.2
1234.5
1254.8
1275.15
1295.45
1315.75
1336.05
1356.35
1376.65
1396.95
1417.25
1437.55
1457.85
1478.15
1498.45
1518.75
1539.05
1559.35
1579.65
1599.95
1620.25
1640.55
1660.85
1681.15
1701.5
1721.8
1742.1
1762.4
1782.7
1803
1823.3
1843.6
1863.9
1884.2
1904.5
1924.8
1945.1
1965.4
1985.7
2006
2026.3
2046.6
2066.9
2087.2
2107.5
2127.85
2148.15
2168.45
2188.75
2209.05
2229.35
2249.65
2269.95
2290.25
2310.55
2330.85
2351.15
2371.45
2391.75
2412.05
2432.35
2452.65
2472.95
2493.25
2513.55
2533.85
2554.2
2574.5
2594.8
2615.1
2635.4
2655.7
2676
2696.3
2716.6
2736.9
2757.2
2777.5
2797.8
2818.1
2838.4
2858.7
2879
2899.3
2919.6
2939.9
2960.2
2980.5
3000.85
3021.15
3041.45
3061.75
3082.05
3102.35
3122.65
3142.95
3163.25
3183.55
3203.85
3224.15
3244.45
3264.75
3285.05
3305.35
3325.65
3345.95
3366.25
3386.55
3406.85
3427.2
3447.5
3467.8
3488.1
3508.4
3528.7
3549
3569.3
3589.6
3609.9
3630.2
3650.5
3670.8
3691.1
3711.4
3731.7
3752
3772.3
3792.6
3812.9
3833.2
3853.55
3873.85
3894.15
3914.45
3934.75
3955.05
3975.35
3995.65
4015.95
4036.25
4056.55
4076.85
4097.15
4117.45
4137.75
4158.05
4178.35
4198.65
4218.95
4239.25
4259.55
4279.9
4300.2
4320.5
4340.8
4361.1
4381.4
4401.7
4422
4442.3
4462.6
4482.9
4503.2
4523.5
4543.8
4564.1
4584.4
4604.7
4625
4645.3
4665.6
4685.9
4706.25
4726.55
4746.85
4767.15
4787.45
4807.75
4828.05
4848.35
4868.65
4888.95
4909.25
4929.55
4949.85
4970.15
4990.45
-1000
0.05
26
45.05
64.1
83.7
103.65
123.7
143.9
164.1
184.4
204.65
224.95
245.25
265.5
285.8
306.1
326.4
346.7
367
387.3
407.6
427.9
448.15
468.4
488.7
509
529.35
549.7
570
590.35
610.65
630.95
651.25
671.55
691.85
712.15
732.45
752.75
773.05
793.35
813.65
833.95
854.25
874.5
894.75
915.05
935.35
955.7
976.05
996.35
1016.7
1037
1057.3
1077.6
1097.9
1118.2
1138.5
1158.8
1179.1
1199.4
1219.7
1240
1260.3
1280.6
1300.85
1321.1
1341.4
1361.7
1382.05
1402.4
1422.7
1443.05
1463.35
1483.65
1503.95
1524.25
1544.55
1564.85
1585.15
1605.45
1625.75
1646.05
1666.35
1686.65
1706.95
1727.2
1747.45
1767.75
1788.05
1808.35
1828.7
1849.05
1869.35
1889.7
1910
1930.3
1950.6
1970.9
1991.2
2011.5
2031.8
2052.1
2072.4
2092.7
2113
2133.3
2153.6
2173.85
2194.1
2214.4
2234.7
2255.05
2275.4
2295.7
2316.05
2336.35
2356.65
2376.95
2397.25
2417.55
2437.85
2458.15
2478.45
2498.75
2519.05
2539.35
2559.65
2579.95
2600.2
2620.45
2640.75
2661.05
2681.4
2701.75
2722.05
2742.4
2762.7
2783
2803.3
2823.6
2843.9
2864.2
2884.5
2904.8
2925.1
2945.4
2965.7
2986
3006.3
3026.55
3046.8
3067.1
3087.4
3107.75
3128.1
3148.4
3168.75
3189.05
3209.35
3229.65
3249.95
3270.25
3290.55
3310.85
3331.15
3351.45
3371.75
3392.05
3412.35
3432.65
3452.9
3473.15
3493.45
3513.75
3534.1
3554.45
3574.75
3595.1
3615.4
3635.7
3656
3676.3
3696.6
3716.9
3737.2
3757.5
3777.8
3798.1
3818.4
3838.7
3859
3879.25
3899.5
3919.8
3940.1
3960.45
3980.8
4001.1
4021.45
4041.75
4062.05
4082.35
4102.65
4122.95
4143.25
4163.55
4183.85
4204.15
4224.45
4244.75
4265.05
4285.35
4305.6
4325.85
4346.15
4366.45
4386.75
4407.1
4427.45
4447.75
4468.1
4488.4
4508.7
4529
4549.3
4569.6
4589.9
4610.2
4630.5
4650.8
4671.1
4691.4
4711.7
4732
4752.25
4772.5
4792.8
4813.1
4833.45
4853.8
4874.1
4894.45
4914.75
4935.05
4955.35
4975.65
4995.95
