0.05
14.45
32.55
50.65
68.75
86.9
105
123.1
141.2
159.3
177.4
195.5
213.65
231.75
249.85
267.95
286.05
304.15
322.25
340.4
358.5
376.6
394.7
412.8
430.9
449
467.15
485.25
503.35
521.45
539.55
557.65
575.75
593.9
612
630.1
648.2
666.3
684.4
702.5
720.65
738.75
756.85
774.95
793.05
811.15
829.25
847.4
865.5
883.6
901.7
919.8
937.9
956
974.1
992.25
1010.35
1028.45
1046.55
1064.65
1082.75
1100.85
1119
1137.1
1155.2
1173.3
1191.4
1209.5
1227.6
1245.75
1263.85
1281.95
1300.05
1318.15
1336.25
1354.35
1372.5
1390.6
1408.7
1426.8
1444.9
1463
1481.1
1499.25
1517.35
1535.45
1553.55
1571.65
1589.75
1607.85
1626
1644.1
1662.2
1680.3
1698.4
1716.5
1734.6
1752.75
1770.85
1788.95
1807.05
1825.15
1843.25
1861.35
1879.5
1897.6
1915.7
1933.8
1951.9
1970
1988.1
2006.25
2024.35
2042.45
2060.55
2078.65
2096.75
2114.85
2133
2151.1
2169.2
2187.3
2205.4
2223.5
2241.6
2259.75
2277.85
2295.95
2314.05
2332.15
2350.25
2368.35
2386.45
2404.6
2422.7
2440.8
2458.9
2477
2495.1
2513.2
2531.35
2549.45
2567.55
2585.65
2603.75
2621.85
2639.95
2658.1
2676.2
2694.3
2712.4
2730.5
2748.6
2766.7
2784.85
2802.95
2821.05
2839.15
2857.25
2875.35
2893.45
2911.6
2929.7
2947.8
2965.9
2984
3002.1
3020.2
3038.35
3056.45
3074.55
3092.65
3110.75
3128.85
3146.95
3165.1
3183.2
3201.3
3219.4
3237.5
3255.6
3273.7
3291.85
3309.95
3328.05
3346.15
3364.25
3382.35
3400.45
3418.6
3436.7
3454.8
3472.9
3491
3509.1
3527.2
3545.35
3563.45
3581.55
3599.65
3617.75
3635.85
3653.95
3672.05
3690.2
3708.3
3726.4
3744.5
3762.6
3780.7
3798.8
3816.95
3835.05
3853.15
3871.25
3889.35
3907.45
3925.55
3943.7
3961.8
3979.9
3998
4016.1
4034.2
4052.3
4070.45
4088.55
4106.65
4124.75
4142.85
4160.95
4179.05
4197.2
4215.3
4233.4
4251.5
4269.6
4287.7
4305.8
4323.95
4342.05
4360.15
4378.25
4396.35
4414.45
4432.55
4450.7
4468.8
4486.9
4505
4523.1
4541.2
4559.3
4577.45
4595.55
4613.65
4631.75
4649.85
4667.95
4686.05
4704.2
4722.3
4740.4
4758.5
4776.6
4794.7
4812.8
4830.95
4849.05
4867.15
4885.25
4903.35
4921.45
4939.55
4957.7
4975.8
-1000
0.05
26.5
47.75
68.5
88.4
107.6
126.4
145.1
163.6
181.95
200.25
218.5
236.6
254.75
272.95
291.1
309.25
327.4
345.55
363.6
381.65
399.8
417.95
436.1
454.2
472.35
490.35
508.4
526.55
544.7
562.85
580.95
599.1
617.1
635.15
653.3
671.45
689.6
707.7
725.85
743.85
761.9
780.05
798.2
816.35
834.45
852.6
870.7
888.75
906.85
925
943.1
961.25
979.35
997.45
1015.5
1033.65
1051.75
1069.9
1088
1106.1
1124.2
1142.25
1160.4
1178.5
1196.65
1214.75
1232.85
1250.95
1269
1287.05
1305.2
1323.3
1341.45
1359.55
1377.7
1395.7
1413.75
1431.9
1450.05
1468.2
1486.3
1504.45
1522.45
1540.5
1558.65
1576.8
1594.95
1613.05
1631.2
1649.2
1667.25
1685.4
1703.55
1721.7
1739.8
1757.95
1775.95
1794
1812.15
1830.3
1848.45
1866.55
1884.7
1902.7
1920.75
1938.9
1957.05
1975.2
1993.3
2011.45
2029.45
2047.5
2065.65
2083.8
2101.95
2120.05
2138.2
2156.25
2174.3
2192.45
2210.6
2228.7
2246.85
2264.95
2283.05
2301.1
2319.2
2337.35
2355.45
2373.6
2391.7
2409.8
2427.85
2446
2464.1
2482.25
2500.35
2518.45
2536.55
2554.6
2572.75
2590.85
2609
2627.1
2645.2
2663.3
2681.35
2699.4
2717.55
2735.65
2753.8
2771.9
2790.05
2808.05
2826.1
2844.25
2862.4
2880.55
2898.65
2916.8
2934.8
2952.85
2971
2989.15
3007.3
3025.4
3043.55
3061.55
3079.6
3097.75
3115.9
3134.05
3152.15
3170.3
3188.3
3206.35
3224.5
3242.65
3260.8
3278.9
3297.05
3315.05
3333.1
3351.25
3369.4
3387.55
3405.65
3423.8
3441.8
3459.85
3478
3496.15
3514.3
3532.4
3550.55
3568.65
3586.7
3604.8
3622.95
3641.05
3659.2
3677.3
3695.4
3713.45
3731.6
3749.7
3767.85
3785.95
3804.05
3822.15
3840.2
3858.35
3876.45
3894.6
3912.7
3930.8
3948.9
3966.95
3985.1
4003.2
4021.35
4039.45
4057.55
4075.65
4093.7
4111.75
4129.9
4148
4166.15
4184.25
4202.4
4220.4
4238.45
4256.6
4274.75
4292.9
4311
4329.15
4347.15
4365.2
4383.35
4401.5
4419.65
4437.75
4455.9
4473.9
4491.95
4510.1
4528.25
4546.4
4564.5
4582.65
4600.65
4618.7
4636.85
4655
4673.15
4691.25
4709.4
4727.4
4745.45
4763.6
4781.75
4799.9
4818
4836.15
4854.15
4872.2
4890.35
4908.5
4926.65
4944.75
4962.9
4981
4999.05
