0.05
36.15
78.1
120.05
162.05
204
246
287.95
329.9
371.9
413.85
455.85
497.8
539.8
581.75
623.7
665.7
707.65
749.65
791.6
833.55
875.55
917.5
959.5
1001.45
1043.4
1085.4
1127.35
1169.35
1211.3
1253.3
1295.25
1337.2
1379.2
1421.15
1463.15
1505.1
1547.05
1589.05
1631
1673
1714.95
1756.95
1798.9
1840.85
1882.85
1924.8
1966.8
2008.75
2050.7
2092.7
2134.65
2176.65
2218.6
2260.55
2302.55
2344.5
2386.5
2428.45
2470.45
2512.4
2554.35
2596.35
2638.3
2680.3
2722.25
2764.2
2806.2
2848.15
2890.15
2932.1
2974.1
3016.05
3058
3100
3141.95
3183.95
3225.9
3267.85
3309.85
3351.8
3393.8
3435.75
3477.7
3519.7
3561.65
3603.65
3645.6
3687.6
3729.55
3771.5
3813.5
3855.45
3897.45
3939.4
3981.35
4023.35
4065.3
4107.3
4149.25
4191.2
4233.2
4275.15
4317.15
4359.1
4401.1
4443.05
4485
4527
4568.95
4610.95
4652.9
4694.85
4736.85
4778.8
4820.8
4862.75
4904.75
4946.7
4988.65
-1000
0.05
26
57
93
125.15
152.7
183.2
219.15
251.65
279.4
309.45
345.3
378.3
406.3
435.8
471.55
505.15
533.35
562.25
597.8
631.95
660.45
688.75
724.1
758.7
787.4
815.15
850.3
885.25
914.1
941.45
976.45
1011.65
1040.6
1067.7
1102.55
1137.85
1166.9
1193.85
1228.6
1264.1
1293.2
1319.95
1354.65
1390.1
1419.25
1445.95
1480.6
1516.1
1545.25
1571.9
1606.55
1642.1
1671.25
1697.9
1732.45
1768.15
1797.35
1823.9
1858.45
1894.05
1923.2
1949.8
1984.35
2019.95
2049.15
2075.75
2110.3
2145.85
2175.05
2201.65
2236.2
2271.8
2301
2327.6
2362.1
2397.7
2426.9
2453.5
2488.05
2523.65
2552.85
2579.45
2613.95
2649.55
2678.75
2705.35
2739.85
2775.45
2804.7
2831.25
2865.75
2901.35
2930.55
2957.15
2991.65
3027.25
3056.45
3083.05
3117.55
3153.15
3182.35
3208.95
3243.5
3279.1
3308.3
3334.9
3369.4
3405
3434.2
3460.8
3495.3
3530.9
3560.1
3586.65
3621.2
3656.8
3686
3712.55
3747.1
