0.05
17.55
39.15
60.75
82.35
103.95
125.55
147.15
168.75
190.35
211.95
233.6
255.2
276.8
298.4
320
341.6
363.2
384.8
406.4
428
449.6
471.25
492.85
514.45
536.05
557.65
579.25
600.85
622.45
644.05
665.65
687.25
708.9
730.5
752.1
773.7
795.3
816.9
838.5
860.1
881.7
903.3
924.9
946.55
968.15
989.75
1011.35
1032.95
1054.55
1076.15
1097.75
1119.35
1140.95
1162.55
1184.2
1205.8
1227.4
1249
1270.6
1292.2
1313.8
1335.4
1357
1378.6
1400.2
1421.85
1443.45
1465.05
1486.65
1508.25
1529.85
1551.45
1573.05
1594.65
1616.25
1637.85
1659.5
1681.1
1702.7
1724.3
1745.9
1767.5
1789.1
1810.7
1832.3
1853.9
1875.55
1897.15
1918.75
1940.35
1961.95
1983.55
2005.15
2026.75
2048.35
2069.95
2091.55
2113.2
2134.8
2156.4
2178
2199.6
2221.2
2242.8
2264.4
2286
2307.6
2329.2
2350.85
2372.45
2394.05
2415.65
2437.25
2458.85
2480.45
2502.05
2523.65
2545.25
2566.85
2588.5
2610.1
2631.7
2653.3
2674.9
2696.5
2718.1
2739.7
2761.3
2782.9
2804.5
2826.15
2847.75
2869.35
2890.95
2912.55
2934.15
2955.75
2977.35
2998.95
3020.55
3042.15
3063.8
3085.4
3107
3128.6
3150.2
3171.8
3193.4
3215
3236.6
3258.2
3279.8
3301.45
3323.05
3344.65
3366.25
3387.85
3409.45
3431.05
3452.65
3474.25
3495.85
3517.45
3539.1
3560.7
3582.3
3603.9
3625.5
3647.1
3668.7
3690.3
3711.9
3733.5
3755.1
3776.75
3798.35
3819.95
3841.55
3863.15
3884.75
3906.35
3927.95
3949.55
3971.15
3992.75
4014.4
4036
4057.6
4079.2
4100.8
4122.4
4144
4165.6
4187.2
4208.8
4230.4
4252.05
4273.65
4295.25
4316.85
4338.45
4360.05
4381.65
4403.25
4424.85
4446.45
4468.1
4489.7
4511.3
4532.9
4554.5
4576.1
4597.7
4619.3
4640.9
4662.5
4684.1
4705.75
4727.35
4748.95
4770.55
4792.15
4813.75
4835.35
4856.95
4878.55
4900.15
4921.75
4943.4
4965
4986.6
-1000
0.05
24.8
47.45
69.8
91.9
113.8
135.6
157.35
179
200.65
222.3
243.85
265.45
287.1
308.7
330.35
351.95
373.55
395.15
416.75
438.35
459.95
481.55
503.1
524.75
546.35
568
589.6
611.2
632.8
654.4
676
697.6
719.2
740.75
762.4
784
805.65
827.25
848.85
870.45
892.05
913.65
935.25
956.85
978.4
1000.05
1021.65
1043.3
1064.9
1086.5
1108.1
1129.7
1151.3
1172.9
1194.5
1216.05
1237.7
1259.3
1280.95
1302.55
1324.15
1345.75
1367.35
1388.95
1410.55
1432.15
1453.7
1475.35
1496.95
1518.6
1540.2
1561.8
1583.4
1605
1626.6
1648.2
1669.8
1691.35
1713
1734.6
1756.25
1777.85
1799.45
1821.05
1842.65
1864.25
1885.85
1907.45
1929
1950.65
1972.25
1993.9
2015.5
2037.1
2058.7
2080.3
2101.9
2123.5
2145.1
2166.65
2188.3
2209.9
2231.55
2253.15
2274.75
2296.35
2317.95
2339.55
2361.15
2382.7
2404.35
2425.95
2447.6
2469.2
2490.8
2512.4
2534
2555.6
2577.2
2598.8
2620.35
2642
2663.6
2685.25
2706.85
2728.45
2750.05
2771.65
2793.25
2814.85
2836.45
2858
2879.65
2901.25
2922.9
2944.5
2966.1
2987.7
3009.3
3030.9
3052.5
3074.1
3095.65
3117.3
3138.9
3160.55
3182.15
3203.75
3225.35
3246.95
3268.55
3290.15
3311.75
3333.3
3354.95
3376.55
3398.2
3419.8
3441.4
3463
3484.6
3506.2
3527.8
3549.4
3570.95
3592.6
3614.2
3635.85
3657.45
3679.05
3700.65
3722.25
3743.85
3765.45
3787.05
3808.6
3830.25
3851.85
3873.5
3895.1
3916.7
3938.3
3959.9
3981.5
4003.1
4024.7
4046.25
4067.9
4089.5
4111.15
4132.75
4154.35
4175.95
4197.55
4219.15
4240.75
4262.35
4283.9
4305.55
4327.15
4348.8
4370.4
4392
4413.6
4435.2
4456.8
4478.4
4500
4521.55
4543.2
4564.8
4586.45
4608.05
4629.65
4651.25
4672.85
4694.45
4716.05
4737.65
4759.2
4780.85
4802.45
4824.1
4845.7
4867.3
4888.9
4910.5
4932.1
4953.7
4975.25
4996.9
