0.05
25.75
56.5
87.2
117.95
148.7
179.4
210.15
240.9
271.65
302.35
333.1
363.85
394.6
425.3
456.05
486.8
517.5
548.25
579
609.75
640.45
671.2
701.95
732.65
763.4
794.15
824.9
855.6
886.35
917.1
947.85
978.55
1009.3
1040.05
1070.75
1101.5
1132.25
1163
1193.7
1224.45
1255.2
1285.9
1316.65
1347.4
1378.15
1408.85
1439.6
1470.35
1501.1
1531.8
1562.55
1593.3
1624
1654.75
1685.5
1716.25
1746.95
1777.7
1808.45
1839.15
1869.9
1900.65
1931.4
1962.1
1992.85
2023.6
2054.35
2085.05
2115.8
2146.55
2177.25
2208
2238.75
2269.5
2300.2
2330.95
2361.7
2392.4
2423.15
2453.9
2484.65
2515.35
2546.1
2576.85
2607.6
2638.3
2669.05
2699.8
2730.5
2761.25
2792
2822.75
2853.45
2884.2
2914.95
2945.65
2976.4
3007.15
3037.9
3068.6
3099.35
3130.1
3160.85
3191.55
3222.3
3253.05
3283.75
3314.5
3345.25
3376
3406.7
3437.45
3468.2
3498.9
3529.65
3560.4
3591.15
3621.85
3652.6
3683.35
3714.1
3744.8
3775.55
3806.3
3837
3867.75
3898.5
3929.25
3959.95
3990.7
4021.45
4052.15
4082.9
4113.65
4144.4
4175.1
4205.85
4236.6
4267.35
4298.05
4328.8
4359.55
4390.25
4421
4451.75
4482.5
4513.2
4543.95
4574.7
4605.4
4636.15
4666.9
4697.65
4728.35
4759.1
4789.85
4820.6
4851.3
4882.05
4912.8
4943.5
4974.25
-1000
0.05
26
53.1
79.45
102.4
120.75
145.4
171.8
194.9
213.15
237.7
264.1
287.3
305.5
330
356.4
379.65
397.8
422.2
448.6
471.85
490
514.45
540.85
564.15
582.3
606.7
633.1
656.4
674.5
698.9
725.35
748.65
766.75
791.15
817.6
840.95
859
883.35
909.8
933.2
951.25
975.55
1001.95
1025.3
1043.4
1067.75
1094.2
1117.55
1135.65
1160
1186.45
1209.75
1227.85
1252.2
1278.65
1302
1320.05
1344.4
1370.85
1394.25
1412.3
1436.65
1463.1
1486.45
1504.55
1528.8
1555.2
1578.55
1596.65
1621.05
1647.45
1670.85
1688.9
1713.25
1739.7
1763
1781.1
1805.45
1831.9
1855.25
1873.35
1897.65
1924.1
1947.5
1965.55
1989.9
2016.35
2039.75
2057.8
2082.05
2108.45
2131.8
2149.9
2174.3
2200.7
2224.1
2242.15
2266.5
2292.95
2316.25
2334.35
2358.7
2385.15
2408.5
2426.6
2450.95
2477.35
2500.75
2518.8
2543.15
2569.6
2593
2611.05
2635.3
2661.7
2685.05
2703.15
2727.55
2753.95
2777.35
2795.4
2819.75
2846.2
2869.5
2887.6
2911.95
2938.4
2961.75
2979.85
3004.2
3030.6
3054
3072.05
3096.4
3122.85
3146.25
3164.3
3188.55
3214.95
3238.3
3256.4
3280.8
3307.2
3330.6
3348.65
3373
3399.45
3422.75
3440.85
3465.2
3491.65
3515
3533.1
3557.45
3583.85
3607.25
3625.3
3649.65
3676.1
3699.5
3717.55
3741.85
