0.05
18.35
40.9
63.45
86
108.55
131.1
153.65
176.2
198.75
221.3
243.8
266.35
288.9
311.45
334
356.55
379.1
401.65
424.2
446.75
469.3
491.8
514.35
536.9
559.45
582
604.55
627.1
649.65
672.2
694.75
717.3
739.8
762.35
784.9
807.45
830
852.55
875.1
897.65
920.2
942.75
965.3
987.85
1010.35
1032.9
1055.45
1078
1100.55
1123.1
1145.65
1168.2
1190.75
1213.3
1235.85
1258.35
1280.9
1303.45
1326
1348.55
1371.1
1393.65
1416.2
1438.75
1461.3
1483.85
1506.35
1528.9
1551.45
1574
1596.55
1619.1
1641.65
1664.2
1686.75
1709.3
1731.85
1754.4
1776.9
1799.45
1822
1844.55
1867.1
1889.65
1912.2
1934.75
1957.3
1979.85
2002.4
2024.9
2047.45
2070
2092.55
2115.1
2137.65
2160.2
2182.75
2205.3
2227.85
2250.4
2272.9
2295.45
2318
2340.55
2363.1
2385.65
2408.2
2430.75
2453.3
2475.85
2498.4
2520.9
2543.45
2566
2588.55
2611.1
2633.65
2656.2
2678.75
2701.3
2723.85
2746.4
2768.95
2791.45
2814
2836.55
2859.1
2881.65
2904.2
2926.75
2949.3
2971.85
2994.4
3016.95
3039.45
3062
3084.55
3107.1
3129.65
3152.2
3174.75
3197.3
3219.85
3242.4
3264.95
3287.45
3310
3332.55
3355.1
3377.65
3400.2
3422.75
3445.3
3467.85
3490.4
3512.95
3535.5
3558
3580.55
3603.1
3625.65
3648.2
3670.75
3693.3
3715.85
3738.4
3760.95
3783.5
3806
3828.55
3851.1
3873.65
3896.2
3918.75
3941.3
3963.85
3986.4
4008.95
4031.5
4054
4076.55
4099.1
4121.65
4144.2
4166.75
4189.3
4211.85
4234.4
4256.95
4279.5
4302
4324.55
4347.1
4369.65
4392.2
4414.75
4437.3
4459.85
4482.4
4504.95
4527.5
4550.05
4572.55
4595.1
4617.65
4640.2
4662.75
4685.3
4707.85
4730.4
4752.95
4775.5
4798.05
4820.55
4843.1
4865.65
4888.2
4910.75
4933.3
4955.85
4978.4
-1000
0.05
26
48.45
69.9
91.8
113.95
136.25
158.65
181.1
203.6
226.05
248.55
271.1
293.65
316.2
338.75
361.3
383.85
406.4
428.95
451.5
474
496.5
519.05
541.6
564.2
586.75
609.3
631.85
654.4
676.95
699.5
722
744.5
767.05
789.6
812.2
834.75
857.3
879.85
902.4
924.95
947.5
970.05
992.55
1015.05
1037.6
1060.15
1082.75
1105.3
1127.85
1150.4
1172.95
1195.5
1218.05
1240.55
1263.05
1285.6
1308.15
1330.75
1353.3
1375.85
1398.4
1420.95
1443.5
1466.05
1488.55
1511.05
1533.6
1556.15
1578.75
1601.3
1623.85
1646.4
1668.95
1691.5
1714.05
1736.55
1759.05
1781.6
1804.15
1826.75
1849.3
1871.85
1894.4
1916.95
1939.5
1962.05
1984.6
2007.1
2029.6
2052.15
2074.7
2097.3
2119.85
2142.4
2164.95
2187.5
2210.05
2232.6
2255.1
2277.6
2300.15
2322.7
2345.3
2367.85
2390.4
2412.95
2435.5
2458.05
2480.6
2503.1
2525.6
2548.15
2570.7
2593.3
2615.85
2638.4
2660.95
2683.5
2706.05
2728.6
2751.15
2773.65
2796.15
2818.7
2841.25
2863.85
2886.4
2908.95
2931.5
2954.05
2976.6
2999.15
3021.65
3044.15
3066.7
3089.25
3111.85
3134.4
3156.95
3179.5
3202.05
3224.6
3247.15
3269.65
3292.15
3314.7
3337.25
3359.85
3382.4
3404.95
3427.5
3450.05
3472.6
3495.15
3517.65
3540.15
3562.7
3585.25
3607.85
3630.4
3652.95
3675.5
3698.05
3720.6
3743.15
3765.7
3788.2
3810.7
3833.25
3855.8
3878.4
3900.95
3923.5
3946.05
3968.6
3991.15
4013.7
4036.2
4058.7
4081.25
4103.8
4126.4
4148.95
4171.5
4194.05
4216.6
4239.15
4261.7
4284.2
4306.7
4329.25
4351.8
4374.4
4396.95
4419.5
4442.05
4464.6
4487.15
4509.7
4532.25
4554.75
4577.3
4599.85
4622.4
4644.95
4667.5
4690.05
4712.6
4735.15
4757.7
4780.25
4802.75
4825.25
4847.8
4870.35
4892.95
4915.5
4938.05
4960.6
4983.15
