0.05
16
35.9
55.75
75.65
95.5
115.35
135.25
155.1
175
194.85
214.75
234.6
254.5
274.35
294.25
314.1
334
353.85
373.75
393.6
413.5
433.35
453.25
473.1
493
512.85
532.75
552.6
572.5
592.35
612.25
632.1
652
671.85
691.75
711.6
731.5
751.35
771.25
791.1
811
830.85
850.75
870.6
890.5
910.35
930.25
950.1
970
989.85
1009.75
1029.6
1049.45
1069.35
1089.2
1109.1
1128.95
1148.85
1168.7
1188.6
1208.45
1228.35
1248.2
1268.1
1287.95
1307.85
1327.7
1347.6
1367.45
1387.35
1407.2
1427.1
1446.95
1466.85
1486.7
1506.6
1526.45
1546.35
1566.2
1586.1
1605.95
1625.85
1645.7
1665.6
1685.45
1705.35
1725.2
1745.1
1764.95
1784.85
1804.7
1824.6
1844.45
1864.35
1884.2
1904.1
1923.95
1943.85
1963.7
1983.55
2003.45
2023.3
2043.2
2063.05
2082.95
2102.8
2122.7
2142.55
2162.45
2182.3
2202.2
2222.05
2241.95
2261.8
2281.7
2301.55
2321.45
2341.3
2361.2
2381.05
2400.95
2420.8
2440.7
2460.55
2480.45
2500.3
2520.2
2540.05
2559.95
2579.8
2599.7
2619.55
2639.45
2659.3
2679.2
2699.05
2718.95
2738.8
2758.7
2778.55
2798.45
2818.3
2838.2
2858.05
2877.95
2897.8
2917.65
2937.55
2957.4
2977.3
2997.15
3017.05
3036.9
3056.8
3076.65
3096.55
3116.4
3136.3
3156.15
3176.05
3195.9
3215.8
3235.65
3255.55
3275.4
3295.3
3315.15
3335.05
3354.9
3374.8
3394.65
3414.55
3434.4
3454.3
3474.15
3494.05
3513.9
3533.8
3553.65
3573.55
3593.4
3613.3
3633.15
3653.05
3672.9
3692.8
3712.65
3732.55
3752.4
3772.3
3792.15
3812.05
3831.9
3851.75
3871.65
3891.5
3911.4
3931.25
3951.15
3971
3990.9
4010.75
4030.65
4050.5
4070.4
4090.25
4110.15
4130
4149.9
4169.75
4189.65
4209.5
4229.4
4249.25
4269.15
4289
4308.9
4328.75
4348.65
4368.5
4388.4
4408.25
4428.15
4448
4467.9
4487.75
4507.65
4527.5
4547.4
4567.25
4587.15
4607
4626.9
4646.75
4666.65
4686.5
4706.4
4726.25
4746.15
4766
4785.85
4805.75
4825.6
4845.5
4865.35
4885.25
4905.1
4925
4944.85
4964.75
4984.6
-1000
0.05
25.1
46.8
67.95
88.6
109
129.2
149.25
169.25
189.2
209.1
229.05
248.9
268.8
288.7
308.55
328.45
348.3
368.2
388.05
407.95
427.8
447.7
467.55
487.45
507.3
527.2
547.05
566.95
586.8
606.7
626.55
646.45
666.25
686.15
705.95
725.85
745.7
765.6
785.45
805.35
825.2
845.1
864.95
884.85
904.7
924.6
944.45
964.35
984.2
1004.1
1023.95
1043.85
1063.75
1083.65
1103.5
1123.4
1143.3
1163.15
1183.05
1202.9
1222.8
1242.65
1262.55
1282.4
1302.3
1322.15
1342.05
1361.9
1381.8
1401.65
1421.55
1441.4
1461.3
1481.15
1501.05
1520.9
1540.8
1560.65
1580.55
1600.35
1620.25
1640.05
1659.95
1679.8
1699.7
1719.55
1739.45
1759.3
1779.2
1799.05
1818.95
1838.8
1858.7
1878.55
1898.45
1918.3
1938.2
1958.05
1977.95
1997.85
2017.75
2037.6
2057.5
2077.4
2097.25
2117.15
2137
2156.9
2176.75
2196.65
2216.5
2236.4
2256.25
2276.15
2296
2315.9
2335.75
2355.65
2375.5
2395.4
2415.25
2435.15
2455
2474.9
2494.75
2514.65
2534.45
2554.35
2574.15
2594.05
2613.9
2633.8
2653.65
2673.55
2693.4
2713.3
2733.15
2753.05
2772.9
2792.8
2812.65
2832.55
2852.4
2872.3
2892.15
2912.05
2931.95
2951.85
2971.7
2991.6
3011.5
3031.35
3051.25
3071.1
3091
3110.85
3130.75
3150.6
3170.5
3190.35
3210.25
3230.1
3250
3269.85
3289.75
3309.6
3329.5
3349.35
3369.25
3389.1
3409
3428.85
3448.75
3468.55
3488.45
3508.25
3528.15
3548
3567.9
3587.75
3607.65
3627.5
3647.4
3667.25
3687.15
3707
3726.9
3746.75
3766.65
3786.5
3806.4
3826.25
3846.15
3866.05
3885.95
3905.8
3925.7
3945.6
3965.45
3985.35
4005.2
4025.1
4044.95
4064.85
4084.7
4104.6
4124.45
4144.35
4164.2
4184.1
4203.95
4223.85
4243.7
4263.6
4283.45
4303.35
4323.2
4343.1
4362.95
4382.85
4402.65
4422.55
4442.35
4462.25
4482.1
4502
4521.85
4541.75
4561.6
4581.5
4601.35
4621.25
4641.1
4661
4680.85
4700.75
4720.6
4740.5
4760.35
4780.25
4800.15
4820.05
4839.9
4859.8
4879.7
4899.55
4919.45
4939.3
4959.2
4979.05
4998.95
