0.05
16.3
36.5
56.65
76.85
97.05
117.25
137.45
157.65
177.85
198
218.2
238.4
258.6
278.8
299
319.2
339.4
359.55
379.75
399.95
420.15
440.35
460.55
480.75
500.9
521.1
541.3
561.5
581.7
601.9
622.1
642.3
662.45
682.65
702.85
723.05
743.25
763.45
783.65
803.8
824
844.2
864.4
884.6
904.8
925
945.2
965.35
985.55
1005.75
1025.95
1046.15
1066.35
1086.55
1106.7
1126.9
1147.1
1167.3
1187.5
1207.7
1227.9
1248.1
1268.25
1288.45
1308.65
1328.85
1349.05
1369.25
1389.45
1409.6
1429.8
1450
1470.2
1490.4
1510.6
1530.8
1551
1571.15
1591.35
1611.55
1631.75
1651.95
1672.15
1692.35
1712.5
1732.7
1752.9
1773.1
1793.3
1813.5
1833.7
1853.9
1874.05
1894.25
1914.45
1934.65
1954.85
1975.05
1995.25
2015.45
2035.6
2055.8
2076
2096.2
2116.4
2136.6
2156.8
2176.95
2197.15
2217.35
2237.55
2257.75
2277.95
2298.15
2318.35
2338.5
2358.7
2378.9
2399.1
2419.3
2439.5
2459.7
2479.85
2500.05
2520.25
2540.45
2560.65
2580.85
2601.05
2621.25
2641.4
2661.6
2681.8
2702
2722.2
2742.4
2762.6
2782.75
2802.95
2823.15
2843.35
2863.55
2883.75
2903.95
2924.15
2944.3
2964.5
2984.7
3004.9
3025.1
3045.3
3065.5
3085.65
3105.85
3126.05
3146.25
3166.45
3186.65
3206.85
3227.05
3247.2
3267.4
3287.6
3307.8
3328
3348.2
3368.4
3388.55
3408.75
3428.95
3449.15
3469.35
3489.55
3509.75
3529.95
3550.1
3570.3
3590.5
3610.7
3630.9
3651.1
3671.3
3691.45
3711.65
3731.85
3752.05
3772.25
3792.45
3812.65
3832.85
3853
3873.2
3893.4
3913.6
3933.8
3954
3974.2
3994.35
4014.55
4034.75
4054.95
4075.15
4095.35
4115.55
4135.75
4155.9
4176.1
4196.3
4216.5
4236.7
4256.9
4277.1
4297.25
4317.45
4337.65
4357.85
4378.05
4398.25
4418.45
4438.65
4458.8
4479
4499.2
4519.4
4539.6
4559.8
4580
4600.15
4620.35
4640.55
4660.75
4680.95
4701.15
4721.35
4741.55
4761.7
4781.9
4802.1
4822.3
4842.5
4862.7
4882.9
4903.05
4923.25
4943.45
4963.65
-1000
0.05
26.45
48.55
70.65
92.3
113.45
134.25
154.85
175.25
195.5
215.8
236.05
256.3
276.5
296.7
316.9
337.05
357.2
377.4
397.65
417.85
438.05
458.25
478.5
498.6
518.8
539
559.2
579.4
599.65
619.85
639.95
660.1
680.3
700.55
720.75
740.95
761.15
781.4
801.5
821.7
841.9
862.1
882.3
902.55
922.75
942.85
963
983.2
1003.45
1023.65
1043.85
1064.05
1084.3
1104.4
1124.6
1144.8
1165
1185.2
1205.45
1225.65
1245.75
1265.9
1286.1
1306.35
1326.55
1346.75
1366.95
1387.2
1407.3
1427.5
1447.7
1467.9
1488.1
1508.35
1528.55
1548.65
1568.8
1589
1609.25
1629.45
1649.65
1669.85
1690.1
1710.2
1730.4
1750.6
1770.8
1791
1811.25
1831.45
1851.55
1871.7
1891.9
1912.15
1932.35
1952.55
1972.75
1993
2013.1
2033.3
2053.5
2073.7
2093.9
2114.15
2134.35
2154.45
2174.6
2194.8
2215.05
2235.25
2255.45
2275.65
2295.9
2316
2336.2
2356.4
2376.6
2396.8
2417.05
2437.25
2457.35
2477.5
2497.7
2517.95
2538.15
2558.35
2578.55
2598.8
2618.9
2639.1
2659.3
2679.5
2699.7
2719.95
2740.15
2760.25
2780.4
2800.6
2820.85
2841.05
2861.25
2881.45
2901.7
2921.8
2941.95
2962.15
2982.4
3002.6
3022.8
3043
3063.25
3083.35
3103.55
3123.75
3143.95
3164.15
3184.4
3204.6
3224.7
3244.85
3265.05
3285.3
3305.5
3325.7
3345.9
3366.15
3386.25
3406.45
3426.65
3446.85
3467.05
3487.3
3507.5
3527.6
3547.75
3567.95
3588.2
3608.4
3628.6
3648.8
3669.05
3689.15
3709.35
3729.55
3749.75
3769.95
3790.2
3810.4
3830.5
3850.65
3870.85
3891.1
3911.3
3931.5
3951.7
3971.95
3992.05
4012.25
4032.45
4052.65
4072.85
4093.1
4113.3
4133.4
4153.55
4173.75
4194
4214.2
4234.4
4254.6
4274.85
4294.95
4315.15
4335.35
4355.55
4375.75
4396
4416.2
4436.3
4456.45
4476.65
4496.9
4517.1
4537.3
4557.5
4577.75
4597.85
4618.05
4638.25
4658.45
4678.65
4698.9
4719.1
4739.2
4759.35
4779.55
4799.8
4820
4840.2
4860.4
4880.65
4900.75
4920.95
4941.15
4961.35
4981.55
