0.05
20.2
44.8
69.35
93.95
118.55
143.15
167.7
192.3
216.9
241.5
266.05
290.65
315.25
339.85
364.4
389
413.6
438.2
462.75
487.35
511.95
536.55
561.1
585.7
610.3
634.9
659.45
684.05
708.65
733.25
757.85
782.4
807
831.6
856.2
880.75
905.35
929.95
954.55
979.1
1003.7
1028.3
1052.9
1077.45
1102.05
1126.65
1151.25
1175.8
1200.4
1225
1249.6
1274.15
1298.75
1323.35
1347.95
1372.55
1397.1
1421.7
1446.3
1470.9
1495.45
1520.05
1544.65
1569.25
1593.8
1618.4
1643
1667.6
1692.15
1716.75
1741.35
1765.95
1790.5
1815.1
1839.7
1864.3
1888.85
1913.45
1938.05
1962.65
1987.2
2011.8
2036.4
2061
2085.6
2110.15
2134.75
2159.35
2183.95
2208.5
2233.1
2257.7
2282.3
2306.85
2331.45
2356.05
2380.65
2405.2
2429.8
2454.4
2479
2503.55
2528.15
2552.75
2577.35
2601.9
2626.5
2651.1
2675.7
2700.3
2724.85
2749.45
2774.05
2798.65
2823.2
2847.8
2872.4
2897
2921.55
2946.15
2970.75
2995.35
3019.9
3044.5
3069.1
3093.7
3118.25
3142.85
3167.45
3192.05
3216.6
3241.2
3265.8
3290.4
3314.95
3339.55
3364.15
3388.75
3413.35
3437.9
3462.5
3487.1
3511.7
3536.25
3560.85
3585.45
3610.05
3634.6
3659.2
3683.8
3708.4
3732.95
3757.55
3782.15
3806.75
3831.3
3855.9
3880.5
3905.1
3929.65
3954.25
3978.85
4003.45
4028.05
4052.6
4077.2
4101.8
4126.4
4150.95
4175.55
4200.15
4224.75
4249.3
4273.9
4298.5
4323.1
4347.65
4372.25
4396.85
4421.45
4446
4470.6
4495.2
4519.8
4544.35
4568.95
4593.55
4618.15
4642.7
4667.3
4691.9
4716.5
4741.1
4765.65
4790.25
4814.85
4839.45
4864
4888.6
4913.2
4937.8
4962.35
4986.95
-1000
0.05
26
49.9
73.4
95.85
116.2
134.35
155.15
177.75
201.2
225.05
249
273.05
297.2
321.25
345.25
368.9
391.9
413.15
431.8
451.55
473.55
496.7
520.4
544.35
568.4
592.5
616.6
640.65
664.55
688.05
710.45
730.75
748.95
769.8
792.45
815.9
839.7
863.7
887.75
911.85
935.95
959.95
983.6
1006.55
1027.75
1046.25
1066.05
1088.15
1111.35
1135.05
1159
1183.05
1207.15
1231.25
1255.3
1279.2
1302.7
1324.95
1345.05
1363.35
1384.35
1407.05
1430.55
1454.4
1478.35
1502.45
1526.55
1550.65
1574.6
1598.25
1621.15
1642.25
1660.55
1680.5
1702.7
1726
1749.7
1773.65
1797.7
1821.8
1845.9
1869.95
1893.8
1917.2
1939.3
1959.1
1977.65
1998.9
2021.7
2045.2
2069.05
2093.05
2117.1
2141.2
2165.3
2189.25
2212.85
2235.7
2256.6
2274.7
2294.9
2317.25
2340.6
2364.35
2388.3
2412.3
2436.45
2460.55
2484.55
2508.35
2531.65
2553.4
2572.7
2591.7
2613.25
2636.2
2659.75
2683.65
2707.65
2731.75
2755.9
2779.95
2803.9
2827.5
2850.25
2871.05
2889.05
2909.45
2931.85
2955.2
2979
3002.95
3027
3051.1
3075.2
3099.2
3122.95
3146.1
3167.6
3186.6
3205.9
3227.7
3250.75
3274.35
3298.3
3322.3
3346.4
3370.55
3394.6
3418.5
3442.05
3464.6
3485.1
3503.15
3523.85
3546.4
3569.8
3593.6
3617.6
3641.65
3665.75
3689.85
3713.85
3737.55
3760.6
3781.9
3800.75
3820.3
3842.25
3865.35
3889
3912.95
3936.95
3961.05
3985.2
4009.25
4033.15
4056.7
4079.2
4099.65
4117.75
4138.5
4161.05
4184.5
4208.3
4232.25
4256.3
4280.45
4304.55
4328.5
4352.2
4375.25
4396.5
4415.25
4434.85
4456.85
4480
4503.65
4527.6
4551.65
4575.75
4599.85
4623.9
