0.05
16.3
36.5
56.65
76.85
97.05
117.25
137.45
157.65
177.85
198
218.2
238.4
258.6
278.8
299
319.2
339.4
359.55
379.75
399.95
420.15
440.35
460.55
480.75
500.9
521.1
541.3
561.5
581.7
601.9
622.1
642.3
662.45
682.65
702.85
723.05
743.25
763.45
783.65
803.8
824
844.2
864.4
884.6
904.8
925
945.2
965.35
985.55
1005.75
1025.95
1046.15
1066.35
1086.55
1106.7
1126.9
1147.1
1167.3
1187.5
1207.7
1227.9
1248.1
1268.25
1288.45
1308.65
1328.85
1349.05
1369.25
1389.45
1409.6
1429.8
1450
1470.2
1490.4
1510.6
1530.8
1551
1571.15
1591.35
1611.55
1631.75
1651.95
1672.15
1692.35
1712.5
1732.7
1752.9
1773.1
1793.3
1813.5
1833.7
1853.9
1874.05
1894.25
1914.45
1934.65
1954.85
1975.05
1995.25
2015.45
2035.6
2055.8
2076
2096.2
2116.4
2136.6
2156.8
2176.95
2197.15
2217.35
2237.55
2257.75
2277.95
2298.15
2318.35
2338.5
2358.7
2378.9
2399.1
2419.3
2439.5
2459.7
2479.85
2500.05
2520.25
2540.45
2560.65
2580.85
2601.05
2621.25
2641.4
2661.6
2681.8
2702
2722.2
2742.4
2762.6
2782.75
2802.95
2823.15
2843.35
2863.55
2883.75
2903.95
2924.15
2944.3
2964.5
2984.7
3004.9
3025.1
3045.3
3065.5
3085.65
3105.85
3126.05
3146.25
3166.45
3186.65
3206.85
3227.05
3247.2
3267.4
3287.6
3307.8
3328
3348.2
3368.4
3388.55
3408.75
3428.95
3449.15
3469.35
3489.55
3509.75
3529.95
3550.1
3570.3
3590.5
3610.7
3630.9
3651.1
3671.3
3691.45
3711.65
3731.85
3752.05
3772.25
3792.45
3812.65
3832.85
3853
3873.2
3893.4
3913.6
3933.8
3954
3974.2
3994.35
4014.55
4034.75
4054.95
4075.15
4095.35
4115.55
4135.75
4155.9
4176.1
4196.3
4216.5
4236.7
4256.9
4277.1
4297.25
4317.45
4337.65
4357.85
4378.05
4398.25
4418.45
4438.65
4458.8
4479
4499.2
4519.4
4539.6
4559.8
4580
4600.15
4620.35
4640.55
4660.75
4680.95
4701.15
4721.35
4741.55
4761.7
4781.9
4802.1
4822.3
4842.5
4862.7
4882.9
4903.05
4923.25
4943.45
4963.65
4983.85
-1000
0.05
26
44.75
62.65
81.2
100.35
119.95
139.75
159.7
179.8
199.85
220
240.15
260.35
280.55
300.75
320.95
341.05
361.2
381.4
401.65
421.85
442.05
462.25
482.5
502.6
522.8
543
563.2
583.4
603.65
623.85
643.95
664.1
684.3
704.55
724.75
744.95
765.15
785.4
805.5
825.7
845.9
866.1
886.3
906.55
926.75
946.85
967
987.2
1007.45
1027.65
1047.85
1068.05
1088.3
1108.4
1128.6
1148.8
1169
1189.2
1209.45
1229.65
1249.75
1269.9
1290.1
1310.35
1330.55
1350.75
1370.95
1391.2
1411.3
1431.5
1451.7
1471.9
1492.1
1512.35
1532.55
1552.65
1572.8
1593
1613.25
1633.45
1653.65
1673.85
1694.1
1714.2
1734.4
1754.6
1774.8
1795
1815.25
1835.45
1855.55
1875.7
1895.9
1916.15
1936.35
1956.55
1976.75
1997
2017.1
2037.3
2057.5
2077.7
2097.9
2118.15
2138.35
2158.45
2178.6
2198.8
2219.05
2239.25
2259.45
2279.65
2299.9
2320
2340.2
2360.4
2380.6
2400.8
2421.05
2441.25
2461.35
2481.5
2501.7
2521.95
2542.15
2562.35
2582.55
2602.8
2622.9
2643.1
2663.3
2683.5
2703.7
2723.95
2744.15
2764.25
2784.4
2804.6
2824.85
2845.05
2865.25
2885.45
2905.7
2925.8
2945.95
2966.15
2986.4
3006.6
3026.8
3047
3067.25
3087.35
3107.55
3127.75
3147.95
3168.15
3188.4
3208.6
3228.7
3248.85
3269.05
3289.3
3309.5
3329.7
3349.9
3370.15
3390.25
3410.45
3430.65
3450.85
3471.05
3491.3
3511.5
3531.6
3551.75
3571.95
3592.2
3612.4
3632.6
3652.8
3673.05
3693.15
3713.35
3733.55
3753.75
3773.95
3794.2
3814.4
3834.5
3854.65
3874.85
3895.1
3915.3
3935.5
3955.7
3975.95
3996.05
4016.25
4036.45
4056.65
4076.85
4097.1
4117.3
4137.4
4157.55
4177.75
4198
4218.2
4238.4
4258.6
4278.85
4298.95
4319.15
4339.35
4359.55
4379.75
4400
4420.2
4440.3
4460.45
4480.65
4500.9
4521.1
4541.3
4561.5
4581.75
4601.85
4622.05
4642.25
4662.45
4682.65
4702.9
4723.1
4743.2
4763.35
4783.55
4803.8
4824
4844.2
4864.4
4884.65
4904.75
4924.95
4945.15
4965.35
4985.55
