0.05
17.2
38.45
59.65
80.9
102.1
123.35
144.6
165.8
187.05
208.25
229.5
250.75
271.95
293.2
314.4
335.65
356.85
378.1
399.35
420.55
441.8
463
484.25
505.5
526.7
547.95
569.15
590.4
611.65
632.85
654.1
675.3
696.55
717.8
739
760.25
781.45
802.7
823.95
845.15
866.4
887.6
908.85
930.05
951.3
972.55
993.75
1015
1036.2
1057.45
1078.7
1099.9
1121.15
1142.35
1163.6
1184.85
1206.05
1227.3
1248.5
1269.75
1291
1312.2
1333.45
1354.65
1375.9
1397.15
1418.35
1439.6
1460.8
1482.05
1503.25
1524.5
1545.75
1566.95
1588.2
1609.4
1630.65
1651.9
1673.1
1694.35
1715.55
1736.8
1758.05
1779.25
1800.5
1821.7
1842.95
1864.2
1885.4
1906.65
1927.85
1949.1
1970.35
1991.55
2012.8
2034
2055.25
2076.45
2097.7
2118.95
2140.15
2161.4
2182.6
2203.85
2225.1
2246.3
2267.55
2288.75
2310
2331.25
2352.45
2373.7
2394.9
2416.15
2437.4
2458.6
2479.85
2501.05
2522.3
2543.55
2564.75
2586
2607.2
2628.45
2649.65
2670.9
2692.15
2713.35
2734.6
2755.8
2777.05
2798.3
2819.5
2840.75
2861.95
2883.2
2904.45
2925.65
2946.9
2968.1
2989.35
3010.6
3031.8
3053.05
3074.25
3095.5
3116.75
3137.95
3159.2
3180.4
3201.65
3222.9
3244.1
3265.35
3286.55
3307.8
3329
3350.25
3371.5
3392.7
3413.95
3435.15
3456.4
3477.65
3498.85
3520.1
3541.3
3562.55
3583.8
3605
3626.25
3647.45
3668.7
3689.95
3711.15
3732.4
3753.6
3774.85
3796.1
3817.3
3838.55
3859.75
3881
3902.2
3923.45
3944.7
3965.9
3987.15
4008.35
4029.6
4050.85
4072.05
4093.3
4114.5
4135.75
4157
4178.2
4199.45
4220.65
4241.9
4263.15
4284.35
4305.6
4326.8
4348.05
4369.3
4390.5
4411.75
4432.95
4454.2
4475.4
4496.65
4517.9
4539.1
4560.35
4581.55
4602.8
4624.05
4645.25
4666.5
4687.7
4708.95
4730.2
4751.4
4772.65
4793.85
4815.1
4836.35
4857.55
4878.8
4900
4921.25
4942.5
4963.7
4984.95
-1000
0.05
26
49
69.75
90.75
111.85
133
154.2
175.35
196.55
217.8
239.05
260.25
281.5
302.7
323.9
345.15
366.4
387.6
408.85
430.05
451.3
472.55
493.75
515
536.2
557.45
578.7
599.9
621.15
642.35
663.6
684.85
706.05
727.3
748.5
769.75
791
812.2
833.45
854.7
875.9
897.1
918.35
939.6
960.8
982.05
1003.25
1024.5
1045.75
1066.95
1088.2
1109.4
1130.65
1151.9
1173.1
1194.35
1215.55
1236.8
1258.05
1279.25
1300.5
1321.7
1342.95
1364.2
1385.4
1406.65
1427.85
1449.1
1470.35
1491.55
1512.8
1534.05
1555.25
1576.45
1597.7
1618.95
1640.15
1661.4
1682.6
1703.85
1725.1
1746.3
1767.55
1788.75
1810
1831.25
1852.45
1873.7
1894.9
1916.15
1937.4
1958.6
1979.85
2001.05
2022.3
2043.55
2064.75
2086
2107.25
2128.45
2149.65
2170.9
2192.15
2213.35
2234.6
2255.8
2277.05
2298.3
2319.5
2340.75
2361.95
2383.2
2404.45
2425.65
2446.9
2468.1
2489.35
2510.6
2531.8
2553.05
2574.25
2595.5
2616.75
2637.95
2659.2
2680.45
2701.65
2722.85
2744.1
2765.35
2786.55
2807.8
2829
2850.25
2871.5
2892.7
2913.95
2935.15
2956.4
2977.65
2998.85
3020.1
3041.3
3062.55
3083.8
3105
3126.25
3147.45
3168.7
3189.95
3211.15
3232.4
3253.65
3274.85
3296.05
3317.3
3338.55
3359.75
3381
3402.2
3423.45
3444.7
3465.9
3487.15
3508.35
3529.6
3550.85
3572.05
3593.3
3614.5
3635.75
3657
3678.2
3699.45
3720.65
3741.9
3763.15
3784.35
3805.6
3826.85
3848.05
3869.25
3890.5
3911.75
3932.95
3954.2
3975.4
3996.65
4017.9
4039.1
4060.35
4081.55
4102.8
4124.05
4145.25
4166.5
4187.7
4208.95
4230.2
4251.4
4272.65
4293.85
4315.1
4336.35
4357.55
4378.8
4400
4421.25
4442.5
4463.7
4484.95
4506.2
4527.4
4548.6
4569.85
4591.1
4612.3
4633.55
4654.75
4676
4697.25
4718.45
4739.7
4760.9
4782.15
4803.4
4824.6
4845.85
4867.05
4888.3
4909.55
4930.75
4952
4973.2
4994.45
