0.05
15.8
35.5
55.15
74.85
94.5
114.15
133.85
153.5
173.15
192.85
212.5
232.2
251.85
271.5
291.2
310.85
330.5
350.2
369.85
389.5
409.2
428.85
448.55
468.2
487.85
507.55
527.2
546.85
566.55
586.2
605.9
625.55
645.2
664.9
684.55
704.2
723.9
743.55
763.25
782.9
802.55
822.25
841.9
861.55
881.25
900.9
920.6
940.25
959.9
979.6
999.25
1018.9
1038.6
1058.25
1077.95
1097.6
1117.25
1136.95
1156.6
1176.25
1195.95
1215.6
1235.25
1254.95
1274.6
1294.3
1313.95
1333.6
1353.3
1372.95
1392.6
1412.3
1431.95
1451.65
1471.3
1490.95
1510.65
1530.3
1549.95
1569.65
1589.3
1609
1628.65
1648.3
1668
1687.65
1707.3
1727
1746.65
1766.35
1786
1805.65
1825.35
1845
1864.65
1884.35
1904
1923.65
1943.35
1963
1982.7
2002.35
2022
2041.7
2061.35
2081
2100.7
2120.35
2140.05
2159.7
2179.35
2199.05
2218.7
2238.35
2258.05
2277.7
2297.4
2317.05
2336.7
2356.4
2376.05
2395.7
2415.4
2435.05
2454.75
2474.4
2494.05
2513.75
2533.4
2553.05
2572.75
2592.4
2612.1
2631.75
2651.4
2671.1
2690.75
2710.4
2730.1
2749.75
2769.4
2789.1
2808.75
2828.45
2848.1
2867.75
2887.45
2907.1
2926.75
2946.45
2966.1
2985.8
3005.45
3025.1
3044.8
3064.45
3084.1
3103.8
3123.45
3143.15
3162.8
3182.45
3202.15
3221.8
3241.45
3261.15
3280.8
3300.5
3320.15
3339.8
3359.5
3379.15
3398.8
3418.5
3438.15
3457.8
3477.5
3497.15
3516.85
3536.5
3556.15
3575.85
3595.5
3615.15
3634.85
3654.5
3674.2
3693.85
3713.5
3733.2
3752.85
3772.5
3792.2
3811.85
3831.55
3851.2
3870.85
3890.55
3910.2
3929.85
3949.55
3969.2
3988.9
4008.55
4028.2
4047.9
4067.55
4087.2
4106.9
4126.55
4146.25
4165.9
4185.55
4205.25
4224.9
4244.55
4264.25
4283.9
4303.55
4323.25
4342.9
4362.6
4382.25
4401.9
4421.6
4441.25
4460.9
4480.6
4500.25
4519.95
4539.6
4559.25
4578.95
4598.6
4618.25
4637.95
4657.6
4677.3
4696.95
4716.6
4736.3
4755.95
4775.6
4795.3
4814.95
4834.65
4854.3
4873.95
4893.65
4913.3
4932.95
4952.65
4972.3
-1000
0.05
26.4
47.7
69.65
91.4
112.55
133.2
153.4
173.45
193.35
213.2
232.95
252.65
272.4
292.05
311.7
331.4
351.05
370.75
390.45
410.1
429.8
449.45
469.05
488.75
508.4
528.05
547.75
567.4
587.1
606.8
626.4
646.1
665.75
685.4
705.1
724.75
744.45
764.15
783.75
803.45
823.1
842.75
862.45
882.1
901.8
921.5
941.1
960.8
980.45
1000.1
1019.8
1039.45
1059.15
1078.85
1098.5
1118.2
1137.85
1157.45
1177.15
1196.8
1216.5
1236.2
1255.85
1275.55
1295.2
1314.8
1334.5
1354.15
1373.8
1393.5
1413.15
1432.85
1452.55
1472.15
1491.85
1511.5
1531.15
1550.85
1570.5
1590.2
1609.9
1629.5
1649.2
1668.85
1688.5
1708.2
1727.85
1747.55
1767.25
1786.85
1806.55
1826.25
1845.85
1865.55
1885.2
1904.9
1924.6
1944.25
1963.95
1983.6
2003.2
2022.9
2042.55
2062.2
2081.9
2101.55
2121.25
2140.95
2160.55
2180.25
2199.9
2219.55
2239.25
2258.9
2278.6
2298.3
2317.9
2337.6
2357.25
2376.9
2396.6
2416.25
2435.95
2455.65
2475.25
2494.95
2514.6
2534.25
2553.95
2573.6
2593.3
2613
2632.65
2652.35
2672
2691.6
2711.3
2730.95
2750.65
2770.35
2790
2809.7
2829.35
2848.95
2868.65
2888.3
2907.95
2927.65
2947.3
2967
2986.7
3006.3
3026
3045.65
3065.3
3085
3104.65
3124.35
3144.05
3163.65
3183.35
3203
3222.65
3242.35
3262
3281.7
3301.4
3321
3340.7
3360.35
3380
3399.7
3419.35
3439.05
3458.75
3478.4
3498.1
3517.75
3537.35
3557.05
3576.7
3596.35
3616.05
3635.7
3655.4
3675.1
3694.7
3714.4
3734.05
3753.7
3773.4
3793.05
3812.75
3832.45
3852.05
3871.75
3891.4
3911.05
3930.75
3950.4
3970.1
3989.8
4009.4
4029.1
4048.75
4068.4
4088.1
4107.75
4127.45
4147.15
4166.8
4186.5
4206.15
4225.75
4245.45
4265.1
4284.8
4304.5
4324.15
4343.85
4363.5
4383.1
4402.8
4422.45
4442.1
4461.8
4481.45
4501.15
4520.85
4540.45
4560.15
4579.8
4599.45
4619.15
4638.8
4658.5
4678.2
4697.8
4717.5
4737.15
4756.8
4776.5
4796.15
4815.85
4835.55
4855.15
4874.85
4894.5
4914.15
4933.85
4953.5
4973.2
4992.9
