0.05
18.9
42
65.15
88.25
111.4
134.55
157.65
180.8
203.9
227.05
250.2
273.3
296.45
319.55
342.7
365.85
388.95
412.1
435.2
458.35
481.45
504.6
527.75
550.85
574
597.1
620.25
643.4
666.5
689.65
712.75
735.9
759.05
782.15
805.3
828.4
851.55
874.7
897.8
920.95
944.05
967.2
990.3
1013.45
1036.6
1059.7
1082.85
1105.95
1129.1
1152.25
1175.35
1198.5
1221.6
1244.75
1267.9
1291
1314.15
1337.25
1360.4
1383.5
1406.65
1429.8
1452.9
1476.05
1499.15
1522.3
1545.45
1568.55
1591.7
1614.8
1637.95
1661.1
1684.2
1707.35
1730.45
1753.6
1776.7
1799.85
1823
1846.1
1869.25
1892.35
1915.5
1938.65
1961.75
1984.9
2008
2031.15
2054.3
2077.4
2100.55
2123.65
2146.8
2169.9
2193.05
2216.2
2239.3
2262.45
2285.55
2308.7
2331.85
2354.95
2378.1
2401.2
2424.35
2447.5
2470.6
2493.75
2516.85
2540
2563.1
2586.25
2609.4
2632.5
2655.65
2678.75
2701.9
2725.05
2748.15
2771.3
2794.4
2817.55
2840.7
2863.8
2886.95
2910.05
2933.2
2956.35
2979.45
-1000
0.05
36.8
76.2
112.55
152.95
192.55
228.75
269
308.75
344.85
385
424.85
461
500.85
541
577.3
616.95
657.15
693.65
733.05
773.35
810.15
849.25
889.35
926.4
965.3
1005.35
1043
1081.5
1121.6
1159.8
1197.75
1238.15
1277.05
1314.2
1354.7
1393.9
1430.5
1470.85
1510.35
1546.7
1586.9
1626.6
1662.85
1702.9
1742.7
1778.9
1818.9
1858.75
1895
1934.85
1974.8
2011.1
2050.8
2090.8
2127.25
2166.8
2206.8
2243.5
2282.85
2322.85
2359.8
2398.95
2438.95
2476.2
2515.05
2555.1
2592.5
2631.15
2671.25
2709.1
2747.35
2787.7
2826.15
2863.7
2904.25
2943.3
2980
3020.4
3059.7
3096.1
3136.55
3176.1
3212.3
3252.6
3292.35
3328.45
3368.65
3408.45
3444.6
3484.45
3524.6
3560.85
3600.55
3640.8
3677.25
3716.7
3756.95
3793.7
3832.85
3872.95
3910.15
3949
3989.1
4026.8
4065.25
4105.35
4143.55
4181.5
4221.95
4260.7
4297.9
4338.35
4377.6
4414.2
4454.55
4494.05
4530.4
4570.6
4610.25
4646.5
4686.6
4726.4
4762.6
4802.6
4842.45
4878.7
4918.55
4958.45
4994.8
