0.05
32.95
71.5
110.05
148.6
187.15
225.7
264.25
302.8
341.35
379.9
418.45
457
495.55
534.1
572.65
611.2
649.75
688.3
726.9
765.45
804
842.55
881.1
919.65
958.2
996.75
1035.3
1073.85
1112.4
1150.95
1189.5
1228.05
1266.6
1305.15
1343.7
1382.25
1420.8
1459.35
1497.9
1536.45
1575
1613.55
1652.15
1690.7
1729.25
1767.8
1806.35
1844.9
1883.45
1922
1960.55
1999.1
2037.65
2076.2
2114.75
2153.3
2191.85
2230.4
2268.95
2307.5
2346.05
2384.6
2423.15
2461.7
2500.25
2538.8
2577.35
2615.95
2654.5
2693.05
2731.6
2770.15
2808.7
2847.25
2885.8
2924.35
2962.9
3001.45
3040
3078.55
3117.1
3155.65
3194.2
3232.75
3271.3
3309.85
3348.4
3386.95
3425.5
3464.05
3502.6
3541.2
3579.75
3618.3
3656.85
3695.4
3733.95
3772.5
3811.05
3849.6
3888.15
3926.7
3965.25
4003.8
4042.35
4080.9
4119.45
4158
4196.55
4235.1
4273.65
4312.2
4350.75
4389.3
4427.85
4466.45
4505
4543.55
4582.1
4620.65
4659.2
4697.75
4736.3
4774.85
4813.4
4851.95
4890.5
4929.05
4967.6
-1000
0.05
26
55.25
89.35
125.05
160.5
191.9
219.35
248.2
282.25
317.9
353.35
385.05
412.65
441.25
475.1
510.75
546.25
578.3
606.05
634.25
668
703.6
739.25
771.8
799.7
827.5
861.05
896.6
932.2
965
993.05
1020.55
1053.95
1089.45
1125.1
1158.15
1186.3
1213.55
1246.8
1282.3
1317.95
1351.2
1379.5
1406.55
1439.65
1475.1
1510.8
1544.2
1572.6
1599.5
1632.5
1667.95
1703.75
1737.3
1765.75
1792.5
1825.4
1860.8
1896.55
1930.2
1958.65
1985.35
2018.2
2053.6
2089.3
2123.05
2151.55
2178.2
2211
2246.35
2282.1
2315.9
2344.4
2371
2403.8
2439.15
2474.9
2508.7
2537.25
2563.85
2596.6
2632
2667.8
2701.8
2730.45
2756.95
2789.55
2824.85
2860.6
2894.6
2923.25
2949.8
2982.3
3017.6
3053.35
3087.4
3116.05
3142.6
3175.1
3210.35
3246.15
3280.25
3308.9
3335.45
3367.9
3403.15
3438.9
3473.05
3501.75
3528.35
3560.75
3596
3631.8
3666
3694.75
3721.45
3753.65
3788.85
3824.6
3858.95
3887.7
3914.55
3946.55
3981.7
4017.45
4051.9
4080.7
4107.55
4139.45
