0.05
45.35
97.05
148.75
200.5
252.2
303.95
355.65
407.4
459.1
510.8
562.55
614.25
666
717.7
769.45
821.15
872.85
924.6
976.3
1028.05
1079.75
1131.5
1183.2
1234.9
1286.65
1338.35
1390.1
1441.8
1493.5
1545.25
1596.95
1648.7
1700.4
1752.15
1803.85
1855.55
1907.3
1959
2010.75
2062.45
2114.2
2165.9
2217.6
2269.35
2321.05
2372.8
2424.5
2476.25
2527.95
2579.65
2631.4
2683.1
2734.85
2786.55
2838.3
2890
2941.7
2993.45
3045.15
3096.9
3148.6
3200.3
3252.05
3303.75
3355.5
3407.2
3458.95
3510.65
3562.35
3614.1
3665.8
3717.55
3769.25
3821
3872.7
3924.4
3976.15
4027.85
4079.6
4131.3
4183.05
4234.75
4286.45
4338.2
4389.9
4441.65
4493.35
4545.05
4596.8
4648.5
4700.25
4751.95
4803.7
4855.4
4907.1
4958.85
-1000
0.05
26
69.45
108.85
139.35
176.55
221.25
252.05
283.95
327.65
365.25
395.65
434.4
478.95
509.75
541.8
585.85
621.1
651.4
692
735.9
766.7
799.55
843.9
876.85
907.3
949.6
991.85
1022.55
1057.15
1101.8
1133.1
1164.15
1207.4
1247.3
1277.85
1314.65
1359.35
1390.2
1421.9
1465.55
1503.45
1533.85
1572.35
1616.95
1647.75
1679.8
1723.75
1759.2
1789.5
1829.95
1873.95
1904.7
1937.5
1981.8
2014.8
2045.2
2087.45
2129.7
2160.35
2195
2239.6
2270.85
2302
2345.25
2384.85
2415.4
2452.4
2497.3
2528.15
2559.8
2603.45
2641.2
2671.65
2710.2
2754.75
2785.55
2817.6
2861.6
2896.95
2927.25
2967.75
3011.65
3042.4
3075.3
3119.65
3152.5
3183
3225.25
3267.4
3298.1
3332.8
3377.45
3408.65
3439.8
3483.1
3522.75
