0.05
17.65
39.4
61.1
82.85
104.6
126.3
148.05
169.8
191.5
213.25
235
256.7
278.45
300.2
321.9
343.65
365.4
387.1
408.85
430.6
452.3
474.05
495.8
517.5
539.25
561
582.7
604.45
626.15
647.9
669.65
691.35
713.1
734.85
756.55
778.3
800.05
821.75
843.5
865.25
886.95
908.7
930.45
952.15
973.9
995.65
1017.35
1039.1
1060.85
1082.55
1104.3
1126.05
1147.75
1169.5
1191.25
1212.95
1234.7
1256.45
1278.15
1299.9
1321.65
1343.35
1365.1
1386.85
1408.55
1430.3
1452.05
1473.75
1495.5
1517.25
1538.95
1560.7
1582.45
1604.15
1625.9
1647.65
1669.35
1691.1
1712.85
1734.55
1756.3
1778.05
1799.75
1821.5
1843.25
1864.95
1886.7
1908.45
1930.15
1951.9
1973.65
1995.35
2017.1
2038.85
2060.55
2082.3
2104.05
2125.75
2147.5
2169.25
2190.95
2212.7
2234.45
2256.15
2277.9
2299.65
2321.35
2343.1
2364.85
2386.55
2408.3
2430.05
2451.75
2473.5
2495.25
2516.95
2538.7
2560.45
2582.15
2603.9
2625.65
2647.35
2669.1
2690.85
2712.55
2734.3
2756.05
2777.75
2799.5
2821.25
2842.95
2864.7
2886.45
2908.15
2929.9
2951.65
2973.35
2995.1
3016.85
3038.55
3060.3
3082.05
3103.75
3125.5
3147.25
3168.95
3190.7
3212.45
3234.15
3255.9
3277.65
3299.35
3321.1
3342.85
3364.55
3386.3
3408
3429.75
3451.5
3473.2
3494.95
3516.7
3538.4
3560.15
3581.9
3603.6
3625.35
3647.1
3668.8
3690.55
3712.3
3734
3755.75
3777.5
3799.2
3820.95
3842.7
3864.4
3886.15
3907.9
3929.6
3951.35
3973.1
3994.8
4016.55
4038.3
4060
4081.75
4103.5
4125.2
4146.95
4168.7
4190.4
4212.15
4233.9
4255.6
4277.35
4299.1
4320.8
4342.55
4364.3
4386
4407.75
4429.5
4451.2
4472.95
4494.7
4516.4
4538.15
4559.9
4581.6
4603.35
4625.1
4646.8
4668.55
4690.3
4712
4733.75
4755.5
4777.2
4798.95
4820.7
4842.4
4864.15
4885.9
4907.6
4929.35
4951.1
4972.8
4994.55
-1000
0.05
26
45.75
65.8
86.6
107.85
129.2
150.75
172.4
194.05
215.75
237.5
259.15
280.9
302.65
324.35
346.1
367.85
389.55
411.3
433.05
454.75
476.5
498.25
519.95
541.7
563.45
585.2
606.95
628.65
650.4
672.15
693.85
715.6
737.35
759.05
780.8
802.55
824.25
846
867.75
889.45
911.2
932.95
954.65
976.4
998.15
1019.85
1041.6
1063.35
1085.05
1106.8
1128.55
1150.25
1172
1193.75
1215.45
1237.2
1258.95
1280.65
1302.4
1324.15
1345.85
1367.6
1389.35
1411.05
1432.8
1454.55
1476.25
1498
1519.75
1541.45
1563.2
1584.95
1606.65
1628.4
1650.15
1671.85
1693.6
1715.35
1737.05
1758.8
1780.55
1802.2
1823.95
1845.7
1867.4
1889.15
1910.9
1932.6
1954.35
1976.1
1997.8
2019.55
2041.3
2063
2084.75
2106.5
2128.2
2149.95
2171.7
2193.4
2215.15
2236.9
2258.6
2280.35
2302.1
2323.8
2345.55
2367.3
2389
2410.75
2432.5
2454.2
2475.95
2497.7
2519.4
2541.15
2562.9
2584.6
2606.35
2628.1
2649.8
2671.55
2693.3
2715
2736.75
2758.5
2780.2
2801.95
2823.7
2845.4
2867.15
2888.9
2910.6
2932.35
2954.1
2975.8
2997.55
3019.3
3041
3062.75
3084.5
3106.2
3127.95
3149.7
3171.4
3193.15
3214.9
3236.6
3258.35
3280.1
3301.8
3323.55
3345.3
3367.05
3388.75
3410.5
3432.25
3454
3475.7
3497.45
3519.2
3540.9
3562.65
3584.4
3606.1
3627.85
3649.6
3671.3
3693.05
3714.8
3736.5
3758.25
3780
3801.7
3823.45
3845.2
3866.9
3888.65
3910.4
3932.1
3953.85
3975.6
3997.3
4019.05
4040.8
4062.5
4084.25
4106
4127.7
4149.45
4171.2
4192.9
4214.65
4236.4
4258.1
4279.85
4301.6
4323.3
4345.05
4366.8
4388.5
4410.25
4432
4453.7
4475.45
4497.2
4518.9
4540.65
4562.4
4584.1
4605.85
4627.55
4649.25
4671
4692.75
4714.45
4736.2
4757.95
4779.65
4801.4
4823.15
4844.85
4866.6
4888.35
4910.05
4931.8
4953.55
4975.25
4997
