0.05
17
37.95
58.95
79.95
100.95
121.95
142.9
163.9
184.9
205.9
226.85
247.85
268.85
289.85
310.8
331.8
352.8
373.8
394.75
415.75
436.75
457.75
478.75
499.7
520.7
541.7
562.7
583.65
604.65
625.65
646.65
667.6
688.6
709.6
730.6
751.6
772.55
793.55
814.55
835.55
856.5
877.5
898.5
919.5
940.45
961.45
982.45
1003.45
1024.4
1045.4
1066.4
1087.4
1108.4
1129.35
1150.35
1171.35
1192.35
1213.3
1234.3
1255.3
1276.3
1297.25
1318.25
1339.25
1360.25
1381.2
1402.2
1423.2
1444.2
1465.2
1486.15
1507.15
1528.15
1549.15
1570.1
1591.1
1612.1
1633.1
1654.05
1675.05
1696.05
1717.05
1738
1759
1780
1801
1822
1842.95
1863.95
1884.95
1905.95
1926.9
1947.9
1968.9
1989.9
2010.85
2031.85
2052.85
2073.85
2094.85
2115.8
2136.8
2157.8
2178.8
2199.75
2220.75
2241.75
2262.75
2283.7
2304.7
2325.7
2346.7
2367.65
2388.65
2409.65
2430.65
2451.65
2472.6
2493.6
2514.6
2535.6
2556.55
2577.55
2598.55
2619.55
2640.5
2661.5
2682.5
2703.5
2724.45
2745.45
2766.45
2787.45
2808.45
2829.4
2850.4
2871.4
2892.4
2913.35
2934.35
2955.35
2976.35
2997.3
3018.3
3039.3
3060.3
3081.3
3102.25
3123.25
3144.25
3165.25
3186.2
3207.2
3228.2
3249.2
3270.15
3291.15
3312.15
3333.15
3354.1
3375.1
3396.1
3417.1
3438.1
3459.05
3480.05
3501.05
3522.05
3543
3564
3585
3606
3626.95
3647.95
3668.95
3689.95
3710.9
3731.9
3752.9
3773.9
3794.9
3815.85
3836.85
3857.85
3878.85
3899.8
3920.8
3941.8
3962.8
3983.75
4004.75
4025.75
4046.75
4067.7
4088.7
4109.7
4130.7
4151.7
4172.65
4193.65
4214.65
4235.65
4256.6
4277.6
4298.6
4319.6
4340.55
4361.55
4382.55
4403.55
4424.55
4445.5
4466.5
4487.5
4508.5
4529.45
4550.45
4571.45
4592.45
4613.4
4634.4
4655.4
4676.4
4697.35
4718.35
4739.35
4760.35
4781.35
4802.3
4823.3
4844.3
4865.3
4886.25
4907.25
4928.25
4949.25
4970.2
-1000
0.05
26
48.85
69.5
90.3
111.15
132.1
152.95
173.95
194.95
215.95
236.85
257.85
278.85
299.85
320.8
341.8
362.8
383.8
404.8
425.8
446.8
467.8
488.8
509.7
530.7
551.7
572.7
593.65
614.65
635.65
656.65
677.6
698.6
719.6
740.6
761.6
782.6
803.6
824.6
845.6
866.5
887.5
908.5
929.5
950.45
971.45
992.45
1013.45
1034.4
1055.4
1076.4
1097.4
1118.4
1139.35
1160.35
1181.35
1202.35
1223.3
1244.3
1265.3
1286.3
1307.25
1328.25
1349.25
1370.25
1391.25
1412.25
1433.25
1454.25
1475.25
1496.15
1517.15
1538.15
1559.15
1580.1
1601.1
1622.1
1643.1
1664.05
1685.05
1706.05
1727.05
1748.05
1769.05
1790.05
1811.05
1832.05
1852.95
1873.95
1894.95
1915.95
1936.9
1957.9
1978.9
1999.9
2020.85
2041.85
2062.85
2083.85
2104.85
2125.8
2146.8
2167.8
2188.8
2209.75
2230.75
2251.75
2272.75
2293.7
2314.7
2335.7
2356.7
2377.65
2398.65
2419.65
2440.65
2461.65
2482.6
2503.6
2524.6
2545.6
2566.55
2587.55
2608.55
2629.55
2650.5
2671.5
2692.5
2713.5
2734.5
2755.5
2776.5
2797.5
2818.5
2839.4
2860.4
2881.4
2902.4
2923.35
2944.35
2965.35
2986.35
3007.3
3028.3
3049.3
3070.3
3091.3
3112.3
3133.3
3154.3
3175.3
3196.2
3217.2
3238.2
3259.2
3280.15
3301.15
3322.15
3343.15
3364.1
3385.1
3406.1
3427.1
3448.1
3469.05
3490.05
3511.05
3532.05
3553
3574
3595
3616
3636.95
3657.95
3678.95
3699.95
3720.95
3741.95
3762.95
3783.95
3804.95
3825.85
3846.85
3867.85
3888.85
3909.8
3930.8
3951.8
3972.8
3993.75
4014.75
4035.75
4056.75
4077.75
4098.75
4119.75
4140.75
4161.75
4182.65
4203.65
4224.65
4245.65
4266.6
4287.6
4308.6
4329.6
4350.55
4371.55
4392.55
4413.55
4434.55
4455.55
4476.55
4497.55
4518.55
4539.45
4560.45
4581.45
4602.45
4623.4
4644.4
4665.4
4686.4
4707.35
4728.35
4749.35
4770.35
4791.35
4812.3
4833.3
4854.3
4875.3
4896.25
4917.25
4938.25
4959.25
4980.2
