0.05
16.5
36.9
57.3
77.7
98.15
118.55
138.95
159.35
179.8
200.2
220.6
241
261.45
281.85
302.25
322.65
343.1
363.5
383.9
404.3
424.75
445.15
465.55
485.95
506.4
526.8
547.2
567.65
588.05
608.45
628.85
649.3
669.7
690.1
710.5
730.95
751.35
771.75
792.15
812.6
833
853.4
873.8
894.25
914.65
935.05
955.45
975.9
996.3
1016.7
1037.1
1057.55
1077.95
1098.35
1118.8
1139.2
1159.6
1180
1200.45
1220.85
1241.25
1261.65
1282.1
1302.5
1322.9
1343.3
1363.75
1384.15
1404.55
1424.95
1445.4
1465.8
1486.2
1506.6
1527.05
1547.45
1567.85
1588.25
1608.7
1629.1
1649.5
1669.9
1690.35
1710.75
1731.15
1751.6
1772
1792.4
1812.8
1833.25
1853.65
1874.05
1894.45
1914.9
1935.3
1955.7
1976.1
1996.55
2016.95
2037.35
2057.75
2078.2
2098.6
2119
2139.4
2159.85
2180.25
2200.65
2221.05
2241.5
2261.9
2282.3
2302.7
2323.15
2343.55
2363.95
2384.4
2404.8
2425.2
2445.6
2466.05
2486.45
2506.85
2527.25
2547.7
2568.1
2588.5
2608.9
2629.35
2649.75
2670.15
2690.55
2711
2731.4
2751.8
2772.2
2792.65
2813.05
2833.45
2853.85
2874.3
2894.7
2915.1
2935.55
2955.95
2976.35
2996.75
3017.2
3037.6
3058
3078.4
3098.85
3119.25
3139.65
3160.05
3180.5
3200.9
3221.3
3241.7
3262.15
3282.55
3302.95
3323.35
3343.8
3364.2
3384.6
3405
3425.45
3445.85
3466.25
3486.65
3507.1
3527.5
3547.9
3568.35
3588.75
3609.15
3629.55
3650
3670.4
3690.8
3711.2
3731.65
3752.05
3772.45
3792.85
3813.3
3833.7
3854.1
3874.5
3894.95
3915.35
3935.75
3956.15
3976.6
3997
4017.4
4037.8
4058.25
4078.65
4099.05
4119.5
4139.9
4160.3
4180.7
4201.15
4221.55
4241.95
4262.35
4282.8
4303.2
4323.6
4344
4364.45
4384.85
4405.25
4425.65
4446.1
4466.5
4486.9
4507.3
4527.75
4548.15
4568.55
4588.95
4609.4
4629.8
4650.2
4670.6
4691.05
4711.45
4731.85
4752.3
4772.7
4793.1
4813.5
4833.95
4854.35
4874.75
4895.15
4915.6
4936
4956.4
4976.8
-1000
0.05
26.5
48.6
70.9
92.8
114.15
135.2
156.05
176.7
197.2
217.7
238.2
258.65
279
299.45
319.9
340.3
360.7
381.1
401.55
421.95
442.4
462.8
483.25
503.65
524.05
544.5
564.9
585.25
605.7
626.1
646.5
666.9
687.3
707.75
728.15
748.55
768.95
789.4
809.8
830.2
850.6
871.05
891.45
911.85
932.25
952.7
973.1
993.5
1013.9
1034.35
1054.75
1075.2
1095.6
1116.05
1136.45
1156.85
1177.3
1197.7
1218.05
1238.5
1258.9
1279.3
1299.7
1320.1
1340.55
1360.95
1381.35
1401.75
1422.2
1442.6
1463
1483.4
1503.85
1524.25
1544.65
1565.05
1585.5
1605.9
1626.3
1646.7
1667.15
1687.55
1708
1728.4
1748.85
1769.2
1789.65
1810.05
1830.45
1850.85
1871.25
1891.7
1912.1
1932.5
1952.9
1973.35
1993.75
2014.15
2034.55
2055
2075.4
2095.8
2116.2
2136.65
2157.05
2177.45
2197.85
2218.3
2238.7
2259.15
2279.55
2300
2320.4
2340.8
2361.25
2381.65
2402
2422.45
2442.85
2463.25
2483.65
2504.05
2524.5
2544.9
2565.3
2585.7
2606.15
2626.55
2646.95
2667.35
2687.8
2708.2
2728.6
2749
2769.45
2789.85
2810.25
2830.65
2851.1
2871.5
2891.95
2912.35
2932.8
2953.2
2973.6
2994.05
3014.45
3034.8
3055.25
3075.65
3096.05
3116.45
3136.85
3157.3
3177.7
3198.1
3218.5
3238.95
3259.35
3279.75
3300.15
3320.6
3341
3361.4
3381.8
3402.25
3422.65
3443.1
3463.5
3483.95
3504.35
3524.75
3545.2
3565.6
3585.95
3606.4
3626.8
3647.2
3667.6
3688
3708.45
3728.85
3749.25
3769.65
3790.1
3810.5
3830.9
3851.3
3871.75
3892.15
3912.55
3932.95
3953.4
3973.8
3994.2
4014.6
4035.05
4055.45
4075.9
4096.3
4116.75
4137.15
4157.55
4178
4198.4
4218.75
4239.2
4259.6
4280
4300.4
4320.8
4341.25
4361.65
4382.05
4402.45
4422.9
4443.3
4463.7
4484.1
4504.55
4524.95
4545.35
4565.75
4586.2
4606.6
4627
4647.4
4667.85
4688.25
4708.7
4729.1
4749.55
4769.9
4790.35
4810.75
4831.15
4851.55
4871.95
4892.4
4912.8
4933.2
4953.6
4974.05
4994.45
