0.05
21.55
47.6
73.7
99.8
125.9
151.95
178.05
204.15
230.2
256.3
282.4
308.5
334.55
360.65
386.75
412.85
438.9
465
491.1
517.2
543.25
569.35
595.45
621.5
647.6
673.7
699.8
725.85
751.95
778.05
804.15
830.2
856.3
882.4
908.5
934.55
960.65
986.75
1012.8
1038.9
1065
1091.1
1117.15
1143.25
1169.35
1195.45
1221.5
1247.6
1273.7
1299.75
1325.85
1351.95
1378.05
1404.1
1430.2
1456.3
1482.4
1508.45
1534.55
1560.65
1586.75
1612.8
1638.9
1665
1691.05
1717.15
1743.25
1769.35
1795.4
1821.5
1847.6
1873.7
1899.75
1925.85
1951.95
1978
2004.1
2030.2
2056.3
2082.35
2108.45
2134.55
2160.65
2186.7
2212.8
2238.9
2265
2291.05
2317.15
2343.25
2369.3
2395.4
2421.5
2447.6
2473.65
2499.75
2525.85
2551.95
2578
2604.1
2630.2
2656.3
2682.35
2708.45
2734.55
2760.6
2786.7
2812.8
2838.9
2864.95
2891.05
2917.15
2943.25
2969.3
2995.4
3021.5
3047.55
3073.65
3099.75
3125.85
3151.9
3178
3204.1
3230.2
3256.25
3282.35
3308.45
3334.55
3360.6
3386.7
3412.8
3438.85
3464.95
3491.05
3517.15
3543.2
3569.3
3595.4
3621.5
3647.55
3673.65
3699.75
3725.8
3751.9
3778
3804.1
3830.15
3856.25
3882.35
3908.45
3934.5
3960.6
3986.7
4012.8
4038.85
4064.95
4091.05
4117.1
4143.2
4169.3
4195.4
4221.45
4247.55
4273.65
4299.75
4325.8
4351.9
4378
4404.05
4430.15
4456.25
4482.35
4508.4
4534.5
4560.6
4586.7
4612.75
4638.85
4664.95
4691.05
4717.1
4743.2
4769.3
4795.35
4821.45
4847.55
4873.65
4899.7
4925.8
4951.9
4978
-1000
0.05
26.35
49.45
69.75
88.5
110.75
134.65
159.25
183.95
208.15
230.3
249.2
269.35
292.4
316.75
341.4
366.05
389.75
411.05
429
450.5
474.25
498.75
523.45
547.8
570.6
590.35
609.6
632.1
656.2
680.85
705.55
729.6
751.6
770.3
790.8
813.95
838.3
863
887.55
911.1
932.05
950.25
972.05
995.85
1020.4
1045.1
1069.45
1092.1
1111.65
1131.05
1153.75
1177.9
1202.5
1227.15
1251.1
1272.85
1291.1
1312
1335.45
1359.9
1384.6
1409.1
1432.45
1453.05
1471.5
1493.45
1517.35
1541.95
1566.7
1590.95
1613.2
1632.35
1652.25
1675.2
1699.4
1724.1
1748.75
1772.6
1794.05
1812.05
1833.35
1856.95
1881.4
1906.1
1930.55
1953.5
1973.5
1992.5
2014.85
2038.9
2063.55
2088.25
2112.4
2134.5
2153.35
2173.5
2196.65
2220.95
2245.7
2270.25
2293.85
2314.95
2333.05
2354.75
2378.5
2403
2427.75
2452.15
2474.85
2494.6
2513.85
2536.45
2560.5
2585.1
2609.8
2633.8
2655.65
2674.15
2694.85
2718.15
2742.55
2767.25
2791.85
2815.3
2836.15
2854.3
2876.2
2900.05
2924.65
2949.35
2973.6
2996.05
3015.4
3035.05
3057.85
3082.1
3106.75
3131.4
3155.3
3177
3195.1
3216.2
3239.65
3264.1
3288.8
3313.3
3336.4
3356.75
3375.45
3397.65
3421.65
3446.2
3470.95
3495.15
3517.4
3536.4
3556.4
3579.4
3603.7
3628.35
3652.95
3676.65
3697.95
3716
3737.5
3761.15
3785.7
3810.4
3834.8
3857.7
3877.7
3896.75
3919.1
3943.15
3967.8
3992.5
4016.6
4038.5
4057.25
4077.7
4100.9
4125.25
4149.95
4174.55
4198.15
4219.15
4237.3
4259
4282.8
4307.3
4332
