0.05
19.45
43.2
66.95
90.7
114.45
138.2
161.95
185.7
209.45
233.2
256.95
280.7
304.45
328.2
351.95
375.7
399.45
423.2
446.95
470.7
494.45
518.2
541.95
565.7
589.45
613.2
636.95
660.7
684.45
708.2
731.95
755.7
779.45
803.25
827
850.75
874.5
898.25
922
945.75
969.5
993.25
1017
1040.75
1064.5
1088.25
1112
1135.75
1159.5
1183.25
1207
1230.75
1254.5
1278.25
1302
1325.75
1349.5
1373.25
1397
1420.75
1444.5
1468.25
1492
1515.75
1539.5
1563.25
1587
1610.75
1634.5
1658.25
1682
1705.75
1729.5
1753.25
1777
1800.75
1824.5
1848.3
1872.05
1895.8
1919.55
1943.3
1967.05
1990.8
2014.55
2038.3
2062.05
2085.8
2109.55
2133.3
2157.05
2180.8
2204.55
2228.3
2252.05
2275.8
2299.55
2323.3
2347.05
2370.8
2394.55
2418.3
2442.05
2465.8
2489.55
2513.3
2537.05
2560.8
2584.55
2608.3
2632.05
2655.8
2679.55
2703.3
2727.05
2750.8
2774.55
2798.3
2822.05
2845.8
2869.55
2893.35
2917.1
2940.85
2964.6
2988.35
3012.1
3035.85
3059.6
3083.35
3107.1
3130.85
3154.6
3178.35
3202.1
3225.85
3249.6
3273.35
3297.1
3320.85
3344.6
3368.35
3392.1
3415.85
3439.6
3463.35
3487.1
3510.85
3534.6
3558.35
3582.1
3605.85
3629.6
3653.35
3677.1
3700.85
3724.6
3748.35
3772.1
3795.85
3819.6
3843.35
3867.1
3890.85
3914.6
3938.4
3962.15
3985.9
4009.65
4033.4
4057.15
4080.9
4104.65
4128.4
4152.15
4175.9
4199.65
4223.4
4247.15
4270.9
4294.65
4318.4
4342.15
4365.9
4389.65
4413.4
4437.15
4460.9
4484.65
4508.4
4532.15
4555.9
4579.65
4603.4
4627.15
4650.9
4674.65
4698.4
4722.15
4745.9
4769.65
4793.4
4817.15
4840.9
4864.65
4888.4
4912.15
4935.9
4959.65
4983.45
-1000
0.05
26
50.4
73
96.05
119.35
142.8
166.3
189.9
213.5
237.15
260.8
284.45
308.15
331.85
355.55
379.3
403
426.7
450.45
474.15
497.9
521.65
545.35
569.1
592.85
616.6
640.3
664.05
687.8
711.55
735.3
759.05
782.75
806.5
830.25
854
877.7
901.4
925.1
948.85
972.55
996.3
1020.05
1043.8
1067.55
1091.35
1115.1
1138.85
1162.6
1186.35
1210.15
1233.9
1257.65
1281.4
1305.15
1328.9
1352.65
1376.45
1400.2
1423.95
1447.7
1471.45
1495.2
1518.95
1542.7
1566.45
1590.2
1613.95
1637.7
1661.45
1685.25
1709
1732.75
1756.5
1780.25
1804
1827.75
1851.5
1875.25
1899
1922.7
1946.4
1970.1
1993.85
2017.55
2041.3
2065.05
2088.8
2112.6
2136.35
2160.1
2183.85
2207.65
2231.4
2255.15
2278.9
2302.65
2326.4
2350.2
2373.95
2397.7
2421.45
2445.2
2468.95
2492.7
2516.5
2540.25
2564
2587.75
2611.5
2635.25
2659
2682.75
2706.5
2730.25
2754
2777.75
2801.5
2825.3
2849.05
2872.8
2896.55
2920.3
2944.05
2967.75
2991.45
3015.15
3038.9
3062.6
3086.35
3110.1
3133.85
3157.65
3181.4
3205.15
3228.9
3252.65
3276.45
3300.2
3323.95
3347.7
3371.45
3395.25
3419
3442.75
3466.5
3490.25
3514
3537.75
3561.55
3585.3
3609.05
3632.8
3656.55
3680.3
3704.05
3727.8
3751.55
3775.3
3799.05
3822.8
3846.55
3870.35
3894.1
3917.85
3941.6
3965.35
3989.1
4012.8
4036.5
4060.2
4083.95
4107.65
4131.4
4155.15
4178.9
4202.65
4226.45
4250.2
4273.95
4297.7
4321.5
4345.25
4369
4392.75
4416.5
4440.3
4464.05
4487.8
4511.55
4535.3
4559.05
4582.8
4606.6
4630.35
4654.1
4677.85
4701.6
4725.35
4749.1
4772.85
4796.6
4820.35
4844.1
4867.85
4891.6
4915.4
4939.15
4962.9
4986.65
