0.05
47.45
101.35
155.3
209.25
263.15
317.1
371.05
424.95
478.9
532.85
586.75
640.7
694.65
748.55
802.5
856.45
910.35
964.3
1018.25
1072.15
1126.1
1180.05
1233.95
1287.9
1341.85
1395.75
1449.7
1503.65
1557.55
1611.5
1665.45
1719.35
1773.3
1827.25
1881.15
1935.1
1989.05
2042.95
2096.9
2150.85
2204.75
2258.7
2312.6
2366.55
2420.5
2474.4
2528.35
2582.3
2636.2
2690.15
2744.1
2798
2851.95
2905.9
2959.8
3013.75
3067.7
3121.6
3175.55
3229.5
3283.4
3337.35
3391.3
3445.2
3499.15
3553.1
3607
3660.95
3714.9
3768.8
3822.75
3876.7
3930.6
3984.55
4038.5
4092.4
4146.35
4200.3
4254.2
4308.15
4362.1
4416
4469.95
4523.9
4577.8
4631.75
4685.7
4739.6
4793.55
4847.5
4901.4
4955.35
-1000
0.05
26
67.6
98.3
129.45
170
200.35
235.05
270.05
299.6
339.45
370.2
400.5
442.05
472.55
505.65
543.7
573.75
611
642.15
671.85
713.6
744.25
776.15
815.95
846.2
881.75
915
944.4
985.4
1016.1
1046.75
1087.8
1118.25
1152.3
1188.5
1218.25
1257.1
1287.9
1318.05
1359.75
1390.35
1422.9
1461.85
1492
1528.4
1560.3
1589.8
1631.35
1662.05
1693.4
1733.8
1764.2
1799
1833.55
1863.05
1903.2
1933.95
1964.2
2005.85
2036.35
2069.6
2107.35
2137.35
2174.85
2205.85
2235.7
2277.45
2308.1
2340.1
2379.75
2410
2445.7
2478.65
2508.05
2549.2
2579.9
2610.7
2651.6
2682.05
2716.25
2752.1
2781.8
2820.95
2851.75
2882.05
2923.75
2954.3
2986.9
3025.8
3055.95
3092.4
3124.25
