0.05
18.25
40.65
63.05
85.45
107.85
130.25
152.65
175.1
197.5
219.9
242.3
264.7
287.1
309.5
331.9
354.3
376.7
399.15
421.55
443.95
466.35
488.75
511.15
533.55
555.95
578.35
600.75
623.2
645.6
668
690.4
712.8
735.2
757.6
780
802.4
824.8
847.25
869.65
892.05
914.45
936.85
959.25
981.65
1004.05
1026.45
1048.85
1071.3
1093.7
1116.1
1138.5
1160.9
1183.3
1205.7
1228.1
1250.5
1272.9
1295.35
1317.75
1340.15
1362.55
1384.95
1407.35
1429.75
1452.15
1474.55
1496.95
1519.4
1541.8
1564.2
1586.6
1609
1631.4
1653.8
1676.2
1698.6
1721
1743.45
1765.85
1788.25
1810.65
1833.05
1855.45
1877.85
1900.25
1922.65
1945.05
1967.5
1989.9
2012.3
2034.7
2057.1
2079.5
2101.9
2124.3
2146.7
2169.1
2191.55
2213.95
2236.35
2258.75
2281.15
2303.55
2325.95
2348.35
2370.75
2393.2
2415.6
2438
2460.4
2482.8
2505.2
2527.6
2550
2572.4
2594.8
2617.25
2639.65
2662.05
2684.45
2706.85
2729.25
2751.65
2774.05
2796.45
2818.85
2841.3
2863.7
2886.1
2908.5
2930.9
2953.3
2975.7
2998.1
3020.5
3042.9
3065.35
3087.75
3110.15
3132.55
3154.95
3177.35
3199.75
3222.15
3244.55
3266.95
3289.4
3311.8
3334.2
3356.6
3379
3401.4
3423.8
3446.2
3468.6
3491
3513.45
3535.85
3558.25
3580.65
3603.05
3625.45
3647.85
3670.25
3692.65
3715.05
3737.5
3759.9
3782.3
3804.7
3827.1
3849.5
3871.9
3894.3
3916.7
3939.1
3961.55
3983.95
4006.35
4028.75
4051.15
4073.55
4095.95
4118.35
4140.75
4163.15
4185.6
4208
4230.4
4252.8
4275.2
4297.6
4320
4342.4
4364.8
4387.2
4409.65
4432.05
4454.45
4476.85
4499.25
4521.65
4544.05
4566.45
4588.85
4611.25
4633.7
4656.1
4678.5
4700.9
4723.3
4745.7
4768.1
4790.5
4812.9
4835.3
4857.75
4880.15
4902.55
4924.95
4947.35
4969.75
4992.15
-1000
0.05
26
49.65
71.3
93.25
115.35
137.6
159.9
182.25
204.6
226.9
249.35
271.75
294.15
316.55
338.95
361.4
383.8
406.2
428.55
450.9
473.35
495.8
518.2
540.6
563
585.4
607.85
630.25
652.6
674.95
697.4
719.85
742.25
764.65
787.05
809.45
831.9
854.3
876.65
899
921.45
943.9
966.3
988.7
1011.1
1033.5
1055.95
1078.35
1100.7
1123.05
1145.5
1167.95
1190.35
1212.75
1235.15
1257.55
1280
1302.4
1324.75
1347.1
1369.55
1392
1414.4
1436.8
1459.2
1481.6
1504.05
1526.45
1548.8
1571.15
1593.6
1616.05
1638.45
1660.85
1683.25
1705.65
1728.1
1750.5
1772.85
1795.2
1817.65
1840.1
1862.5
1884.9
1907.3
1929.7
1952.15
1974.55
1996.9
2019.3
2041.75
2064.15
2086.55
2108.95
2131.4
2153.8
2176.2
2198.6
2220.95
2243.35
2265.8
2288.2
2310.6
2333
2355.45
2377.85
2400.25
2422.65
2445
2467.4
2489.85
2512.25
2534.65
2557.05
2579.5
2601.9
2624.3
2646.7
2669.05
2691.45
2713.9
2736.3
2758.7
2781.1
2803.55
2825.95
2848.35
2870.7
2893.05
2915.5
2937.95
2960.35
2982.75
3005.15
3027.55
3050
3072.4
3094.75
3117.1
3139.55
3162
3184.4
3206.8
3229.2
3251.6
3274.05
3296.45
3318.8
3341.15
3363.6
3386.05
3408.45
3430.85
3453.25
3475.65
3498.1
3520.5
3542.85
3565.2
3587.65
3610.1
3632.5
3654.9
3677.3
3699.7
3722.15
3744.55
3766.9
3789.25
3811.7
3834.15
3856.55
3878.95
3901.35
3923.75
3946.2
3968.6
3990.95
4013.3
4035.75
4058.2
4080.6
4103
4125.4
4147.8
4170.25
4192.65
4215
4237.35
4259.8
4282.25
4304.65
4327.05
4349.45
4371.85
4394.3
4416.7
4439.05
4461.4
4483.85
4506.3
4528.7
4551.1
4573.5
4595.9
4618.35
4640.75
4663.1
4685.45
4707.9
4730.35
4752.75
4775.15
4797.55
4819.95
4842.4
4864.8
4887.15
4909.55
4932
4954.4
4976.8
4999.2
