0.05
17.75
39.6
61.5
83.35
105.2
127.1
148.95
170.8
192.65
214.55
236.4
258.25
280.1
302
323.85
345.7
367.6
389.45
411.3
433.15
455.05
476.9
498.75
520.6
542.5
564.35
586.2
608.1
629.95
651.8
673.65
695.55
717.4
739.25
761.1
783
804.85
826.7
848.6
870.45
892.3
914.15
936.05
957.9
979.75
1001.6
1023.5
1045.35
1067.2
1089.1
1110.95
1132.8
1154.65
1176.55
1198.4
1220.25
1242.1
1264
1285.85
1307.7
1329.6
1351.45
1373.3
1395.15
1417.05
1438.9
1460.75
1482.6
1504.5
1526.35
1548.2
1570.1
1591.95
1613.8
1635.65
1657.55
1679.4
1701.25
1723.1
1745
1766.85
1788.7
1810.6
1832.45
1854.3
1876.15
1898.05
1919.9
1941.75
1963.6
1985.5
2007.35
2029.2
2051.1
2072.95
2094.8
2116.65
2138.55
2160.4
2182.25
2204.15
2226
2247.85
2269.7
2291.6
2313.45
2335.3
2357.15
2379.05
2400.9
2422.75
2444.65
2466.5
2488.35
2510.2
2532.1
2553.95
2575.8
2597.65
2619.55
2641.4
2663.25
2685.15
2707
-1000
0.05
36.8
77.75
119.2
160.3
199.6
237.35
277.5
318.4
359.85
401
440.4
478.1
518.15
559
600.45
641.6
681.15
718.85
758.8
799.6
841.05
882.25
921.9
959.5
999.4
1040.2
1081.6
1122.85
1162.55
1200.2
1240
1280.75
1322.15
1363.4
1403.2
1440.85
1480.6
1521.3
1562.75
1604
1643.85
1681.5
1721.15
1761.9
1803.3
1844.55
1884.5
1922.15
1961.75
2002.45
2043.85
2085.15
2125.1
2162.75
2202.35
2243
2284.4
2325.7
2365.75
2403.4
2442.9
2483.55
2524.95
2566.25
2606.35
2644.05
2683.5
2724.15
2765.5
2806.85
2847
2884.6
2924
2964.65
3006
3047.35
3087.5
3125.1
3164.55
3205.15
3246.55
3287.85
3328.05
3365.65
3405.05
3445.7
3487.05
3528.4
3568.55
3606.2
3645.6
3686.2
3727.6
3768.9
3809.1
3846.75
3886.15
3926.75
3968.1
4009.45
4049.65
4087.35
4126.65
4167.25
4208.65
4250
4290.25
4327.9
4367.2
4407.8
4449.15
4490.5
4530.8
4568.5
4607.75
4648.35
4689.7
4731.05
4771.35
4809.1
4848.35
4888.9
4930.25
4971.65
