0.05
18.25
40.65
63.05
85.45
107.85
130.25
152.65
175.1
197.5
219.9
242.3
264.7
287.1
309.5
331.9
354.3
376.7
399.15
421.55
443.95
466.35
488.75
511.15
533.55
555.95
578.35
600.75
623.2
645.6
668
690.4
712.8
735.2
757.6
780
802.4
824.8
847.25
869.65
892.05
914.45
936.85
959.25
981.65
1004.05
1026.45
1048.85
1071.3
1093.7
1116.1
1138.5
1160.9
1183.3
1205.7
1228.1
1250.5
1272.9
1295.35
1317.75
1340.15
1362.55
1384.95
1407.35
1429.75
1452.15
1474.55
1496.95
1519.4
1541.8
1564.2
1586.6
1609
1631.4
1653.8
1676.2
1698.6
1721
1743.45
1765.85
1788.25
1810.65
1833.05
1855.45
1877.85
1900.25
1922.65
1945.05
1967.5
1989.9
2012.3
2034.7
2057.1
2079.5
2101.9
2124.3
2146.7
2169.1
2191.55
2213.95
2236.35
2258.75
2281.15
2303.55
2325.95
2348.35
2370.75
2393.2
2415.6
2438
2460.4
2482.8
2505.2
2527.6
2550
2572.4
2594.8
2617.25
2639.65
2662.05
2684.45
2706.85
2729.25
2751.65
2774.05
2796.45
2818.85
2841.3
2863.7
2886.1
2908.5
2930.9
2953.3
2975.7
2998.1
3020.5
3042.9
3065.35
3087.75
3110.15
3132.55
3154.95
3177.35
3199.75
3222.15
3244.55
3266.95
3289.4
3311.8
3334.2
3356.6
3379
3401.4
3423.8
3446.2
3468.6
3491
3513.45
3535.85
3558.25
3580.65
3603.05
3625.45
3647.85
3670.25
3692.65
3715.05
3737.5
3759.9
3782.3
3804.7
3827.1
3849.5
3871.9
3894.3
3916.7
3939.1
3961.55
3983.95
4006.35
4028.75
4051.15
4073.55
4095.95
4118.35
4140.75
4163.15
4185.6
4208
4230.4
4252.8
4275.2
4297.6
4320
4342.4
4364.8
4387.2
4409.65
4432.05
4454.45
4476.85
4499.25
4521.65
4544.05
4566.45
4588.85
4611.25
4633.7
4656.1
4678.5
4700.9
4723.3
4745.7
4768.1
4790.5
4812.9
4835.3
4857.75
4880.15
4902.55
4924.95
4947.35
4969.75
4992.15
-1000
0.05
26
44.85
63.45
83.6
104.75
126.4
148.4
170.55
192.75
215.05
237.4
259.8
282.2
304.6
327
349.4
371.8
394.2
416.55
438.9
461.35
483.8
506.2
528.6
551
573.4
595.85
618.25
640.6
662.95
685.4
707.85
730.25
752.65
775.05
797.45
819.9
842.3
864.65
887
909.45
931.9
954.3
976.7
999.1
1021.5
1043.95
1066.35
1088.7
1111.05
1133.5
1155.95
1178.35
1200.75
1223.15
1245.55
1268
1290.4
1312.75
1335.1
1357.55
1380
1402.4
1424.8
1447.2
1469.6
1492.05
1514.45
1536.8
1559.15
1581.6
1604.05
1626.45
1648.85
1671.25
1693.65
1716.1
1738.5
1760.85
1783.2
1805.65
1828.1
1850.5
1872.9
1895.3
1917.7
1940.15
1962.55
1984.9
2007.3
2029.75
2052.15
2074.55
2096.95
2119.4
2141.8
2164.2
2186.6
2208.95
2231.35
2253.8
2276.2
2298.6
2321
2343.45
2365.85
2388.25
2410.65
2433
2455.4
2477.85
2500.25
2522.65
2545.05
2567.5
2589.9
2612.3
2634.7
2657.05
2679.45
2701.9
2724.3
2746.7
2769.1
2791.55
2813.95
2836.35
2858.7
2881.05
2903.5
2925.95
2948.35
2970.75
2993.15
3015.55
3038
3060.4
3082.75
3105.1
3127.55
3150
3172.4
3194.8
3217.2
3239.6
3262.05
3284.45
3306.8
3329.15
3351.6
3374.05
3396.45
3418.85
3441.25
3463.65
3486.1
3508.5
3530.85
3553.2
3575.65
3598.1
3620.5
3642.9
3665.3
3687.7
3710.15
3732.55
3754.9
3777.25
3799.7
3822.15
3844.55
3866.95
3889.35
3911.75
3934.2
3956.6
3978.95
4001.3
4023.75
4046.2
4068.6
4091
4113.4
4135.8
4158.25
4180.65
4203
4225.35
4247.8
4270.25
4292.65
4315.05
4337.45
4359.85
4382.3
4404.7
4427.05
4449.4
4471.85
4494.3
4516.7
4539.1
4561.5
4583.9
4606.35
4628.75
4651.1
4673.45
4695.9
4718.35
4740.75
4763.15
4785.55
4807.95
4830.4
4852.8
4875.15
4897.55
4920
4942.4
4964.8
4987.2
