0.05
20.35
45.1
69.85
94.65
119.4
144.15
168.95
193.7
218.45
243.2
268
292.75
317.5
342.3
367.05
391.8
416.55
441.35
466.1
490.85
515.6
540.4
565.15
589.9
614.7
639.45
664.2
688.95
713.75
738.5
763.25
788.05
812.8
837.55
862.3
887.1
911.85
936.6
961.35
986.15
1010.9
1035.65
1060.45
1085.2
1109.95
1134.7
1159.5
1184.25
1209
1233.8
1258.55
1283.3
1308.05
1332.85
1357.6
1382.35
1407.1
1431.9
1456.65
1481.4
1506.2
1530.95
1555.7
1580.45
1605.25
1630
1654.75
1679.55
1704.3
1729.05
1753.8
1778.6
1803.35
1828.1
1852.9
1877.65
1902.4
1927.15
1951.95
1976.7
2001.45
2026.2
2051
2075.75
2100.5
2125.3
2150.05
2174.8
2199.55
2224.35
2249.1
2273.85
2298.65
2323.4
2348.15
2372.9
2397.7
2422.45
2447.2
2471.95
2496.75
2521.5
2546.25
2571.05
2595.8
2620.55
2645.3
2670.1
2694.85
2719.6
2744.4
2769.15
2793.9
2818.65
2843.45
2868.2
2892.95
2917.7
2942.5
2967.25
2992
3016.8
3041.55
3066.3
3091.05
3115.85
3140.6
3165.35
3190.15
3214.9
3239.65
3264.4
3289.2
3313.95
3338.7
3363.45
3388.25
3413
3437.75
3462.55
3487.3
3512.05
3536.8
3561.6
3586.35
3611.1
3635.9
3660.65
3685.4
3710.15
3734.95
3759.7
3784.45
3809.25
3834
3858.75
3883.5
3908.3
3933.05
3957.8
3982.55
4007.35
4032.1
4056.85
4081.65
4106.4
4131.15
4155.9
4180.7
4205.45
4230.2
4255
4279.75
4304.5
4329.25
4354.05
4378.8
4403.55
4428.3
4453.1
4477.85
4502.6
4527.4
4552.15
4576.9
4601.65
4626.45
4651.2
4675.95
4700.75
4725.5
4750.25
4775
4799.8
4824.55
4849.3
4874.05
4898.85
4923.6
4948.35
4973.15
4997.9
-1000
0.05
26
45.1
66.55
89.55
113.25
137.2
161.35
185.55
209.65
233.65
257.25
279.7
299.85
318.15
339.3
362.1
385.7
409.7
433.8
458
482.1
506.15
529.8
552.4
572.8
590.95
611.9
634.6
658.2
682.15
706.25
730.45
754.6
778.65
802.4
825.2
845.95
863.95
884.6
907.2
930.7
954.6
978.7
1002.9
1027.1
1051.15
1074.95
1097.9
1118.9
1137
1157.35
1179.85
1203.25
1227.15
1251.2
1275.35
1299.55
1323.6
1347.45
1370.55
1391.8
1410.35
1430.25
1452.5
1475.85
1499.65
1523.7
1547.85
1572.05
1596.15
1620.05
1643.3
1664.85
1683.75
1703.15
1725.15
1748.4
1772.15
1796.25
1820.4
1844.55
1868.7
1892.65
1916.15
1938.1
1957.7
1976.45
1998
2021.05
2044.75
2068.75
2092.9
2117.1
2141.25
2165.2
2188.8
2211.1
2231.1
2249.55
2270.8
2293.7
2317.3
2341.25
2365.35
2389.55
2413.7
2437.7
2461.35
2483.85
2504.15
2522.4
2543.4
2566.2
2589.75
2613.7
2637.8
2662
2686.2
2710.2
2733.95
2756.7
2777.35
2795.35
2816.15
2838.75
2862.25
2886.2
2910.3
2934.45
2958.65
2982.7
3006.5
3029.45
3050.35
3068.4
3088.85
3111.35
3134.85
3158.7
3182.8
3206.95
3231.1
3255.2
3279
3302.05
3323.25
3341.6
3361.7
3384
3407.35
3431.2
3455.3
3479.45
3503.6
3527.7
3551.55
3574.8
3596.25
3615.1
3634.7
3656.65
3679.9
3703.7
3727.75
3751.95
3776.1
3800.25
3824.2
3847.65
3869.5
3888.9
3907.85
3929.5
3952.55
3976.3
4000.3
4024.45
4048.65
4072.8
4096.8
4120.3
4142.5
4162.4
4180.95
4202.3
4225.2
4248.85
4272.8
4296.9
4321.1
4345.25
4369.3
4392.85
4415.3
4435.5
4453.8
4474.95
4497.75
4521.35
4545.3
4569.4
4593.55
