0.05
19.6
43.5
67.4
91.3
115.25
139.15
163.05
187
210.9
234.8
258.7
282.65
306.55
330.45
354.35
378.3
402.2
426.1
450
473.95
497.85
521.75
545.65
569.6
593.5
617.4
641.3
665.25
689.15
713.05
737
760.9
784.8
808.7
832.65
856.55
880.45
904.35
928.3
952.2
976.1
1000
1023.95
1047.85
1071.75
1095.65
1119.6
1143.5
1167.4
1191.3
1215.25
1239.15
1263.05
1287
1310.9
1334.8
1358.7
1382.65
1406.55
1430.45
1454.35
1478.3
1502.2
1526.1
1550
1573.95
1597.85
1621.75
1645.65
1669.6
1693.5
1717.4
1741.35
1765.25
1789.15
1813.05
1837
1860.9
1884.8
1908.7
1932.65
1956.55
1980.45
2004.35
2028.3
2052.2
2076.1
2100
2123.95
2147.85
2171.75
2195.65
2219.6
2243.5
2267.4
2291.35
2315.25
2339.15
2363.05
2387
2410.9
2434.8
2458.7
2482.65
2506.55
2530.45
2554.35
2578.3
2602.2
2626.1
2650
2673.95
2697.85
2721.75
2745.65
2769.6
2793.5
2817.4
2841.35
2865.25
2889.15
2913.05
2937
2960.9
2984.8
3008.7
3032.65
3056.55
3080.45
3104.35
3128.3
3152.2
3176.1
3200
3223.95
3247.85
3271.75
3295.65
3319.6
3343.5
3367.4
3391.35
3415.25
3439.15
3463.05
3487
3510.9
3534.8
3558.7
3582.65
3606.55
3630.45
3654.35
3678.3
3702.2
3726.1
3750
3773.95
3797.85
3821.75
3845.7
3869.6
3893.5
3917.4
3941.35
3965.25
3989.15
4013.05
4037
4060.9
4084.8
4108.7
4132.65
4156.55
4180.45
4204.35
4228.3
4252.2
4276.1
4300
4323.95
4347.85
4371.75
4395.7
4419.6
4443.5
4467.4
4491.35
4515.25
4539.15
4563.05
4587
4610.9
4634.8
4658.7
4682.65
4706.55
4730.45
4754.35
4778.3
4802.2
4826.1
4850
4873.95
4897.85
4921.75
4945.7
4969.6
4993.5
-1000
0.05
26
48
70.1
92.9
116.15
139.65
163.25
186.9
210.6
234.3
258.1
281.9
305.7
329.5
353.3
377.15
400.95
424.75
448.6
472.4
496.25
520
543.8
567.6
591.35
615.05
638.7
662.3
685.7
708.65
730.55
750.5
768.6
789.15
811.3
834.2
857.4
880.9
904.5
928.15
951.85
975.6
999.4
1023.15
1046.95
1070.75
1094.6
1118.4
1142.25
1166.1
1189.9
1213.75
1237.6
1261.4
1285.2
1309
1332.75
1356.45
1380.15
1403.8
1427.2
1450.4
1472.8
1493.65
1511.95
1531.6
1553.2
1575.85
1599
1622.4
1645.95
1669.55
1693.3
1717.05
1740.8
1764.55
1788.4
1812.2
1836
1859.85
1883.65
1907.45
1931.3
1955.1
1978.9
2002.75
2026.55
2050.35
2074.1
2097.8
2121.55
2145.2
2168.7
2192
2214.8
2236.25
2255.6
2274.25
2295.25
2317.55
2340.5
2363.85
2387.35
2410.95
2434.6
2458.35
2482.1
2505.9
2529.65
2553.45
2577.3
2601.1
2624.9
2648.75
2672.55
2696.4
2720.25
2744.05
2767.85
2791.65
2815.45
2839.2
2862.95
2886.6
2910.15
2933.55
2956.6
2978.5
2998.6
3016.7
3037.15
3059.15
3082.05
3105.3
3128.75
3152.3
3176
3199.7
3223.45
3247.25
3271.05
3294.85
3318.65
3342.5
3366.3
3390.15
3413.95
3437.75
3461.6
3485.4
3509.25
3533
3556.8
3580.55
3604.3
3627.95
3651.55
3675.05
3698.25
3720.65
3741.5
3759.9
3779.5
3801.1
3823.7
3846.85
3870.2
3893.8
3917.4
3941.1
3964.85
3988.6
4012.35
4036.15
4060
4083.8
4107.6
4131.45
4155.25
4179.05
4202.9
4226.7
4250.55
4274.35
4298.15
4321.9
4345.65
4369.35
4393
4416.55
4439.8
4462.55
4483.85
4503.05
4521.75
4542.9
4565.3
4588.3
4611.65
4635.15
4658.75
4682.45
4706.15
4729.9
4753.7
4777.5
4801.3
4825.15
4848.95
