0.05
17.1
38.2
59.3
80.4
101.5
122.65
143.75
164.85
185.95
207.05
228.15
249.3
270.4
291.5
312.6
333.7
354.8
375.95
397.05
418.15
439.25
460.35
481.45
502.6
523.7
544.8
565.9
587
608.1
629.25
650.35
671.45
692.55
713.65
734.75
755.9
777
798.1
819.2
840.3
861.4
882.5
903.65
924.75
945.85
966.95
988.05
1009.15
1030.3
1051.4
1072.5
1093.6
1114.7
1135.8
1156.95
1178.05
1199.15
1220.25
1241.35
1262.45
1283.6
1304.7
1325.8
1346.9
1368
1389.1
1410.25
1431.35
1452.45
1473.55
1494.65
1515.75
1536.9
1558
1579.1
1600.2
1621.3
1642.4
1663.5
1684.65
1705.75
1726.85
1747.95
1769.05
1790.15
1811.3
1832.4
1853.5
1874.6
1895.7
1916.8
1937.95
1959.05
1980.15
2001.25
2022.35
2043.45
2064.6
2085.7
2106.8
2127.9
2149
2170.1
2191.25
2212.35
2233.45
2254.55
2275.65
2296.75
2317.9
2339
2360.1
2381.2
2402.3
2423.4
2444.5
2465.65
2486.75
2507.85
2528.95
2550.05
2571.15
2592.3
2613.4
2634.5
2655.6
2676.7
2697.8
2718.95
2740.05
2761.15
2782.25
2803.35
2824.45
2845.6
2866.7
2887.8
2908.9
2930
2951.1
2972.25
2993.35
3014.45
3035.55
3056.65
3077.75
3098.9
3120
3141.1
3162.2
3183.3
3204.4
3225.5
3246.65
3267.75
3288.85
3309.95
3331.05
3352.15
3373.3
3394.4
3415.5
3436.6
3457.7
3478.8
3499.95
3521.05
3542.15
3563.25
3584.35
3605.45
3626.6
3647.7
3668.8
3689.9
3711
3732.1
3753.25
3774.35
3795.45
3816.55
3837.65
3858.75
3879.9
3901
3922.1
3943.2
3964.3
3985.4
4006.5
4027.65
4048.75
4069.85
4090.95
4112.05
4133.15
4154.3
4175.4
4196.5
4217.6
4238.7
4259.8
4280.95
4302.05
4323.15
4344.25
4365.35
4386.45
4407.6
4428.7
4449.8
4470.9
4492
4513.1
4534.25
4555.35
4576.45
4597.55
4618.65
4639.75
4660.9
4682
4703.1
4724.2
4745.3
4766.4
4787.5
4808.65
4829.75
4850.85
4871.95
4893.05
4914.15
4935.3
4956.4
4977.5
-1000
0.05
26
48.9
69.65
90.55
111.5
132.55
153.55
174.65
195.75
216.85
237.95
259.05
280.15
301.25
322.4
343.5
364.6
385.7
406.75
427.9
449.05
470.15
491.25
512.35
533.4
554.55
575.7
596.8
617.9
639
660.05
681.15
702.3
723.4
744.55
765.65
786.75
807.8
828.95
850.1
871.2
892.3
913.4
934.45
955.6
976.75
997.85
1018.95
1040.05
1061.1
1082.25
1103.4
1124.5
1145.6
1166.7
1187.75
1208.9
1230.05
1251.15
1272.25
1293.35
1314.4
1335.55
1356.7
1377.8
1398.9
1420
1441.05
1462.15
1483.3
1504.4
1525.55
1546.65
1567.75
1588.8
1609.95
1631.1
1652.2
1673.3
1694.4
1715.45
1736.6
1757.75
1778.85
1799.95
1821.05
1842.1
1863.25
1884.4
1905.5
1926.6
1947.7
1968.75
1989.9
2011.05
2032.15
2053.25
2074.35
2095.4
2116.55
2137.7
2158.8
2179.9
2201
2222.05
2243.15
2264.3
2285.4
2306.55
2327.65
2348.75
2369.8
2390.95
2412.1
2433.2
2454.3
2475.4
2496.45
2517.6
2538.75
2559.85
2580.95
2602.05
2623.1
2644.25
2665.4
2686.5
2707.6
2728.7
2749.75
2770.9
2792.05
2813.15
2834.25
2855.35
2876.4
2897.55
2918.7
2939.8
2960.9
2982
3003.05
3024.15
3045.3
3066.4
3087.55
3108.65
3129.75
3150.8
3171.95
3193.1
3214.2
3235.3
3256.4
3277.45
3298.6
3319.75
3340.85
3361.95
3383.05
3404.1
3425.25
3446.4
3467.5
3488.6
3509.7
3530.75
3551.9
3573.05
3594.15
3615.25
3636.35
3657.4
3678.55
3699.7
3720.8
3741.9
3763
3784.05
3805.15
3826.3
3847.4
3868.55
3889.65
3910.75
3931.8
3952.95
3974.1
3995.2
4016.3
4037.4
4058.45
4079.6
4100.75
4121.85
4142.95
4164.05
4185.1
4206.25
4227.4
4248.5
4269.6
4290.7
4311.75
4332.9
4354.05
4375.15
4396.25
4417.35
4438.4
4459.55
4480.7
4501.8
4522.9
4544
4565.05
4586.15
4607.3
4628.4
4649.55
4670.65
4691.75
4712.8
4733.95
4755.1
4776.2
4797.3
4818.4
4839.45
4860.6
4881.75
4902.85
4923.95
4945.05
4966.1
4987.25
