0.05
16.1
36.05
56.05
76.05
96
116
135.95
155.95
175.95
195.9
215.9
235.85
255.85
275.85
295.8
315.8
335.75
355.75
375.7
395.7
415.7
435.65
455.65
475.6
495.6
515.6
535.55
555.55
575.5
595.5
615.5
635.45
655.45
675.4
695.4
715.35
735.35
755.35
775.3
795.3
815.25
835.25
855.25
875.2
895.2
915.15
935.15
955.15
975.1
995.1
1015.05
1035.05
1055
1075
1095
1114.95
1134.95
1154.9
1174.9
1194.9
1214.85
1234.85
1254.8
1274.8
1294.8
1314.75
1334.75
1354.7
1374.7
1394.65
1414.65
1434.65
1454.6
1474.6
1494.55
1514.55
1534.55
1554.5
1574.5
1594.45
1614.45
1634.45
1654.4
1674.4
1694.35
1714.35
1734.3
1754.3
1774.3
1794.25
1814.25
1834.2
1854.2
1874.2
1894.15
1914.15
1934.1
1954.1
1974.1
1994.05
2014.05
2034
2054
2073.95
2093.95
2113.95
2133.9
2153.9
2173.85
2193.85
2213.85
2233.8
2253.8
2273.75
2293.75
2313.75
2333.7
2353.7
2373.65
2393.65
2413.6
2433.6
2453.6
2473.55
2493.55
2513.5
2533.5
2553.5
2573.45
2593.45
2613.4
2633.4
2653.35
2673.35
2693.35
2713.3
2733.3
2753.25
2773.25
2793.25
2813.2
2833.2
2853.15
2873.15
2893.15
2913.1
2933.1
2953.05
2973.05
2993
3013
3033
3052.95
3072.95
3092.9
3112.9
3132.9
3152.85
3172.85
3192.8
3212.8
3232.8
3252.75
3272.75
3292.7
3312.7
3332.65
3352.65
3372.65
3392.6
3412.6
3432.55
3452.55
3472.55
3492.5
3512.5
3532.45
3552.45
3572.45
3592.4
3612.4
3632.35
3652.35
3672.3
3692.3
3712.3
3732.25
3752.25
3772.2
3792.2
3812.2
3832.15
3852.15
3872.1
3892.1
3912.1
3932.05
3952.05
3972
3992
4011.95
4031.95
4051.95
4071.9
4091.9
4111.85
4131.85
4151.85
4171.8
4191.8
4211.75
4231.75
4251.75
4271.7
4291.7
4311.65
4331.65
4351.6
4371.6
4391.6
4411.55
4431.55
4451.5
4471.5
4491.5
4511.45
4531.45
4551.4
4571.4
4591.4
4611.35
4631.35
4651.3
4671.3
4691.25
4711.25
4731.25
4751.2
4771.2
4791.15
4811.15
4831.15
4851.1
4871.1
4891.05
4911.05
4931.05
4951
4971
4990.95
-1000
0.05
26
44.9
62.9
81.2
99.95
119.25
138.8
158.55
178.4
198.2
218.15
238.1
258.05
278.05
297.95
317.95
337.95
357.95
377.95
397.9
417.9
437.8
457.8
477.8
497.8
517.8
537.7
557.7
577.7
597.7
617.7
637.6
657.6
677.55
697.55
717.55
737.55
757.55
777.45
797.45
817.45
837.45
857.45
877.35
897.35
917.35
937.35
957.35
977.25
997.25
1017.2
1037.2
1057.2
1077.2
1097.2
1117.1
1137.1
1157.1
1177.1
1197.1
1217
1237
1257
1277
1297
1316.9
1336.9
1356.85
1376.85
1396.85
1416.85
1436.85
1456.75
1476.75
1496.75
1516.75
1536.75
1556.65
1576.65
1596.65
1616.65
1636.65
1656.55
1676.55
1696.5
1716.5
1736.5
1756.5
1776.5
1796.4
1816.4
1836.4
1856.4
1876.4
1896.3
1916.3
1936.3
1956.3
1976.3
1996.25
2016.25
2036.15
2056.15
2076.15
2096.15
2116.15
2136.05
2156.05
2176.05
2196.05
2216.05
2235.95
2255.95
2275.95
2295.95
2315.95
2335.9
2355.9
2375.8
2395.8
2415.8
2435.8
2455.8
2475.7
2495.7
2515.7
2535.7
2555.7
2575.6
2595.6
2615.6
2635.6
2655.6
2675.55
2695.55
2715.45
2735.45
2755.45
2775.45
2795.45
2815.35
2835.35
2855.35
2875.35
2895.35
2915.25
2935.25
2955.25
2975.25
2995.25
3015.2
3035.2
3055.1
3075.1
3095.1
3115.1
3135.1
3155
3175
3195
3215
3235
3254.9
3274.9
3294.9
3314.9
3334.9
3354.85
3374.85
3394.75
3414.75
3434.75
3454.75
3474.75
3494.65
3514.65
3534.65
3554.65
3574.65
3594.55
3614.55
3634.5
3654.5
3674.5
3694.5
3714.5
3734.4
3754.4
3774.4
3794.4
3814.4
3834.3
3854.3
3874.3
3894.3
3914.3
3934.2
3954.2
3974.15
3994.15
4014.15
4034.15
4054.15
4074.05
4094.05
4114.05
4134.05
4154.05
4173.95
4193.95
4213.95
4233.95
4253.95
4273.85
4293.85
4313.8
4333.8
4353.8
4373.8
4393.8
4413.7
4433.7
4453.7
4473.7
4493.7
4513.6
4533.6
4553.6
4573.6
4593.6
4613.5
4633.5
4653.45
4673.45
4693.45
4713.45
4733.45
4753.35
4773.35
4793.35
4813.35
4833.35
4853.25
4873.25
4893.25
4913.25
4933.25
4953.2
4973.2
4993.1
