0.05
26
57.05
88.1
119.15
150.15
181.2
212.25
243.3
274.3
305.35
336.4
367.45
398.45
429.5
460.55
491.6
522.65
553.65
584.7
615.75
646.8
677.8
708.85
739.9
770.95
801.95
833
864.05
895.1
926.1
957.15
988.2
1019.25
1050.25
1081.3
1112.35
1143.4
1174.4
1205.45
1236.5
1267.55
1298.55
1329.6
1360.65
1391.7
1422.7
1453.75
1484.8
1515.85
1546.9
1577.9
1608.95
1640
1671.05
1702.05
1733.1
1764.15
1795.2
1826.2
1857.25
1888.3
1919.35
1950.35
1981.4
2012.45
2043.5
2074.5
2105.55
2136.6
2167.65
2198.65
2229.7
2260.75
2291.8
2322.8
2353.85
2384.9
2415.95
2447
2478
2509.05
2540.1
2571.15
2602.15
2633.2
2664.25
2695.3
2726.3
2757.35
2788.4
2819.45
2850.45
2881.5
2912.55
2943.6
2974.6
3005.65
3036.7
3067.75
3098.75
3129.8
3160.85
3191.9
3222.9
3253.95
3285
3316.05
3347.05
3378.1
3409.15
3440.2
3471.25
3502.25
3533.3
3564.35
3595.4
3626.4
3657.45
3688.5
3719.55
3750.55
3781.6
3812.65
3843.7
3874.7
3905.75
3936.8
3967.85
3998.85
4029.9
4060.95
4092
4123
4154.05
4185.1
4216.15
4247.15
4278.2
4309.25
4340.3
4371.35
4402.35
4433.4
4464.45
4495.5
4526.5
4557.55
4588.6
4619.65
4650.65
4681.7
4712.75
4743.8
4774.8
4805.85
4836.9
4867.95
4898.95
4930
4961.05
4992.1
-1000
0.05
26
53.25
79.65
102.3
121.05
146.2
172.5
194.95
213.9
239.15
265.4
287.65
306.8
332.15
358.3
380.4
399.75
425.15
451.3
473.25
492.7
518.2
544.25
566.15
585.7
611.25
637.25
659
678.6
704.2
730.15
751.7
771.6
797.25
823.05
844.45
864.5
890.3
916.1
937.35
957.5
983.3
1009.05
1030.25
1050.55
1076.35
1102.05
1123.15
1143.55
1169.45
1195.1
1216.1
1236.55
1262.5
1288.1
1309
1329.55
1355.55
1381.05
1401.85
1422.55
1448.55
1474.05
1494.7
1515.55
1541.6
1567
1587.45
1608.5
1634.6
1659.85
1680.15
1701.35
1727.55
1752.6
1772.6
1794.25
1820.5
1845.3
1865
1887
1913.4
1938
1957.35
1979.8
2006.25
2030.65
2049.65
2072.55
2099.05
2123.25
2142.05
2165.35
2191.9
2215.9
2234.2
2258
2284.55
2308.25
2326.25
2350.6
2377.15
2400.4
2418.65
2443.4
2469.8
2492.75
2511.25
2536.25
2562.6
2585.2
2603.95
2629.1
2655.4
2677.7
2696.8
2722.05
2748.2
2770.3
2789.6
2815.05
2841.2
2863.05
2882.55
2908.05
2934.15
2955.9
2975.55
3001.1
3027.1
3048.8
3068.55
3094.2
3120.15
3141.75
3161.55
3187.25
3213.15
3234.65
3254.55
3280.3
3306.15
3327.55
3347.6
3373.35
3399.15
3420.5
3440.6
3466.4
3492.2
3513.4
3533.6
3559.45
3585.15
3606.3
3626.55
3652.45
3678.05
3698.95
3719.55
3745.45
