0.05
25.45
55.9
86.35
116.8
147.25
177.7
208.1
238.55
269
299.45
329.9
360.35
390.75
421.2
451.65
482.1
512.55
543
573.4
603.85
634.3
664.75
695.2
725.6
756.05
786.5
816.95
847.4
877.85
908.25
938.7
969.15
999.6
1030.05
1060.5
1090.9
1121.35
1151.8
1182.25
1212.7
1243.1
1273.55
1304
1334.45
1364.9
1395.35
1425.75
1456.2
1486.65
1517.1
1547.55
1578
1608.4
1638.85
1669.3
1699.75
1730.2
1760.65
1791.05
1821.5
1851.95
1882.4
1912.85
1943.25
1973.7
2004.15
2034.6
2065.05
2095.5
2125.9
2156.35
2186.8
2217.25
2247.7
2278.15
2308.55
2339
2369.45
2399.9
2430.35
2460.75
2491.2
2521.65
2552.1
2582.55
2613
2643.4
2673.85
2704.3
2734.75
2765.2
2795.65
2826.05
2856.5
2886.95
2917.4
2947.85
2978.3
3008.7
3039.15
3069.6
3100.05
3130.5
3160.9
3191.35
3221.8
3252.25
3282.7
3313.15
3343.55
3374
3404.45
3434.9
3465.35
3495.8
3526.2
3556.65
3587.1
3617.55
3648
3678.4
3708.85
3739.3
3769.75
3800.2
3830.65
3861.05
3891.5
3921.95
3952.4
3982.85
4013.3
4043.7
4074.15
4104.6
4135.05
4165.5
4195.95
4226.35
4256.8
4287.25
4317.7
4348.15
4378.55
4409
4439.45
4469.9
4500.35
4530.8
4561.2
4591.65
4622.1
4652.55
4683
4713.45
4743.85
4774.3
4804.75
4835.2
4865.65
4896.05
4926.5
4956.95
4987.4
-1000
0.05
26.05
56
86.05
116.35
146.7
177
207.25
237.5
267.7
298
328.3
358.7
389.1
419.5
449.9
480.35
510.8
541.25
571.65
602.1
632.55
663
693.45
723.9
754.3
784.75
815.2
845.65
876.1
906.5
936.95
967.4
997.85
1028.3
1058.75
1089.15
1119.6
1150.05
1180.5
1210.95
1241.4
1271.8
1302.25
1332.7
1363.15
1393.6
1424
1454.45
1484.9
1515.35
1545.8
1576.25
1606.65
1637.1
1667.55
1698
1728.45
1758.9
1789.3
1819.75
1850.2
1880.65
1911.1
1941.55
1971.95
2002.4
2032.85
2063.3
2093.75
2124.15
2154.6
2185.05
2215.5
2245.95
2276.4
2306.8
2337.25
2367.7
2398.15
2428.6
2459.05
2489.45
2519.9
2550.35
2580.8
2611.25
2641.65
2672.1
2702.55
2733
2763.45
2793.9
2824.3
2854.75
2885.2
2915.65
2946.1
2976.55
3006.95
3037.4
3067.85
3098.3
3128.75
3159.2
3189.6
3220.05
3250.5
3280.95
3311.4
3341.8
3372.25
3402.7
3433.15
3463.6
3494.05
3524.45
3554.9
3585.35
3615.8
3646.25
3676.7
3707.1
3737.55
3768
3798.45
3828.9
3859.3
3889.75
3920.2
3950.65
3981.1
4011.55
4041.95
4072.4
4102.85
4133.3
4163.75
4194.2
4224.6
4255.05
4285.5
4315.95
4346.4
4376.85
4407.25
4437.7
4468.15
4498.6
4529.05
4559.45
4589.9
4620.35
4650.8
4681.25
4711.7
4742.1
4772.55
4803
4833.45
4863.9
4894.35
4924.75
4955.2
4985.65
