0.05
16.2
36.25
56.35
76.45
96.55
116.6
136.7
156.8
176.85
196.95
217.05
237.15
257.2
277.3
297.4
317.45
337.55
357.65
377.75
397.8
417.9
438
458.05
478.15
498.25
518.35
538.4
558.5
578.6
598.65
618.75
638.85
658.95
679
699.1
719.2
739.25
759.35
779.45
799.55
819.6
839.7
859.8
879.85
899.95
920.05
940.15
960.2
980.3
1000.4
1020.45
1040.55
1060.65
1080.75
1100.8
1120.9
1141
1161.05
1181.15
1201.25
1221.35
1241.4
1261.5
1281.6
1301.65
1321.75
1341.85
1361.95
1382
1402.1
1422.2
1442.25
1462.35
1482.45
1502.55
1522.6
1542.7
1562.8
1582.85
1602.95
1623.05
1643.15
1663.2
1683.3
1703.4
1723.45
1743.55
1763.65
1783.75
1803.8
1823.9
1844
1864.05
1884.15
1904.25
1924.35
1944.4
1964.5
1984.6
2004.65
2024.75
2044.85
2064.95
2085
2105.1
2125.2
2145.25
2165.35
2185.45
2205.55
2225.6
2245.7
2265.8
2285.85
2305.95
2326.05
2346.15
2366.2
2386.3
2406.4
2426.45
2446.55
2466.65
2486.75
2506.8
2526.9
2547
2567.05
2587.15
2607.25
2627.35
2647.4
2667.5
2687.6
2707.65
2727.75
2747.85
2767.95
2788
2808.1
2828.2
2848.25
2868.35
2888.45
2908.55
2928.6
2948.7
2968.8
2988.85
3008.95
3029.05
3049.15
3069.2
3089.3
3109.4
3129.45
3149.55
3169.65
3189.75
3209.8
3229.9
3250
3270.05
3290.15
3310.25
3330.35
3350.4
3370.5
3390.6
3410.65
3430.75
3450.85
3470.9
3491
3511.1
3531.2
3551.25
3571.35
3591.45
3611.5
3631.6
3651.7
3671.8
3691.85
3711.95
3732.05
3752.1
3772.2
3792.3
3812.4
3832.45
3852.55
3872.65
3892.7
3912.8
3932.9
3953
3973.05
3993.15
4013.25
4033.3
4053.4
4073.5
4093.6
4113.65
4133.75
4153.85
4173.9
4194
4214.1
4234.2
4254.25
4274.35
4294.45
4314.5
4334.6
4354.7
4374.8
4394.85
4414.95
4435.05
4455.1
4475.2
4495.3
4515.4
4535.45
4555.55
4575.65
4595.7
4615.8
4635.9
4656
4676.05
4696.15
4716.25
4736.3
4756.4
4776.5
4796.6
4816.65
4836.75
4856.85
4876.9
4897
4917.1
4937.2
4957.25
4977.35
-1000
0.05
25.2
47.05
68.4
89.3
109.8
130.2
150.45
170.7
190.8
210.95
231.05
251.1
271.2
291.35
311.45
331.5
351.6
371.7
391.75
411.8
431.95
452.05
472.1
492.2
512.3
532.35
552.4
572.55
592.65
612.7
632.8
652.9
672.95
693
713.15
733.25
753.3
773.4
793.5
813.55
833.6
853.75
873.85
893.9
914
934.1
954.15
974.2
994.35
1014.45
1034.5
1054.6
1074.7
1094.75
1114.8
1134.95
1155.05
1175.1
1195.2
1215.3
1235.35
1255.4
1275.55
1295.65
1315.7
1335.8
1355.9
1375.95
1396
1416.15
1436.25
1456.3
1476.4
1496.5
1516.55
1536.6
1556.75
1576.75
1596.85
1617
1637.1
1657.1
1677.2
1697.35
1717.35
1737.45
1757.6
1777.7
1797.7
1817.8
1837.95
1857.95
1878.05
1898.2
1918.3
1938.3
1958.4
1978.55
1998.55
2018.65
2038.8
2058.9
2078.9
2099
2119.15
2139.15
2159.25
2179.4
2199.5
2219.5
2239.6
2259.75
2279.75
2299.85
2320
2340.1
2360.1
2380.2
2400.35
2420.35
2440.45
2460.6
2480.7
2500.7
2520.8
2540.95
2560.95
2581.05
2601.2
2621.3
2641.3
2661.4
2681.55
2701.55
2721.65
2741.8
2761.9
2781.9
2802
2822.15
2842.15
2862.25
2882.4
2902.5
2922.5
2942.6
2962.75
2982.75
3002.85
3023
3043.1
3063.15
3083.25
3103.35
3123.4
3143.45
3163.6
3183.7
3203.75
3223.85
3243.95
3264
3284.05
3304.2
3324.3
3344.35
3364.45
3384.55
3404.6
3424.65
3444.8
3464.9
3484.95
3505.05
3525.15
3545.2
3565.25
3585.4
3605.5
3625.55
3645.65
3665.75
3685.8
3705.85
3726
3746.1
3766.15
3786.25
3806.35
3826.4
3846.45
3866.6
3886.7
3906.75
3926.85
3946.95
3967
3987.05
4007.2
4027.3
4047.35
4067.45
4087.55
4107.6
4127.65
4147.8
4167.9
4187.95
4208.05
4228.15
4248.2
4268.25
4288.4
4308.5
4328.55
4348.65
4368.75
4388.8
4408.85
4429
4449.1
4469.15
4489.25
4509.35
4529.4
4549.45
4569.6
4589.7
4609.75
4629.85
4649.95
4670
4690.05
4710.2
4730.3
4750.35
4770.45
4790.55
4810.6
4830.65
4850.8
4870.9
4890.95
4911.05
4931.15
4951.2
4971.25
4991.4
