0.05
23.75
52.3
80.85
109.4
137.95
166.5
195.05
223.6
252.15
280.7
309.3
337.85
366.4
394.95
423.5
452.05
480.6
509.15
537.7
566.25
594.8
623.35
651.9
680.45
709
737.55
766.1
794.65
823.2
851.75
880.3
908.85
937.45
966
994.55
1023.1
1051.65
1080.2
1108.75
1137.3
1165.85
1194.4
1222.95
1251.5
1280.05
1308.6
1337.15
1365.7
1394.25
1422.8
1451.35
1479.9
1508.45
1537
1565.55
1594.15
1622.7
1651.25
1679.8
1708.35
1736.9
1765.45
1794
1822.55
1851.1
1879.65
1908.2
1936.75
1965.3
1993.85
2022.4
2050.95
2079.5
2108.05
2136.6
2165.15
2193.7
2222.25
2250.85
2279.4
2307.95
2336.5
2365.05
2393.6
2422.15
2450.7
2479.25
2507.8
2536.35
2564.9
2593.45
2622
2650.55
2679.1
2707.65
2736.2
2764.75
2793.3
2821.85
2850.4
2879
2907.55
2936.1
2964.65
2993.2
3021.75
3050.3
3078.85
3107.4
3135.95
3164.5
3193.05
3221.6
3250.15
3278.7
3307.25
3335.8
3364.35
3392.9
3421.45
3450
3478.55
3507.1
3535.7
3564.25
3592.8
3621.35
3649.9
3678.45
3707
3735.55
3764.1
3792.65
3821.2
3849.75
3878.3
3906.85
3935.4
3963.95
3992.5
4021.05
4049.6
4078.15
4106.7
4135.25
4163.8
4192.4
4220.95
4249.5
4278.05
4306.6
4335.15
4363.7
4392.25
4420.8
4449.35
4477.9
4506.45
4535
4563.55
4592.1
4620.65
4649.2
4677.75
4706.3
4734.85
4763.4
4791.95
4820.55
4849.1
4877.65
4906.2
4934.75
4963.3
4991.85
-1000
0.05
26
45.05
66.4
91.35
117
140.45
159.7
180.85
205.65
231.3
254.95
274.4
295.25
320
345.6
369.25
388.7
409.55
434.25
459.95
483.75
503.5
524.05
548.65
574.3
598.35
618.35
638.55
663
688.7
712.95
733.3
753.15
777.45
803.1
827.55
848.3
867.75
891.85
917.5
942.15
963.2
982.25
1006.15
1031.8
1056.5
1077.65
1096.7
1120.55
1146.15
1171.05
1192.5
1211.25
1234.95
1260.5
1285.5
1307.2
1325.75
1349.3
1374.85
1399.95
1421.8
1440.2
1463.6
1489.15
1514.3
1536.3
1554.6
1577.9
1603.4
1628.55
1650.5
1668.7
1692.1
1717.6
1742.75
1764.8
1783.1
1806.35
1831.85
1857.1
1879.2
1897.45
1920.65
1946.1
1971.35
1993.6
2011.75
2034.9
2060.35
2085.65
2107.9
2126
2149.15
2174.6
2199.9
2222.2
2240.3
2263.35
2288.75
2313.95
2336.1
2354.3
2377.5
2403
2428.25
2450.45
2468.6
2491.75
2517.2
2542.5
2564.8
2582.9
2606
2631.45
2656.75
2679.05
2697.15
2720.2
2745.65
2770.95
2793.3
2811.4
2834.45
2859.9
2885.2
2907.55
2925.55
2948.55
2974.05
2999.3
3021.5
3039.65
3062.8
3088.25
3113.55
3135.85
3153.95
3177.05
3202.5
3227.8
3250.1
3268.2
3291.25
3316.7
3342
3364.35
3382.45
3405.5
3430.95
3456.25
3478.6
3496.7
3519.7
3545.15
3570.4
3592.65
3610.65
3633.8
3659.3
3684.55
3706.8
3724.95
3748.05
3773.5
3798.8
3821.1
3839.2
3862.3
3887.75
3913.05
3935.4
3953.45
3976.55
4001.95
