0.05
21.2
46.85
72.55
98.25
123.95
149.65
175.35
201
226.7
252.4
278.1
303.8
329.5
355.15
380.85
406.55
432.25
457.95
483.6
509.3
535
560.7
586.4
612.1
637.75
663.45
689.15
714.85
740.55
766.25
791.9
817.6
843.3
869
894.7
920.4
946.05
971.75
997.45
1023.15
1048.85
1074.55
1100.2
1125.9
1151.6
1177.3
1203
1228.7
1254.35
1280.05
1305.75
1331.45
1357.15
1382.85
1408.5
1434.2
1459.9
1485.6
1511.3
1537
1562.65
1588.35
1614.05
1639.75
1665.45
1691.15
1716.8
1742.5
1768.2
1793.9
1819.6
1845.3
1870.95
1896.65
1922.35
1948.05
1973.75
1999.45
2025.1
2050.8
2076.5
2102.2
2127.9
2153.6
2179.25
2204.95
2230.65
2256.35
2282.05
2307.7
2333.4
2359.1
2384.8
2410.5
2436.2
2461.85
2487.55
2513.25
2538.95
2564.65
2590.35
2616
2641.7
2667.4
2693.1
2718.8
2744.5
2770.15
2795.85
2821.55
2847.25
2872.95
2898.65
2924.3
2950
2975.7
3001.4
3027.1
3052.8
3078.45
3104.15
3129.85
3155.55
3181.25
3206.95
3232.6
3258.3
3284
3309.7
3335.4
3361.1
3386.75
3412.45
3438.15
3463.85
3489.55
3515.25
3540.9
3566.6
3592.3
3618
3643.7
3669.4
3695.05
3720.75
3746.45
3772.15
3797.85
3823.55
3849.2
3874.9
3900.6
3926.3
3952
3977.65
4003.35
4029.05
4054.75
4080.45
4106.15
4131.8
4157.5
4183.2
4208.9
4234.6
4260.3
4285.95
4311.65
4337.35
4363.05
4388.75
4414.45
4440.1
4465.8
4491.5
4517.2
4542.9
4568.6
4594.25
4619.95
4645.65
4671.35
4697.05
4722.75
4748.4
4774.1
4799.8
4825.5
4851.2
4876.9
4902.55
4928.25
4953.95
4979.65
-1000
0.05
26
45.45
67.65
91.45
115.85
140.45
164.85
188.45
209.75
227.75
248.8
272.05
296.25
320.8
345.3
369.35
391.8
411.35
430.6
452.95
476.8
501.2
525.75
550.15
573.7
595
613
634.1
657.4
681.6
706.1
730.65
754.75
777.1
796.55
815.85
838.25
862.1
886.55
911.1
935.5
958.9
980.1
998.1
1019.35
1042.7
1066.95
1091.45
1115.9
1139.95
1162.15
1181.35
1200.95
1223.5
1247.35
1271.8
1296.35
1320.7
1344
1364.9
1383
1404.4
1427.85
1452.15
1476.7
1501.2
1525.15
1547.15
1566.05
1585.95
1608.65
1632.65
1657.1
1681.7
1706
1729.1
1749.8
1768.1
1789.7
1813.2
1837.5
1862.05
1886.5
1910.4
1932.3
1951.15
1971.2
1994
2017.95
2042.4
2066.95
2091.25
2114.3
2134.8
2153.2
2174.9
2198.5
2222.8
2247.35
2271.85
2295.7
2317.55
2336.4
2356.5
2379.3
2403.35
2427.8
2452.35
2476.6
2499.65
2520.15
2538.55
2560.3
2583.9
2608.15
2632.7
2657.15
2681
2702.8
2721.55
2741.75
2764.55
2788.6
2813.1
2837.65
2861.9
2884.85
2905.2
2923.6
2945.5
2969.15
2993.5
3018.05
3042.5
3066.3
3088
3106.65
3126.95
3149.9
3174
3198.45
3223
3247.2
3270.1
3290.35
3308.95
3330.9
3354.55
3378.85
3403.35
3427.8
3451.55
3473.2
3491.65
3512.15
3535.15
3559.25
3583.75
3608.3
3632.5
3655.2
3675.25
3693.95
3716.05
3739.75
3764.15
3788.7
3813.15
3836.8
3858.35
3876.55
3897.3
3920.45
3944.6
3969.1
3993.6
4017.8
4040.5
4060.45
4079.35
4101.45
4125.15
4149.5
4174.1
4198.5
4222.25
4243.8
4262.1
4282.65
4305.8
4329.95
4354.45
4379
4403.15
