0.05
17.4
38.9
60.35
81.85
103.35
124.8
146.3
167.75
189.25
210.7
232.2
253.65
275.15
296.65
318.1
339.6
361.05
382.55
404
425.5
447
468.45
489.95
511.4
532.9
554.35
575.85
597.3
618.8
640.3
661.75
683.25
704.7
726.2
747.65
769.15
790.6
812.1
833.6
855.05
876.55
898
919.5
940.95
962.45
983.9
1005.4
1026.9
1048.35
1069.85
1091.3
1112.8
1134.25
1155.75
1177.2
1198.7
1220.2
1241.65
1263.15
1284.6
1306.1
1327.55
1349.05
1370.5
1392
1413.5
1434.95
1456.45
1477.9
1499.4
1520.85
1542.35
1563.8
1585.3
1606.8
1628.25
1649.75
1671.2
1692.7
1714.15
1735.65
1757.1
1778.6
1800.1
1821.55
1843.05
1864.5
1886
1907.45
1928.95
1950.4
1971.9
1993.4
2014.85
2036.35
2057.8
2079.3
2100.75
2122.25
2143.75
2165.2
2186.7
2208.15
2229.65
2251.1
2272.6
2294.05
2315.55
2337.05
2358.5
2380
2401.45
2422.95
2444.4
2465.9
2487.35
2508.85
2530.35
2551.8
2573.3
2594.75
2616.25
2637.7
2659.2
2680.65
2702.15
2723.65
2745.1
2766.6
2788.05
2809.55
2831
2852.5
2873.95
2895.45
2916.95
2938.4
2959.9
2981.35
3002.85
3024.3
3045.8
3067.25
3088.75
3110.25
3131.7
3153.2
3174.65
3196.15
3217.6
3239.1
3260.55
3282.05
3303.55
3325
3346.5
3367.95
3389.45
3410.9
3432.4
3453.85
3475.35
3496.85
3518.3
3539.8
3561.25
3582.75
3604.2
3625.7
3647.15
3668.65
3690.15
3711.6
3733.1
3754.55
3776.05
3797.5
3819
3840.5
3861.95
3883.45
3904.9
3926.4
3947.85
3969.35
3990.8
4012.3
4033.8
4055.25
4076.75
4098.2
4119.7
4141.15
4162.65
4184.1
4205.6
4227.1
4248.55
4270.05
4291.5
4313
4334.45
4355.95
4377.4
4398.9
4420.4
4441.85
4463.35
4484.8
4506.3
4527.75
4549.25
4570.7
4592.2
4613.7
4635.15
4656.65
4678.1
4699.6
4721.05
4742.55
4764
4785.5
4807
4828.45
4849.95
4871.4
4892.9
4914.35
4935.85
4957.3
4978.8
-1000
0.05
26
49.1
70.1
91.3
112.6
133.95
155.35
176.8
198.3
219.75
241.2
262.7
284.15
305.65
327.1
348.55
370.05
391.55
413.05
434.5
456
477.45
498.95
520.4
541.85
563.35
584.85
606.35
627.8
649.3
670.75
692.2
713.65
735.15
756.65
778.15
799.65
821.1
842.6
864.05
885.5
906.95
928.45
949.95
971.45
992.95
1014.4
1035.9
1057.35
1078.8
1100.25
1121.75
1143.25
1164.75
1186.25
1207.7
1229.2
1250.65
1272.1
1293.55
1315.05
1336.55
1358.05
1379.55
1401
1422.5
1443.95
1465.4
1486.85
1508.35
1529.85
1551.35
1572.85
1594.3
1615.8
1637.25
1658.7
1680.15
1701.65
1723.15
1744.65
1766.15
1787.6
1809.1
1830.55
1852
1873.5
1895
1916.5
1937.95
1959.45
1980.9
2002.4
2023.85
2045.3
2066.8
2088.3
2109.8
2131.25
2152.75
2174.2
2195.7
2217.15
2238.6
2260.1
2281.6
2303.1
2324.55
2346.05
2367.5
2388.95
2410.4
2431.9
2453.4
2474.9
2496.4
2517.85
2539.35
2560.8
2582.25
2603.7
2625.2
2646.7
2668.2
2689.7
2711.15
2732.65
2754.1
2775.55
2797
2818.5
2840
2861.5
2883
2904.45
2925.95
2947.4
2968.85
2990.3
3011.8
3033.3
3054.8
3076.3
3097.75
3119.25
3140.7
3162.15
3183.6
3205.1
3226.6
3248.1
3269.6
3291.05
3312.55
3334
3355.45
3376.9
3398.4
3419.9
3441.4
3462.9
3484.35
3505.85
3527.3
3548.75
3570.25
3591.75
3613.25
3634.7
3656.2
3677.65
3699.15
3720.6
3742.05
3763.55
3785.05
3806.55
3828
3849.5
3870.95
3892.45
3913.9
3935.35
3956.85
3978.35
3999.85
4021.3
4042.8
4064.25
4085.75
4107.2
4128.65
4150.15
4171.65
4193.15
4214.6
4236.1
4257.55
4279
4300.45
4321.95
4343.45
4364.95
4386.45
4407.9
4429.4
4450.85
4472.3
4493.75
4515.25
4536.75
4558.25
4579.75
4601.2
4622.7
4644.15
4665.6
4687.05
4708.55
4730.05
4751.55
4773.05
4794.5
4816
4837.45
4858.9
4880.35
4901.85
4923.35
4944.85
4966.35
4987.8
