0.05
24
52.8
81.6
110.4
139.2
168
196.8
225.6
254.45
283.25
312.05
340.85
369.65
398.45
427.25
456.05
484.85
513.65
542.45
571.3
600.1
628.9
657.7
686.5
715.3
744.1
772.9
801.7
830.5
859.35
888.15
916.95
945.75
974.55
1003.35
1032.15
1060.95
1089.75
1118.55
1147.4
1176.2
1205
1233.8
1262.6
1291.4
1320.2
1349
1377.8
1406.6
1435.4
1464.25
1493.05
1521.85
1550.65
1579.45
1608.25
1637.05
1665.85
1694.65
1723.45
1752.3
1781.1
1809.9
1838.7
1867.5
1896.3
1925.1
1953.9
1982.7
2011.5
2040.3
2069.15
2097.95
2126.75
2155.55
2184.35
2213.15
2241.95
2270.75
2299.55
2328.35
2357.2
2386
2414.8
2443.6
2472.4
2501.2
2530
2558.8
2587.6
2616.4
2645.25
2674.05
2702.85
2731.65
2760.45
2789.25
2818.05
2846.85
2875.65
2904.45
2933.25
2962.1
2990.9
3019.7
3048.5
3077.3
3106.1
3134.9
3163.7
3192.5
3221.3
3250.15
3278.95
3307.75
3336.55
3365.35
3394.15
3422.95
3451.75
3480.55
3509.35
3538.15
3567
3595.8
3624.6
3653.4
3682.2
3711
3739.8
3768.6
3797.4
3826.2
3855.05
3883.85
3912.65
3941.45
3970.25
3999.05
4027.85
4056.65
4085.45
4114.25
4143.1
4171.9
4200.7
4229.5
4258.3
-1000
0.05
27.8
65.75
104.25
137.15
167.7
198.4
231.15
271
307.55
339.5
369.75
400.4
433.9
474.1
509.75
541.3
571.55
602.25
636.3
676.55
711.7
743.1
773.35
804.25
839.3
879.55
913.9
945
975.3
1006.55
1043.3
1082.65
1116.1
1146.85
1177.45
1209.35
1248
1285.85
1318.4
1348.85
1379.5
1412.5
1452.5
1488.75
1520.55
1550.8
1581.45
1615.2
1655.45
1690.9
1722.4
1752.6
1783.45
1817.95
1858.2
1892.95
1924.2
1954.45
1985.5
2021.25
2061.15
2095.15
2126.1
2156.5
2188
2225.7
2264.4
2297.4
2328
2358.7
2391.15
2430.65
2467.55
2499.7
2530
2560.65
2593.85
2633.95
2669.9
2701.6
2731.85
2762.55
2796.45
2836.7
2872
2903.45
2933.65
2964.5
2999.25
3039.45
3074.05
3105.25
3135.55
3166.65
3202.75
3242.45
3276.25
3307.15
3337.6
3369.3
3407.45
3445.75
3478.55
3509.1
3539.8
3572.7
3612.55
3648.95
3680.85
3711.1
3741.75
3775.3
3815.5
3851.1
3882.7
3912.95
3943.7
3977.95
4018.2
4053.2
4084.5
4114.75
4145.75
4181.35
4221.3
4255.4
4286.4
4316.8
4348.2
4385.5
4424.45
4457.65
4488.35
4518.95
4551.2
4590.5
4627.7
4659.95
4690.3
4720.95
4754.2
4794.3
4830.25
4861.95
4892.2
4922.9
4956.85
4997.1
