0.05
18.1
40.4
62.65
84.9
107.2
129.45
151.7
174
196.25
218.5
240.8
263.05
285.3
307.6
329.85
352.1
374.4
396.65
418.9
441.2
463.45
485.7
508
530.25
552.5
574.8
597.05
619.3
641.6
663.85
686.1
708.4
730.65
752.9
775.2
797.45
819.7
842
864.25
886.5
908.8
931.05
953.3
975.6
997.85
1020.1
1042.4
1064.65
1086.9
1109.2
1131.45
1153.7
1176
1198.25
1220.5
1242.8
1265.05
1287.3
1309.6
1331.85
1354.1
1376.4
1398.65
1420.9
1443.2
1465.45
1487.7
1510
1532.25
1554.5
1576.8
1599.05
1621.3
1643.6
1665.85
1688.1
1710.4
1732.65
1754.9
1777.2
1799.45
1821.7
1844
1866.25
1888.5
1910.8
1933.05
1955.3
1977.6
1999.85
2022.1
2044.4
2066.65
2088.9
2111.2
2133.45
2155.7
2178
2200.25
2222.5
2244.8
2267.05
2289.3
2311.6
2333.85
2356.1
2378.4
2400.65
2422.9
2445.2
2467.45
2489.7
-1000
0.05
39.75
84.8
129.6
174.2
218.75
263.3
307.85
352.4
396.9
441.45
486
530.5
575.05
619.6
664.1
708.65
753.2
797.7
842.25
886.8
931.3
975.85
1020.4
1064.9
1109.45
1154
1198.5
1243.05
1287.6
1332.1
1376.65
1421.2
1465.7
1510.25
1554.8
1599.3
1643.85
1688.4
1732.9
1777.45
1822
1866.5
1911.05
1955.6
2000.1
2044.65
2089.2
2133.7
2178.25
2222.8
2267.3
2311.85
2356.4
2400.9
2445.45
2490
2534.5
2579.05
2623.6
2668.1
2712.65
2757.2
2801.7
2846.25
2890.8
2935.3
2979.85
3024.4
3068.9
3113.45
3158
3202.5
3247.05
3291.6
3336.1
3380.65
3425.2
3469.7
3514.25
3558.8
3603.3
3647.85
3692.4
3736.9
3781.45
3826
3870.5
3915.05
3959.6
4004.1
4048.65
4093.2
4137.7
4182.25
4226.8
4271.3
4315.85
4360.4
4404.9
4449.45
4494
4538.5
4583.05
4627.6
4672.1
4716.65
4761.2
4805.7
4850.25
4894.8
4939.3
4983.85
