0.05
19.6
43.5
67.4
91.3
115.25
139.15
163.05
187
210.9
234.8
258.7
282.65
306.55
330.45
354.35
378.3
402.2
426.1
450
473.95
497.85
521.75
545.65
569.6
593.5
617.4
641.3
665.25
689.15
713.05
737
760.9
784.8
808.7
832.65
856.55
880.45
904.35
928.3
952.2
976.1
1000
1023.95
1047.85
1071.75
1095.65
1119.6
1143.5
1167.4
1191.3
1215.25
1239.15
1263.05
1287
1310.9
1334.8
1358.7
1382.65
1406.55
1430.45
1454.35
1478.3
1502.2
1526.1
1550
1573.95
1597.85
1621.75
1645.65
1669.6
1693.5
1717.4
1741.35
1765.25
1789.15
1813.05
1837
1860.9
1884.8
1908.7
1932.65
1956.55
1980.45
2004.35
2028.3
2052.2
2076.1
2100
2123.95
2147.85
2171.75
2195.65
2219.6
2243.5
2267.4
2291.35
2315.25
2339.15
2363.05
2387
2410.9
2434.8
2458.7
2482.65
2506.55
2530.45
2554.35
2578.3
2602.2
2626.1
2650
2673.95
2697.85
2721.75
2745.65
2769.6
2793.5
2817.4
2841.35
2865.25
2889.15
2913.05
2937
2960.9
2984.8
3008.7
3032.65
3056.55
3080.45
3104.35
3128.3
3152.2
3176.1
3200
3223.95
3247.85
3271.75
3295.65
3319.6
3343.5
3367.4
3391.35
3415.25
3439.15
3463.05
3487
3510.9
3534.8
3558.7
3582.65
3606.55
3630.45
3654.35
3678.3
3702.2
3726.1
3750
3773.95
3797.85
3821.75
3845.7
3869.6
3893.5
3917.4
3941.35
3965.25
3989.15
4013.05
4037
4060.9
4084.8
4108.7
4132.65
4156.55
4180.45
4204.35
4228.3
4252.2
4276.1
4300
4323.95
4347.85
4371.75
4395.7
4419.6
4443.5
4467.4
4491.35
4515.25
4539.15
4563.05
4587
4610.9
4634.8
4658.7
4682.65
4706.55
4730.45
4754.35
4778.3
4802.2
4826.1
4850
4873.95
4897.85
4921.75
4945.7
4969.6
4993.5
-1000
0.05
26
50.5
73.2
96.4
119.8
143.4
167.05
190.75
214.45
238.2
262
285.8
309.6
333.4
357.25
381.05
404.9
428.7
452.5
476.35
500.15
523.9
547.7
571.45
595.2
618.85
642.45
665.9
689
711.15
731.6
749.6
769.7
791.6
814.4
837.6
861.05
884.6
908.25
932
955.7
979.5
1003.25
1027.1
1050.9
1074.7
1098.5
1122.35
1146.2
1170
1193.85
1217.65
1241.5
1265.3
1289.1
1312.85
1336.6
1360.3
1383.9
1407.4
1430.6
1453.2
1474.25
1493.1
1512.2
1533.6
1556.1
1579.15
1602.55
1626.1
1649.7
1673.4
1697.15
1720.9
1744.7
1768.5
1792.3
1816.1
1839.95
1863.75
1887.55
1911.4
1935.2
1959.05
1982.85
2006.65
2030.45
2054.25
2077.95
2101.65
2125.3
2148.9
2172.25
2195.2
2217.05
2236.95
2255.15
2275.75
2297.9
2320.75
2344
2367.5
2391.1
2414.75
2438.45
2462.2
2486
2509.8
2533.55
2557.4
2581.2
2605.05
2628.85
2652.65
2676.5
2700.35
2724.15
2747.95
2771.75
2795.55
2819.3
2843.05
2866.75
2890.3
2913.7
2936.8
2959.05
2979.5
2997.45
3017.6
3039.5
3062.25
3085.45
3108.9
3132.45
3156.1
3179.8
3203.55
3227.35
3251.15
3274.95
3298.75
3322.55
3346.4
3370.25
3394.05
3417.9
3441.7
3465.5
3489.35
3513.15
3536.9
3560.7
3584.4
3608.15
3631.75
3655.2
3678.45
3701.1
3722.25
3741.15
3760.2
3781.5
3804
3827.05
3850.4
3873.9
3897.55
3921.25
3944.95
3968.7
3992.5
4016.3
4040.1
4063.9
4087.7
4111.55
4135.35
4159.2
4183
4206.8
4230.6
4254.45
4278.25
4302
4325.75
4349.5
4373.15
4396.7
4420.05
4442.9
4464.55
4484.15
4502.55
4523.3
4545.55
4568.5
4591.8
4615.3
4638.9
4662.55
4686.3
4710.05
4733.8
4757.6
4781.4
4805.25
4829.05
4852.9
