0.05
18
40.15
62.25
84.4
106.5
128.65
150.8
172.9
195.05
217.15
239.3
261.45
283.55
305.7
327.8
349.95
372.1
394.2
416.35
438.45
460.6
482.75
504.85
527
549.15
571.25
593.4
615.5
637.65
659.8
681.9
704.05
726.15
748.3
770.45
792.55
814.7
836.8
858.95
881.1
903.2
925.35
947.45
969.6
991.75
1013.85
1036
1058.1
1080.25
1102.4
1124.5
1146.65
1168.8
1190.9
1213.05
1235.15
1257.3
1279.45
1301.55
1323.7
1345.8
1367.95
1390.1
1412.2
1434.35
1456.45
1478.6
1500.75
1522.85
1545
1567.1
1589.25
1611.4
1633.5
1655.65
1677.75
1699.9
1722.05
1744.15
1766.3
1788.45
1810.55
1832.7
1854.8
1876.95
1899.1
1921.2
1943.35
1965.45
1987.6
2009.75
2031.85
2054
2076.1
2098.25
2120.4
2142.5
2164.65
2186.75
2208.9
2231.05
2253.15
2275.3
2297.4
2319.55
2341.7
2363.8
2385.95
2408.1
2430.2
2452.35
2474.45
2496.6
2518.75
2540.85
2563
2585.1
2607.25
2629.4
2651.5
2673.65
2695.75
2717.9
2740.05
2762.15
2784.3
2806.4
2828.55
2850.7
2872.8
2894.95
2917.05
2939.2
2961.35
2983.45
3005.6
3027.75
3049.85
3072
3094.1
3116.25
3138.4
3160.5
3182.65
3204.75
3226.9
3249.05
3271.15
3293.3
3315.4
3337.55
3359.7
3381.8
3403.95
3426.05
3448.2
3470.35
3492.45
3514.6
3536.7
3558.85
3581
3603.1
3625.25
3647.4
3669.5
3691.65
3713.75
3735.9
3758.05
3780.15
3802.3
3824.4
3846.55
3868.7
3890.8
3912.95
3935.05
3957.2
3979.35
4001.45
4023.6
4045.7
4067.85
4090
4112.1
4134.25
4156.35
4178.5
4200.65
4222.75
4244.9
4267.05
4289.15
4311.3
4333.4
4355.55
4377.7
4399.8
4421.95
4444.05
4466.2
4488.35
4510.45
4532.6
4554.7
4576.85
4599
4621.1
4643.25
4665.35
4687.5
4709.65
4731.75
4753.9
4776
4798.15
4820.3
4842.4
4864.55
4886.7
4908.8
4930.95
4953.05
4975.2
4997.35
-1000
0.05
26
44.9
63.2
83.05
103.95
125.35
147.05
168.9
190.9
212.95
235
257.15
279.2
301.3
323.45
345.6
367.75
389.8
411.95
434.1
456.25
478.4
500.5
522.65
544.8
566.85
589
611.15
633.3
655.45
677.5
699.65
721.8
743.95
766.1
788.15
810.3
832.45
854.6
876.75
898.8
920.95
943.1
965.25
987.4
1009.45
1031.6
1053.75
1075.9
1098.05
1120.15
1142.3
1164.45
1186.5
1208.65
1230.8
1252.95
1275.1
1297.15
1319.3
1341.45
1363.6
1385.75
1407.8
1429.95
1452.1
1474.25
1496.4
1518.45
1540.6
1562.75
1584.9
1607.05
1629.1
1651.25
1673.4
1695.55
1717.7
1739.8
1761.95
1784.1
1806.15
1828.3
1850.45
1872.6
1894.75
1916.8
1938.95
1961.1
1983.25
2005.4
2027.45
2049.6
2071.75
2093.9
2116.05
2138.1
2160.25
2182.4
2204.55
2226.7
2248.75
2270.9
2293.05
2315.2
2337.35
2359.45
2381.6
2403.75
2425.8
2447.95
2470.1
2492.25
2514.4
2536.45
2558.6
2580.75
2602.9
2625.05
2647.1
2669.25
2691.4
2713.55
2735.7
2757.75
2779.9
2802.05
2824.2
2846.35
2868.4
2890.55
2912.7
2934.85
2957
2979.1
3001.25
3023.4
3045.45
3067.6
3089.75
3111.9
3134.05
3156.1
3178.25
3200.4
3222.55
3244.7
3266.75
3288.9
3311.05
3333.2
3355.35
3377.4
3399.55
3421.7
3443.85
3466
3488.05
3510.2
3532.35
3554.5
3576.65
3598.75
3620.9
3643.05
3665.1
3687.25
3709.4
3731.55
3753.7
3775.75
3797.9
3820.05
3842.2
3864.35
3886.4
3908.55
3930.7
3952.85
3975
3997.05
4019.2
4041.35
4063.5
4085.65
4107.7
4129.85
4152
4174.15
4196.3
4218.4
4240.55
4262.7
4284.75
4306.9
4329.05
4351.2
4373.35
4395.4
4417.55
4439.7
4461.85
4484
4506.05
4528.2
4550.35
4572.5
4594.65
4616.7
4638.85
4661
4683.15
4705.3
4727.35
4749.5
4771.65
4793.8
4815.95
4838.05
4860.2
4882.35
4904.4
4926.55
4948.7
4970.85
4993
