0.05
22.3
49.2
76.15
103.05
129.95
156.9
183.8
210.75
237.65
264.6
291.5
318.45
345.35
372.25
399.2
426.1
453.05
479.95
506.9
533.8
560.75
587.65
614.6
641.5
668.4
695.35
722.25
749.2
776.1
803.05
829.95
856.9
883.8
910.7
937.65
964.55
991.5
1018.4
1045.35
1072.25
1099.2
1126.1
1153
1179.95
1206.85
1233.8
1260.7
1287.65
1314.55
1341.5
1368.4
1395.3
1422.25
1449.15
1476.1
1503
1529.95
1556.85
1583.8
1610.7
1637.6
1664.55
1691.45
1718.4
1745.3
1772.25
1799.15
1826.1
1853
1879.9
1906.85
1933.75
1960.7
1987.6
2014.55
2041.45
2068.4
2095.3
2122.2
2149.15
2176.05
2203
2229.9
2256.85
2283.75
2310.7
2337.6
2364.5
2391.45
2418.35
2445.3
2472.2
2499.15
2526.05
2553
2579.9
2606.8
2633.75
2660.65
2687.6
2714.5
2741.45
2768.35
2795.3
2822.2
2849.15
2876.05
2902.95
2929.9
2956.8
2983.75
3010.65
3037.6
3064.5
3091.45
3118.35
3145.25
3172.2
3199.1
3226.05
3252.95
3279.9
3306.8
3333.75
3360.65
3387.55
3414.5
3441.4
3468.35
3495.25
3522.2
3549.1
3576.05
3602.95
3629.85
3656.8
3683.7
3710.65
3737.55
3764.5
3791.4
3818.35
3845.25
3872.15
3899.1
3926
3952.95
3979.85
4006.8
4033.7
4060.65
4087.55
4114.45
4141.4
4168.3
4195.25
4222.15
4249.1
4276
4302.95
4329.85
4356.75
4383.7
4410.6
4437.55
4464.45
4491.4
4518.3
4545.25
4572.15
4599.05
4626
4652.9
4679.85
4706.75
4733.7
4760.6
4787.55
4814.45
4841.35
4868.3
4895.2
4922.15
4949.05
4976
-1000
0.05
26
50.95
75.5
100.5
125
147.15
165.4
186.8
210.85
235.85
260.75
283.95
303.8
323.35
346.5
371.2
396.25
420.45
442
460.1
482.25
506.6
531.6
556.35
579
597.95
618.45
642.1
667
692
715.8
736.6
755.25
777.9
802.4
827.45
851.95
874.15
892.4
913.75
937.8
962.75
987.65
1010.9
1030.8
1050.3
1073.45
1098.2
1123.2
1147.45
1169
1187.1
1209.2
1233.5
1258.55
1283.3
1305.95
1325.05
1345.45
1369.05
1393.9
1418.85
1442.65
1463.45
1482.1
1504.75
1529.3
1554.35
1578.9
1601.15
1619.55
1640.75
1664.75
1689.7
1714.65
1737.95
1758
1777.35
1800.45
1825.15
1850.2
1874.45
1896.15
1914.15
1936.15
1960.45
1985.5
2010.25
2033
2052.15
2072.45
2096
2120.85
2145.85
2169.7
2190.6
2209.15
2231.75
2256.25
2281.3
2305.9
2328.2
2346.75
2367.8
2391.75
2416.7
2441.6
2465.05
2485.3
2504.45
2527.45
2552.1
2577.15
2601.5
2623.3
2641.3
2663.2
2687.45
2712.45
2737.25
2760.1
2779.4
2799.5
2823
2847.8
2872.8
2896.75
2917.8
2936.25
2958.75
2983.2
3008.25
3032.9
3055.25
3073.95
3094.85
3118.7
3143.6
3168.55
3192
3212.3
3231.4
3254.4
3279.05
3304.1
3328.4
3350.25
3368.15
3390.05
3414.3
3439.35
3464.15
3486.95
3506.25
3526.4
3549.95
3574.75
3599.75
3623.65
3644.7
3663.15
3685.65
3710.1
3735.15
3759.8
3782.2
3800.95
3821.8
3845.65
3870.55
3895.45
3919
3939.3
3958.4
3981.3
4005.95
4031
4055.45
4077.4
4095.3
4117.1
4141.3
4166.3
4191.15
4214.05
