0.05
14.7
33.05
51.4
69.75
88.1
106.5
124.85
143.2
161.55
179.9
198.3
216.65
235
253.35
271.7
290.1
308.45
326.8
345.15
363.5
381.9
400.25
418.6
436.95
455.3
473.7
492.05
510.4
528.75
547.15
565.5
583.85
602.2
620.55
638.95
657.3
675.65
694
712.35
730.75
749.1
767.45
785.8
804.15
822.55
840.9
859.25
877.6
896
914.35
932.7
951.05
969.4
987.8
1006.15
1024.5
1042.85
1061.2
1079.6
1097.95
1116.3
1134.65
1153
1171.4
1189.75
1208.1
1226.45
1244.8
1263.2
1281.55
1299.9
1318.25
1336.65
1355
1373.35
1391.7
1410.05
1428.45
1446.8
1465.15
1483.5
1501.85
1520.25
1538.6
1556.95
1575.3
1593.65
1612.05
1630.4
1648.75
1667.1
1685.5
1703.85
1722.2
1740.55
1758.9
1777.3
1795.65
1814
1832.35
1850.7
1869.1
1887.45
1905.8
1924.15
1942.5
1960.9
1979.25
1997.6
2015.95
2034.3
2052.7
2071.05
2089.4
2107.75
2126.15
2144.5
2162.85
2181.2
2199.55
2217.95
2236.3
2254.65
2273
2291.35
2309.75
2328.1
2346.45
2364.8
2383.15
2401.55
2419.9
2438.25
2456.6
2475
2493.35
2511.7
2530.05
2548.4
2566.8
2585.15
2603.5
2621.85
2640.2
2658.6
2676.95
2695.3
2713.65
2732
2750.4
2768.75
2787.1
2805.45
2823.8
2842.2
2860.55
2878.9
2897.25
2915.65
2934
2952.35
2970.7
2989.05
3007.45
3025.8
3044.15
3062.5
3080.85
3099.25
3117.6
3135.95
3154.3
3172.65
3191.05
3209.4
3227.75
3246.1
3264.5
3282.85
3301.2
3319.55
3337.9
3356.3
3374.65
3393
3411.35
3429.7
3448.1
3466.45
3484.8
3503.15
3521.5
3539.9
3558.25
3576.6
3594.95
3613.3
3631.7
3650.05
3668.4
3686.75
3705.15
3723.5
3741.85
3760.2
3778.55
3796.95
3815.3
3833.65
3852
3870.35
3888.75
3907.1
3925.45
3943.8
3962.15
3980.55
3998.9
4017.25
4035.6
4054
4072.35
4090.7
4109.05
4127.4
4145.8
4164.15
4182.5
4200.85
4219.2
4237.6
4255.95
4274.3
4292.65
4311
4329.4
4347.75
4366.1
4384.45
4402.8
4421.2
4439.55
4457.9
4476.25
4494.65
4513
4531.35
4549.7
4568.05
4586.45
4604.8
4623.15
4641.5
4659.85
4678.25
4696.6
4714.95
4733.3
4751.65
4770.05
4788.4
4806.75
4825.1
4843.5
4861.85
4880.2
4898.55
4916.9
4935.3
4953.65
4972
-1000
0.05
24.4
45.1
65.05
84.4
103.45
122.25
140.8
159.4
177.9
196.4
214.75
233.2
251.6
270
288.4
306.7
325.1
343.45
361.85
380.2
398.5
416.9
435.25
453.65
472
490.3
508.7
527.1
545.45
563.75
582.05
600.45
618.85
637.25
655.55
673.95
692.3
710.7
729.05
747.35
765.75
784.1
802.5
820.85
839.15
857.55
875.95
894.3
912.65
930.95
949.35
967.75
986.1
1004.4
1022.8
1041.15
1059.55
1077.9
1096.2
1114.6
1133
1151.35
1169.7
1188
1206.4
1224.8
1243.15
1261.5
1279.8
1298.2
1316.6
1334.95
1353.25
1371.55
1389.95
1408.35
1426.75
1445.05
1463.45
1481.8
1500.2
1518.55
1536.85
1555.25
1573.6
1592
1610.35
1628.65
1647.05
1665.45
1683.8
1702.15
1720.45
1738.85
1757.25
1775.6
1793.9
1812.3
1830.65
1849.05
1867.4
1885.7
1904.1
1922.5
1940.85
1959.2
1977.5
1995.9
2014.3
2032.65
2051
2069.3
2087.7
2106.1
2124.45
2142.75
2161.05
2179.45
2197.85
2216.25
2234.55
2252.95
2271.3
2289.7
2308.05
2326.35
2344.75
2363.1
2381.5
2399.85
2418.15
2436.55
2454.95
2473.3
2491.65
2509.95
2528.35
2546.75
2565.1
2583.4
2601.8
2620.15
2638.55
2656.9
2675.2
2693.6
2712
2730.35
2748.7
2767
2785.4
2803.8
2822.15
2840.5
2858.8
2877.2
2895.6
2913.95
2932.25
2950.55
2968.95
2987.35
3005.75
3024.05
3042.45
3060.8
3079.2
3097.55
3115.85
3134.25
3152.6
3171
3189.35
3207.65
3226.05
3244.45
3262.8
3281.15
3299.45
3317.85
3336.25
3354.6
3372.9
3391.3
3409.65
3428.05
3446.4
3464.7
3483.1
3501.5
3519.85
3538.2
3556.5
3574.9
3593.3
3611.65
3630
3648.3
3666.7
3685.1
3703.45
3721.75
3740.05
3758.45
3776.85
3795.25
3813.55
3831.95
3850.3
3868.7
3887.05
3905.35
3923.75
3942.1
3960.5
3978.85
3997.15
4015.55
4033.95
4052.3
4070.65
4088.95
4107.35
4125.75
4144.1
4162.4
4180.8
4199.15
4217.55
4235.9
4254.2
4272.6
4291
4309.35
4327.7
4346
4364.4
4382.8
4401.15
4419.5
4437.8
4456.2
4474.6
4492.95
4511.25
4529.55
4547.95
4566.35
4584.75
4603.05
4621.45
4639.8
4658.2
4676.55
4694.85
4713.25
4731.6
4750
4768.35
4786.65
4805.05
4823.45
4841.8
4860.15
4878.45
4896.85
4915.25
4933.6
4951.9
4970.3
4988.65
