0.05
20.85
46.15
71.45
96.75
122.1
147.4
172.7
198
223.3
248.65
273.95
299.25
324.55
349.85
375.2
400.5
425.8
451.1
476.45
501.75
527.05
552.35
577.65
603
628.3
653.6
678.9
704.2
729.55
754.85
780.15
805.45
830.75
856.1
881.4
906.7
932
957.35
982.65
1007.95
1033.25
1058.55
1083.9
1109.2
1134.5
1159.8
1185.1
1210.45
1235.75
1261.05
1286.35
1311.7
1337
1362.3
1387.6
1412.9
1438.25
1463.55
1488.85
1514.15
1539.45
1564.8
1590.1
1615.4
1640.7
1666
1691.35
1716.65
1741.95
1767.25
1792.6
1817.9
1843.2
1868.5
1893.8
1919.15
1944.45
1969.75
1995.05
2020.35
2045.7
2071
2096.3
2121.6
2146.9
2172.25
2197.55
2222.85
2248.15
2273.5
2298.8
2324.1
2349.4
2374.7
2400.05
2425.35
2450.65
2475.95
2501.25
2526.6
2551.9
2577.2
2602.5
2627.85
2653.15
2678.45
2703.75
2729.05
2754.4
2779.7
2805
2830.3
2855.6
2880.95
2906.25
2931.55
2956.85
2982.15
3007.5
3032.8
3058.1
3083.4
3108.75
3134.05
3159.35
3184.65
3209.95
3235.3
3260.6
3285.9
3311.2
3336.5
3361.85
3387.15
3412.45
3437.75
3463.05
3488.4
3513.7
3539
3564.3
3589.65
3614.95
3640.25
3665.55
3690.85
3716.2
3741.5
3766.8
3792.1
3817.4
3842.75
3868.05
3893.35
3918.65
3944
3969.3
3994.6
4019.9
4045.2
4070.55
4095.85
4121.15
4146.45
4171.75
4197.1
4222.4
4247.7
4273
4298.3
4323.65
4348.95
4374.25
4399.55
4424.9
4450.2
4475.5
4500.8
4526.1
4551.45
4576.75
4602.05
4627.35
4652.65
4678
4703.3
4728.6
4753.9
4779.25
4804.55
4829.85
4855.15
4880.45
4905.8
4931.1
4956.4
4981.7
-1000
0.05
26
46.4
68.75
92.4
116.6
140.95
165.3
189.45
212.55
233.45
251.5
272.5
295.65
319.6
343.9
368.35
392.65
416.45
438.65
458.1
477.25
499.3
522.85
547
571.35
595.75
619.95
643.25
664.5
682.55
703.25
726.2
750.05
774.3
798.7
823.05
846.95
869.4
889.25
908.05
929.9
953.3
977.4
1001.7
1026.1
1050.35
1073.85
1095.35
1113.85
1134.1
1156.75
1180.55
1204.75
1229.2
1253.55
1277.6
1300.5
1321.05
1339.25
1360.65
1383.9
1407.9
1432.2
1456.6
1480.85
1504.55
1526.45
1545.55
1565.1
1587.4
1611.05
1635.2
1659.6
1684
1708.1
1731.3
1752.3
1770.3
1791.3
1814.3
1838.25
1862.6
1887
1911.3
1935.15
1957.3
1976.8
1995.9
2018
2041.5
2065.6
2090
2114.35
2138.55
2161.9
2183.2
2201.25
2221.95
2244.85
2268.7
2293
2317.35
2341.7
2365.6
2388.05
2407.95
2426.65
2448.5
2471.95
2496
2520.4
2544.8
2569
2592.55
2614.15
2632.9
2652.95
2675.5
2699.25
2723.45
2747.85
2772.25
2796.25
2819.2
2839.8
2858
2879.3
2902.5
2926.5
2950.8
2975.25
2999.5
3023.25
3045.2
3064.3
3083.8
3106.1
3129.7
3153.85
3178.25
3202.65
3226.75
3250
3270.95
3288.95
3309.95
3333
3356.95
3381.25
3405.6
3429.9
3453.75
3475.95
3495.45
3514.6
3536.65
3560.15
3584.3
3608.65
3633
3657.2
3680.55
3701.85
3719.95
3740.55
3763.45
3787.35
3811.6
3836
3860.35
3884.3
3906.85
3926.8
3945.5
3967.2
3990.6
4014.7
4039.05
4063.45
4087.7
4111.2
4132.75
4151.5
4171.55
4194.1
4217.85
4242.05
4266.45
4290.8
4314.85
4337.75
4358.3
4376.55
4397.9
4421.15
4445.1
4469.45
