0.05
14.75
33.2
51.65
70.1
88.55
107
125.45
143.9
162.35
180.75
199.2
217.65
236.1
254.55
273
291.45
309.9
328.35
346.8
365.25
383.7
402.15
420.6
439.05
457.5
475.9
494.35
512.8
531.25
549.7
568.15
586.6
605.05
623.5
641.95
660.4
678.85
697.3
715.75
734.2
752.65
771.05
789.5
807.95
826.4
844.85
863.3
881.75
900.2
918.65
937.1
955.55
974
992.45
1010.9
1029.35
1047.8
1066.25
1084.65
1103.1
1121.55
1140
1158.45
1176.9
1195.35
1213.8
1232.25
1250.7
1269.15
1287.6
1306.05
1324.5
1342.95
1361.4
1379.8
1398.25
1416.7
1435.15
1453.6
1472.05
1490.5
1508.95
1527.4
1545.85
1564.3
1582.75
1601.2
1619.65
1638.1
1656.55
1674.95
1693.4
1711.85
1730.3
1748.75
1767.2
1785.65
1804.1
1822.55
1841
1859.45
1877.9
1896.35
1914.8
1933.25
1951.7
1970.1
1988.55
2007
2025.45
2043.9
2062.35
2080.8
2099.25
2117.7
2136.15
2154.6
2173.05
2191.5
2209.95
2228.4
2246.85
2265.3
2283.7
2302.15
2320.6
2339.05
2357.5
2375.95
2394.4
2412.85
2431.3
2449.75
2468.2
2486.65
2505.1
2523.55
2542
2560.45
2578.85
2597.3
2615.75
2634.2
2652.65
2671.1
2689.55
2708
2726.45
2744.9
2763.35
2781.8
2800.25
2818.7
2837.15
2855.6
2874
2892.45
2910.9
2929.35
2947.8
2966.25
2984.7
3003.15
3021.6
3040.05
3058.5
3076.95
3095.4
3113.85
3132.3
3150.75
3169.15
3187.6
3206.05
3224.5
3242.95
3261.4
3279.85
3298.3
3316.75
3335.2
3353.65
3372.1
3390.55
3409
3427.45
3445.9
3464.35
3482.75
3501.2
3519.65
3538.1
3556.55
3575
3593.45
3611.9
3630.35
3648.8
3667.25
3685.7
3704.15
3722.6
3741.05
3759.5
3777.9
3796.35
3814.8
3833.25
3851.7
3870.15
3888.6
3907.05
3925.5
3943.95
3962.4
3980.85
3999.3
4017.75
4036.2
4054.65
4073.05
4091.5
4109.95
4128.4
4146.85
4165.3
4183.75
4202.2
4220.65
4239.1
4257.55
4276
4294.45
4312.9
4331.35
4349.8
4368.25
4386.65
4405.1
4423.55
4442
4460.45
4478.9
4497.35
4515.8
4534.25
4552.7
4571.15
4589.6
4608.05
4626.5
4644.95
4663.4
4681.8
4700.25
4718.7
4737.15
4755.6
4774.05
4792.5
4810.95
4829.4
4847.85
4866.3
4884.75
4903.2
4921.65
4940.1
4958.55
4976.95
-1000
0.05
26
47.5
66.55
85.4
104.1
122.7
141.2
159.65
178.1
196.55
215.1
233.6
252.1
270.6
289.05
307.5
325.95
344.4
362.9
381.35
399.8
418.25
436.6
455
473.4
491.8
510.3
528.8
547.25
565.75
584.2
602.65
621.1
639.6
658.05
676.5
694.95
713.4
731.75
750.15
768.55
786.95
805.45
823.95
842.4
860.9
879.35
897.8
916.25
934.75
953.2
971.65
990.1
1008.55
1027
1045.35
1063.75
1082.15
1100.65
1119.1
1137.6
1156.05
1174.5
1192.95
1211.45
1229.9
1248.35
1266.8
1285.25
1303.7
1322.15
1340.5
1358.9
1377.3
1395.7
1414.2
1432.7
1451.15
1469.65
1488.1
1506.55
1525
1543.5
1561.95
1580.4
1598.85
1617.3
1635.65
1654.05
1672.45
1690.85
1709.35
1727.85
1746.3
1764.8
1783.25
1801.7
1820.15
1838.65
1857.1
1875.55
1894
1912.45
1930.8
1949.2
1967.6
1986
2004.5
2023
2041.45
2059.95
2078.4
2096.85
2115.3
2133.8
2152.25
2170.7
2189.15
2207.6
2226.05
2244.4
2262.8
2281.2
2299.65
2318.15
2336.65
2355.1
2373.55
2392
2410.45
2428.95
2447.4
2465.85
2484.3
2502.75
2521.2
2539.55
2557.95
2576.35
2594.75
2613.25
2631.75
2650.2
2668.7
2687.15
2705.6
2724.05
2742.55
2761
2779.45
2797.9
2816.35
2834.7
2853.1
2871.5
2889.9
2908.4
2926.9
2945.35
2963.85
2982.3
3000.75
3019.2
3037.7
3056.15
3074.6
3093.05
3111.5
3129.95
3148.3
3166.7
3185.1
3203.6
3222.05
3240.55
3259
3277.45
3295.9
3314.4
3332.85
3351.3
3369.75
3388.2
3406.65
3425.1
3443.45
3461.85
3480.25
3498.65
3517.15
3535.65
3554.15
3572.6
3591.05
3609.5
3627.95
3646.45
3664.9
3683.35
3701.8
3720.25
3738.6
3757
3775.4
3793.8
3812.3
3830.8
3849.25
3867.75
3886.2
3904.65
3923.1
3941.6
3960.05
3978.5
3996.95
4015.4
4033.75
4052.15
4070.55
4088.95
4107.45
4125.95
4144.4
4162.9
4181.35
4199.8
4218.25
4236.75
4255.2
4273.65
4292.1
4310.55
4329
4347.35
4365.75
4384.15
4402.65
4421.1
4439.6
4458.05
4476.5
4494.95
4513.45
4531.9
4550.35
4568.8
4587.25
4605.7
4624.15
4642.5
4660.9
4679.3
4697.7
4716.2
4734.7
4753.15
4771.65
4790.1
4808.55
4827
4845.5
4863.95
4882.4
4900.85
4919.3
4937.65
4956.05
4974.45
4992.85
