0.05
19.9
44.15
68.35
92.6
116.85
141.1
165.35
189.6
213.85
238.1
262.35
286.55
310.8
335.05
359.3
383.55
407.8
432.05
456.3
480.55
504.8
529
553.25
577.5
601.75
626
650.25
674.5
698.75
723
747.25
771.45
795.7
819.95
844.2
868.45
892.7
916.95
941.2
965.45
989.7
1013.9
1038.15
1062.4
1086.65
1110.9
1135.15
1159.4
1183.65
1207.9
1232.1
1256.35
1280.6
1304.85
1329.1
1353.35
1377.6
1401.85
1426.1
1450.35
1474.55
1498.8
1523.05
1547.3
1571.55
1595.8
1620.05
1644.3
1668.55
1692.8
1717
1741.25
1765.5
1789.75
1814
1838.25
1862.5
1886.75
1911
1935.25
1959.45
1983.7
2007.95
2032.2
2056.45
2080.7
2104.95
2129.2
2153.45
2177.7
2201.9
2226.15
2250.4
2274.65
2298.9
2323.15
2347.4
2371.65
2395.9
2420.1
2444.35
2468.6
2492.85
2517.1
2541.35
2565.6
2589.85
2614.1
2638.35
2662.55
2686.8
2711.05
2735.3
2759.55
2783.8
2808.05
2832.3
2856.55
2880.8
2905
2929.25
2953.5
2977.75
3002
3026.25
3050.5
3074.75
3099
3123.25
3147.45
3171.7
3195.95
3220.2
3244.45
3268.7
3292.95
3317.2
3341.45
3365.65
3389.9
3414.15
3438.4
3462.65
3486.9
3511.15
3535.4
3559.65
3583.9
3608.1
3632.35
3656.6
3680.85
3705.1
3729.35
3753.6
3777.85
3802.1
3826.35
3850.55
3874.8
3899.05
3923.3
3947.55
3971.8
3996.05
4020.3
4044.55
4068.8
4093
4117.25
4141.5
4165.75
4190
4214.25
4238.5
4262.75
4287
4311.2
4335.45
4359.7
4383.95
4408.2
4432.45
4456.7
4480.95
4505.2
4529.45
4553.65
4577.9
4602.15
4626.4
4650.65
4674.9
4699.15
4723.4
4747.65
4771.9
4796.1
4820.35
4844.6
4868.85
4893.1
4917.35
4941.6
4965.85
4990.1
-1000
0.05
26
48.1
70.45
93.6
117.1
140.85
164.7
188.65
212.6
236.55
260.55
284.45
308.3
332.15
355.75
379
401.05
421.05
439.3
460.15
482.55
505.75
529.25
552.95
576.8
600.75
624.7
648.65
672.65
696.6
720.5
744.3
767.85
790.95
812.75
832.35
850.9
872
894.55
917.8
941.35
965.1
988.95
1012.85
1036.75
1060.75
1084.7
1108.65
1132.5
1156.3
1179.8
1202.75
1224.1
1243
1262.15
1283.65
1306.4
1329.75
1353.4
1377.2
1401.05
1425
1448.95
1472.9
1496.85
1520.75
1544.65
1568.4
1591.9
1614.75
1636
1654.9
1674.2
1695.7
1718.45
1741.8
1765.45
1789.3
1813.15
1837.1
1861.1
1885.05
1909
1932.95
1956.75
1980.45
2003.85
2026.5
2047.35
2065.6
2085.55
2107.5
2130.45
2153.9
2177.55
2201.35
2225.25
2249.2
2273.15
2297.15
2321.1
2345
2368.85
2392.55
2415.95
2438.45
2459.15
2477.15
2497.35
2519.45
2542.5
2566
2589.7
2613.55
2637.4
2661.3
2685.25
2709.2
2733.15
2757.05
2780.9
2804.5
2827.75
2849.8
2869.8
2887.95
2908.75
2931.2
2954.4
2977.95
3001.7
3025.55
3049.5
3073.45
3097.45
3121.4
3145.3
3169.15
3192.95
3216.6
3239.7
3261.55
3281.2
3299.75
3320.8
3343.3
3366.5
3390.05
3413.8
3437.7
3461.6
3485.55
3509.55
3533.5
3557.45
3581.35
3605.15
3628.7
3651.75
3673.45
3692.95
3711.65
3732.8
3755.4
3778.65
3802.25
3825.95
3849.8
3873.7
3897.65
3921.65
3945.6
3969.55
3993.4
4017.15
4040.7
4063.6
4084.85
4103.7
4122.95
4144.5
4167.3
4190.65
4214.25
4238.05
4261.95
4285.9
4309.85
4333.75
4357.75
4381.65
4405.55
4429.3
4452.75
4475.6
4496.8
4515.6
4535
4556.55
4579.35
4602.75
4626.4
4650.2
4674.1
4698
4722
