0.05
18.75
41.75
64.7
87.7
110.65
133.65
156.65
179.6
202.6
225.55
248.55
271.55
294.5
317.5
340.45
363.45
386.45
409.4
432.4
455.35
478.35
501.35
524.3
547.3
570.25
593.25
616.25
639.2
662.2
685.15
708.15
731.15
754.1
777.1
800.05
823.05
846.05
869
892
915
937.95
960.95
983.9
1006.9
1029.9
1052.85
1075.85
1098.8
1121.8
1144.8
1167.75
1190.75
1213.7
1236.7
1259.7
1282.65
1305.65
1328.6
1351.6
1374.6
1397.55
1420.55
1443.5
1466.5
1489.5
1512.45
1535.45
1558.4
1581.4
1604.4
1627.35
1650.35
1673.3
1696.3
1719.3
1742.25
1765.25
1788.2
1811.2
1834.2
1857.15
1880.15
1903.1
1926.1
1949.1
1972.05
1995.05
2018
2041
2064
2086.95
2109.95
2132.9
2155.9
2178.9
2201.85
2224.85
2247.8
2270.8
2293.8
2316.75
2339.75
2362.7
2385.7
2408.7
2431.65
2454.65
2477.6
2500.6
2523.6
2546.55
2569.55
2592.5
2615.5
2638.5
2661.45
2684.45
2707.4
2730.4
2753.4
2776.35
2799.35
2822.3
2845.3
2868.3
2891.25
2914.25
2937.2
2960.2
2983.2
3006.15
3029.15
3052.1
3075.1
3098.1
3121.05
3144.05
3167
3190
3213
3235.95
3258.95
3281.9
3304.9
3327.9
3350.85
3373.85
3396.8
3419.8
3442.8
3465.75
3488.75
3511.7
3534.7
3557.7
3580.65
3603.65
3626.6
3649.6
3672.6
3695.55
3718.55
3741.5
3764.5
3787.5
3810.45
3833.45
3856.4
3879.4
3902.4
3925.35
3948.35
3971.3
3994.3
4017.3
4040.25
4063.25
4086.2
4109.2
4132.2
4155.15
4178.15
4201.1
4224.1
4247.1
4270.05
4293.05
4316
4339
4362
4384.95
4407.95
4430.9
4453.9
4476.9
4499.85
4522.85
4545.85
4568.8
4591.8
4614.75
4637.75
4660.75
4683.7
4706.7
4729.65
4752.65
4775.65
4798.6
4821.6
4844.55
4867.55
4890.55
4913.5
4936.5
4959.45
4982.45
-1000
0.05
25.45
48.85
72.2
95.5
118.7
141.9
165
188.05
211.15
234.15
257.2
280.15
303.15
326.2
349.15
372.15
395.1
418.1
441.1
464.1
487.05
510.05
533.05
556.05
579
602
625
647.95
670.95
693.9
716.9
739.9
762.85
785.85
808.8
831.8
854.8
877.75
900.75
923.7
946.7
969.7
992.65
1015.65
1038.6
1061.6
1084.6
1107.55
1130.55
1153.5
1176.45
1199.45
1222.45
1245.45
1268.4
1291.35
1314.35
1337.35
1360.35
1383.3
1406.25
1429.25
1452.25
1475.25
1498.2
1521.15
1544.15
1567.15
1590.15
1613.1
1636.05
1659.05
1682.05
1705.05
1728
1750.95
1773.95
1796.95
1819.95
1842.9
1865.85
1888.85
1911.85
1934.85
1957.8
1980.75
2003.75
2026.75
2049.75
2072.7
2095.65
2118.65
2141.65
2164.65
2187.6
2210.55
2233.55
2256.55
2279.55
2302.5
2325.45
2348.45
2371.45
2394.45
2417.4
2440.35
2463.35
2486.35
2509.35
2532.3
2555.25
2578.25
2601.25
2624.25
2647.2
2670.15
2693.15
2716.15
2739.15
2762.1
2785.05
2808.05
2831.05
2854.05
2877
2899.95
2922.95
2945.95
2968.95
2991.9
3014.85
3037.85
3060.85
3083.85
3106.8
3129.75
3152.75
3175.75
3198.75
3221.7
3244.65
3267.65
3290.65
3313.65
3336.6
3359.55
3382.55
3405.55
3428.55
3451.5
3474.45
3497.45
3520.45
3543.45
3566.4
3589.35
3612.35
3635.35
3658.35
3681.3
3704.25
3727.25
3750.25
3773.25
3796.2
3819.15
3842.15
3865.15
3888.15
3911.1
3934.05
3957.05
3980.05
4003.05
4026
4048.95
4071.95
4094.95
4117.95
4140.9
4163.9
4186.9
4209.85
4232.85
4255.85
4278.8
4301.8
4324.75
4347.75
4370.75
4393.7
4416.7
4439.65
4462.65
4485.65
4508.6
4531.6
4554.55
4577.55
4600.55
4623.5
4646.5
4669.45
4692.45
4715.45
4738.4
4761.4
4784.35
4807.3
4830.3
4853.3
4876.3
4899.25
4922.2
4945.2
4968.2
4991.2
