0.05
23.75
52.3
80.85
109.4
137.95
166.5
195.05
223.6
252.15
280.7
309.3
337.85
366.4
394.95
423.5
452.05
480.6
509.15
537.7
566.25
594.8
623.35
651.9
680.45
709
737.55
766.1
794.65
823.2
851.75
880.3
908.85
937.45
966
994.55
1023.1
1051.65
1080.2
1108.75
1137.3
1165.85
1194.4
1222.95
1251.5
1280.05
1308.6
1337.15
1365.7
1394.25
1422.8
1451.35
1479.9
1508.45
1537
1565.55
1594.15
1622.7
1651.25
1679.8
1708.35
1736.9
1765.45
1794
1822.55
1851.1
1879.65
1908.2
1936.75
1965.3
1993.85
2022.4
2050.95
2079.5
2108.05
2136.6
2165.15
2193.7
2222.25
2250.85
2279.4
2307.95
2336.5
2365.05
2393.6
2422.15
2450.7
2479.25
2507.8
2536.35
2564.9
2593.45
2622
2650.55
2679.1
2707.65
2736.2
2764.75
2793.3
2821.85
2850.4
2879
2907.55
2936.1
2964.65
2993.2
3021.75
3050.3
3078.85
3107.4
3135.95
3164.5
3193.05
3221.6
3250.15
3278.7
3307.25
3335.8
3364.35
3392.9
3421.45
3450
3478.55
3507.1
3535.7
3564.25
3592.8
3621.35
3649.9
3678.45
3707
3735.55
3764.1
3792.65
3821.2
3849.75
3878.3
3906.85
3935.4
3963.95
3992.5
4021.05
4049.6
4078.15
4106.7
4135.25
4163.8
4192.4
4220.95
4249.5
4278.05
4306.6
4335.15
4363.7
4392.25
4420.8
4449.35
4477.9
4506.45
4535
4563.55
4592.1
4620.65
4649.2
4677.75
4706.3
4734.85
4763.4
4791.95
4820.55
4849.1
4877.65
4906.2
4934.75
4963.3
4991.85
-1000
0.05
26
48.1
72.95
98.6
122.25
141.7
162.55
187.3
212.95
236.8
256.5
277.05
301.65
327.3
351.25
371.15
391.4
415.95
441.6
465.7
485.8
505.9
530.35
556
580.3
600.75
620.5
644.75
670.4
694.9
715.75
735.1
759.15
784.8
809.5
830.65
849.7
873.55
899.15
924.05
945.5
964.25
987.9
1013.45
1038.3
1059.8
1078.55
1102.2
1127.75
1152.8
1174.5
1193.05
1216.55
1242.1
1267.2
1289.1
1307.5
1330.85
1356.4
1381.55
1403.6
1421.85
1445.15
1470.65
1495.85
1518
1536.2
1559.45
1584.9
1610.15
1632.3
1650.4
1673.55
1699.05
1724.25
1746.35
1764.6
1787.85
1813.35
1838.55
1860.7
1878.9
1902.1
1927.6
1952.85
1975.05
1993.2
2016.35
2041.8
2067.1
2089.4
2107.5
2130.6
2156.05
2181.35
2203.65
2221.75
2244.8
2270.25
2295.5
2317.7
2335.85
2359
2384.45
2409.75
2432
2450.15
2473.25
2498.7
2524
2546.3
2564.4
2587.45
2612.9
2638.2
2660.55
2678.65
2701.7
2727.15
2752.45
2774.8
2792.9
2815.9
2841.35
2866.65
2889.05
2907.1
2930.1
2955.5
2980.7
3002.95
3021.1
3044.25
3069.7
3095
3117.25
3135.4
3158.5
3183.95
3209.25
3231.55
3249.65
3272.7
3298.15
3323.45
3345.8
3363.9
3386.95
3412.4
3437.7
3460.05
3478.15
3501.15
3526.6
3551.9
3574.25
3592.2
3615.25
3640.7
3665.95
3688.2
3706.35
3729.5
3754.95
3780.25
3802.5
3820.6
3843.75
3869.2
3894.5
3916.8
3934.9
3957.95
3983.4
4008.7
