0.05
17.9
39.85
61.85
83.85
105.85
127.85
149.85
171.85
193.85
215.85
237.85
259.85
281.85
303.85
325.8
347.8
369.8
391.8
413.8
435.8
457.8
479.8
501.8
523.8
545.8
567.8
589.8
611.75
633.75
655.75
677.75
699.75
721.75
743.75
765.75
787.75
809.75
831.75
853.75
875.7
897.7
919.7
941.7
963.7
985.7
1007.7
1029.7
1051.7
1073.7
1095.7
1117.7
1139.7
1161.65
1183.65
1205.65
1227.65
1249.65
1271.65
1293.65
1315.65
1337.65
1359.65
1381.65
1403.65
1425.65
1447.6
1469.6
1491.6
1513.6
1535.6
1557.6
1579.6
1601.6
1623.6
1645.6
1667.6
1689.6
1711.55
1733.55
1755.55
1777.55
1799.55
1821.55
1843.55
1865.55
1887.55
1909.55
1931.55
1953.55
1975.55
1997.5
2019.5
2041.5
2063.5
2085.5
2107.5
2129.5
2151.5
2173.5
2195.5
2217.5
2239.5
2261.5
2283.45
2305.45
2327.45
2349.45
2371.45
2393.45
2415.45
2437.45
2459.45
2481.45
2503.45
2525.45
2547.4
2569.4
2591.4
2613.4
2635.4
2657.4
2679.4
2701.4
2723.4
2745.4
2767.4
2789.4
2811.4
2833.35
2855.35
2877.35
2899.35
2921.35
2943.35
2965.35
2987.35
3009.35
3031.35
3053.35
3075.35
3097.35
3119.3
3141.3
3163.3
3185.3
3207.3
3229.3
3251.3
3273.3
3295.3
3317.3
3339.3
3361.3
3383.25
3405.25
3427.25
3449.25
3471.25
3493.25
3515.25
3537.25
3559.25
3581.25
3603.25
3625.25
3647.25
3669.2
3691.2
3713.2
3735.2
3757.2
3779.2
3801.2
3823.2
3845.2
3867.2
3889.2
3911.2
3933.2
3955.15
3977.15
3999.15
4021.15
4043.15
4065.15
4087.15
4109.15
4131.15
4153.15
4175.15
4197.15
4219.15
4241.1
4263.1
4285.1
4307.1
4329.1
4351.1
4373.1
4395.1
4417.1
4439.1
4461.1
4483.1
4505.05
4527.05
4549.05
4571.05
4593.05
4615.05
4637.05
4659.05
4681.05
4703.05
4725.05
4747.05
4769.05
4791
4813
4835
4857
4879
4901
4923
4945
4967
4989
-1000
0.05
26.4
47.3
67.3
85.8
104.45
124.5
145.35
166.7
188.35
210.15
232
253.9
275.8
297.75
319.7
341.7
363.7
385.7
407.7
429.75
451.75
473.75
495.75
517.75
539.75
561.7
583.65
605.65
627.65
649.65
671.65
693.7
715.7
737.7
759.7
781.7
803.7
825.7
847.65
869.6
891.6
913.6
935.6
957.6
979.65
1001.65
1023.65
1045.65
1067.65
1089.65
1111.65
1133.6
1155.55
1177.55
1199.55
1221.55
1243.55
1265.6
1287.6
1309.6
1331.6
1353.6
1375.6
1397.55
1419.5
1441.5
1463.5
1485.5
1507.5
1529.55
1551.55
1573.55
1595.55
1617.55
1639.55
1661.55
1683.5
1705.45
1727.45
1749.45
1771.45
1793.45
1815.5
1837.5
1859.5
1881.5
1903.5
1925.5
1947.5
1969.45
1991.4
2013.4
2035.4
2057.4
2079.4
2101.45
2123.45
2145.45
2167.45
2189.45
2211.45
2233.4
2255.35
2277.3
2299.3
2321.35
2343.35
2365.35
2387.4
2409.4
2431.4
2453.4
2475.4
2497.4
2519.35
2541.3
2563.3
2585.3
2607.3
2629.3
2651.35
2673.35
2695.35
2717.35
2739.35
2761.35
2783.35
2805.3
2827.25
2849.25
2871.25
2893.25
2915.25
2937.3
2959.3
2981.3
3003.3
3025.3
3047.3
3069.25
3091.2
3113.15
3135.15
3157.2
3179.2
3201.2
3223.25
3245.25
3267.25
3289.25
3311.25
3333.25
3355.2
3377.15
3399.15
3421.15
3443.15
3465.15
3487.2
3509.2
3531.2
3553.2
3575.2
3597.2
3619.2
3641.15
3663.1
3685.1
3707.1
3729.1
3751.1
3773.15
3795.15
3817.15
3839.15
3861.15
3883.15
3905.1
3927.05
3949
3971
3993.05
4015.05
4037.05
4059.1
4081.1
4103.1
4125.1
4147.1
4169.1
4191.05
4213
4235
4257
4279
4301
4323.05
4345.05
4367.05
4389.05
4411.05
4433.05
4455.05
4477
4498.95
4520.95
4542.95
4564.95
4586.95
4609
4631
4653
4675
4697
4719
4741
4762.95
4784.9
4806.9
4828.9
4850.9
4872.9
4894.95
4916.95
4938.95
4960.95
4982.95
