0.05
16.7
37.3
57.95
78.6
99.25
119.85
140.5
161.15
181.8
202.4
223.05
243.7
264.35
285
305.6
326.25
346.9
367.55
388.15
408.8
429.45
450.1
470.7
491.35
512
532.65
553.3
573.9
594.55
615.2
635.85
656.45
677.1
697.75
718.4
739
759.65
780.3
800.95
821.6
842.2
862.85
883.5
904.15
924.75
945.4
966.05
986.7
1007.3
1027.95
1048.6
1069.25
1089.85
1110.5
1131.15
1151.8
1172.45
1193.05
1213.7
1234.35
1255
1275.6
1296.25
1316.9
1337.55
1358.15
1378.8
1399.45
1420.1
1440.75
1461.35
1482
1502.65
1523.3
1543.9
1564.55
1585.2
1605.85
1626.45
1647.1
1667.75
1688.4
1709.05
1729.65
1750.3
1770.95
1791.6
1812.2
1832.85
1853.5
1874.15
1894.75
1915.4
1936.05
1956.7
1977.35
1997.95
2018.6
2039.25
2059.9
2080.5
2101.15
2121.8
2142.45
2163.05
2183.7
2204.35
2225
2245.65
2266.25
2286.9
2307.55
2328.2
2348.8
2369.45
2390.1
2410.75
2431.35
2452
2472.65
2493.3
2513.95
2534.55
2555.2
2575.85
2596.5
2617.1
2637.75
2658.4
2679.05
2699.65
2720.3
2740.95
2761.6
2782.25
2802.85
2823.5
2844.15
2864.8
2885.4
2906.05
2926.7
2947.35
2967.95
2988.6
3009.25
3029.9
3050.55
3071.15
3091.8
3112.45
3133.1
3153.7
3174.35
3195
3215.65
3236.25
3256.9
3277.55
3298.2
3318.85
3339.45
3360.1
3380.75
3401.4
3422
3442.65
3463.3
3483.95
3504.55
3525.2
3545.85
3566.5
3587.15
3607.75
3628.4
3649.05
3669.7
3690.3
3710.95
3731.6
3752.25
3772.85
3793.5
3814.15
3834.8
3855.45
3876.05
3896.7
3917.35
3938
3958.6
3979.25
3999.9
4020.55
4041.15
4061.8
4082.45
4103.1
4123.75
4144.35
4165
4185.65
4206.3
4226.9
4247.55
4268.2
4288.85
4309.45
4330.1
4350.75
4371.4
4392
4412.65
4433.3
4453.95
4474.6
4495.2
4515.85
4536.5
4557.15
4577.75
4598.4
4619.05
4639.7
4660.3
4680.95
4701.6
4722.25
4742.9
4763.5
4784.15
4804.8
4825.45
4846.05
4866.7
4887.35
4908
4928.6
4949.25
4969.9
4990.55
-1000
0.05
26.2
46.2
65.7
84.5
102.5
121.3
140.85
160.85
181.1
201.45
222
242.55
263.15
283.8
304.35
325
345.65
366.3
386.9
407.55
428.2
448.85
469.45
490.1
510.75
531.4
552.05
572.7
593.3
613.95
634.6
655.2
675.85
696.5
717.15
737.75
758.4
779.05
799.7
820.35
841
861.6
882.25
902.9
923.5
944.15
964.8
985.45
1006.05
1026.7
1047.35
1068
1088.65
1109.3
1129.9
1150.55
1171.2
1191.8
1212.45
1233.1
1253.75
1274.35
1295
1315.65
1336.3
1356.95
1377.6
1398.2
1418.85
1439.5
1460.1
1480.75
1501.4
1522.05
1542.65
1563.3
1583.95
1604.6
1625.25
1645.9
1666.5
1687.15
1707.8
1728.4
1749.05
1769.7
1790.35
1810.95
1831.6
1852.25
1872.9
1893.5
1914.15
1934.8
1955.45
1976.1
1996.7
2017.35
2038
2058.65
2079.25
2099.9
2120.55
2141.2
2161.8
2182.45
2203.1
2223.75
2244.4
2265
2285.65
2306.3
2326.95
2347.55
2368.2
2388.85
2409.5
2430.1
2450.75
2471.4
2492.05
2512.7
2533.3
2553.95
2574.6
2595.25
2615.85
2636.5
2657.15
2677.8
2698.4
2719.05
2739.7
2760.35
2781
2801.6
2822.25
2842.9
2863.55
2884.15
2904.8
2925.45
2946.1
2966.7
2987.35
3008
3028.65
3049.3
3069.9
3090.55
3111.2
3131.85
3152.45
3173.1
3193.75
3214.4
3235
3255.65
3276.3
3296.95
3317.6
3338.2
3358.85
3379.5
3400.15
3420.75
3441.4
3462.05
3482.7
3503.3
3523.95
3544.6
3565.25
3585.9
3606.5
3627.15
3647.8
3668.45
3689.05
3709.7
3730.35
3751
3771.6
3792.25
3812.9
3833.55
3854.2
3874.85
3895.45
3916.1
3936.75
3957.35
3978
3998.65
4019.3
4039.9
4060.55
4081.2
4101.85
4122.5
4143.15
4163.75
4184.4
4205.05
4225.65
4246.3
4266.95
4287.6
4308.2
4328.85
4349.5
4370.15
4390.8
4411.45
4432.05
4452.7
4473.35
4493.95
4514.6
4535.25
4555.9
4576.5
4597.15
4617.8
4638.45
4659.1
4679.75
4700.35
4721
4741.65
4762.25
4782.9
4803.55
4824.2
4844.8
4865.45
4886.1
4906.75
4927.4
4948.05
4968.65
4989.3
