0.05
25.75
56.5
87.2
117.95
148.7
179.4
210.15
240.9
271.65
302.35
333.1
363.85
394.6
425.3
456.05
486.8
517.5
548.25
579
609.75
640.45
671.2
701.95
732.65
763.4
794.15
824.9
855.6
886.35
917.1
947.85
978.55
1009.3
1040.05
1070.75
1101.5
1132.25
1163
1193.7
1224.45
1255.2
1285.9
1316.65
1347.4
1378.15
1408.85
1439.6
1470.35
1501.1
1531.8
1562.55
1593.3
1624
1654.75
1685.5
1716.25
1746.95
1777.7
1808.45
1839.15
1869.9
1900.65
1931.4
1962.1
1992.85
2023.6
2054.35
2085.05
2115.8
2146.55
2177.25
2208
2238.75
2269.5
2300.2
2330.95
2361.7
2392.4
2423.15
2453.9
2484.65
2515.35
2546.1
2576.85
2607.6
2638.3
2669.05
2699.8
2730.5
2761.25
2792
2822.75
2853.45
2884.2
2914.95
2945.65
2976.4
3007.15
3037.9
3068.6
3099.35
3130.1
3160.85
3191.55
3222.3
3253.05
3283.75
3314.5
3345.25
3376
3406.7
3437.45
3468.2
3498.9
3529.65
3560.4
3591.15
3621.85
3652.6
3683.35
3714.1
3744.8
3775.55
3806.3
3837
3867.75
3898.5
3929.25
3959.95
3990.7
4021.45
4052.15
4082.9
4113.65
4144.4
4175.1
4205.85
4236.6
4267.35
4298.05
4328.8
4359.55
4390.25
4421
4451.75
4482.5
4513.2
4543.95
4574.7
4605.4
4636.15
4666.9
4697.65
4728.35
4759.1
4789.85
4820.6
4851.3
4882.05
4912.8
4943.5
4974.25
-1000
0.05
26
51.85
78.3
101.9
119.9
144
170.45
194.05
212.05
236.15
262.6
286.2
304.2
328.35
354.8
378.35
396.35
420.5
446.9
470.35
488.4
512.65
539.1
562.6
580.6
604.85
631.3
654.7
672.75
697.05
723.45
746.9
764.95
789.25
815.7
839.1
857.15
881.45
907.9
931.3
949.35
973.6
1000
1023.4
1041.45
1065.8
1092.25
1115.65
1133.7
1158.05
1184.45
1207.8
1225.9
1250.2
1276.65
1300.05
1318.1
1342.45
1368.9
1392.3
1410.35
1434.65
1461.1
1484.5
1502.55
1526.85
1553.25
1576.6
1594.65
1619.05
1645.45
1668.85
1686.9
1711.25
1737.7
1761.05
1779.1
1803.45
1829.9
1853.25
1871.35
1895.7
1922.1
1945.5
1963.6
1987.9
2014.35
2037.75
2055.8
2080.05
2106.45
2129.8
2147.9
2172.3
2198.7
2222.1
2240.15
2264.5
2290.95
2314.25
2332.35
2356.7
2383.15
2406.5
2424.6
2448.95
2475.35
2498.75
2516.8
2541.15
2567.6
2591
2609.05
2633.3
2659.7
2683.05
2701.15
2725.55
2751.95
2775.35
2793.4
2817.75
2844.2
2867.5
2885.6
2909.95
2936.4
2959.75
2977.85
3002.2
3028.6
3052
3070.05
3094.4
3120.85
3144.25
3162.3
3186.55
3212.95
3236.3
3254.4
3278.8
3305.2
3328.6
3346.65
3371
3397.45
3420.75
3438.85
3463.2
3489.65
3513
3531.1
3555.45
3581.85
3605.25
3623.3
3647.65
3674.1
3697.5
3715.55
3739.85
