0.05
23.55
51.85
80.15
108.45
136.75
165.05
193.35
221.65
249.95
278.3
306.6
334.9
363.2
391.5
419.8
448.1
476.4
504.7
533
561.35
589.65
617.95
646.25
674.55
702.85
731.15
759.45
787.75
816.05
844.4
872.7
901
929.3
957.6
985.9
1014.2
1042.5
1070.8
1099.1
1127.45
1155.75
1184.05
1212.35
1240.65
1268.95
1297.25
1325.55
1353.85
1382.15
1410.5
1438.8
1467.1
1495.4
1523.7
1552
1580.3
1608.6
1636.9
1665.2
1693.5
1721.85
1750.15
1778.45
1806.75
1835.05
1863.35
1891.65
1919.95
1948.25
1976.55
2004.9
2033.2
2061.5
2089.8
2118.1
2146.4
2174.7
2203
2231.3
2259.6
2287.95
2316.25
2344.55
2372.85
2401.15
2429.45
2457.75
2486.05
2514.35
2542.65
2571
2599.3
2627.6
2655.9
2684.2
2712.5
2740.8
2769.1
2797.4
2825.7
2854.05
2882.35
2910.65
2938.95
2967.25
2995.55
3023.85
3052.15
3080.45
3108.75
3137.1
3165.4
3193.7
3222
3250.3
3278.6
3306.9
3335.2
3363.5
3391.8
3420.15
3448.45
3476.75
3505.05
3533.35
3561.65
3589.95
3618.25
3646.55
3674.85
3703.15
3731.5
3759.8
3788.1
3816.4
3844.7
3873
3901.3
3929.6
3957.9
3986.2
4014.55
4042.85
4071.15
4099.45
4127.75
4156.05
4184.35
4212.65
4240.95
4269.25
4297.6
4325.9
4354.2
4382.5
4410.8
4439.1
4467.4
4495.7
4524
4552.3
4580.65
4608.95
4637.25
4665.55
4693.85
4722.15
4750.45
4778.75
4807.05
4835.35
4863.7
4892
4920.3
4948.6
4976.9
-1000
0.05
26
53
78.5
103.25
124.65
143.35
166.85
192.3
217.45
239.7
257.75
280.65
305.9
331.25
353.95
372.1
394.4
419.55
445
468.2
487.15
508.5
533.3
558.85
582.7
602.5
622.75
647.15
672.7
697.2
718.2
737.3
761
786.5
811.55
833.5
851.75
874.8
900.15
925.45
947.95
966
988.55
1013.75
1039.2
1062.2
1081.05
1102.65
1127.55
1153.1
1176.65
1196.1
1216.8
1241.3
1266.9
1291.15
1311.8
1331.25
1355.2
1380.7
1405.6
1427.3
1445.75
1469
1494.4
1519.6
1541.95
1560
1582.8
1608.05
1633.45
1656.3
1674.8
1696.75
1721.75
1747.3
1770.6
1789.8
1810.85
1835.5
1861.1
1885.15
1905.35
1925.2
1949.35
1974.9
1999.65
2021
2039.65
2063.25
2088.65
2113.8
2135.95
2154.05
2177.05
2202.35
2227.7
2250.45
2268.65
2290.9
2315.95
2341.4
2364.55
2383.45
2404.9
2429.7
2455.25
2479.05
2498.9
2519.15
2543.5
2569.1
2593.6
2614.5
2633.65
2657.45
2682.9
2707.9
2729.85
2748.1
2771.25
2796.6
2821.9
2844.5
2862.55
2885
2910.2
2935.65
2958.6
2977.4
2999.05
3023.95
3049.5
3073.15
3092.7
3113.3
3137.75
3163.35
3187.6
3208.15
3227.65
3251.6
3277.15
3302
3323.65
3342.15
3365.5
3390.85
3416.1
3438.55
3456.55
3479.2
3504.45
3529.85
3552.7
3571.1
3593.15
3618.15
3643.7
3667.05
3686.25
3707.25
3731.95
3757.5
3781.45
3801.6
3821.55
3845.75
3871.3
3896
3917.3
3936.1
3959.65
3985.1
4010.2
4032.4
